813.07 0.45 0.0 
1413.69 0.44 0.0 
3365.23 0.48 0.0 
3155.28 0.69 0.0 
447.75 0.35 0.0 
3359.57 0.44 0.0 
813.16 0.32 0.0 
447.77 0.43 0.0 
6380.89 0.39 0.0 
1853.61 0.34 0.0 
6380.53 0.47 0.0 
6583.87 0.89 0.0 
5361.79 0.41 0.0 
6583.87 0.55 0.0 
9092.34 0.72 0.0 
9871.33 0.35 0.0 
11288.36 0.38 0.0 
11288.37 0.60 0.0 
9092.30 0.68 0.0 
3155.29 0.51 0.0 
13120.79 0.54 0.0 
10027.01 0.48 0.0 
10144.79 0.30 0.0 
13662.42 0.91 0.0 
10144.82 0.80 0.0 
12915.81 0.40 0.0 
13290.27 0.51 0.0 
15855.70 0.73 0.0 
15712.63 0.47 0.0 
13018.09 0.92 0.0 
13662.41 0.86 0.0 
12915.78 0.34 0.0 
13140.47 0.84 0.0 
13285.36 0.39 0.0 
13625.23 0.43 0.0 
15410.47 0.33 0.0 
14705.91 0.65 0.0 
16865.24 0.81 0.0 
18679.37 0.49 0.0 
16865.26 0.77 0.0 
12057.19 0.47 0.0 
17463.51 0.44 0.0 
12395.25 0.60 0.0 
13018.09 0.82 0.0 
22707.68 0.84 0.0 
22707.67 0.84 0.0 
13120.79 0.44 0.0 
18679.43 0.34 0.0 
15410.47 0.38 0.0 
27122.27 0.51 0.0 
28562.09 0.77 0.0 
28549.20 0.51 0.0 
28558.97 0.39 0.0 
28549.17 0.51 0.0 
28562.09 0.81 0.0 
22363.53 0.39 0.0 
28736.07 0.56 0.0 
31291.03 0.43 0.0 
31809.20 0.34 0.0 
30536.15 0.31 0.0 
34679.38 0.89 0.0 
35516.71 0.32 0.0 
33063.31 0.34 0.0 
38037.79 0.56 0.0 
38037.81 0.82 0.0 
39264.53 0.37 0.0 
40311.11 0.48 0.0 
41452.45 0.54 0.0 
43776.34 0.63 0.0 
36037.59 0.45 0.0 
44494.66 0.70 0.0 
44750.95 0.43 0.0 
44750.95 0.39 0.0 
43776.31 0.36 0.0 
43864.46 0.77 0.0 
44230.69 0.89 0.0 
43864.46 0.81 0.0 
44230.69 0.93 0.0 
51374.71 0.44 0.0 
52113.19 0.55 0.0 
52441.38 0.69 0.0 
54948.94 0.51 0.0 
56161.15 0.45 0.0 
57230.54 0.91 0.0 
57230.53 0.92 0.0 
55487.02 0.74 0.0 
57658.41 0.38 0.0 
51755.49 0.72 0.0 
52113.15 0.51 0.0 
55487.03 0.39 0.0 
80061.95 0.33 0.0 
80061.89 0.47 0.0 
78321.73 0.49 0.0 
80434.10 0.83 0.0 
80978.89 0.72 0.0 
83067.39 0.37 0.0 
80978.87 0.54 0.0 
85675.49 0.68 0.0 
83332.16 0.82 0.0 
80434.11 0.59 0.0 
83680.01 0.44 0.0 
