853.69 0.68 0.0 
812.96 0.38 0.0 
3147.04 0.31 0.0 
3356.83 0.56 0.0 
3359.65 0.32 0.0 
3150.73 0.35 0.0 
3356.84 0.69 0.0 
812.96 0.37 0.0 
6379.87 0.98 0.0 
6613.08 0.55 0.0 
6379.87 0.98 0.0 
6583.51 0.96 0.0 
8055.81 0.32 0.0 
6457.69 0.41 0.0 
6583.51 0.93 0.0 
10317.32 0.68 0.0 
11281.89 0.93 0.0 
11306.61 0.92 0.0 
11281.90 0.95 0.0 
9089.01 0.60 0.0 
9582.63 0.40 0.0 
11872.88 0.37 0.0 
12393.84 0.49 0.0 
12395.24 0.67 0.0 
3150.73 0.50 0.0 
12868.90 0.44 0.0 
13662.15 0.97 0.0 
10606.12 0.58 0.0 
13289.84 0.68 0.0 
13017.72 0.98 0.0 
13662.15 0.97 0.0 
13624.48 0.50 0.0 
14337.36 0.44 0.0 
13285.16 0.86 0.0 
17922.89 0.41 0.0 
13624.48 0.85 0.0 
15415.88 0.46 0.0 
18749.37 0.32 0.0 
16864.62 0.98 0.0 
17448.67 0.60 0.0 
16864.62 0.95 0.0 
12393.84 0.72 0.0 
12395.22 0.38 0.0 
12416.63 0.33 0.0 
22357.56 0.40 0.0 
13017.72 0.98 0.0 
22706.75 0.95 0.0 
22706.75 0.95 0.0 
19408.27 0.59 0.0 
24027.51 0.35 0.0 
14337.40 0.85 0.0 
15409.11 0.44 0.0 
17448.71 0.61 0.0 
26260.16 0.55 0.0 
28547.87 0.53 0.0 
28547.89 0.53 0.0 
34679.03 0.98 0.0 
34679.02 0.99 0.0 
35515.97 0.81 0.0 
35172.41 0.63 0.0 
36037.48 0.75 0.0 
32127.83 0.34 0.0 
33584.25 0.44 0.0 
28736.07 0.65 0.0 
38037.39 0.81 0.0 
38037.38 0.96 0.0 
39977.48 0.32 0.0 
33052.64 0.40 0.0 
41636.31 0.56 0.0 
38102.73 0.31 0.0 
41020.79 0.34 0.0 
44748.77 0.58 0.0 
43863.84 0.98 0.0 
44230.36 0.97 0.0 
43863.84 0.98 0.0 
47294.29 0.33 0.0 
44230.36 0.97 0.0 
49085.12 0.49 0.0 
50651.33 0.61 0.0 
51856.85 0.35 0.0 
52112.42 0.98 0.0 
51321.56 0.31 0.0 
51312.58 0.94 0.0 
51312.67 0.30 0.0 
52148.71 0.64 0.0 
56161.12 0.58 0.0 
57229.91 0.99 0.0 
57229.91 0.99 0.0 
57658.44 0.66 0.0 
52112.41 0.98 0.0 
61461.57 0.40 0.0 
61827.07 0.50 0.0 
57658.42 0.96 0.0 
67408.63 0.49 0.0 
77292.25 0.44 0.0 
80422.78 0.93 0.0 
80422.75 0.89 0.0 
81359.51 0.54 0.0 
80974.69 0.54 0.0 
83680.03 0.77 0.0 
85675.43 0.34 0.0 
83002.40 0.35 0.0 
83965.87 0.32 0.0 
83332.15 0.55 0.0 
