6792.87 0.37 0.0 
9076.09 0.39 0.0 
9757.14 0.66 0.0 
11849.40 0.68 0.0 
9757.17 0.70 0.0 
12446.20 0.42 0.0 
11849.37 0.46 0.0 
10101.37 0.72 0.0 
12446.20 0.58 0.0 
11307.27 0.43 0.0 
13238.06 0.76 0.0 
13252.97 0.64 0.0 
13252.96 0.67 0.0 
14674.43 0.42 0.0 
13104.73 0.44 0.0 
15436.93 0.54 0.0 
13238.07 0.79 0.0 
13804.42 0.86 0.0 
15436.93 0.33 0.0 
14084.47 0.37 0.0 
13804.43 0.83 0.0 
17327.50 0.77 0.0 
17436.29 0.58 0.0 
17341.72 0.62 0.0 
17327.51 0.74 0.0 
16106.42 0.89 0.0 
16100.63 0.35 0.0 
16106.40 0.87 0.0 
19055.83 0.43 0.0 
18665.29 0.39 0.0 
17436.23 0.49 0.0 
17509.42 0.78 0.0 
20741.35 0.44 0.0 
20685.51 0.39 0.0 
22381.93 0.63 0.0 
22856.55 0.40 0.0 
22868.06 0.86 0.0 
22868.06 0.87 0.0 
17509.42 0.77 0.0 
18599.61 0.31 0.0 
19055.77 0.42 0.0 
25816.38 0.60 0.0 
30929.46 0.80 0.0 
28545.68 0.52 0.0 
30770.87 0.37 0.0 
31287.07 0.32 0.0 
31300.03 0.36 0.0 
30929.49 0.78 0.0 
31287.06 0.68 0.0 
31927.53 0.51 0.0 
31927.49 0.42 0.0 
35445.39 0.39 0.0 
28545.69 0.59 0.0 
38404.20 0.69 0.0 
31300.04 0.40 0.0 
38404.21 0.86 0.0 
38392.66 0.61 0.0 
80455.96 0.55 0.0 
