1887.33 0.33 0.0 
2103.43 0.52 0.0 
1797.64 0.81 0.0 
2103.47 0.45 0.0 
4723.64 0.34 0.0 
3895.85 0.56 0.0 
9253.87 0.50 0.0 
12823.64 0.33 0.0 
8307.15 0.80 0.0 
17637.77 0.66 0.0 
16482.27 0.51 0.0 
15055.60 0.33 0.0 
15405.04 0.99 0.0 
18282.64 0.51 0.0 
15405.04 0.91 0.0 
13949.56 0.34 0.0 
20458.33 0.33 0.0 
23142.35 0.32 0.0 
24613.15 0.89 0.0 
26022.57 0.52 0.0 
26383.47 0.39 0.0 
31304.24 0.46 0.0 
32893.96 0.50 0.0 
31224.64 0.72 0.0 
41095.40 0.34 0.0 
48881.40 0.59 0.0 
48793.48 0.39 0.0 
59939.35 0.70 0.0 
69538.99 0.41 0.0 
80420.02 0.96 0.0 
83616.44 0.66 0.0 
83616.44 0.82 0.0 
85721.16 0.65 0.0 
80420.02 0.96 0.0 
