11290.98 0.78 0.0 
12718.55 0.58 0.0 
11290.97 0.60 0.0 
11303.54 0.66 0.0 
12718.56 0.74 0.0 
11303.53 0.64 0.0 
12427.03 0.30 0.0 
14410.94 0.92 0.0 
14410.94 0.94 0.0 
15144.09 0.35 0.0 
12440.64 0.82 0.0 
12440.64 0.86 0.0 
13278.13 0.34 0.0 
19065.91 0.37 0.0 
15424.99 0.50 0.0 
17470.25 0.44 0.0 
22342.81 0.49 0.0 
22378.06 0.80 0.0 
27047.62 0.77 0.0 
28565.80 0.50 0.0 
28565.82 0.67 0.0 
26005.67 0.37 0.0 
31293.16 0.60 0.0 
22378.09 0.83 0.0 
33245.67 0.40 0.0 
33794.83 0.93 0.0 
31293.19 0.31 0.0 
33794.83 0.97 0.0 
38419.05 0.52 0.0 
38419.04 0.57 0.0 
64863.08 0.91 0.0 
65354.88 0.46 0.0 
64863.08 0.91 0.0 
64870.03 0.41 0.0 
65354.87 0.51 0.0 
76300.98 0.96 0.0 
80427.55 0.37 0.0 
80427.63 0.72 0.0 
80442.66 0.47 0.0 
76300.98 0.96 0.0 
79397.25 0.65 0.0 
86131.71 0.33 0.0 
80442.64 0.39 0.0 
