1996.89 0.35 0.0 
4111.61 0.37 0.0 
7202.33 0.54 0.0 
9140.89 0.35 0.0 
11295.79 0.37 0.0 
11295.74 0.75 0.0 
12429.79 0.34 0.0 
13116.44 0.50 0.0 
9092.98 0.67 0.0 
14658.32 0.85 0.0 
14658.32 0.86 0.0 
14670.06 0.79 0.0 
16100.53 0.87 0.0 
15440.05 0.51 0.0 
16100.52 0.89 0.0 
16565.68 0.49 0.0 
16112.80 0.55 0.0 
17469.04 0.42 0.0 
17704.78 0.68 0.0 
17766.97 0.78 0.0 
18070.53 0.36 0.0 
17318.94 0.46 0.0 
17318.93 0.55 0.0 
18663.48 0.80 0.0 
9789.29 0.45 0.0 
18676.10 0.75 0.0 
21529.00 0.67 0.0 
20669.91 0.40 0.0 
16553.36 0.73 0.0 
20670.45 0.64 0.0 
20681.63 0.32 0.0 
20669.81 0.69 0.0 
20681.64 0.65 0.0 
16553.33 0.52 0.0 
22371.48 0.59 0.0 
20738.55 0.66 0.0 
17752.73 0.55 0.0 
12429.77 0.67 0.0 
17515.99 0.38 0.0 
22371.47 0.74 0.0 
17752.72 0.80 0.0 
17766.96 0.78 0.0 
23949.79 0.31 0.0 
19056.58 0.50 0.0 
14701.95 0.35 0.0 
23963.15 0.42 0.0 
20738.59 0.50 0.0 
27060.57 0.32 0.0 
17469.03 0.36 0.0 
17704.81 0.63 0.0 
18070.50 0.44 0.0 
18663.50 0.87 0.0 
18676.12 0.69 0.0 
29475.81 0.66 0.0 
30753.91 0.32 0.0 
30753.99 0.33 0.0 
31157.48 0.41 0.0 
28556.40 0.47 0.0 
23963.17 0.45 0.0 
28556.41 0.85 0.0 
29146.96 0.32 0.0 
33840.73 0.62 0.0 
35455.36 0.30 0.0 
30952.52 0.75 0.0 
30952.52 0.79 0.0 
27060.51 0.72 0.0 
29475.83 0.33 0.0 
53752.55 0.32 0.0 
63881.97 0.48 0.0 
80452.11 0.56 0.0 
85083.28 0.70 0.0 
79980.47 0.44 0.0 
85083.28 0.39 0.0 
