4763.85 0.48 0.0 
1557.10 0.94 0.0 
11307.13 0.41 0.0 
10858.44 0.80 0.0 
10858.44 0.69 0.0 
11936.64 0.49 0.0 
8891.31 0.64 0.0 
9356.05 0.30 0.0 
14656.87 0.89 0.0 
14656.86 0.88 0.0 
15752.21 0.47 0.0 
16468.79 0.42 0.0 
16099.56 0.74 0.0 
16562.05 0.50 0.0 
17467.80 0.66 0.0 
17703.08 0.41 0.0 
18066.63 0.86 0.0 
17314.20 0.96 0.0 
17314.20 0.95 0.0 
17452.12 0.48 0.0 
18661.89 0.58 0.0 
18672.33 0.69 0.0 
17502.33 0.72 0.0 
19378.80 0.37 0.0 
20548.67 0.73 0.0 
20668.29 0.38 0.0 
16551.48 0.52 0.0 
16776.35 0.40 0.0 
20668.28 0.69 0.0 
16551.31 0.36 0.0 
17159.01 0.41 0.0 
20737.17 0.53 0.0 
17502.31 0.34 0.0 
17512.48 0.32 0.0 
17751.53 0.41 0.0 
12429.12 0.37 0.0 
12444.81 0.33 0.0 
13144.25 0.31 0.0 
17751.51 0.61 0.0 
23949.01 0.43 0.0 
18974.04 0.68 0.0 
24504.17 0.45 0.0 
20737.20 0.51 0.0 
15436.88 0.33 0.0 
24462.45 0.34 0.0 
25828.67 0.53 0.0 
27057.76 0.70 0.0 
25663.25 0.52 0.0 
17467.75 0.46 0.0 
17700.89 0.34 0.0 
18066.64 0.70 0.0 
18661.91 0.89 0.0 
18672.31 0.78 0.0 
19395.09 0.63 0.0 
29083.05 0.35 0.0 
29908.05 0.68 0.0 
30751.83 0.59 0.0 
28555.37 0.42 0.0 
23949.00 0.33 0.0 
28555.39 0.62 0.0 
33275.49 0.33 0.0 
29173.76 0.88 0.0 
33822.56 0.55 0.0 
30356.33 0.31 0.0 
35833.71 0.87 0.0 
30950.29 0.69 0.0 
31298.09 0.36 0.0 
30950.23 0.47 0.0 
32279.48 0.65 0.0 
29461.28 0.46 0.0 
41982.97 0.51 0.0 
41069.25 0.38 0.0 
35009.47 0.74 0.0 
57103.93 0.66 0.0 
60886.81 0.31 0.0 
77458.97 0.32 0.0 
80452.29 0.53 0.0 
80292.84 0.60 0.0 
85649.51 0.35 0.0 
