1289.60 0.72 0.0 
823.37 0.82 0.0 
1662.68 0.81 0.0 
3014.12 0.59 0.0 
3434.00 0.44 0.0 
3945.12 0.93 0.0 
5414.04 0.52 0.0 
5969.49 0.50 0.0 
1200.55 0.67 0.0 
1228.28 0.37 0.0 
1347.60 0.91 0.0 
7182.92 0.74 0.0 
1347.60 0.35 0.0 
7660.15 0.61 0.0 
210.24 0.33 0.0 
8352.99 0.81 0.0 
2444.60 0.33 0.0 
8616.05 0.34 0.0 
1051.01 0.65 0.0 
9372.89 0.38 0.0 
9671.29 0.48 0.0 
10194.12 0.34 0.0 
2610.53 0.57 0.0 
10886.21 0.37 0.0 
3225.39 0.35 0.0 
9034.60 0.38 0.0 
9059.57 0.43 0.0 
11820.61 0.30 0.0 
11849.56 0.49 0.0 
12086.40 0.41 0.0 
3839.65 0.39 0.0 
11836.51 0.94 0.0 
12595.88 0.97 0.0 
7465.44 0.40 0.0 
12581.08 0.65 0.0 
10856.95 0.62 0.0 
13517.54 0.82 0.0 
13247.17 0.47 0.0 
13517.53 0.91 0.0 
8316.33 0.58 0.0 
15012.52 0.54 0.0 
15300.18 0.98 0.0 
15300.18 0.97 0.0 
13259.33 0.78 0.0 
7656.37 0.48 0.0 
10689.65 0.34 0.0 
14319.37 0.98 0.0 
11546.79 0.69 0.0 
9119.33 0.48 0.0 
17645.23 0.98 0.0 
17969.60 0.41 0.0 
18468.17 0.52 0.0 
18493.96 0.34 0.0 
18803.49 0.59 0.0 
18650.32 0.81 0.0 
18803.48 0.47 0.0 
11011.76 0.34 0.0 
19451.56 0.31 0.0 
19057.05 0.62 0.0 
19394.33 0.37 0.0 
19769.48 0.48 0.0 
19402.78 0.71 0.0 
19365.56 0.53 0.0 
17696.17 0.37 0.0 
20103.11 0.37 0.0 
20103.13 0.77 0.0 
20229.88 0.86 0.0 
14319.38 0.97 0.0 
12595.88 0.81 0.0 
18650.36 0.61 0.0 
19018.77 0.43 0.0 
21251.99 0.33 0.0 
21325.03 0.63 0.0 
21557.03 0.45 0.0 
21775.16 0.86 0.0 
21557.05 0.42 0.0 
16826.64 0.87 0.0 
20335.41 0.60 0.0 
16826.65 0.54 0.0 
17645.23 0.98 0.0 
21176.36 0.74 0.0 
23890.99 0.44 0.0 
21522.25 0.31 0.0 
21534.78 0.87 0.0 
21775.16 0.57 0.0 
24254.59 0.53 0.0 
18867.24 0.31 0.0 
15958.11 0.49 0.0 
19109.57 0.35 0.0 
24852.00 0.32 0.0 
24969.61 0.59 0.0 
18880.44 0.72 0.0 
19003.53 0.47 0.0 
25040.84 0.75 0.0 
19124.16 0.51 0.0 
25040.83 0.88 0.0 
25622.01 0.51 0.0 
25622.04 0.83 0.0 
25865.80 0.35 0.0 
25303.95 0.77 0.0 
25418.88 0.40 0.0 
20426.53 0.36 0.0 
20640.33 0.52 0.0 
20644.32 0.73 0.0 
26402.12 0.34 0.0 
26587.77 0.47 0.0 
26812.01 0.53 0.0 
21279.53 0.40 0.0 
21404.40 0.84 0.0 
27417.12 0.33 0.0 
21522.27 0.67 0.0 
27895.77 0.95 0.0 
19057.08 0.48 0.0 
27799.75 0.46 0.0 
21883.13 0.54 0.0 
27799.77 0.62 0.0 
28263.84 0.44 0.0 
28060.44 0.70 0.0 
19556.40 0.51 0.0 
28567.29 0.59 0.0 
28848.35 0.79 0.0 
28517.28 0.79 0.0 
22724.37 0.69 0.0 
28813.76 0.78 0.0 
28966.67 0.66 0.0 
23041.12 0.55 0.0 
22842.09 0.45 0.0 
20157.72 0.46 0.0 
29000.76 0.60 0.0 
20753.89 0.56 0.0 
26812.01 0.31 0.0 
27172.93 0.43 0.0 
27291.12 0.61 0.0 
27417.10 0.96 0.0 
27895.76 0.93 0.0 
31400.49 0.57 0.0 
28376.84 0.89 0.0 
25360.03 0.78 0.0 
28738.45 0.70 0.0 
28848.36 0.72 0.0 
26402.08 0.63 0.0 
26427.88 0.86 0.0 
25835.32 0.56 0.0 
32617.49 0.35 0.0 
26785.32 0.58 0.0 
32639.97 0.39 0.0 
26427.87 0.81 0.0 
27863.95 0.36 0.0 
26924.01 0.54 0.0 
33799.26 0.97 0.0 
33799.26 0.98 0.0 
25303.92 0.31 0.0 
27754.29 0.34 0.0 
26753.65 0.79 0.0 
30027.16 0.64 0.0 
33891.92 0.41 0.0 
28417.89 0.31 0.0 
32069.05 0.34 0.0 
39343.93 0.34 0.0 
32923.85 0.31 0.0 
39569.01 0.56 0.0 
34604.60 0.36 0.0 
42805.95 0.67 0.0 
42805.94 0.95 0.0 
42877.43 0.72 0.0 
46154.09 0.42 0.0 
43619.43 0.52 0.0 
45971.32 0.58 0.0 
47234.32 0.78 0.0 
48089.43 0.37 0.0 
46739.57 0.44 0.0 
48058.52 0.30 0.0 
45268.41 0.34 0.0 
43078.45 0.51 0.0 
46107.68 0.36 0.0 
45262.20 0.32 0.0 
47786.42 0.37 0.0 
55393.73 0.45 0.0 
51736.81 0.47 0.0 
56696.20 0.44 0.0 
53160.22 0.46 0.0 
60580.33 0.49 0.0 
59891.77 0.31 0.0 
60123.36 0.90 0.0 
61845.73 0.32 0.0 
61094.21 0.50 0.0 
52798.35 0.75 0.0 
54717.80 0.67 0.0 
60123.36 0.89 0.0 
60135.16 0.51 0.0 
60142.94 0.93 0.0 
64444.64 0.48 0.0 
60135.12 0.93 0.0 
60142.92 0.89 0.0 
62667.56 0.33 0.0 
66658.99 0.37 0.0 
64444.61 0.49 0.0 
63403.07 0.47 0.0 
61197.51 0.33 0.0 
75557.09 0.31 0.0 
78702.32 0.34 0.0 
75298.28 0.39 0.0 
75538.69 0.51 0.0 
73000.76 0.31 0.0 
80487.77 0.32 0.0 
77191.22 0.98 0.0 
69581.08 0.42 0.0 
81553.69 0.61 0.0 
83984.57 0.62 0.0 
77191.22 0.95 0.0 
77429.16 0.44 0.0 
81708.40 0.47 0.0 
84704.52 0.85 0.0 
84912.73 0.46 0.0 
84372.57 0.35 0.0 
84494.08 0.62 0.0 
80923.61 0.36 0.0 
84283.57 0.31 0.0 
81708.40 0.32 0.0 
82918.96 0.42 0.0 
83490.12 0.41 0.0 
85678.96 0.89 0.0 
