3226.49 0.48 0.0 
3310.88 0.55 0.0 
3880.95 0.34 0.0 
8846.35 0.31 0.0 
1051.83 0.46 0.0 
3226.55 0.46 0.0 
12184.93 0.68 0.0 
11838.99 0.51 0.0 
12598.06 0.50 0.0 
13521.28 0.69 0.0 
13521.28 0.73 0.0 
8319.89 0.49 0.0 
15301.68 0.59 0.0 
15301.71 0.59 0.0 
10696.55 0.31 0.0 
14320.87 0.52 0.0 
17385.59 0.38 0.0 
17748.56 0.47 0.0 
11017.63 0.58 0.0 
19402.81 0.62 0.0 
19415.26 0.43 0.0 
14320.99 0.41 0.0 
12598.07 0.46 0.0 
21530.54 0.54 0.0 
16828.27 0.31 0.0 
18867.29 0.42 0.0 
25624.33 0.46 0.0 
20640.39 0.36 0.0 
26405.19 0.36 0.0 
27900.60 0.68 0.0 
19415.28 0.55 0.0 
28396.29 0.57 0.0 
23042.03 0.33 0.0 
28876.55 0.50 0.0 
29462.92 0.41 0.0 
26405.20 0.63 0.0 
32619.19 0.33 0.0 
26430.79 0.30 0.0 
33801.60 0.82 0.0 
33801.58 0.81 0.0 
27499.95 0.39 0.0 
38266.44 0.74 0.0 
34604.57 0.33 0.0 
36618.80 0.58 0.0 
35010.73 0.52 0.0 
44505.61 0.65 0.0 
42879.41 0.58 0.0 
46300.96 0.32 0.0 
42810.51 0.47 0.0 
47787.83 0.37 0.0 
52492.17 0.31 0.0 
51740.21 0.56 0.0 
53166.00 0.40 0.0 
51091.96 0.67 0.0 
61128.11 0.57 0.0 
60125.37 0.82 0.0 
61847.99 0.40 0.0 
57975.67 0.49 0.0 
60125.38 0.85 0.0 
60144.99 0.88 0.0 
60144.98 0.90 0.0 
69893.99 0.36 0.0 
77193.53 0.93 0.0 
77193.54 0.90 0.0 
82823.91 0.37 0.0 
