239.53 0.33 0.0 
732.84 0.63 0.0 
1083.79 0.62 0.0 
1094.37 0.78 0.0 
944.27 0.46 0.0 
448.05 0.52 0.0 
3717.47 0.31 0.0 
1740.72 0.86 0.0 
4678.82 0.88 0.0 
2009.53 0.93 0.0 
4796.72 0.73 0.0 
4796.65 0.55 0.0 
5287.43 0.86 0.0 
4641.69 0.48 0.0 
6692.08 0.51 0.0 
193.64 0.74 0.0 
4641.65 0.32 0.0 
650.65 0.52 0.0 
6344.14 0.31 0.0 
4362.04 0.64 0.0 
6801.49 0.36 0.0 
4843.32 0.46 0.0 
8278.53 0.50 0.0 
9238.05 0.57 0.0 
8753.13 0.30 0.0 
7385.99 0.81 0.0 
9007.61 0.34 0.0 
7243.03 0.48 0.0 
3669.67 0.58 0.0 
8364.21 0.57 0.0 
3419.41 0.31 0.0 
4.37 0.57 0.0 
9301.90 0.93 0.0 
9379.79 0.89 0.0 
6659.69 0.41 0.0 
6896.33 0.39 0.0 
14509.04 0.68 0.0 
7385.98 0.59 0.0 
7390.89 0.71 0.0 
12434.45 0.74 0.0 
14509.05 0.75 0.0 
7634.52 0.39 0.0 
8806.28 0.43 0.0 
8834.32 0.36 0.0 
8816.92 0.37 0.0 
9301.92 0.92 0.0 
5287.39 0.63 0.0 
6149.04 0.96 0.0 
6389.41 0.66 0.0 
16843.00 0.65 0.0 
20173.37 0.61 0.0 
9379.81 0.86 0.0 
15416.80 0.31 0.0 
23278.37 0.39 0.0 
24474.85 0.72 0.0 
26018.45 0.57 0.0 
23439.35 0.88 0.0 
23924.53 0.41 0.0 
18779.00 0.62 0.0 
23608.96 0.31 0.0 
26018.43 0.61 0.0 
24996.49 0.48 0.0 
26262.32 0.41 0.0 
24184.96 0.60 0.0 
24807.75 0.75 0.0 
28559.56 0.65 0.0 
22867.56 0.65 0.0 
22738.92 0.74 0.0 
23565.16 0.79 0.0 
22975.35 0.91 0.0 
23713.37 0.35 0.0 
30352.84 0.94 0.0 
30352.83 0.95 0.0 
24184.96 0.89 0.0 
23439.33 0.41 0.0 
30971.19 0.44 0.0 
31454.05 0.35 0.0 
25137.84 0.52 0.0 
25613.53 0.31 0.0 
33816.13 0.61 0.0 
33820.47 0.73 0.0 
32840.24 0.55 0.0 
34413.25 0.35 0.0 
34423.19 0.64 0.0 
34429.84 0.41 0.0 
31027.72 0.93 0.0 
22348.76 0.61 0.0 
33800.72 0.39 0.0 
33816.12 0.54 0.0 
33820.51 0.82 0.0 
35159.32 0.35 0.0 
31768.95 0.70 0.0 
34423.20 0.33 0.0 
34424.37 0.50 0.0 
34124.37 0.35 0.0 
25344.07 0.41 0.0 
34264.25 0.39 0.0 
31027.74 0.86 0.0 
34527.60 0.52 0.0 
39598.81 0.32 0.0 
27749.60 0.43 0.0 
28348.88 0.38 0.0 
33772.20 0.77 0.0 
33772.20 0.83 0.0 
28949.57 0.36 0.0 
42133.91 0.33 0.0 
29187.73 0.36 0.0 
34367.61 0.39 0.0 
34633.45 0.72 0.0 
42479.57 0.41 0.0 
41864.51 0.77 0.0 
41419.52 0.66 0.0 
41797.75 0.67 0.0 
42256.96 0.56 0.0 
44057.48 0.61 0.0 
33622.73 0.65 0.0 
41338.92 0.45 0.0 
41453.00 0.43 0.0 
41338.87 0.32 0.0 
41351.60 0.58 0.0 
41797.75 0.66 0.0 
46498.25 0.33 0.0 
44057.52 0.40 0.0 
44187.04 0.59 0.0 
59279.59 0.41 0.0 
60940.05 0.32 0.0 
56106.83 0.32 0.0 
65769.05 0.49 0.0 
63764.21 0.41 0.0 
65383.88 0.66 0.0 
65383.89 0.73 0.0 
65065.60 0.57 0.0 
68756.95 0.34 0.0 
69101.55 0.72 0.0 
71020.55 0.57 0.0 
68787.60 0.53 0.0 
71752.60 0.32 0.0 
70293.43 0.32 0.0 
64724.60 0.40 0.0 
69805.04 0.58 0.0 
74534.20 0.50 0.0 
71083.51 0.51 0.0 
71560.45 0.30 0.0 
75494.03 0.45 0.0 
71803.69 0.48 0.0 
71721.29 0.32 0.0 
76770.56 0.33 0.0 
77649.22 0.80 0.0 
65065.60 0.81 0.0 
70966.57 0.32 0.0 
78342.19 0.31 0.0 
73378.41 0.55 0.0 
68784.13 0.32 0.0 
80425.54 0.96 0.0 
70094.91 0.48 0.0 
84453.84 0.82 0.0 
84572.24 0.80 0.0 
83742.59 0.54 0.0 
84344.22 0.91 0.0 
84453.84 0.56 0.0 
85484.56 0.60 0.0 
84429.17 0.38 0.0 
79139.51 0.49 0.0 
84688.93 0.36 0.0 
76941.25 0.30 0.0 
77649.15 0.54 0.0 
77661.49 0.37 0.0 
78964.03 0.55 0.0 
80425.54 0.96 0.0 
85273.96 0.44 0.0 
84751.44 0.35 0.0 
