1089.26 0.58 0.0 
4430.23 0.43 0.0 
1980.63 0.33 0.0 
4798.36 0.88 0.0 
4798.37 0.72 0.0 
4635.67 0.49 0.0 
4646.93 0.40 0.0 
285.96 0.76 0.0 
4860.73 0.44 0.0 
651.50 0.67 0.0 
7650.44 0.71 0.0 
6804.80 0.47 0.0 
4815.81 0.49 0.0 
6062.77 0.68 0.0 
8377.88 0.43 0.0 
1831.63 0.53 0.0 
8754.03 0.37 0.0 
7387.11 0.37 0.0 
6616.05 0.73 0.0 
7741.79 0.35 0.0 
8340.91 0.32 0.0 
4593.24 0.59 0.0 
9389.15 0.36 0.0 
6062.80 0.30 0.0 
12437.28 0.83 0.0 
6645.84 0.68 0.0 
7387.15 0.43 0.0 
12437.29 0.39 0.0 
14509.59 0.30 0.0 
8312.11 0.37 0.0 
8819.36 0.39 0.0 
4442.39 0.30 0.0 
16755.91 0.65 0.0 
6244.39 0.35 0.0 
16579.19 0.39 0.0 
20161.57 0.45 0.0 
19402.15 0.47 0.0 
9389.19 0.52 0.0 
19402.17 0.55 0.0 
21306.98 0.46 0.0 
22382.17 0.33 0.0 
21306.95 0.39 0.0 
28559.55 0.35 0.0 
23565.89 0.35 0.0 
30356.66 0.69 0.0 
30356.66 0.66 0.0 
28578.46 0.36 0.0 
24188.24 0.53 0.0 
25613.57 0.54 0.0 
20161.58 0.63 0.0 
25613.63 0.35 0.0 
21124.19 0.51 0.0 
33821.10 0.90 0.0 
33946.35 0.44 0.0 
32841.65 0.41 0.0 
26916.84 0.64 0.0 
34417.29 0.36 0.0 
34424.39 0.42 0.0 
31030.71 0.64 0.0 
33821.10 0.92 0.0 
28111.02 0.80 0.0 
35176.87 0.38 0.0 
33780.95 0.59 0.0 
31030.74 0.61 0.0 
38377.59 0.54 0.0 
38377.59 0.33 0.0 
41269.39 0.37 0.0 
33772.82 0.63 0.0 
33772.82 0.76 0.0 
33780.93 0.62 0.0 
34371.25 0.31 0.0 
34371.25 0.71 0.0 
34596.99 0.31 0.0 
41422.19 0.33 0.0 
41803.58 0.72 0.0 
41340.46 0.80 0.0 
33607.16 0.72 0.0 
33724.15 0.34 0.0 
45318.61 0.47 0.0 
41456.41 0.56 0.0 
41340.36 0.53 0.0 
41803.54 0.76 0.0 
50716.05 0.64 0.0 
41422.19 0.31 0.0 
52264.63 0.34 0.0 
55790.89 0.34 0.0 
55218.79 0.43 0.0 
54424.74 0.38 0.0 
56958.27 0.38 0.0 
62394.55 0.36 0.0 
62394.59 0.38 0.0 
61339.31 0.44 0.0 
61939.77 0.32 0.0 
65052.21 0.33 0.0 
62678.13 0.72 0.0 
65646.29 0.39 0.0 
65771.18 0.51 0.0 
63399.68 0.44 0.0 
62225.07 0.32 0.0 
65373.79 0.37 0.0 
66942.49 0.51 0.0 
66954.09 0.40 0.0 
65077.64 0.44 0.0 
67532.44 0.35 0.0 
66942.45 0.49 0.0 
65702.99 0.39 0.0 
69578.07 0.31 0.0 
66903.79 0.37 0.0 
68002.28 0.51 0.0 
68019.33 0.43 0.0 
68477.49 0.41 0.0 
67861.06 0.40 0.0 
71292.27 0.30 0.0 
62678.10 0.71 0.0 
62934.55 0.43 0.0 
71024.59 0.54 0.0 
69578.03 0.42 0.0 
63893.81 0.60 0.0 
70997.97 0.67 0.0 
71024.58 0.36 0.0 
74146.99 0.43 0.0 
70240.79 0.32 0.0 
70577.33 0.44 0.0 
71477.33 0.57 0.0 
71725.11 0.32 0.0 
71177.09 0.47 0.0 
71955.49 0.47 0.0 
72259.11 0.32 0.0 
72618.93 0.53 0.0 
72567.28 0.60 0.0 
76172.67 0.42 0.0 
73951.75 0.35 0.0 
64201.73 0.72 0.0 
78348.37 0.39 0.0 
65052.25 0.54 0.0 
65068.25 0.42 0.0 
65165.06 0.58 0.0 
70849.17 0.53 0.0 
79073.47 0.31 0.0 
65646.34 0.36 0.0 
70849.15 0.42 0.0 
76824.16 0.60 0.0 
76948.21 0.30 0.0 
72046.94 0.40 0.0 
77296.69 0.39 0.0 
67324.30 0.51 0.0 
67561.63 0.49 0.0 
73726.05 0.49 0.0 
68787.69 0.75 0.0 
79047.99 0.44 0.0 
73951.78 0.49 0.0 
80439.06 0.84 0.0 
84573.63 0.53 0.0 
72241.87 0.53 0.0 
78057.96 0.64 0.0 
80439.06 0.85 0.0 
76824.19 0.46 0.0 
76948.10 0.52 0.0 
77651.04 0.35 0.0 
84310.55 0.33 0.0 
84241.47 0.33 0.0 
