2461.47 0.77 0.0 
3786.53 0.50 0.0 
2461.47 0.80 0.0 
2060.88 0.89 0.0 
1100.51 0.68 0.0 
5206.32 0.54 0.0 
4632.24 0.32 0.0 
3803.03 0.68 0.0 
3803.09 0.77 0.0 
2060.88 0.92 0.0 
5929.37 0.33 0.0 
5206.32 0.75 0.0 
3394.81 0.37 0.0 
5832.41 0.43 0.0 
3883.96 0.54 0.0 
5616.00 0.32 0.0 
5359.84 0.32 0.0 
4925.28 0.62 0.0 
5784.49 0.40 0.0 
4925.24 0.64 0.0 
2496.56 0.43 0.0 
7261.56 0.41 0.0 
5784.45 0.44 0.0 
9164.76 0.54 0.0 
5901.83 0.36 0.0 
7402.41 0.35 0.0 
6504.51 0.34 0.0 
6504.51 0.38 0.0 
5773.33 0.32 0.0 
10364.61 0.30 0.0 
7482.29 0.49 0.0 
7483.35 0.30 0.0 
7212.25 0.76 0.0 
7212.27 0.87 0.0 
8186.63 0.45 0.0 
12415.05 0.53 0.0 
10543.29 0.32 0.0 
10364.56 0.92 0.0 
13378.69 0.53 0.0 
13846.48 0.35 0.0 
12424.81 0.85 0.0 
12414.83 0.45 0.0 
12424.83 0.84 0.0 
7915.53 0.47 0.0 
11903.19 0.37 0.0 
14437.88 0.83 0.0 
13281.22 0.66 0.0 
11284.65 0.79 0.0 
11309.36 0.81 0.0 
8625.25 0.55 0.0 
10918.41 0.86 0.0 
11284.64 0.79 0.0 
13285.28 0.38 0.0 
13294.77 0.97 0.0 
12857.95 0.53 0.0 
13846.49 0.88 0.0 
15270.46 0.82 0.0 
11903.11 0.73 0.0 
15408.17 0.66 0.0 
13361.53 0.58 0.0 
13363.47 0.41 0.0 
13723.25 0.37 0.0 
12857.95 0.79 0.0 
16133.92 0.57 0.0 
14831.73 0.72 0.0 
12713.81 0.61 0.0 
14320.95 0.64 0.0 
13680.68 0.36 0.0 
14437.88 0.80 0.0 
14679.47 0.38 0.0 
10918.41 0.89 0.0 
15674.37 0.74 0.0 
14781.69 0.47 0.0 
17330.88 0.50 0.0 
17458.03 0.44 0.0 
16046.87 0.54 0.0 
17819.57 0.33 0.0 
13667.10 0.71 0.0 
13680.65 0.61 0.0 
14781.67 0.75 0.0 
14788.62 0.72 0.0 
16527.83 0.75 0.0 
15262.93 0.39 0.0 
17330.91 0.73 0.0 
17472.10 0.90 0.0 
12713.82 0.63 0.0 
16602.78 0.81 0.0 
17472.11 0.87 0.0 
13294.77 0.98 0.0 
18078.52 0.57 0.0 
18078.45 0.57 0.0 
15846.48 0.49 0.0 
18400.76 0.73 0.0 
19424.57 0.55 0.0 
19409.39 0.34 0.0 
19532.45 0.42 0.0 
20062.49 0.47 0.0 
22360.33 0.60 0.0 
20837.11 0.46 0.0 
20062.52 0.73 0.0 
21162.41 0.60 0.0 
22389.35 0.47 0.0 
19211.19 0.35 0.0 
23926.32 0.79 0.0 
24059.43 0.58 0.0 
21615.55 0.60 0.0 
22865.85 0.30 0.0 
22004.35 0.93 0.0 
24750.33 0.58 0.0 
22360.36 0.88 0.0 
19424.56 0.34 0.0 
19532.49 0.47 0.0 
23220.01 0.32 0.0 
23926.31 0.85 0.0 
24343.45 0.96 0.0 
23539.16 0.34 0.0 
26339.63 0.58 0.0 
23539.17 0.57 0.0 
27157.78 0.89 0.0 
22933.03 0.48 0.0 
23167.29 0.39 0.0 
26731.51 0.69 0.0 
26339.72 0.59 0.0 
25740.77 0.35 0.0 
26955.21 0.37 0.0 
28963.37 0.31 0.0 
27817.15 0.76 0.0 
27157.79 0.87 0.0 
24343.44 0.84 0.0 
27668.21 0.45 0.0 
25214.45 0.70 0.0 
24477.29 0.40 0.0 
24598.24 0.41 0.0 
29248.78 0.52 0.0 
25809.21 0.43 0.0 
29974.22 0.35 0.0 
25793.89 0.36 0.0 
29248.75 0.91 0.0 
28963.37 0.93 0.0 
26755.61 0.40 0.0 
30940.72 0.91 0.0 
33056.45 0.32 0.0 
31295.85 0.76 0.0 
30623.20 0.86 0.0 
30623.19 0.93 0.0 
27817.16 0.73 0.0 
28198.36 0.78 0.0 
29771.97 0.33 0.0 
33580.21 0.79 0.0 
30355.75 0.80 0.0 
33548.37 0.87 0.0 
29974.20 0.36 0.0 
33548.35 0.84 0.0 
30355.75 0.82 0.0 
30940.70 0.84 0.0 
31295.85 0.44 0.0 
31318.33 0.77 0.0 
35143.10 0.92 0.0 
34345.48 0.89 0.0 
34345.48 0.45 0.0 
35828.37 0.40 0.0 
32868.44 0.77 0.0 
35828.37 0.34 0.0 
32868.44 0.56 0.0 
38939.12 0.53 0.0 
36625.96 0.50 0.0 
37365.93 0.36 0.0 
35647.93 0.47 0.0 
35143.12 0.64 0.0 
38435.33 0.34 0.0 
38410.77 0.55 0.0 
41263.65 0.72 0.0 
38394.21 0.42 0.0 
45053.28 0.70 0.0 
42016.67 0.65 0.0 
42016.71 0.42 0.0 
40435.89 0.62 0.0 
46683.12 0.52 0.0 
46683.13 0.36 0.0 
47397.27 0.65 0.0 
51253.56 0.84 0.0 
52087.61 0.51 0.0 
54820.34 0.47 0.0 
56651.95 0.74 0.0 
61498.11 0.87 0.0 
62498.96 0.81 0.0 
64390.14 0.86 0.0 
62498.96 0.66 0.0 
67881.88 0.65 0.0 
65635.12 0.41 0.0 
70168.20 0.77 0.0 
73199.08 0.42 0.0 
80417.39 0.98 0.0 
80789.55 0.91 0.0 
80417.38 0.97 0.0 
82922.49 0.35 0.0 
85159.00 0.30 0.0 
85158.95 0.36 0.0 
85552.02 0.87 0.0 
85552.03 0.89 0.0 
