338.30 0.90 0.0 
338.27 0.77 0.0 
554.37 0.31 0.0 
929.49 0.65 0.0 
1022.16 0.35 0.0 
1135.81 0.34 0.0 
8429.15 0.33 0.0 
11891.33 0.73 0.0 
11879.51 0.60 0.0 
11971.16 0.87 0.0 
11971.15 0.94 0.0 
12348.57 0.36 0.0 
12462.09 0.66 0.0 
12582.48 0.91 0.0 
12325.97 0.56 0.0 
13127.29 0.57 0.0 
13436.37 0.31 0.0 
12284.08 0.66 0.0 
14632.49 0.36 0.0 
14632.43 0.40 0.0 
14624.57 0.51 0.0 
15013.87 0.58 0.0 
15106.29 0.39 0.0 
15106.32 0.32 0.0 
14669.11 0.90 0.0 
15539.20 0.50 0.0 
15778.36 0.87 0.0 
14669.09 0.96 0.0 
16617.13 0.32 0.0 
17115.16 0.38 0.0 
17173.48 0.52 0.0 
17651.31 0.34 0.0 
17772.82 0.31 0.0 
17606.05 0.38 0.0 
17457.25 0.40 0.0 
18254.20 0.79 0.0 
18220.97 0.33 0.0 
17606.13 0.43 0.0 
17609.51 0.70 0.0 
18170.45 0.34 0.0 
17173.44 0.33 0.0 
17927.24 0.35 0.0 
19184.57 0.72 0.0 
17761.99 0.84 0.0 
19113.33 0.46 0.0 
17545.45 0.40 0.0 
18509.35 0.87 0.0 
20403.84 0.54 0.0 
18638.89 0.32 0.0 
20459.01 0.32 0.0 
19113.36 0.47 0.0 
21033.20 0.41 0.0 
19455.73 0.37 0.0 
21464.41 0.59 0.0 
21824.17 0.80 0.0 
20403.83 0.90 0.0 
20668.42 0.94 0.0 
21433.48 0.36 0.0 
22365.12 0.94 0.0 
21029.25 0.68 0.0 
20535.50 0.69 0.0 
23022.54 0.94 0.0 
22365.13 0.41 0.0 
21135.29 0.31 0.0 
23166.01 0.61 0.0 
23293.16 0.68 0.0 
23836.36 0.38 0.0 
24224.57 0.49 0.0 
24702.68 0.58 0.0 
23165.99 0.54 0.0 
22721.95 0.42 0.0 
24297.36 0.55 0.0 
24729.92 0.47 0.0 
25196.93 0.37 0.0 
25018.15 0.40 0.0 
23673.08 0.35 0.0 
25138.55 0.37 0.0 
24729.89 0.34 0.0 
25799.54 0.55 0.0 
24512.97 0.43 0.0 
26864.48 0.97 0.0 
26631.16 0.48 0.0 
26908.72 0.35 0.0 
27972.77 0.53 0.0 
27871.95 0.44 0.0 
27882.87 0.35 0.0 
27689.16 0.45 0.0 
28559.99 0.93 0.0 
28364.40 0.72 0.0 
28633.55 0.53 0.0 
28390.28 0.39 0.0 
28587.48 0.35 0.0 
29758.37 0.50 0.0 
28364.42 0.88 0.0 
29678.72 0.39 0.0 
28578.32 0.33 0.0 
30361.53 0.81 0.0 
29937.84 0.30 0.0 
29429.42 0.50 0.0 
30587.15 0.47 0.0 
29324.09 0.38 0.0 
31299.42 0.39 0.0 
29907.71 0.87 0.0 
29678.67 0.53 0.0 
30361.51 0.82 0.0 
30373.80 0.36 0.0 
31361.09 0.45 0.0 
30644.27 0.64 0.0 
31403.44 0.31 0.0 
31361.05 0.43 0.0 
33058.36 0.84 0.0 
33058.35 0.76 0.0 
33074.05 0.74 0.0 
33767.44 0.44 0.0 
32803.48 0.74 0.0 
34067.12 0.57 0.0 
35009.21 0.66 0.0 
35138.68 0.48 0.0 
35173.09 0.50 0.0 
35534.58 0.89 0.0 
35455.61 0.57 0.0 
35892.87 0.90 0.0 
35009.17 0.56 0.0 
35678.87 0.35 0.0 
36460.89 0.39 0.0 
35939.49 0.43 0.0 
36700.97 0.36 0.0 
36254.16 0.68 0.0 
35668.23 0.31 0.0 
36479.42 0.92 0.0 
37904.41 0.56 0.0 
36974.60 0.40 0.0 
35678.89 0.59 0.0 
36777.12 0.30 0.0 
35923.04 0.66 0.0 
36898.67 0.53 0.0 
38623.49 0.31 0.0 
36868.63 0.40 0.0 
37380.75 0.33 0.0 
38853.23 0.91 0.0 
38039.05 0.52 0.0 
38039.04 0.95 0.0 
38367.92 0.32 0.0 
38948.36 0.56 0.0 
38853.25 0.93 0.0 
40996.29 0.72 0.0 
39831.45 0.76 0.0 
39625.33 0.83 0.0 
39831.44 0.58 0.0 
40547.15 0.60 0.0 
40736.65 0.70 0.0 
41276.97 0.37 0.0 
40996.25 0.43 0.0 
40124.57 0.32 0.0 
41368.55 0.79 0.0 
41277.01 0.37 0.0 
41684.77 0.41 0.0 
41790.04 0.72 0.0 
41967.73 0.58 0.0 
42065.73 0.34 0.0 
42568.85 0.76 0.0 
41564.20 0.36 0.0 
43408.80 0.82 0.0 
42135.63 0.54 0.0 
42164.21 0.34 0.0 
43932.80 0.33 0.0 
43709.36 0.43 0.0 
46059.21 0.61 0.0 
44251.67 0.39 0.0 
44188.28 0.78 0.0 
45313.41 0.58 0.0 
45243.58 0.31 0.0 
45253.97 0.43 0.0 
45552.81 0.45 0.0 
44870.15 0.49 0.0 
44878.92 0.38 0.0 
44204.56 0.33 0.0 
44443.37 0.66 0.0 
45356.43 0.58 0.0 
45732.45 0.54 0.0 
44918.73 0.59 0.0 
47477.93 0.39 0.0 
48343.93 0.34 0.0 
47125.45 0.38 0.0 
47126.17 0.30 0.0 
47479.27 0.44 0.0 
48299.00 0.31 0.0 
46964.23 0.35 0.0 
47429.61 0.36 0.0 
49632.32 0.35 0.0 
48990.69 0.42 0.0 
48269.01 0.71 0.0 
49286.15 0.68 0.0 
50071.12 0.38 0.0 
51320.81 0.73 0.0 
50165.13 0.61 0.0 
50351.11 0.32 0.0 
50579.44 0.30 0.0 
50953.84 0.69 0.0 
50157.88 0.31 0.0 
50801.72 0.34 0.0 
50939.51 0.43 0.0 
51088.72 0.51 0.0 
50731.52 0.34 0.0 
51297.32 0.45 0.0 
52540.79 0.32 0.0 
50549.31 0.55 0.0 
52152.26 0.56 0.0 
52646.24 0.49 0.0 
50071.12 0.49 0.0 
50789.07 0.53 0.0 
52152.29 0.35 0.0 
50324.28 0.67 0.0 
53144.35 0.40 0.0 
52646.24 0.39 0.0 
52648.44 0.81 0.0 
53234.44 0.66 0.0 
54438.39 0.82 0.0 
53413.64 0.49 0.0 
53185.35 0.97 0.0 
54176.28 0.78 0.0 
53543.89 0.93 0.0 
53549.58 0.70 0.0 
54438.44 0.53 0.0 
54897.11 0.45 0.0 
54467.45 0.58 0.0 
54557.33 0.38 0.0 
55273.96 0.37 0.0 
53185.36 0.83 0.0 
55623.05 0.32 0.0 
54985.81 0.30 0.0 
56213.59 0.33 0.0 
55331.04 0.32 0.0 
55347.89 0.52 0.0 
56463.47 0.33 0.0 
56819.41 0.47 0.0 
57178.61 0.69 0.0 
56408.17 0.47 0.0 
57537.36 0.75 0.0 
57674.15 0.50 0.0 
57790.41 0.48 0.0 
57895.67 0.37 0.0 
57836.44 0.39 0.0 
57940.53 0.41 0.0 
57954.29 0.55 0.0 
58371.59 0.32 0.0 
59019.77 0.42 0.0 
58431.63 0.39 0.0 
59090.86 0.31 0.0 
58653.32 0.32 0.0 
58642.05 0.45 0.0 
59219.48 0.45 0.0 
58105.51 0.39 0.0 
58226.48 0.81 0.0 
59744.11 0.34 0.0 
58707.59 0.30 0.0 
59174.21 0.58 0.0 
59608.49 0.47 0.0 
59758.69 0.59 0.0 
59875.47 0.38 0.0 
59892.68 0.60 0.0 
60524.44 0.39 0.0 
58105.53 0.67 0.0 
58226.45 0.52 0.0 
58462.95 0.41 0.0 
61409.01 0.54 0.0 
61633.87 0.42 0.0 
60987.96 0.81 0.0 
62818.00 0.55 0.0 
63445.40 0.42 0.0 
63200.04 0.43 0.0 
63445.40 0.39 0.0 
63133.44 0.80 0.0 
63293.25 0.57 0.0 
60524.45 0.49 0.0 
63239.48 0.86 0.0 
62549.51 0.34 0.0 
62667.11 0.34 0.0 
63643.73 0.46 0.0 
63853.40 0.41 0.0 
63148.83 0.43 0.0 
64633.19 0.59 0.0 
64079.51 0.93 0.0 
64657.52 0.44 0.0 
61484.48 0.54 0.0 
64557.68 0.81 0.0 
64994.00 0.32 0.0 
64657.52 0.40 0.0 
64107.32 0.32 0.0 
65594.51 0.86 0.0 
62416.67 0.35 0.0 
65974.61 0.57 0.0 
65579.00 0.59 0.0 
65611.27 0.38 0.0 
62804.36 0.74 0.0 
65884.25 0.46 0.0 
63643.90 0.34 0.0 
66149.51 0.34 0.0 
66974.55 0.61 0.0 
67432.61 0.50 0.0 
68729.48 0.54 0.0 
68956.64 0.33 0.0 
68185.85 0.43 0.0 
66977.17 0.43 0.0 
69794.25 0.31 0.0 
70154.48 0.62 0.0 
69130.12 0.37 0.0 
71518.07 0.32 0.0 
68924.56 0.33 0.0 
72239.06 0.80 0.0 
72298.44 0.81 0.0 
73198.80 0.40 0.0 
73509.73 0.68 0.0 
72298.45 0.96 0.0 
73154.03 0.31 0.0 
73513.15 0.38 0.0 
74007.89 0.35 0.0 
73754.56 0.68 0.0 
72749.58 0.67 0.0 
74391.82 0.86 0.0 
74113.59 0.31 0.0 
71415.16 0.49 0.0 
73226.68 0.56 0.0 
74294.48 0.35 0.0 
74391.79 0.67 0.0 
73589.11 0.51 0.0 
75839.59 0.64 0.0 
74457.79 0.42 0.0 
75904.77 0.39 0.0 
75256.15 0.43 0.0 
76484.56 0.48 0.0 
75742.52 0.58 0.0 
74684.51 0.53 0.0 
78103.56 0.93 0.0 
78103.51 0.35 0.0 
78236.95 0.61 0.0 
77555.23 0.30 0.0 
78674.48 0.42 0.0 
78853.00 0.59 0.0 
75742.52 0.44 0.0 
78049.47 0.32 0.0 
77281.41 0.34 0.0 
79316.15 0.41 0.0 
76484.54 0.96 0.0 
79446.51 0.34 0.0 
80247.84 0.50 0.0 
78028.32 0.33 0.0 
80247.88 0.63 0.0 
79906.71 0.76 0.0 
79257.94 0.76 0.0 
79874.03 0.38 0.0 
77657.21 0.47 0.0 
81253.69 0.39 0.0 
81690.57 0.49 0.0 
81712.49 0.35 0.0 
81968.19 0.72 0.0 
81934.23 0.49 0.0 
80416.26 0.95 0.0 
82556.63 0.43 0.0 
82933.35 0.71 0.0 
79724.57 0.31 0.0 
83173.53 0.45 0.0 
80416.26 0.95 0.0 
82499.15 0.54 0.0 
83275.55 0.37 0.0 
82109.56 0.92 0.0 
82227.81 0.80 0.0 
84428.48 0.32 0.0 
84428.48 0.50 0.0 
84532.43 0.36 0.0 
84358.49 0.35 0.0 
84359.37 0.54 0.0 
82003.99 0.39 0.0 
84154.40 0.77 0.0 
84299.57 0.40 0.0 
86008.64 0.68 0.0 
84778.96 0.60 0.0 
86128.72 0.40 0.0 
86023.96 0.41 0.0 
83202.25 0.54 0.0 
85973.57 0.53 0.0 
84154.41 0.90 0.0 
85244.43 0.50 0.0 
