2463.53 0.36 0.0 
3397.69 0.66 0.0 
1502.17 0.47 0.0 
2500.75 0.45 0.0 
1105.31 0.34 0.0 
3432.81 0.75 0.0 
3789.12 0.65 0.0 
2061.27 0.75 0.0 
1105.29 0.44 0.0 
3437.53 0.44 0.0 
3432.77 0.50 0.0 
3804.67 0.42 0.0 
2061.27 0.56 0.0 
5929.40 0.31 0.0 
3397.70 0.66 0.0 
5929.43 0.66 0.0 
4925.95 0.31 0.0 
2500.76 0.66 0.0 
7262.05 0.62 0.0 
9172.31 0.34 0.0 
5903.49 0.39 0.0 
6506.63 0.50 0.0 
7741.23 0.35 0.0 
6506.61 0.70 0.0 
9172.31 0.34 0.0 
7214.73 0.40 0.0 
9795.49 0.64 0.0 
9795.50 0.77 0.0 
10942.75 0.33 0.0 
12421.31 0.39 0.0 
12427.16 0.51 0.0 
12421.12 0.34 0.0 
12427.15 0.40 0.0 
14440.82 0.74 0.0 
11292.65 0.82 0.0 
10922.55 0.31 0.0 
11292.65 0.82 0.0 
13281.26 0.72 0.0 
13288.40 0.30 0.0 
13296.59 0.91 0.0 
15272.63 0.68 0.0 
11629.11 0.31 0.0 
13637.35 0.36 0.0 
13363.53 0.37 0.0 
15896.59 0.31 0.0 
14701.29 0.34 0.0 
15082.39 0.48 0.0 
12716.18 0.62 0.0 
13680.59 0.50 0.0 
14440.84 0.70 0.0 
15421.12 0.70 0.0 
15082.37 0.44 0.0 
14778.11 0.42 0.0 
14788.67 0.54 0.0 
15780.49 0.93 0.0 
16048.20 0.86 0.0 
13667.15 0.31 0.0 
13682.43 0.37 0.0 
14777.83 0.34 0.0 
17331.96 0.54 0.0 
12716.20 0.71 0.0 
13296.58 0.92 0.0 
18079.67 0.55 0.0 
18672.63 0.57 0.0 
15827.65 0.32 0.0 
18672.64 0.65 0.0 
18691.33 0.51 0.0 
16186.11 0.52 0.0 
19516.50 0.43 0.0 
19539.39 0.35 0.0 
22368.65 0.85 0.0 
18588.03 0.41 0.0 
18608.77 0.37 0.0 
22368.66 0.88 0.0 
19426.36 0.74 0.0 
19435.33 0.36 0.0 
18691.37 0.44 0.0 
19426.36 0.66 0.0 
22443.87 0.35 0.0 
19539.40 0.39 0.0 
20490.67 0.41 0.0 
24917.44 0.73 0.0 
27888.31 0.35 0.0 
24349.08 0.42 0.0 
27888.28 0.44 0.0 
25794.32 0.39 0.0 
28573.08 0.51 0.0 
26731.55 0.65 0.0 
33271.72 0.55 0.0 
30361.59 0.33 0.0 
30625.47 0.43 0.0 
28556.69 0.34 0.0 
28573.09 0.55 0.0 
33067.95 0.34 0.0 
30361.58 0.67 0.0 
33549.59 0.34 0.0 
33549.59 0.45 0.0 
33271.72 0.37 0.0 
30955.15 0.41 0.0 
34126.99 0.31 0.0 
31316.76 0.58 0.0 
35143.51 0.45 0.0 
32868.95 0.41 0.0 
38435.29 0.41 0.0 
33457.87 0.32 0.0 
36627.67 0.44 0.0 
35866.86 0.59 0.0 
35145.07 0.34 0.0 
35866.91 0.38 0.0 
38394.19 0.44 0.0 
41263.79 0.37 0.0 
38394.27 0.36 0.0 
45054.95 0.42 0.0 
40437.31 0.36 0.0 
48662.41 0.39 0.0 
51254.79 0.56 0.0 
73039.55 0.35 0.0 
81415.03 0.48 0.0 
80425.08 0.88 0.0 
81415.03 0.59 0.0 
80425.08 0.88 0.0 
81383.83 0.41 0.0 
