1428.85 0.30 0.0 
3556.16 0.59 0.0 
3973.97 0.39 0.0 
1377.04 0.45 0.0 
1967.19 0.33 0.0 
6044.80 0.73 0.0 
4274.06 0.34 0.0 
8040.63 0.35 0.0 
10944.81 0.55 0.0 
11235.79 0.37 0.0 
11309.91 0.60 0.0 
10143.05 0.32 0.0 
12108.12 0.55 0.0 
12456.31 0.33 0.0 
12459.03 0.35 0.0 
9635.19 0.31 0.0 
12033.98 0.65 0.0 
13324.99 0.31 0.0 
12627.83 0.36 0.0 
14144.57 0.35 0.0 
14405.83 0.46 0.0 
14536.91 0.33 0.0 
15015.80 0.86 0.0 
15108.47 0.43 0.0 
15120.64 0.55 0.0 
15108.47 0.35 0.0 
14299.23 0.37 0.0 
15929.33 0.41 0.0 
14489.67 0.51 0.0 
13119.67 0.34 0.0 
15015.82 0.36 0.0 
15257.17 0.65 0.0 
16782.45 0.66 0.0 
16782.44 0.82 0.0 
14460.55 0.33 0.0 
17378.67 0.68 0.0 
18597.75 0.31 0.0 
21868.97 0.31 0.0 
22410.45 0.39 0.0 
22244.24 0.33 0.0 
24861.49 0.49 0.0 
23341.79 0.41 0.0 
24861.47 0.51 0.0 
26358.95 0.38 0.0 
27321.99 0.33 0.0 
24640.09 0.31 0.0 
27926.60 0.65 0.0 
28074.13 0.42 0.0 
28880.55 0.32 0.0 
25741.75 0.49 0.0 
28600.58 0.93 0.0 
27914.72 0.62 0.0 
27926.59 0.38 0.0 
30210.51 0.39 0.0 
31339.85 0.66 0.0 
27914.61 0.66 0.0 
30828.55 0.43 0.0 
28600.57 0.89 0.0 
28618.23 0.60 0.0 
28618.19 0.65 0.0 
29439.13 0.38 0.0 
31339.84 0.75 0.0 
31360.01 0.44 0.0 
30405.08 0.91 0.0 
34161.57 0.43 0.0 
30998.11 0.39 0.0 
33930.53 0.52 0.0 
31359.97 0.58 0.0 
35484.66 0.56 0.0 
34271.29 0.59 0.0 
35484.60 0.32 0.0 
34271.31 0.33 0.0 
38479.77 0.33 0.0 
35807.23 0.32 0.0 
42211.36 0.51 0.0 
38454.91 0.34 0.0 
40243.39 0.39 0.0 
41921.75 0.30 0.0 
48271.55 0.46 0.0 
51325.97 0.41 0.0 
50124.87 0.35 0.0 
53701.20 0.49 0.0 
56293.23 0.33 0.0 
56512.97 0.50 0.0 
53701.21 0.33 0.0 
57247.65 0.33 0.0 
55844.79 0.30 0.0 
56702.94 0.52 0.0 
58502.01 0.45 0.0 
60098.04 0.48 0.0 
59829.47 0.30 0.0 
61843.72 0.74 0.0 
61863.60 0.30 0.0 
65005.89 0.40 0.0 
67201.19 0.30 0.0 
66953.03 0.34 0.0 
73777.19 0.38 0.0 
73622.99 0.38 0.0 
78283.91 0.41 0.0 
78739.09 0.60 0.0 
80463.65 0.82 0.0 
79428.33 0.51 0.0 
80463.65 0.84 0.0 
82426.43 0.38 0.0 
84361.66 0.38 0.0 
82969.16 0.33 0.0 
86220.84 0.42 0.0 
84531.09 0.41 0.0 
