446.76 0.51 0.0 
1851.33 0.33 0.0 
1975.41 0.35 0.0 
2247.77 0.43 0.0 
1784.21 0.43 0.0 
5367.41 0.30 0.0 
6354.29 0.34 0.0 
6269.23 0.35 0.0 
6852.51 0.37 0.0 
6688.23 0.31 0.0 
6313.81 0.77 0.0 
7021.24 0.43 0.0 
7811.72 0.95 0.0 
7811.73 0.74 0.0 
8324.22 0.33 0.0 
9058.16 0.43 0.0 
9652.55 0.33 0.0 
9778.36 0.41 0.0 
9609.90 0.76 0.0 
10136.49 0.79 0.0 
9282.76 0.48 0.0 
10232.92 0.32 0.0 
10243.16 0.51 0.0 
10081.84 0.93 0.0 
9522.43 0.45 0.0 
9640.81 0.31 0.0 
9549.41 0.41 0.0 
9609.88 0.71 0.0 
9677.49 0.64 0.0 
9689.44 0.35 0.0 
9910.44 0.52 0.0 
9285.09 0.34 0.0 
10081.84 0.92 0.0 
10243.25 0.46 0.0 
10037.88 0.75 0.0 
9549.39 0.41 0.0 
10650.11 0.92 0.0 
11077.68 0.32 0.0 
9910.44 0.83 0.0 
10635.79 0.87 0.0 
10771.47 0.68 0.0 
11065.92 0.30 0.0 
11132.24 0.85 0.0 
11370.21 0.31 0.0 
11654.36 0.92 0.0 
9677.53 0.69 0.0 
10037.85 0.52 0.0 
10635.80 0.63 0.0 
10771.48 0.75 0.0 
11132.24 0.81 0.0 
13703.61 0.71 0.0 
13703.64 0.78 0.0 
14654.24 0.56 0.0 
15473.05 0.33 0.0 
15473.04 0.42 0.0 
16379.16 0.32 0.0 
15522.77 0.48 0.0 
15762.91 0.37 0.0 
15327.64 0.35 0.0 
17575.33 0.42 0.0 
18733.96 0.40 0.0 
18987.71 0.36 0.0 
24030.91 0.41 0.0 
22930.63 0.41 0.0 
23307.69 0.47 0.0 
23411.73 0.47 0.0 
24474.33 0.60 0.0 
25843.80 0.42 0.0 
25385.39 0.32 0.0 
26740.92 0.49 0.0 
29544.96 0.43 0.0 
30478.53 0.43 0.0 
30482.53 0.81 0.0 
32323.41 0.96 0.0 
29023.21 0.42 0.0 
32323.41 0.94 0.0 
33188.32 0.82 0.0 
33189.37 0.50 0.0 
33769.96 0.31 0.0 
33926.01 0.37 0.0 
34090.85 0.44 0.0 
35906.05 0.79 0.0 
37105.97 0.60 0.0 
39057.88 0.56 0.0 
38189.28 0.37 0.0 
38539.33 0.32 0.0 
39853.41 0.33 0.0 
37663.37 0.66 0.0 
42295.05 0.37 0.0 
43367.01 0.42 0.0 
42627.25 0.46 0.0 
43346.17 0.33 0.0 
44938.89 0.40 0.0 
45296.20 0.65 0.0 
46259.21 0.66 0.0 
45007.79 0.40 0.0 
42941.61 0.39 0.0 
45296.18 0.77 0.0 
47516.56 0.65 0.0 
48508.99 0.53 0.0 
50368.69 0.33 0.0 
51281.55 0.30 0.0 
55357.15 0.53 0.0 
54598.42 0.36 0.0 
54494.16 0.32 0.0 
59051.87 0.36 0.0 
57447.13 0.35 0.0 
61329.79 0.69 0.0 
61931.71 0.46 0.0 
64092.68 0.34 0.0 
65273.13 0.52 0.0 
63036.85 0.44 0.0 
61268.08 0.32 0.0 
68680.57 0.51 0.0 
64903.05 0.55 0.0 
66970.45 0.50 0.0 
70243.51 0.39 0.0 
66792.56 0.31 0.0 
67391.01 0.32 0.0 
70409.48 0.32 0.0 
72012.96 0.41 0.0 
73974.55 0.52 0.0 
78505.64 0.54 0.0 
79932.69 0.33 0.0 
79034.33 0.48 0.0 
81253.35 0.30 0.0 
83514.26 0.38 0.0 
82212.39 0.51 0.0 
80551.73 0.61 0.0 
81813.53 0.41 0.0 
82134.35 0.33 0.0 
85766.25 0.48 0.0 
83338.60 0.34 0.0 
86022.76 0.80 0.0 
