342.64 0.91 0.0 
342.65 0.73 0.0 
659.89 0.33 0.0 
883.01 0.38 0.0 
10817.05 0.31 0.0 
11972.81 0.46 0.0 
11972.87 0.55 0.0 
12348.65 0.37 0.0 
11304.03 0.33 0.0 
12329.45 0.34 0.0 
13437.51 0.32 0.0 
12859.21 0.51 0.0 
14634.22 0.42 0.0 
14672.33 0.63 0.0 
14634.19 0.41 0.0 
14645.21 0.33 0.0 
14645.17 0.50 0.0 
15551.21 0.32 0.0 
14672.33 0.57 0.0 
16036.75 0.36 0.0 
17174.91 0.52 0.0 
17492.35 0.36 0.0 
17492.37 0.53 0.0 
17459.85 0.85 0.0 
18082.00 0.35 0.0 
17606.03 0.45 0.0 
17927.92 0.38 0.0 
18055.40 0.64 0.0 
18701.77 0.49 0.0 
17763.13 0.72 0.0 
17549.57 0.61 0.0 
19401.67 0.41 0.0 
20792.79 0.36 0.0 
21034.43 0.38 0.0 
21434.75 0.35 0.0 
22366.66 0.79 0.0 
22376.73 0.38 0.0 
21135.25 0.49 0.0 
21259.39 0.33 0.0 
22366.67 0.42 0.0 
21135.39 0.31 0.0 
21259.37 0.45 0.0 
22380.57 0.45 0.0 
23371.59 0.34 0.0 
23168.47 0.34 0.0 
23850.33 0.58 0.0 
23975.07 0.36 0.0 
23975.03 0.37 0.0 
24231.92 0.41 0.0 
23726.92 0.33 0.0 
23883.93 0.49 0.0 
25187.79 0.33 0.0 
26118.43 0.39 0.0 
25905.71 0.30 0.0 
26766.01 0.38 0.0 
26348.69 0.30 0.0 
26348.71 0.33 0.0 
26471.27 0.43 0.0 
26471.24 0.38 0.0 
27467.96 0.30 0.0 
27467.96 0.36 0.0 
27885.91 0.44 0.0 
28077.81 0.48 0.0 
27885.92 0.69 0.0 
28562.36 0.72 0.0 
28366.96 0.31 0.0 
28391.36 0.62 0.0 
29718.24 0.42 0.0 
27873.11 0.34 0.0 
28562.33 0.66 0.0 
28583.81 0.71 0.0 
28583.78 0.70 0.0 
30363.37 0.75 0.0 
29429.47 0.34 0.0 
30301.29 0.32 0.0 
31057.56 0.31 0.0 
30363.37 0.73 0.0 
30375.04 0.88 0.0 
31325.11 0.33 0.0 
30541.87 0.44 0.0 
31111.61 0.43 0.0 
30258.75 0.34 0.0 
30521.68 0.51 0.0 
32611.97 0.61 0.0 
31111.59 0.37 0.0 
32611.99 0.60 0.0 
33059.97 0.62 0.0 
33074.09 0.37 0.0 
35011.71 0.46 0.0 
34468.04 0.39 0.0 
35138.67 0.33 0.0 
35749.35 0.36 0.0 
35458.69 0.66 0.0 
36796.45 0.37 0.0 
36903.93 0.63 0.0 
37006.55 0.43 0.0 
36903.97 0.32 0.0 
38854.22 0.95 0.0 
38410.87 0.39 0.0 
38498.74 0.30 0.0 
38854.22 0.96 0.0 
40542.18 0.39 0.0 
39053.57 0.33 0.0 
39053.69 0.30 0.0 
39195.28 0.50 0.0 
40998.91 0.54 0.0 
39827.15 0.36 0.0 
39832.71 0.53 0.0 
39832.71 0.52 0.0 
40368.31 0.37 0.0 
41279.91 0.36 0.0 
41685.63 0.36 0.0 
41685.60 0.75 0.0 
41968.11 0.33 0.0 
42929.69 0.44 0.0 
44846.85 0.43 0.0 
42044.59 0.53 0.0 
43712.63 0.31 0.0 
43750.91 0.33 0.0 
45225.51 0.37 0.0 
45243.64 0.36 0.0 
44846.81 0.45 0.0 
45243.67 0.54 0.0 
48991.52 0.75 0.0 
49154.79 0.37 0.0 
50073.79 0.53 0.0 
50317.13 0.51 0.0 
51324.11 0.37 0.0 
50553.27 0.32 0.0 
52041.77 0.41 0.0 
52517.63 0.35 0.0 
50073.76 0.72 0.0 
52041.79 0.38 0.0 
50317.15 0.41 0.0 
52489.43 0.37 0.0 
52540.85 0.45 0.0 
53314.36 0.35 0.0 
53246.49 0.41 0.0 
54440.83 0.35 0.0 
53372.75 0.36 0.0 
53189.72 0.55 0.0 
53710.69 0.37 0.0 
54419.73 0.57 0.0 
51975.71 0.74 0.0 
53544.75 0.40 0.0 
54536.53 0.36 0.0 
55613.39 0.54 0.0 
55613.40 0.43 0.0 
55863.63 0.42 0.0 
56214.68 0.34 0.0 
55332.95 0.32 0.0 
56045.82 0.33 0.0 
56809.35 0.30 0.0 
56715.51 0.37 0.0 
57068.87 0.48 0.0 
56852.13 0.67 0.0 
57538.11 0.42 0.0 
57667.84 0.50 0.0 
58417.53 0.39 0.0 
57217.40 0.53 0.0 
58530.11 0.30 0.0 
57667.82 0.52 0.0 
57699.21 0.34 0.0 
58136.59 0.33 0.0 
58635.76 0.52 0.0 
57950.83 0.31 0.0 
58736.07 0.31 0.0 
57382.51 0.30 0.0 
58080.03 0.46 0.0 
58950.81 0.60 0.0 
59208.21 0.40 0.0 
58635.69 0.36 0.0 
59445.83 0.30 0.0 
58986.99 0.33 0.0 
58446.63 0.60 0.0 
58469.79 0.30 0.0 
58701.03 0.41 0.0 
59585.49 0.41 0.0 
60331.71 0.30 0.0 
57622.77 0.40 0.0 
60631.96 0.64 0.0 
60227.03 0.43 0.0 
60226.99 0.46 0.0 
60716.68 0.42 0.0 
59888.49 0.32 0.0 
58469.63 0.42 0.0 
62023.93 0.39 0.0 
61751.21 0.53 0.0 
58950.79 0.42 0.0 
62602.21 0.36 0.0 
62446.96 0.76 0.0 
62602.27 0.31 0.0 
63445.39 0.39 0.0 
62950.87 0.32 0.0 
63031.13 0.36 0.0 
62980.12 0.49 0.0 
63439.43 0.56 0.0 
63445.39 0.42 0.0 
63650.13 0.37 0.0 
63235.33 0.40 0.0 
63890.87 0.32 0.0 
63910.75 0.32 0.0 
63574.21 0.50 0.0 
64062.29 0.48 0.0 
63650.13 0.53 0.0 
64151.19 0.34 0.0 
63755.89 0.62 0.0 
63853.37 0.36 0.0 
63957.71 0.31 0.0 
63138.97 0.58 0.0 
64665.57 0.49 0.0 
65355.57 0.61 0.0 
65154.89 0.52 0.0 
65583.24 0.53 0.0 
65154.89 0.36 0.0 
65698.00 0.32 0.0 
65962.27 0.36 0.0 
62782.77 0.34 0.0 
65885.60 0.55 0.0 
63031.17 0.38 0.0 
63261.97 0.41 0.0 
67282.08 0.40 0.0 
64232.87 0.31 0.0 
67282.03 0.33 0.0 
67658.62 0.31 0.0 
67504.21 0.48 0.0 
67504.29 0.35 0.0 
64822.43 0.32 0.0 
68346.71 0.38 0.0 
68597.56 0.62 0.0 
68310.97 0.38 0.0 
68674.33 0.54 0.0 
70979.27 0.44 0.0 
70094.04 0.32 0.0 
69136.19 0.35 0.0 
73151.11 0.34 0.0 
72887.17 0.44 0.0 
73151.15 0.34 0.0 
74009.44 0.40 0.0 
74022.63 0.43 0.0 
72744.36 0.33 0.0 
71419.81 0.74 0.0 
73233.55 0.34 0.0 
74716.20 0.57 0.0 
74171.65 0.45 0.0 
74445.81 0.57 0.0 
75555.51 0.46 0.0 
74171.59 0.37 0.0 
75302.31 0.33 0.0 
74445.85 0.38 0.0 
74458.95 0.45 0.0 
76151.15 0.32 0.0 
75260.77 0.75 0.0 
74312.87 0.31 0.0 
78215.51 0.33 0.0 
78091.97 0.36 0.0 
77311.57 0.39 0.0 
78432.28 0.41 0.0 
77523.88 0.49 0.0 
79413.92 0.46 0.0 
79877.83 0.41 0.0 
79316.15 0.30 0.0 
79373.07 0.34 0.0 
80112.03 0.31 0.0 
80475.85 0.47 0.0 
80395.60 0.36 0.0 
81094.01 0.49 0.0 
78146.72 0.41 0.0 
78496.99 0.34 0.0 
81702.97 0.33 0.0 
81777.87 0.48 0.0 
81973.64 0.69 0.0 
82129.75 0.35 0.0 
80423.16 0.73 0.0 
81631.67 0.42 0.0 
80646.97 0.46 0.0 
82545.07 0.42 0.0 
82999.60 0.50 0.0 
80423.16 0.74 0.0 
82484.79 0.51 0.0 
83529.93 0.36 0.0 
82951.00 0.69 0.0 
81973.60 0.36 0.0 
82105.51 0.40 0.0 
83744.31 0.39 0.0 
84430.56 0.60 0.0 
84430.59 0.68 0.0 
81631.71 0.45 0.0 
84805.25 0.31 0.0 
84925.19 0.39 0.0 
82105.57 0.42 0.0 
82109.77 0.38 0.0 
85543.17 0.38 0.0 
83529.93 0.39 0.0 
85351.55 0.32 0.0 
83658.31 0.32 0.0 
86058.43 0.50 0.0 
86298.33 0.59 0.0 
