479.25 0.43 0.0 
1368.81 0.55 0.0 
1368.78 0.41 0.0 
5512.56 0.30 0.0 
6042.63 0.96 0.0 
9085.53 0.32 0.0 
10940.51 0.55 0.0 
11262.96 0.44 0.0 
11309.00 0.66 0.0 
10940.49 0.56 0.0 
12453.32 0.76 0.0 
12625.49 0.70 0.0 
12453.32 0.69 0.0 
11351.91 0.59 0.0 
12029.77 0.55 0.0 
13294.27 0.63 0.0 
12625.49 0.59 0.0 
14061.48 0.65 0.0 
14069.41 0.66 0.0 
14136.93 0.51 0.0 
13049.49 0.48 0.0 
11327.16 0.81 0.0 
15014.56 0.76 0.0 
15106.84 0.49 0.0 
15146.99 0.70 0.0 
15106.83 0.56 0.0 
15448.84 0.79 0.0 
14444.51 0.51 0.0 
15015.78 0.61 0.0 
15146.97 0.47 0.0 
15256.76 0.68 0.0 
15644.35 0.34 0.0 
16778.43 0.84 0.0 
16778.40 0.90 0.0 
15883.87 0.33 0.0 
15448.85 0.94 0.0 
16358.48 0.80 0.0 
17376.45 0.66 0.0 
17378.03 0.61 0.0 
17500.99 0.59 0.0 
17500.96 0.50 0.0 
15929.35 0.49 0.0 
16843.07 0.36 0.0 
17083.12 0.37 0.0 
15308.72 0.62 0.0 
18868.12 0.49 0.0 
15777.50 0.97 0.0 
16358.45 0.51 0.0 
16497.33 0.77 0.0 
17217.60 0.48 0.0 
21131.52 0.40 0.0 
21240.97 0.44 0.0 
22226.63 0.76 0.0 
19258.67 0.58 0.0 
19619.51 0.56 0.0 
22413.79 0.32 0.0 
23294.27 0.43 0.0 
22409.29 0.36 0.0 
22274.01 0.40 0.0 
22605.71 0.32 0.0 
24640.03 0.66 0.0 
24883.93 0.46 0.0 
23834.44 0.70 0.0 
25256.84 0.31 0.0 
25739.56 0.80 0.0 
25739.53 0.38 0.0 
28919.46 0.71 0.0 
30148.33 0.33 0.0 
28599.32 0.71 0.0 
27912.92 0.69 0.0 
27926.49 0.33 0.0 
31338.35 0.86 0.0 
27912.88 0.50 0.0 
27913.65 0.38 0.0 
28599.33 0.51 0.0 
31338.35 0.82 0.0 
33103.21 0.33 0.0 
30403.59 0.31 0.0 
34058.89 0.32 0.0 
34669.84 0.62 0.0 
32474.53 0.49 0.0 
33178.79 0.45 0.0 
34268.25 0.76 0.0 
38069.48 0.46 0.0 
33912.13 0.34 0.0 
34268.24 0.86 0.0 
38323.36 0.36 0.0 
35807.19 0.32 0.0 
36192.85 0.47 0.0 
37499.19 0.36 0.0 
38479.73 0.38 0.0 
38454.87 0.72 0.0 
38454.88 0.55 0.0 
42567.39 0.49 0.0 
42957.13 0.32 0.0 
43663.41 0.32 0.0 
42763.39 0.37 0.0 
43919.48 0.40 0.0 
45222.84 0.39 0.0 
45222.81 0.38 0.0 
46423.33 0.54 0.0 
45689.27 0.39 0.0 
46694.48 0.49 0.0 
48448.60 0.38 0.0 
50133.67 0.35 0.0 
50249.55 0.47 0.0 
51325.93 0.46 0.0 
51569.03 0.45 0.0 
55791.79 0.32 0.0 
56562.08 0.56 0.0 
56562.15 0.36 0.0 
57209.38 0.41 0.0 
61109.48 0.33 0.0 
61193.16 0.35 0.0 
61841.11 0.62 0.0 
63251.95 0.41 0.0 
63660.39 0.42 0.0 
64469.45 0.36 0.0 
65005.83 0.32 0.0 
71579.18 0.31 0.0 
75374.43 0.37 0.0 
77819.23 0.35 0.0 
80458.19 0.98 0.0 
80458.20 0.98 0.0 
83789.59 0.37 0.0 
81883.27 0.30 0.0 
86125.95 0.42 0.0 
