648.88 0.76 0.0 
1442.75 0.77 0.0 
1442.74 0.83 0.0 
2474.33 0.40 0.0 
3772.60 0.48 0.0 
5089.41 0.60 0.0 
6389.43 0.46 0.0 
6813.59 0.57 0.0 
7014.03 0.50 0.0 
7411.19 0.53 0.0 
8202.18 0.71 0.0 
8971.31 0.34 0.0 
9396.91 0.59 0.0 
9396.88 0.84 0.0 
9844.72 0.79 0.0 
10229.35 0.63 0.0 
10789.41 0.56 0.0 
11645.38 0.72 0.0 
12919.98 0.75 0.0 
13320.79 0.52 0.0 
13863.70 0.85 0.0 
13863.72 0.66 0.0 
14155.50 0.67 0.0 
14877.86 0.72 0.0 
16310.47 0.31 0.0 
16310.46 0.70 0.0 
16719.92 0.77 0.0 
17595.83 0.55 0.0 
17944.86 0.85 0.0 
17944.94 0.33 0.0 
21874.42 0.64 0.0 
22112.89 0.43 0.0 
22874.23 0.30 0.0 
24661.54 0.81 0.0 
25256.63 0.54 0.0 
26205.50 0.58 0.0 
26455.07 0.50 0.0 
26417.64 0.84 0.0 
26417.64 0.56 0.0 
26536.85 0.46 0.0 
26742.40 0.71 0.0 
27402.85 0.32 0.0 
28216.05 0.54 0.0 
31295.63 0.66 0.0 
32148.29 0.60 0.0 
32055.52 0.83 0.0 
32484.42 0.83 0.0 
32821.39 0.59 0.0 
34502.40 0.52 0.0 
34762.30 0.54 0.0 
34565.07 0.39 0.0 
35517.24 0.35 0.0 
36136.80 0.88 0.0 
36136.83 0.37 0.0 
36429.06 0.66 0.0 
37144.73 0.37 0.0 
37547.33 0.31 0.0 
37849.68 0.79 0.0 
39258.98 0.88 0.0 
39529.88 0.84 0.0 
39258.97 0.51 0.0 
39890.64 0.78 0.0 
40386.75 0.36 0.0 
40321.56 0.84 0.0 
40807.11 0.47 0.0 
40724.91 0.36 0.0 
40922.55 0.31 0.0 
40806.99 0.63 0.0 
40922.50 0.77 0.0 
43527.65 0.43 0.0 
43609.32 0.76 0.0 
44513.99 0.62 0.0 
45315.23 0.56 0.0 
46312.03 0.51 0.0 
46311.98 0.73 0.0 
47950.37 0.57 0.0 
48449.67 0.55 0.0 
48632.16 0.67 0.0 
49430.72 0.35 0.0 
49430.68 0.69 0.0 
50612.68 0.84 0.0 
50612.71 0.32 0.0 
51321.88 0.69 0.0 
51321.88 0.78 0.0 
51913.19 0.38 0.0 
51725.79 0.35 0.0 
51791.26 0.39 0.0 
51725.76 0.65 0.0 
52347.88 0.46 0.0 
53569.34 0.80 0.0 
53569.36 0.36 0.0 
54618.46 0.79 0.0 
54618.51 0.35 0.0 
55496.56 0.38 0.0 
78368.27 0.53 0.0 
82110.89 0.31 0.0 
83318.68 0.46 0.0 
83599.74 0.72 0.0 
83318.64 0.80 0.0 
83943.14 0.83 0.0 
83943.14 0.82 0.0 
85444.74 0.53 0.0 
86296.18 0.83 0.0 
86196.02 0.35 0.0 
86296.18 0.81 0.0 
