1809.19 0.61 0.0 
2474.19 0.75 0.0 
3409.87 0.58 0.0 
3409.83 0.42 0.0 
7652.27 0.54 0.0 
7652.16 0.55 0.0 
8346.17 0.45 0.0 
8202.11 0.81 0.0 
8678.40 0.31 0.0 
10240.91 0.40 0.0 
10229.27 0.60 0.0 
11384.27 0.36 0.0 
14155.47 0.80 0.0 
14533.23 0.57 0.0 
14195.63 0.31 0.0 
14921.45 0.57 0.0 
16719.87 0.62 0.0 
17591.32 0.64 0.0 
18650.53 0.31 0.0 
18650.60 0.34 0.0 
20075.16 0.48 0.0 
20861.64 0.45 0.0 
22435.53 0.66 0.0 
22874.21 0.44 0.0 
25256.59 0.80 0.0 
26742.39 0.83 0.0 
27771.60 0.44 0.0 
32484.40 0.82 0.0 
34356.17 0.61 0.0 
35379.53 0.31 0.0 
35517.15 0.48 0.0 
36429.07 0.87 0.0 
36136.76 0.42 0.0 
36470.48 0.45 0.0 
37392.77 0.41 0.0 
37915.33 0.39 0.0 
39310.01 0.30 0.0 
39885.55 0.41 0.0 
40988.88 0.42 0.0 
41476.15 0.35 0.0 
41545.56 0.55 0.0 
43942.83 0.35 0.0 
44513.99 0.50 0.0 
49425.47 0.30 0.0 
49940.52 0.37 0.0 
51783.85 0.40 0.0 
52133.65 0.31 0.0 
52347.82 0.94 0.0 
53141.67 0.60 0.0 
53324.11 0.74 0.0 
55143.53 0.35 0.0 
55496.59 0.60 0.0 
73526.43 0.36 0.0 
78368.23 0.65 0.0 
78779.36 0.73 0.0 
78779.35 0.81 0.0 
79722.11 0.32 0.0 
80712.51 0.90 0.0 
83318.61 0.37 0.0 
83334.36 0.37 0.0 
83939.87 0.64 0.0 
86050.79 0.63 0.0 
86091.11 0.42 0.0 
