628.70 0.32 0.0 
842.08 0.42 0.0 
1484.51 0.71 0.0 
1513.68 0.56 0.0 
1619.08 0.44 0.0 
1648.12 0.55 0.0 
2204.12 0.39 0.0 
2308.93 0.49 0.0 
2699.51 0.34 0.0 
3187.40 0.64 0.0 
3193.96 0.38 0.0 
3014.17 0.60 0.0 
3187.41 0.81 0.0 
3468.20 0.71 0.0 
3659.08 0.57 0.0 
3468.20 0.91 0.0 
3571.39 0.51 0.0 
4523.09 0.53 0.0 
4529.44 0.63 0.0 
5609.08 0.81 0.0 
5985.57 0.37 0.0 
6778.20 0.35 0.0 
6898.84 0.44 0.0 
7290.44 0.49 0.0 
7498.99 0.31 0.0 
7831.48 0.51 0.0 
7739.48 0.76 0.0 
7831.49 0.41 0.0 
8408.61 0.30 0.0 
8408.63 0.52 0.0 
9704.08 0.64 0.0 
9493.95 0.63 0.0 
11304.84 0.34 0.0 
10918.15 0.83 0.0 
11234.25 0.78 0.0 
11789.37 0.34 0.0 
11456.41 0.37 0.0 
11581.23 0.38 0.0 
14468.85 0.89 0.0 
15254.01 0.74 0.0 
17444.16 0.43 0.0 
17677.95 0.73 0.0 
19123.88 0.88 0.0 
19739.44 0.74 0.0 
20006.45 0.31 0.0 
20637.49 0.37 0.0 
22003.20 0.70 0.0 
22349.12 0.35 0.0 
26294.80 0.37 0.0 
27284.33 0.34 0.0 
28064.12 0.39 0.0 
27955.56 0.30 0.0 
30639.01 0.46 0.0 
34198.48 0.63 0.0 
36943.92 0.76 0.0 
36943.92 0.48 0.0 
37469.00 0.33 0.0 
37584.52 0.89 0.0 
37827.21 0.32 0.0 
39628.16 0.58 0.0 
40108.48 0.41 0.0 
40240.60 0.54 0.0 
41263.06 0.75 0.0 
41713.76 0.43 0.0 
44637.40 0.37 0.0 
46799.48 0.85 0.0 
51141.09 0.38 0.0 
53579.24 0.49 0.0 
53414.37 0.32 0.0 
55227.12 0.33 0.0 
55837.75 0.87 0.0 
57379.41 0.36 0.0 
63483.22 0.92 0.0 
63483.20 0.93 0.0 
67559.51 0.50 0.0 
75882.19 0.56 0.0 
83125.56 0.41 0.0 
85109.51 0.56 0.0 
