782.57 0.42 0.0 
811.32 0.40 0.0 
1514.41 0.43 0.0 
2058.75 0.63 0.0 
1992.08 0.46 0.0 
3188.25 0.58 0.0 
3506.56 0.48 0.0 
3188.27 0.64 0.0 
3434.76 0.44 0.0 
3469.07 0.83 0.0 
3469.08 0.93 0.0 
3572.19 0.80 0.0 
5986.29 0.74 0.0 
7832.35 0.52 0.0 
8410.48 0.65 0.0 
8410.47 0.72 0.0 
11583.75 0.35 0.0 
18743.20 0.36 0.0 
20026.00 0.41 0.0 
22334.91 0.39 0.0 
26297.75 0.54 0.0 
26297.76 0.83 0.0 
37637.19 0.43 0.0 
40770.63 0.48 0.0 
41625.47 0.38 0.0 
45117.20 0.33 0.0 
48162.10 0.83 0.0 
55845.59 0.68 0.0 
58006.95 0.32 0.0 
58006.96 0.58 0.0 
63485.78 0.92 0.0 
63485.78 0.92 0.0 
67560.57 0.33 0.0 
84315.83 0.49 0.0 
