284.53 0.33 0.0 
1948.28 0.30 0.0 
2534.56 0.76 0.0 
3427.38 0.65 0.0 
3807.56 0.37 0.0 
3988.16 0.76 0.0 
4544.36 0.64 0.0 
7754.17 0.64 0.0 
9739.66 0.35 0.0 
11519.15 0.93 0.0 
12070.63 0.45 0.0 
12391.91 0.92 0.0 
12779.48 0.40 0.0 
12361.24 0.37 0.0 
12508.03 0.70 0.0 
13121.45 0.60 0.0 
13153.75 0.32 0.0 
13121.44 0.32 0.0 
13635.46 0.48 0.0 
14430.59 0.77 0.0 
15236.43 0.54 0.0 
15765.22 0.96 0.0 
15703.80 0.33 0.0 
15765.23 0.93 0.0 
16612.57 0.36 0.0 
16505.27 0.31 0.0 
16505.28 0.36 0.0 
16634.04 0.87 0.0 
18552.36 0.47 0.0 
19694.41 0.34 0.0 
19649.11 0.52 0.0 
20412.32 0.56 0.0 
21059.16 0.38 0.0 
22484.53 0.34 0.0 
23084.01 0.42 0.0 
23818.76 0.55 0.0 
23714.40 0.41 0.0 
23714.36 0.88 0.0 
24124.53 0.31 0.0 
25798.47 0.82 0.0 
25844.17 0.58 0.0 
25964.07 0.40 0.0 
26677.24 0.88 0.0 
26677.27 0.79 0.0 
29023.56 0.38 0.0 
30806.68 0.53 0.0 
42824.51 0.63 0.0 
43199.15 0.40 0.0 
43201.57 0.57 0.0 
44936.55 0.41 0.0 
45824.56 0.45 0.0 
46420.83 0.42 0.0 
52694.03 0.61 0.0 
53595.36 0.77 0.0 
53595.35 0.92 0.0 
54582.84 0.55 0.0 
56080.10 0.61 0.0 
56461.44 0.37 0.0 
57760.72 0.37 0.0 
58977.60 0.50 0.0 
59170.44 0.97 0.0 
59208.05 0.41 0.0 
59170.45 0.31 0.0 
59208.00 0.42 0.0 
60588.69 0.45 0.0 
62877.68 0.61 0.0 
62655.13 0.59 0.0 
63960.89 0.38 0.0 
63977.78 0.67 0.0 
64215.92 0.90 0.0 
64244.53 0.41 0.0 
64361.13 0.49 0.0 
64562.99 0.34 0.0 
64705.05 0.39 0.0 
64705.05 0.76 0.0 
65471.84 0.37 0.0 
65684.52 0.94 0.0 
66029.31 0.82 0.0 
66539.49 0.41 0.0 
67229.41 0.87 0.0 
68352.68 0.31 0.0 
68354.53 0.50 0.0 
68647.60 0.75 0.0 
68384.45 0.32 0.0 
68442.79 0.77 0.0 
69768.40 0.60 0.0 
69695.68 0.64 0.0 
70902.83 0.58 0.0 
70904.31 0.67 0.0 
71023.75 0.71 0.0 
73007.07 0.36 0.0 
73094.31 0.40 0.0 
73165.43 0.34 0.0 
72884.27 0.45 0.0 
73119.67 0.36 0.0 
73686.56 0.36 0.0 
73511.63 0.56 0.0 
74468.99 0.39 0.0 
74469.03 0.39 0.0 
74834.39 0.30 0.0 
74834.31 0.81 0.0 
75895.43 0.31 0.0 
76139.27 0.60 0.0 
76198.76 0.65 0.0 
76264.31 0.35 0.0 
77245.08 0.48 0.0 
77353.12 0.39 0.0 
79169.11 0.71 0.0 
79723.43 0.31 0.0 
80293.43 0.84 0.0 
80360.28 0.32 0.0 
80368.13 0.48 0.0 
80669.12 0.76 0.0 
80953.16 0.90 0.0 
81137.77 0.48 0.0 
81975.95 0.36 0.0 
83519.11 0.40 0.0 
