244.20 0.42 0.0 
244.20 0.62 0.0 
3427.36 0.54 0.0 
4553.52 0.35 0.0 
6755.63 0.67 0.0 
6755.64 0.81 0.0 
7808.22 0.62 0.0 
7808.20 0.60 0.0 
9739.70 0.50 0.0 
11342.00 0.39 0.0 
11342.00 0.80 0.0 
11702.43 0.85 0.0 
11702.44 0.92 0.0 
12073.63 0.61 0.0 
12225.45 0.90 0.0 
12393.20 0.83 0.0 
12510.47 0.67 0.0 
12361.78 0.83 0.0 
13635.49 0.40 0.0 
14432.08 0.62 0.0 
14548.76 0.56 0.0 
14743.32 0.80 0.0 
15705.43 0.37 0.0 
15766.14 0.92 0.0 
15766.14 0.94 0.0 
15795.57 0.35 0.0 
15796.12 0.49 0.0 
16612.63 0.50 0.0 
16505.28 0.48 0.0 
16612.65 0.42 0.0 
16907.62 0.53 0.0 
18553.52 0.71 0.0 
19275.97 0.47 0.0 
20431.36 0.77 0.0 
21531.44 0.69 0.0 
21294.80 0.43 0.0 
23910.51 0.34 0.0 
24124.99 0.46 0.0 
24124.99 0.45 0.0 
26240.00 0.39 0.0 
26679.00 0.53 0.0 
26240.00 0.48 0.0 
26679.02 0.68 0.0 
30808.55 0.59 0.0 
31232.60 0.43 0.0 
30808.55 0.51 0.0 
34966.96 0.34 0.0 
41942.35 0.36 0.0 
43202.23 0.76 0.0 
43202.22 0.94 0.0 
53597.16 0.78 0.0 
53597.17 0.64 0.0 
56080.12 0.41 0.0 
56080.16 0.43 0.0 
57771.91 0.62 0.0 
57771.91 0.76 0.0 
57763.84 0.53 0.0 
59173.72 0.91 0.0 
59208.52 0.85 0.0 
59173.71 0.40 0.0 
59208.52 0.89 0.0 
60589.19 0.75 0.0 
62637.84 0.45 0.0 
62717.03 0.48 0.0 
63977.76 0.73 0.0 
64562.96 0.33 0.0 
64705.83 0.33 0.0 
65509.52 0.76 0.0 
65474.43 0.39 0.0 
67220.37 0.73 0.0 
67545.76 0.88 0.0 
67220.37 0.49 0.0 
67545.73 0.31 0.0 
67891.59 0.58 0.0 
68649.11 0.33 0.0 
68602.39 0.35 0.0 
68443.88 0.74 0.0 
68602.40 0.75 0.0 
69696.40 0.74 0.0 
72115.80 0.65 0.0 
72426.22 0.48 0.0 
74657.79 0.59 0.0 
77248.99 0.45 0.0 
77418.21 0.45 0.0 
77418.17 0.34 0.0 
79190.79 0.58 0.0 
79278.68 0.32 0.0 
80361.71 0.38 0.0 
80655.48 0.41 0.0 
81975.97 0.49 0.0 
