234.67 0.65 0.0 
423.62 0.36 0.0 
711.79 0.31 0.0 
636.29 0.66 0.0 
636.29 0.72 0.0 
1686.79 0.35 0.0 
1803.21 0.39 0.0 
2441.03 0.42 0.0 
2739.73 0.30 0.0 
2689.75 0.32 0.0 
4543.95 0.42 0.0 
4977.47 0.31 0.0 
5123.73 0.35 0.0 
5087.89 0.54 0.0 
5151.47 0.45 0.0 
5237.48 0.53 0.0 
5237.48 0.61 0.0 
5267.95 0.35 0.0 
5417.63 0.46 0.0 
5851.99 0.42 0.0 
6021.97 0.50 0.0 
6310.47 0.38 0.0 
6800.89 0.41 0.0 
7744.23 0.34 0.0 
9508.09 0.34 0.0 
9897.71 0.31 0.0 
13098.43 0.31 0.0 
14522.91 0.33 0.0 
19086.95 0.35 0.0 
22033.39 0.41 0.0 
22621.72 0.38 0.0 
25278.26 0.35 0.0 
26458.03 0.34 0.0 
35436.69 0.37 0.0 
35436.67 0.49 0.0 
37454.60 0.32 0.0 
39149.51 0.43 0.0 
40081.32 0.37 0.0 
40579.15 0.54 0.0 
41174.24 0.48 0.0 
41983.15 0.34 0.0 
43966.99 0.40 0.0 
46759.23 0.45 0.0 
46759.23 0.53 0.0 
47376.43 0.30 0.0 
49573.63 0.35 0.0 
51454.07 0.30 0.0 
52472.67 0.32 0.0 
53000.27 0.34 0.0 
53025.79 0.35 0.0 
53092.11 0.55 0.0 
54378.47 0.38 0.0 
54613.81 0.61 0.0 
54613.77 0.42 0.0 
55354.20 0.53 0.0 
55677.39 0.32 0.0 
56688.15 0.33 0.0 
57386.83 0.38 0.0 
57921.17 0.53 0.0 
58882.99 0.36 0.0 
58815.57 0.62 0.0 
58815.63 0.39 0.0 
59013.93 0.48 0.0 
59276.83 0.33 0.0 
62207.12 0.40 0.0 
62433.09 0.32 0.0 
62701.63 0.31 0.0 
62852.97 0.44 0.0 
62852.97 0.53 0.0 
63372.99 0.45 0.0 
63568.19 0.69 0.0 
64112.79 0.36 0.0 
64292.11 0.52 0.0 
64450.31 0.32 0.0 
64604.53 0.30 0.0 
64852.17 0.51 0.0 
64852.12 0.33 0.0 
65117.37 0.43 0.0 
65613.07 0.31 0.0 
65971.51 0.34 0.0 
66308.75 0.33 0.0 
66669.39 0.48 0.0 
66685.53 0.34 0.0 
66669.43 0.42 0.0 
66685.51 0.42 0.0 
67246.52 0.35 0.0 
68912.05 0.31 0.0 
69290.62 0.68 0.0 
69312.05 0.47 0.0 
69571.35 0.32 0.0 
69698.47 0.37 0.0 
70053.15 0.33 0.0 
70376.99 0.53 0.0 
70377.02 0.36 0.0 
70666.69 0.42 0.0 
71297.11 0.31 0.0 
71479.07 0.35 0.0 
71423.10 0.58 0.0 
71423.07 0.47 0.0 
71622.87 0.30 0.0 
71822.15 0.43 0.0 
71822.11 0.32 0.0 
77330.99 0.42 0.0 
77624.11 0.43 0.0 
77624.09 0.47 0.0 
77999.39 0.39 0.0 
78309.24 0.57 0.0 
78613.09 0.48 0.0 
78620.99 0.49 0.0 
79287.07 0.48 0.0 
79741.17 0.62 0.0 
80250.55 0.30 0.0 
80490.51 0.50 0.0 
80748.02 0.59 0.0 
81432.53 0.34 0.0 
82913.19 0.44 0.0 
82913.21 0.42 0.0 
83385.51 0.32 0.0 
83320.25 0.51 0.0 
83773.53 0.39 0.0 
83825.52 0.37 0.0 
83642.95 0.38 0.0 
83858.11 0.30 0.0 
84207.45 0.55 0.0 
84207.42 0.44 0.0 
85019.15 0.37 0.0 
85624.59 0.30 0.0 
