479.43 0.95 0.0 
539.59 0.62 0.0 
482.65 0.37 0.0 
987.67 0.74 0.0 
4751.60 0.56 0.0 
6663.45 0.31 0.0 
7019.26 0.91 0.0 
6963.13 0.35 0.0 
7116.73 0.42 0.0 
7161.65 0.61 0.0 
7379.35 0.87 0.0 
7306.00 0.57 0.0 
7302.80 0.56 0.0 
8039.21 0.74 0.0 
8265.23 0.62 0.0 
8546.36 0.52 0.0 
8846.81 0.69 0.0 
8953.72 0.63 0.0 
8935.64 0.32 0.0 
9297.88 0.33 0.0 
10308.33 0.65 0.0 
10739.56 0.38 0.0 
10825.53 0.75 0.0 
10917.31 0.34 0.0 
11398.83 0.67 0.0 
11195.85 0.54 0.0 
11324.27 0.64 0.0 
11833.35 0.59 0.0 
12301.35 0.59 0.0 
12301.36 0.37 0.0 
12554.01 0.61 0.0 
12749.44 0.71 0.0 
13053.23 0.34 0.0 
12824.29 0.78 0.0 
13195.73 0.34 0.0 
13803.99 0.35 0.0 
14454.68 0.76 0.0 
14667.80 0.55 0.0 
14833.89 0.46 0.0 
15479.09 0.69 0.0 
15796.21 0.37 0.0 
15917.75 0.38 0.0 
16286.49 0.33 0.0 
16633.32 0.57 0.0 
16693.23 0.68 0.0 
17533.37 0.46 0.0 
17534.04 0.33 0.0 
18268.60 0.30 0.0 
18282.29 0.36 0.0 
18996.91 0.35 0.0 
19453.69 0.76 0.0 
19669.13 0.37 0.0 
19453.71 0.84 0.0 
21087.73 0.38 0.0 
22647.23 0.40 0.0 
22067.16 0.32 0.0 
22446.25 0.42 0.0 
22969.41 0.63 0.0 
22969.49 0.76 0.0 
24027.36 0.38 0.0 
24463.49 0.65 0.0 
24163.23 0.33 0.0 
24397.47 0.39 0.0 
25303.61 0.81 0.0 
26021.87 0.76 0.0 
26369.24 0.33 0.0 
27687.25 0.36 0.0 
27236.37 0.38 0.0 
30613.76 0.39 0.0 
32011.12 0.36 0.0 
32879.60 0.34 0.0 
33136.92 0.47 0.0 
34451.00 0.57 0.0 
35228.74 0.64 0.0 
35381.40 0.69 0.0 
35341.03 0.36 0.0 
35069.28 0.35 0.0 
35826.68 0.35 0.0 
35864.51 0.55 0.0 
35309.49 0.34 0.0 
35423.48 0.32 0.0 
35908.55 0.65 0.0 
36704.15 0.64 0.0 
36268.92 0.78 0.0 
37083.52 0.34 0.0 
37586.68 0.72 0.0 
37586.75 0.86 0.0 
38234.57 0.61 0.0 
38771.13 0.47 0.0 
40544.03 0.50 0.0 
40488.18 0.38 0.0 
39958.49 0.69 0.0 
40639.69 0.44 0.0 
40631.13 0.50 0.0 
40465.97 0.55 0.0 
40565.44 0.46 0.0 
40545.39 0.34 0.0 
40530.85 0.49 0.0 
40559.33 0.41 0.0 
41939.48 0.40 0.0 
43769.33 0.35 0.0 
44109.48 0.33 0.0 
44264.57 0.57 0.0 
43949.11 0.76 0.0 
44486.37 0.31 0.0 
44419.28 0.45 0.0 
44840.85 0.39 0.0 
44306.68 0.74 0.0 
44840.83 0.51 0.0 
46004.28 0.31 0.0 
46544.57 0.62 0.0 
46606.28 0.70 0.0 
46839.05 0.41 0.0 
47262.09 0.51 0.0 
47082.25 0.30 0.0 
46949.51 0.70 0.0 
47564.39 0.81 0.0 
47928.79 0.31 0.0 
48062.40 0.43 0.0 
47653.20 0.53 0.0 
47636.13 0.52 0.0 
48463.77 0.90 0.0 
48446.77 0.45 0.0 
48702.27 0.41 0.0 
48546.29 0.34 0.0 
49362.01 0.42 0.0 
49214.29 0.67 0.0 
50142.01 0.49 0.0 
50766.57 0.33 0.0 
51395.95 0.44 0.0 
51685.97 0.33 0.0 
52841.68 0.35 0.0 
53504.00 0.39 0.0 
54419.08 0.72 0.0 
54156.65 0.53 0.0 
54704.57 0.47 0.0 
55873.12 0.31 0.0 
56329.80 0.73 0.0 
56329.79 0.68 0.0 
56261.40 0.61 0.0 
58348.12 0.37 0.0 
59339.25 0.48 0.0 
59369.48 0.71 0.0 
60223.21 0.37 0.0 
60310.76 0.42 0.0 
60209.28 0.51 0.0 
60433.55 0.33 0.0 
60581.17 0.36 0.0 
60251.20 0.34 0.0 
61619.51 0.43 0.0 
63355.17 0.55 0.0 
64663.77 0.32 0.0 
64752.76 0.66 0.0 
64603.99 0.34 0.0 
65503.60 0.37 0.0 
65431.51 0.34 0.0 
65324.25 0.88 0.0 
65984.00 0.62 0.0 
65506.23 0.38 0.0 
66930.57 0.33 0.0 
67572.33 0.33 0.0 
68725.16 0.34 0.0 
68725.23 0.45 0.0 
69079.21 0.40 0.0 
68879.44 0.47 0.0 
70063.76 0.43 0.0 
70498.57 0.75 0.0 
70617.53 0.56 0.0 
70617.56 0.67 0.0 
70442.92 0.35 0.0 
71002.10 0.69 0.0 
70933.68 0.60 0.0 
70914.73 0.44 0.0 
73154.40 0.30 0.0 
74050.28 0.47 0.0 
74564.32 0.74 0.0 
74641.44 0.39 0.0 
74746.20 0.31 0.0 
74909.33 0.58 0.0 
76233.45 0.36 0.0 
76903.52 0.88 0.0 
76963.40 0.80 0.0 
77608.05 0.69 0.0 
78344.51 0.31 0.0 
78297.09 0.31 0.0 
78416.06 0.82 0.0 
78545.93 0.61 0.0 
79028.61 0.37 0.0 
78884.48 0.90 0.0 
79120.33 0.36 0.0 
79509.53 0.82 0.0 
78955.76 0.36 0.0 
80978.59 0.49 0.0 
81022.77 0.31 0.0 
82352.70 0.83 0.0 
82378.48 0.34 0.0 
82633.63 0.86 0.0 
82637.28 0.48 0.0 
82662.89 0.89 0.0 
82199.59 0.77 0.0 
82859.19 0.84 0.0 
82722.52 0.46 0.0 
82583.89 0.93 0.0 
83338.83 0.73 0.0 
82929.83 0.89 0.0 
83459.08 0.46 0.0 
83173.69 0.57 0.0 
83417.69 0.75 0.0 
83444.28 0.72 0.0 
83413.13 0.33 0.0 
83429.34 0.98 0.0 
