43.05 0.55 0.0 
428.39 0.35 0.0 
1234.36 0.68 0.0 
818.17 0.56 0.0 
818.19 0.76 0.0 
432.50 0.41 0.0 
1345.80 0.64 0.0 
1384.08 0.37 0.0 
1389.95 0.50 0.0 
1753.99 0.60 0.0 
3418.65 0.61 0.0 
3583.04 0.59 0.0 
3627.69 0.58 0.0 
3823.75 0.41 0.0 
3920.00 0.30 0.0 
4817.07 0.32 0.0 
5081.99 0.42 0.0 
4652.76 0.41 0.0 
4679.27 0.31 0.0 
4797.04 0.40 0.0 
5323.96 0.40 0.0 
4817.08 0.38 0.0 
4734.12 0.38 0.0 
5368.89 0.30 0.0 
5617.93 0.36 0.0 
5832.92 0.32 0.0 
6178.32 0.72 0.0 
5832.92 0.76 0.0 
6248.39 0.65 0.0 
6331.37 0.37 0.0 
6358.85 0.66 0.0 
6536.80 0.46 0.0 
6575.12 0.35 0.0 
6575.09 0.32 0.0 
6178.32 0.41 0.0 
6248.35 0.58 0.0 
6926.71 0.33 0.0 
6931.81 0.57 0.0 
7301.97 0.47 0.0 
7318.12 0.50 0.0 
8443.43 0.37 0.0 
8664.04 0.76 0.0 
7990.48 0.47 0.0 
8232.61 0.43 0.0 
8664.03 0.81 0.0 
8806.56 0.85 0.0 
8933.17 0.32 0.0 
10223.85 0.54 0.0 
9940.05 0.50 0.0 
10223.75 0.36 0.0 
11299.55 0.36 0.0 
11681.49 0.39 0.0 
11448.59 0.34 0.0 
11487.07 0.49 0.0 
11342.07 0.59 0.0 
11292.07 0.53 0.0 
11626.01 0.37 0.0 
12356.85 0.36 0.0 
11745.21 0.42 0.0 
12074.24 0.70 0.0 
12000.77 0.53 0.0 
13027.09 0.48 0.0 
12674.33 0.63 0.0 
13762.75 0.86 0.0 
13762.75 0.89 0.0 
13213.08 0.51 0.0 
14375.69 0.39 0.0 
15778.25 0.32 0.0 
16900.92 0.35 0.0 
16900.97 0.34 0.0 
16212.59 0.54 0.0 
16889.48 0.48 0.0 
17339.35 0.40 0.0 
17509.23 0.37 0.0 
17714.48 0.40 0.0 
18077.88 0.30 0.0 
18613.28 0.54 0.0 
20609.81 0.93 0.0 
21826.89 0.36 0.0 
21826.92 0.45 0.0 
23067.46 0.83 0.0 
23846.72 0.43 0.0 
24449.29 0.68 0.0 
24400.85 0.31 0.0 
24687.32 0.42 0.0 
25920.29 0.37 0.0 
25948.51 0.79 0.0 
25919.07 0.44 0.0 
26192.05 0.51 0.0 
25920.32 0.41 0.0 
28778.17 0.41 0.0 
28784.07 0.80 0.0 
28677.03 0.30 0.0 
29428.26 0.31 0.0 
29608.07 0.31 0.0 
29623.14 0.31 0.0 
29512.21 0.42 0.0 
29570.01 0.39 0.0 
30808.99 0.79 0.0 
32184.20 0.33 0.0 
31993.29 0.32 0.0 
32877.96 0.68 0.0 
33793.53 0.39 0.0 
33793.56 0.58 0.0 
36442.45 0.39 0.0 
36758.93 0.42 0.0 
36758.91 0.71 0.0 
36777.20 0.70 0.0 
37192.95 0.52 0.0 
37198.78 0.85 0.0 
38254.01 0.31 0.0 
38254.05 0.32 0.0 
39880.72 0.34 0.0 
39889.40 0.69 0.0 
40409.52 0.61 0.0 
40322.01 0.44 0.0 
39889.39 0.78 0.0 
40409.60 0.35 0.0 
40769.45 0.51 0.0 
40649.33 0.53 0.0 
41066.19 0.31 0.0 
40321.93 0.48 0.0 
40330.76 0.46 0.0 
42834.61 0.61 0.0 
43004.16 0.54 0.0 
44098.96 0.54 0.0 
44500.95 0.66 0.0 
44519.01 0.65 0.0 
45148.07 0.42 0.0 
44519.04 0.64 0.0 
44868.43 0.61 0.0 
45914.07 0.48 0.0 
46584.48 0.42 0.0 
46604.45 0.44 0.0 
46213.92 0.40 0.0 
46499.61 0.45 0.0 
47155.01 0.35 0.0 
47611.13 0.48 0.0 
48433.09 0.33 0.0 
48529.60 0.40 0.0 
48629.05 0.80 0.0 
48433.05 0.42 0.0 
49212.31 0.76 0.0 
49243.89 0.38 0.0 
49629.88 0.71 0.0 
49212.28 0.90 0.0 
49629.87 0.59 0.0 
50491.77 0.45 0.0 
51474.04 0.50 0.0 
51647.92 0.41 0.0 
51977.76 0.33 0.0 
52543.39 0.45 0.0 
52668.65 0.39 0.0 
52669.25 0.56 0.0 
52514.03 0.41 0.0 
53604.19 0.42 0.0 
53519.52 0.38 0.0 
54277.36 0.54 0.0 
54238.47 0.33 0.0 
53869.87 0.43 0.0 
54277.37 0.78 0.0 
54688.33 0.36 0.0 
54982.33 0.42 0.0 
54914.33 0.35 0.0 
55011.17 0.32 0.0 
55247.47 0.46 0.0 
56159.25 0.53 0.0 
56796.81 0.79 0.0 
56923.89 0.91 0.0 
56878.25 0.35 0.0 
56796.84 0.84 0.0 
56923.89 0.95 0.0 
57388.08 0.34 0.0 
56893.37 0.44 0.0 
57192.43 0.50 0.0 
57747.67 0.46 0.0 
57712.49 0.36 0.0 
57432.91 0.82 0.0 
57987.25 0.41 0.0 
58096.39 0.91 0.0 
57673.04 0.59 0.0 
58004.05 0.44 0.0 
58347.18 0.76 0.0 
58096.39 0.93 0.0 
58087.64 0.37 0.0 
58213.96 0.42 0.0 
58739.01 0.42 0.0 
58706.13 0.35 0.0 
58873.36 0.37 0.0 
59084.08 0.57 0.0 
60120.08 0.50 0.0 
60144.61 0.83 0.0 
60179.53 0.31 0.0 
60837.75 0.77 0.0 
60493.89 0.39 0.0 
60601.05 0.49 0.0 
61182.41 0.63 0.0 
61196.56 0.91 0.0 
61647.51 0.34 0.0 
61780.40 0.32 0.0 
62079.17 0.45 0.0 
62140.33 0.49 0.0 
61754.51 0.48 0.0 
62079.16 0.48 0.0 
62054.12 0.52 0.0 
63087.09 0.38 0.0 
64783.60 0.35 0.0 
64855.59 0.69 0.0 
64934.23 0.41 0.0 
65545.20 0.30 0.0 
65545.24 0.43 0.0 
65938.27 0.31 0.0 
65984.48 0.52 0.0 
66012.41 0.45 0.0 
66127.13 0.38 0.0 
66432.91 0.39 0.0 
67292.00 0.38 0.0 
67521.28 0.37 0.0 
67080.05 0.62 0.0 
67334.45 0.36 0.0 
67889.47 0.44 0.0 
68068.72 0.65 0.0 
68105.81 0.32 0.0 
68204.76 0.36 0.0 
68362.01 0.33 0.0 
68377.21 0.31 0.0 
68431.92 0.52 0.0 
68053.32 0.54 0.0 
68318.81 0.34 0.0 
68490.89 0.31 0.0 
68431.96 0.49 0.0 
68442.37 0.60 0.0 
68721.01 0.56 0.0 
69208.77 0.47 0.0 
69538.28 0.31 0.0 
69582.19 0.48 0.0 
70346.27 0.39 0.0 
70401.71 0.52 0.0 
70401.67 0.31 0.0 
70648.84 0.74 0.0 
70648.79 0.43 0.0 
70737.81 0.59 0.0 
71397.01 0.30 0.0 
71541.57 0.55 0.0 
71752.27 0.40 0.0 
72384.55 0.37 0.0 
72450.97 0.39 0.0 
72998.07 0.42 0.0 
73439.13 0.72 0.0 
75295.11 0.46 0.0 
76827.52 0.62 0.0 
77172.51 0.35 0.0 
77996.08 0.32 0.0 
77834.16 0.33 0.0 
77868.93 0.45 0.0 
80248.84 0.55 0.0 
80486.83 0.68 0.0 
81297.20 0.51 0.0 
81417.91 0.34 0.0 
81511.92 0.84 0.0 
81297.27 0.36 0.0 
81511.92 0.78 0.0 
82290.95 0.46 0.0 
82826.04 0.47 0.0 
82632.78 0.93 0.0 
82824.47 0.43 0.0 
83319.21 0.35 0.0 
83500.64 0.38 0.0 
83458.08 0.66 0.0 
83500.63 0.55 0.0 
83508.71 0.37 0.0 
84511.17 0.59 0.0 
86187.93 0.37 0.0 
