250.29 0.44 0.0 
521.88 0.33 0.0 
1274.25 0.77 0.0 
1525.75 0.34 0.0 
1691.13 0.49 0.0 
2444.35 0.57 0.0 
3011.01 0.57 0.0 
3431.69 0.47 0.0 
4135.23 0.34 0.0 
4081.01 0.45 0.0 
4452.55 0.69 0.0 
5708.19 0.32 0.0 
6356.63 0.68 0.0 
7659.59 0.36 0.0 
8046.89 0.32 0.0 
8563.85 0.67 0.0 
8923.75 0.45 0.0 
9610.65 0.61 0.0 
9744.84 0.38 0.0 
9734.32 0.40 0.0 
10136.61 0.35 0.0 
10914.81 0.42 0.0 
11513.63 0.39 0.0 
11952.21 0.46 0.0 
12187.65 0.44 0.0 
12565.33 0.36 0.0 
14286.03 0.33 0.0 
14286.09 0.34 0.0 
14354.37 0.53 0.0 
16108.20 0.35 0.0 
17503.78 0.42 0.0 
17681.37 0.32 0.0 
17802.61 0.49 0.0 
19360.81 0.40 0.0 
19360.89 0.67 0.0 
19195.75 0.57 0.0 
20014.19 0.61 0.0 
20014.19 0.31 0.0 
20819.20 0.72 0.0 
21701.05 0.30 0.0 
23204.00 0.41 0.0 
24311.49 0.45 0.0 
26788.29 0.47 0.0 
29907.36 0.43 0.0 
30523.97 0.62 0.0 
32563.89 0.35 0.0 
32892.69 0.51 0.0 
33020.73 0.44 0.0 
33410.49 0.58 0.0 
34840.16 0.58 0.0 
35359.72 0.56 0.0 
35752.07 0.36 0.0 
36279.09 0.30 0.0 
38479.32 0.40 0.0 
39129.81 0.38 0.0 
39395.51 0.36 0.0 
39395.55 0.84 0.0 
41981.49 0.46 0.0 
42771.53 0.44 0.0 
42771.44 0.48 0.0 
47534.56 0.32 0.0 
48114.71 0.38 0.0 
51903.95 0.41 0.0 
54214.59 0.32 0.0 
54040.12 0.33 0.0 
54214.57 0.41 0.0 
55745.48 0.43 0.0 
56500.13 0.47 0.0 
56467.84 0.38 0.0 
58174.19 0.75 0.0 
58268.32 0.31 0.0 
58268.27 0.48 0.0 
58738.23 0.63 0.0 
58807.15 0.44 0.0 
59354.45 0.85 0.0 
62007.88 0.31 0.0 
63882.00 0.39 0.0 
64169.23 0.46 0.0 
64029.09 0.34 0.0 
65373.09 0.34 0.0 
66252.89 0.48 0.0 
67299.20 0.57 0.0 
67304.33 0.40 0.0 
68353.01 0.46 0.0 
69082.97 0.35 0.0 
69732.92 0.36 0.0 
70167.61 0.52 0.0 
72456.51 0.82 0.0 
72456.48 0.38 0.0 
75366.23 0.34 0.0 
75909.61 0.45 0.0 
78912.93 0.63 0.0 
78912.97 0.47 0.0 
79865.09 0.40 0.0 
80725.80 0.42 0.0 
81038.17 0.32 0.0 
81439.57 0.54 0.0 
81493.84 0.50 0.0 
81471.35 0.45 0.0 
81974.33 0.32 0.0 
83541.84 0.66 0.0 
84209.36 0.57 0.0 
84642.24 0.46 0.0 
85562.80 0.42 0.0 
85562.81 0.73 0.0 
85694.01 0.58 0.0 
