44.43 0.38 0.0 
1236.57 0.34 0.0 
877.41 0.50 0.0 
820.80 0.33 0.0 
820.83 0.57 0.0 
1345.81 0.43 0.0 
992.01 0.54 0.0 
473.25 0.30 0.0 
1390.01 0.72 0.0 
1296.76 0.41 0.0 
1919.95 0.43 0.0 
4821.81 0.40 0.0 
3896.75 0.46 0.0 
4396.75 0.37 0.0 
4420.07 0.32 0.0 
4663.01 0.47 0.0 
4662.92 0.53 0.0 
5202.47 0.45 0.0 
4756.51 0.42 0.0 
4821.71 0.34 0.0 
4997.56 0.51 0.0 
4431.25 0.31 0.0 
5702.59 0.36 0.0 
5643.91 0.37 0.0 
5836.71 0.42 0.0 
6251.04 0.69 0.0 
6335.67 0.55 0.0 
6335.68 0.71 0.0 
6576.51 0.43 0.0 
6576.52 0.55 0.0 
6179.79 0.31 0.0 
6250.99 0.45 0.0 
6931.89 0.40 0.0 
6931.86 0.89 0.0 
8665.68 0.37 0.0 
8823.87 0.53 0.0 
8852.81 0.59 0.0 
8809.42 0.67 0.0 
8937.66 0.43 0.0 
10225.48 0.73 0.0 
9991.03 0.33 0.0 
9943.47 0.36 0.0 
10225.51 0.52 0.0 
11347.78 0.63 0.0 
11401.53 0.59 0.0 
11405.45 0.62 0.0 
11492.11 0.39 0.0 
11347.83 0.42 0.0 
11850.72 0.51 0.0 
11627.49 0.69 0.0 
12359.19 0.34 0.0 
11928.11 0.39 0.0 
11745.99 0.52 0.0 
12168.29 0.43 0.0 
13035.23 0.42 0.0 
13328.07 0.49 0.0 
13516.99 0.35 0.0 
13764.56 0.76 0.0 
13653.39 0.42 0.0 
13764.54 0.80 0.0 
14367.39 0.44 0.0 
14367.35 0.47 0.0 
14379.87 0.45 0.0 
14450.00 0.63 0.0 
15778.31 0.57 0.0 
16081.64 0.54 0.0 
16903.35 0.61 0.0 
16903.36 0.51 0.0 
17928.15 0.44 0.0 
20615.91 0.92 0.0 
20615.92 0.80 0.0 
21834.87 0.49 0.0 
21834.85 0.74 0.0 
23880.73 0.49 0.0 
23868.35 0.54 0.0 
24513.15 0.36 0.0 
24692.91 0.63 0.0 
24692.93 0.73 0.0 
24699.67 0.32 0.0 
24705.55 0.56 0.0 
25300.40 0.43 0.0 
25817.43 0.51 0.0 
25923.31 0.44 0.0 
25948.47 0.43 0.0 
25953.80 0.84 0.0 
25305.67 0.42 0.0 
25953.79 0.80 0.0 
25970.58 0.43 0.0 
26001.01 0.68 0.0 
26197.44 0.32 0.0 
25970.54 0.36 0.0 
25923.31 0.45 0.0 
27408.87 0.49 0.0 
27408.87 0.67 0.0 
28779.89 0.32 0.0 
30675.63 0.37 0.0 
32130.49 0.50 0.0 
32025.71 0.43 0.0 
33800.33 0.51 0.0 
33645.72 0.77 0.0 
35387.91 0.53 0.0 
35387.93 0.76 0.0 
36496.99 0.32 0.0 
36497.01 0.40 0.0 
36785.73 0.55 0.0 
36761.11 0.33 0.0 
36796.03 0.33 0.0 
36761.07 0.41 0.0 
36781.20 0.34 0.0 
37195.05 0.70 0.0 
38258.08 0.76 0.0 
38262.17 0.34 0.0 
38296.97 0.71 0.0 
38888.57 0.44 0.0 
39882.61 0.72 0.0 
39916.29 0.44 0.0 
39890.14 0.88 0.0 
40325.59 0.35 0.0 
39885.57 0.75 0.0 
39890.13 0.91 0.0 
40414.72 0.60 0.0 
40414.67 0.35 0.0 
40652.79 0.36 0.0 
40652.81 0.71 0.0 
40368.59 0.44 0.0 
40325.57 0.51 0.0 
41028.95 0.36 0.0 
41777.28 0.47 0.0 
41805.79 0.39 0.0 
42795.96 0.54 0.0 
42854.91 0.40 0.0 
43261.80 0.34 0.0 
43456.47 0.34 0.0 
43566.89 0.56 0.0 
43130.51 0.39 0.0 
42951.53 0.51 0.0 
43713.85 0.44 0.0 
43486.13 0.42 0.0 
44417.73 0.50 0.0 
44503.25 0.38 0.0 
44503.27 0.48 0.0 
44505.75 0.31 0.0 
44913.39 0.50 0.0 
44920.11 0.46 0.0 
45315.57 0.34 0.0 
44870.55 0.51 0.0 
46487.79 0.38 0.0 
46502.71 0.37 0.0 
47597.92 0.44 0.0 
47612.46 0.76 0.0 
47820.63 0.52 0.0 
47208.53 0.50 0.0 
47036.11 0.40 0.0 
47612.48 0.76 0.0 
47620.56 0.77 0.0 
47955.48 0.66 0.0 
48542.13 0.66 0.0 
48679.28 0.50 0.0 
48630.43 0.32 0.0 
48692.49 0.66 0.0 
49223.04 0.73 0.0 
48706.27 0.42 0.0 
49633.92 0.67 0.0 
49565.10 0.80 0.0 
49515.50 0.56 0.0 
49212.91 0.67 0.0 
49633.95 0.60 0.0 
50117.13 0.64 0.0 
50495.87 0.51 0.0 
50495.84 0.55 0.0 
51631.91 0.42 0.0 
52352.12 0.67 0.0 
52488.43 0.40 0.0 
53241.23 0.46 0.0 
53583.32 0.66 0.0 
54181.73 0.46 0.0 
54320.11 0.45 0.0 
54280.25 0.42 0.0 
54320.06 0.57 0.0 
54280.21 0.49 0.0 
54985.35 0.31 0.0 
55050.90 0.43 0.0 
54985.39 0.42 0.0 
55251.95 0.34 0.0 
56802.69 0.68 0.0 
56802.71 0.54 0.0 
57525.39 0.68 0.0 
58097.36 0.56 0.0 
57674.65 0.39 0.0 
58097.34 0.62 0.0 
58091.71 0.44 0.0 
58653.21 0.64 0.0 
59580.57 0.58 0.0 
60122.10 0.70 0.0 
59631.92 0.59 0.0 
60122.03 0.31 0.0 
61038.08 0.38 0.0 
61176.65 0.32 0.0 
61182.40 0.55 0.0 
61006.16 0.44 0.0 
61709.63 0.61 0.0 
63210.48 0.34 0.0 
64159.23 0.37 0.0 
64381.05 0.68 0.0 
64397.11 0.43 0.0 
64590.58 0.56 0.0 
64381.02 0.61 0.0 
64859.21 0.37 0.0 
64698.11 0.41 0.0 
66155.77 0.61 0.0 
66378.12 0.57 0.0 
67080.51 0.35 0.0 
67090.03 0.35 0.0 
67770.55 0.54 0.0 
68053.35 0.36 0.0 
68101.91 0.46 0.0 
67845.84 0.66 0.0 
67806.45 0.49 0.0 
68085.84 0.62 0.0 
68101.99 0.33 0.0 
68436.16 0.72 0.0 
69184.04 0.67 0.0 
69512.76 0.60 0.0 
70657.25 0.46 0.0 
70549.20 0.55 0.0 
71014.71 0.47 0.0 
71705.03 0.48 0.0 
71505.98 0.52 0.0 
72273.88 0.50 0.0 
72454.29 0.45 0.0 
73041.89 0.34 0.0 
73142.12 0.51 0.0 
72999.71 0.51 0.0 
74328.83 0.38 0.0 
76530.47 0.72 0.0 
76787.79 0.36 0.0 
77657.95 0.33 0.0 
77387.21 0.42 0.0 
77535.83 0.31 0.0 
77793.79 0.31 0.0 
77657.97 0.70 0.0 
77568.01 0.32 0.0 
79068.41 0.60 0.0 
80493.81 0.62 0.0 
80493.84 0.53 0.0 
80671.53 0.49 0.0 
81515.16 0.41 0.0 
81299.96 0.41 0.0 
81515.19 0.36 0.0 
82826.15 0.36 0.0 
83447.46 0.65 0.0 
84084.79 0.33 0.0 
83855.93 0.33 0.0 
84422.95 0.44 0.0 
84918.75 0.45 0.0 
86325.32 0.61 0.0 
86325.45 0.68 0.0 
