2788.97 0.32 0.0 
4467.44 0.45 0.0 
4378.44 0.55 0.0 
5189.08 0.62 0.0 
5248.63 0.35 0.0 
5384.05 0.53 0.0 
7542.09 0.38 0.0 
7574.32 0.40 0.0 
7514.08 0.31 0.0 
8370.63 0.35 0.0 
9131.79 0.40 0.0 
9477.27 0.39 0.0 
9509.57 0.75 0.0 
10075.32 0.31 0.0 
10891.82 0.31 0.0 
11083.60 0.36 0.0 
12154.00 0.40 0.0 
12089.43 0.95 0.0 
12224.52 0.84 0.0 
12462.69 0.41 0.0 
13691.88 0.39 0.0 
14054.51 0.61 0.0 
14468.37 0.50 0.0 
14909.48 0.41 0.0 
15072.80 0.52 0.0 
15088.73 0.40 0.0 
15252.89 0.58 0.0 
16683.37 0.35 0.0 
16619.25 0.91 0.0 
17278.21 0.34 0.0 
17590.49 0.33 0.0 
17915.96 0.38 0.0 
18072.67 0.31 0.0 
18284.13 0.36 0.0 
18177.77 0.62 0.0 
18177.76 0.68 0.0 
19783.55 0.54 0.0 
20487.37 0.42 0.0 
20487.36 0.67 0.0 
20918.84 0.41 0.0 
21421.67 0.33 0.0 
21554.31 0.37 0.0 
22063.55 0.36 0.0 
22337.01 0.40 0.0 
23261.59 0.38 0.0 
23261.61 0.47 0.0 
23459.51 0.49 0.0 
23832.60 0.48 0.0 
23834.44 0.51 0.0 
24100.95 0.47 0.0 
24100.96 0.69 0.0 
24493.84 0.61 0.0 
24493.80 0.55 0.0 
24884.05 0.86 0.0 
25270.03 0.64 0.0 
25906.25 0.31 0.0 
25931.47 0.63 0.0 
26557.44 0.34 0.0 
26558.43 0.38 0.0 
26879.43 0.91 0.0 
27115.63 0.47 0.0 
27029.15 0.31 0.0 
27115.63 0.36 0.0 
27299.49 0.37 0.0 
28153.00 0.38 0.0 
28516.31 0.64 0.0 
28702.37 0.35 0.0 
29188.77 0.71 0.0 
29785.67 0.44 0.0 
29923.12 0.69 0.0 
29695.93 0.40 0.0 
30148.85 0.63 0.0 
30314.53 0.73 0.0 
31134.68 0.77 0.0 
31570.35 0.44 0.0 
31924.36 0.51 0.0 
31935.04 0.69 0.0 
32074.72 0.61 0.0 
32112.87 0.49 0.0 
32092.88 0.48 0.0 
32548.44 0.30 0.0 
32474.01 0.37 0.0 
33226.03 0.36 0.0 
33313.60 0.52 0.0 
35278.47 0.33 0.0 
35308.89 0.31 0.0 
35609.20 0.59 0.0 
36524.48 0.30 0.0 
36439.71 0.38 0.0 
39974.38 0.37 0.0 
40905.64 0.37 0.0 
44427.23 0.85 0.0 
54058.67 0.32 0.0 
55304.51 0.74 0.0 
55558.20 0.49 0.0 
56908.31 0.31 0.0 
56808.17 0.35 0.0 
58979.40 0.31 0.0 
69104.44 0.37 0.0 
72764.27 0.37 0.0 
73139.51 0.36 0.0 
73544.19 0.55 0.0 
75839.21 0.75 0.0 
78447.13 0.30 0.0 
84806.08 0.50 0.0 
85529.44 0.35 0.0 
85673.88 0.36 0.0 
85979.37 0.41 0.0 
