286.28 0.40 0.0 
630.20 0.55 0.0 
956.21 0.60 0.0 
2545.01 0.41 0.0 
3396.77 0.65 0.0 
4539.96 0.50 0.0 
4844.21 0.40 0.0 
5121.36 0.60 0.0 
5121.31 0.48 0.0 
5322.07 0.41 0.0 
5407.77 0.48 0.0 
5784.76 0.44 0.0 
6011.40 0.35 0.0 
6823.37 0.74 0.0 
7038.39 0.37 0.0 
9893.91 0.52 0.0 
10999.04 0.58 0.0 
11856.73 0.30 0.0 
12368.08 0.75 0.0 
12368.05 0.60 0.0 
12769.77 0.34 0.0 
13916.04 0.57 0.0 
15245.60 0.49 0.0 
15785.53 0.41 0.0 
16050.41 0.41 0.0 
16001.69 0.34 0.0 
16918.89 0.33 0.0 
18119.45 0.35 0.0 
19690.25 0.48 0.0 
21478.67 0.46 0.0 
21567.25 0.31 0.0 
22030.56 0.85 0.0 
27652.39 0.33 0.0 
28220.17 0.32 0.0 
28616.03 0.38 0.0 
30089.05 0.37 0.0 
31063.33 0.30 0.0 
31811.97 0.37 0.0 
31974.71 0.36 0.0 
32170.64 0.35 0.0 
32364.40 0.30 0.0 
34502.01 0.36 0.0 
36442.91 0.51 0.0 
36442.83 0.51 0.0 
36926.99 0.86 0.0 
36927.00 0.36 0.0 
37046.39 0.89 0.0 
37046.40 0.84 0.0 
37454.56 0.30 0.0 
38515.15 0.56 0.0 
40093.09 0.39 0.0 
42732.24 0.36 0.0 
43669.29 0.55 0.0 
44875.19 0.62 0.0 
46755.60 0.46 0.0 
48057.87 0.39 0.0 
50317.21 0.53 0.0 
50744.25 0.31 0.0 
51758.45 0.34 0.0 
52859.09 0.33 0.0 
53176.97 0.33 0.0 
53598.35 0.40 0.0 
53796.95 0.83 0.0 
53796.92 0.43 0.0 
54378.35 0.54 0.0 
56095.28 0.51 0.0 
56186.97 0.44 0.0 
56711.95 0.40 0.0 
56765.05 0.40 0.0 
56660.48 0.46 0.0 
58807.95 0.52 0.0 
58879.36 0.64 0.0 
59190.84 0.33 0.0 
59449.13 0.62 0.0 
60432.57 0.37 0.0 
63150.36 0.49 0.0 
63565.33 0.48 0.0 
63802.84 0.48 0.0 
64350.09 0.58 0.0 
65108.73 0.54 0.0 
65962.41 0.33 0.0 
66305.01 0.39 0.0 
66590.44 0.35 0.0 
66590.44 0.45 0.0 
67349.53 0.45 0.0 
68481.77 0.30 0.0 
69019.55 0.46 0.0 
69475.55 0.35 0.0 
69723.19 0.38 0.0 
70167.03 0.36 0.0 
70207.37 0.42 0.0 
70376.93 0.42 0.0 
70985.67 0.36 0.0 
71619.00 0.48 0.0 
71619.00 0.66 0.0 
72015.59 0.31 0.0 
72243.13 0.32 0.0 
77473.03 0.34 0.0 
77905.36 0.49 0.0 
78610.73 0.60 0.0 
78615.16 0.45 0.0 
80275.01 0.73 0.0 
81612.24 0.50 0.0 
81705.80 0.35 0.0 
81824.16 0.36 0.0 
81981.19 0.31 0.0 
81981.21 0.57 0.0 
82260.89 0.45 0.0 
83085.96 0.44 0.0 
84702.41 0.33 0.0 
85932.88 0.67 0.0 
86227.39 0.42 0.0 
