67.99 0.34 0.0 
67.95 0.36 0.0 
729.80 0.32 0.0 
1901.71 0.40 0.0 
2197.60 0.33 0.0 
2251.06 0.47 0.0 
2544.55 0.35 0.0 
2450.29 0.35 0.0 
3184.05 0.44 0.0 
3278.29 0.53 0.0 
4216.51 0.45 0.0 
4538.17 0.47 0.0 
4748.55 0.31 0.0 
5773.51 0.45 0.0 
7640.29 0.31 0.0 
8467.97 0.48 0.0 
8863.67 0.46 0.0 
9135.61 0.59 0.0 
10151.11 0.46 0.0 
10384.68 0.36 0.0 
10688.87 0.33 0.0 
10815.87 0.38 0.0 
11218.87 0.35 0.0 
11658.45 0.61 0.0 
12085.55 0.31 0.0 
12415.63 0.32 0.0 
13121.85 0.38 0.0 
14136.98 0.43 0.0 
14136.98 0.55 0.0 
14415.91 0.43 0.0 
14602.17 0.55 0.0 
14647.09 0.50 0.0 
14647.11 0.31 0.0 
15550.61 0.36 0.0 
15782.09 0.53 0.0 
16346.85 0.40 0.0 
16346.83 0.30 0.0 
17151.79 0.36 0.0 
17494.32 0.38 0.0 
17686.77 0.38 0.0 
18179.31 0.52 0.0 
18179.34 0.75 0.0 
18735.65 0.31 0.0 
18981.32 0.33 0.0 
18981.35 0.40 0.0 
19291.49 0.62 0.0 
19499.21 0.48 0.0 
20488.53 0.43 0.0 
23263.13 0.72 0.0 
23263.13 0.64 0.0 
23502.79 0.30 0.0 
23519.75 0.31 0.0 
23834.47 0.37 0.0 
24075.61 0.57 0.0 
24075.56 0.51 0.0 
24497.33 0.54 0.0 
24497.39 0.33 0.0 
24550.55 0.56 0.0 
27369.33 0.36 0.0 
27369.32 0.53 0.0 
27293.54 0.40 0.0 
27293.56 0.44 0.0 
27527.11 0.39 0.0 
27527.12 0.70 0.0 
27976.95 0.32 0.0 
28226.45 0.34 0.0 
28315.27 0.38 0.0 
28533.27 0.38 0.0 
29727.97 0.38 0.0 
31035.55 0.46 0.0 
31116.25 0.45 0.0 
31570.40 0.74 0.0 
31936.15 0.39 0.0 
31936.21 0.44 0.0 
31981.87 0.32 0.0 
32250.83 0.34 0.0 
32897.06 0.43 0.0 
32897.13 0.47 0.0 
33342.07 0.35 0.0 
33916.40 0.51 0.0 
34923.07 0.30 0.0 
35004.85 0.50 0.0 
35004.83 0.60 0.0 
35156.27 0.35 0.0 
35898.72 0.31 0.0 
36335.15 0.41 0.0 
56984.95 0.37 0.0 
66046.71 0.43 0.0 
66046.72 0.39 0.0 
66259.73 0.34 0.0 
71702.92 0.71 0.0 
71702.95 0.59 0.0 
71757.72 0.48 0.0 
72332.09 0.39 0.0 
72679.27 0.38 0.0 
76518.71 0.36 0.0 
76518.71 0.56 0.0 
78345.68 0.38 0.0 
79752.04 0.42 0.0 
79752.05 0.37 0.0 
83665.35 0.33 0.0 
86109.83 0.31 0.0 
86376.19 0.37 0.0 
