639.15 0.71 0.0 
2228.76 0.39 0.0 
8781.05 0.30 0.0 
8928.00 0.32 0.0 
12254.27 0.74 0.0 
12254.28 0.57 0.0 
14766.56 0.31 0.0 
14766.53 0.45 0.0 
19290.96 0.96 0.0 
19290.96 0.89 0.0 
20771.64 0.36 0.0 
24143.28 0.34 0.0 
25617.53 0.37 0.0 
25708.80 0.43 0.0 
25857.80 0.63 0.0 
30379.52 0.44 0.0 
40737.04 0.30 0.0 
42910.11 0.31 0.0 
45325.08 0.76 0.0 
47125.04 0.57 0.0 
47125.04 0.91 0.0 
52154.27 0.41 0.0 
53335.83 0.32 0.0 
77818.00 0.41 0.0 
83931.52 0.44 0.0 
83931.56 0.31 0.0 
84697.87 0.37 0.0 
84693.01 0.34 0.0 
