399.47 0.66 0.0 
639.19 0.68 0.0 
1506.48 0.80 0.0 
1506.47 0.32 0.0 
2233.06 0.51 0.0 
2233.03 0.54 0.0 
4172.99 0.60 0.0 
8217.75 0.65 0.0 
8217.82 0.53 0.0 
8559.91 0.47 0.0 
8559.91 0.41 0.0 
10114.78 0.70 0.0 
10114.76 0.81 0.0 
12255.67 0.62 0.0 
18510.56 0.61 0.0 
19291.91 0.61 0.0 
19291.91 0.47 0.0 
24077.97 0.59 0.0 
24526.05 0.33 0.0 
25174.83 0.30 0.0 
25174.83 0.60 0.0 
25857.79 0.52 0.0 
26671.71 0.34 0.0 
29926.15 0.30 0.0 
30075.51 0.44 0.0 
32749.56 0.34 0.0 
35425.58 0.38 0.0 
35996.36 0.76 0.0 
35996.40 0.66 0.0 
36466.29 0.71 0.0 
37295.05 0.34 0.0 
37383.47 0.58 0.0 
37605.55 0.30 0.0 
37800.97 0.49 0.0 
39227.58 0.79 0.0 
41419.99 0.46 0.0 
43396.39 0.35 0.0 
45325.08 0.78 0.0 
46300.19 0.37 0.0 
47125.83 0.68 0.0 
48332.76 0.59 0.0 
48332.76 0.85 0.0 
49051.58 0.47 0.0 
49051.62 0.66 0.0 
50535.51 0.38 0.0 
51642.47 0.33 0.0 
52154.35 0.42 0.0 
53335.97 0.40 0.0 
53335.96 0.43 0.0 
54637.55 0.53 0.0 
75962.33 0.59 0.0 
78801.18 0.70 0.0 
81840.56 0.31 0.0 
83268.24 0.87 0.0 
83268.24 0.73 0.0 
83934.99 0.43 0.0 
84697.93 0.79 0.0 
86267.40 0.80 0.0 
86267.39 0.43 0.0 
