52.64 0.98 0.0 
52.63 0.97 0.0 
1650.87 0.99 0.0 
1650.87 0.99 0.0 
2525.62 0.99 0.0 
2525.62 0.99 0.0 
5963.35 0.49 0.0 
6259.20 0.86 0.0 
6259.20 0.90 0.0 
7010.20 0.97 0.0 
7010.20 0.94 0.0 
7662.41 0.33 0.0 
12012.96 0.79 0.0 
12012.96 0.86 0.0 
16183.23 0.48 0.0 
16827.39 0.48 0.0 
17123.08 0.98 0.0 
17123.08 0.99 0.0 
18309.94 0.73 0.0 
18309.96 0.47 0.0 
21000.04 0.75 0.0 
21000.04 0.98 0.0 
22335.06 0.84 0.0 
22783.24 0.61 0.0 
24044.05 0.31 0.0 
28827.99 0.57 0.0 
29022.09 0.87 0.0 
29022.12 0.78 0.0 
31793.09 0.44 0.0 
34407.92 0.58 0.0 
35993.51 0.49 0.0 
43928.57 0.72 0.0 
43928.60 0.67 0.0 
63200.09 0.80 0.0 
63200.09 0.77 0.0 
63211.68 0.91 0.0 
68650.01 0.95 0.0 
68663.48 0.97 0.0 
68649.99 0.86 0.0 
68663.48 0.97 0.0 
68691.42 0.98 0.0 
68691.42 0.98 0.0 
68813.20 0.96 0.0 
68813.20 0.94 0.0 
71138.44 0.87 0.0 
71138.46 0.90 0.0 
76518.89 0.36 0.0 
78943.71 0.49 0.0 
80113.35 0.76 0.0 
80759.56 0.33 0.0 
82993.44 0.55 0.0 
