53.56 0.90 0.0 
53.56 0.93 0.0 
1651.80 0.96 0.0 
1651.79 0.96 0.0 
2526.55 0.96 0.0 
2526.55 0.96 0.0 
6260.12 0.60 0.0 
6260.12 0.54 0.0 
7011.12 0.90 0.0 
7011.14 0.76 0.0 
7232.87 0.33 0.0 
12013.87 0.32 0.0 
12013.84 0.59 0.0 
12255.51 0.35 0.0 
17124.23 0.96 0.0 
17124.22 0.96 0.0 
18553.23 0.37 0.0 
18627.79 0.30 0.0 
21000.94 0.96 0.0 
21000.95 0.96 0.0 
22335.96 0.39 0.0 
26429.06 0.64 0.0 
26429.03 0.58 0.0 
29023.64 0.62 0.0 
29251.95 0.31 0.0 
29433.32 0.42 0.0 
29433.32 0.83 0.0 
35994.44 0.46 0.0 
68651.26 0.90 0.0 
68664.74 0.94 0.0 
68651.27 0.77 0.0 
68664.74 0.92 0.0 
68692.68 0.96 0.0 
68692.68 0.95 0.0 
68814.67 0.92 0.0 
68814.67 0.90 0.0 
69014.43 0.78 0.0 
69014.44 0.32 0.0 
71139.71 0.32 0.0 
71416.55 0.32 0.0 
71509.09 0.44 0.0 
