500.84 0.33 0.0 
500.83 0.30 0.0 
3090.65 0.68 0.0 
3947.12 0.32 0.0 
4531.13 0.51 0.0 
6586.88 0.35 0.0 
6669.19 0.50 0.0 
11524.55 0.33 0.0 
11584.71 0.31 0.0 
12301.55 0.42 0.0 
12377.02 0.82 0.0 
12377.02 0.84 0.0 
15972.33 0.34 0.0 
25939.47 0.54 0.0 
25939.44 0.36 0.0 
28847.80 0.46 0.0 
28847.80 0.47 0.0 
35292.81 0.43 0.0 
39757.39 0.46 0.0 
43124.71 0.64 0.0 
43865.85 0.62 0.0 
54735.65 0.47 0.0 
57062.31 0.57 0.0 
62387.50 0.65 0.0 
73772.01 0.32 0.0 
83087.43 0.58 0.0 
83971.15 0.62 0.0 
84409.56 0.42 0.0 
