944.25 0.73 0.0 
1527.97 0.49 0.0 
1649.44 0.31 0.0 
1694.54 0.36 0.0 
2203.89 0.45 0.0 
2864.57 0.54 0.0 
3945.69 0.40 0.0 
6285.84 0.65 0.0 
6761.52 0.41 0.0 
6974.13 0.74 0.0 
7039.96 0.51 0.0 
7394.36 0.72 0.0 
8114.56 0.90 0.0 
11581.80 0.51 0.0 
12389.41 0.77 0.0 
12733.69 0.60 0.0 
12763.72 0.69 0.0 
14650.79 0.67 0.0 
14650.82 0.92 0.0 
15964.12 0.74 0.0 
16985.97 0.39 0.0 
17277.52 0.56 0.0 
18582.88 0.31 0.0 
20381.68 0.77 0.0 
20846.61 0.30 0.0 
21115.81 0.52 0.0 
21154.97 0.40 0.0 
21154.99 0.64 0.0 
21223.88 0.63 0.0 
21553.93 0.54 0.0 
21882.41 0.43 0.0 
23096.31 0.41 0.0 
24178.40 0.61 0.0 
24944.04 0.47 0.0 
25938.69 0.33 0.0 
28844.98 0.96 0.0 
31289.51 0.61 0.0 
35278.69 0.39 0.0 
36717.51 0.59 0.0 
38173.48 0.71 0.0 
39238.53 0.58 0.0 
39751.85 0.68 0.0 
40933.05 0.51 0.0 
41397.11 0.73 0.0 
41803.48 0.53 0.0 
42489.76 0.44 0.0 
42680.60 0.31 0.0 
43858.71 0.56 0.0 
44249.51 0.66 0.0 
45088.80 0.82 0.0 
45793.89 0.38 0.0 
47114.19 0.44 0.0 
47743.49 0.42 0.0 
48234.92 0.85 0.0 
51435.84 0.73 0.0 
51568.23 0.46 0.0 
55918.95 0.30 0.0 
56939.34 0.94 0.0 
57025.67 0.81 0.0 
62006.84 0.65 0.0 
62112.84 0.64 0.0 
62366.56 0.70 0.0 
62571.07 0.89 0.0 
62571.08 0.86 0.0 
62579.41 0.84 0.0 
62744.51 0.63 0.0 
64974.68 0.93 0.0 
70511.61 0.48 0.0 
73467.32 0.56 0.0 
77368.55 0.47 0.0 
81733.79 0.42 0.0 
81943.13 0.38 0.0 
83054.03 0.46 0.0 
83086.72 0.43 0.0 
83324.16 0.41 0.0 
83849.33 0.49 0.0 
84092.84 0.39 0.0 
84254.36 0.48 0.0 
84407.77 0.38 0.0 
85105.56 0.77 0.0 
