1561.71 0.38 0.0 
2400.51 0.59 0.0 
2672.17 0.44 0.0 
7102.83 0.35 0.0 
7909.07 0.39 0.0 
7999.71 0.44 0.0 
16879.20 0.35 0.0 
17145.77 0.32 0.0 
18151.51 0.35 0.0 
19765.52 0.52 0.0 
20660.07 0.32 0.0 
20868.05 0.41 0.0 
21830.39 0.41 0.0 
21830.41 0.46 0.0 
21858.94 0.30 0.0 
22493.51 0.42 0.0 
22652.01 0.55 0.0 
24937.29 0.74 0.0 
27696.23 0.35 0.0 
29010.87 0.33 0.0 
29548.91 0.30 0.0 
31764.71 0.59 0.0 
34320.66 0.45 0.0 
37706.37 0.42 0.0 
39529.37 0.61 0.0 
44117.01 0.54 0.0 
47732.44 0.58 0.0 
49551.69 0.49 0.0 
51631.67 0.33 0.0 
52822.25 0.54 0.0 
53066.08 0.31 0.0 
53145.51 0.32 0.0 
53553.75 0.56 0.0 
54002.65 0.31 0.0 
54720.87 0.41 0.0 
55054.55 0.37 0.0 
55423.51 0.46 0.0 
55735.21 0.31 0.0 
57982.65 0.57 0.0 
58305.77 0.65 0.0 
58825.79 0.41 0.0 
59926.35 0.47 0.0 
60901.83 0.52 0.0 
61262.13 0.32 0.0 
64010.03 0.32 0.0 
64466.11 0.40 0.0 
65220.65 0.40 0.0 
65330.83 0.30 0.0 
65490.59 0.36 0.0 
67922.39 0.52 0.0 
68669.57 0.32 0.0 
71249.13 0.58 0.0 
71402.35 0.40 0.0 
72781.12 0.32 0.0 
73264.87 0.34 0.0 
73878.24 0.48 0.0 
73955.35 0.39 0.0 
74041.97 0.45 0.0 
75765.87 0.41 0.0 
76065.69 0.48 0.0 
76728.59 0.35 0.0 
76790.49 0.43 0.0 
76790.55 0.40 0.0 
78873.65 0.44 0.0 
79587.47 0.33 0.0 
79835.39 0.30 0.0 
80385.44 0.69 0.0 
80748.40 0.49 0.0 
81633.93 0.37 0.0 
81723.67 0.32 0.0 
83012.33 0.44 0.0 
84615.87 0.34 0.0 
84631.59 0.47 0.0 
85355.91 0.42 0.0 
