1957.99 0.47 0.0 
1957.97 0.43 0.0 
8884.63 0.41 0.0 
12269.21 0.46 0.0 
16267.80 0.50 0.0 
18751.03 0.36 0.0 
19143.83 0.36 0.0 
20116.11 0.32 0.0 
20116.15 0.43 0.0 
21364.23 0.30 0.0 
24010.43 0.38 0.0 
29617.11 0.35 0.0 
35087.31 0.45 0.0 
35095.87 0.53 0.0 
40788.83 0.30 0.0 
41102.12 0.45 0.0 
41102.14 0.76 0.0 
48771.64 0.52 0.0 
50135.39 0.38 0.0 
53845.47 0.56 0.0 
54759.83 0.42 0.0 
54759.91 0.43 0.0 
55306.63 0.43 0.0 
58724.69 0.54 0.0 
59669.75 0.38 0.0 
64878.03 0.40 0.0 
65188.58 0.60 0.0 
65608.27 0.38 0.0 
65954.69 0.66 0.0 
68312.91 0.37 0.0 
70023.79 0.46 0.0 
73805.83 0.30 0.0 
73805.58 0.44 0.0 
80676.15 0.48 0.0 
80886.15 0.49 0.0 
82562.27 0.34 0.0 
84018.81 0.69 0.0 
84018.81 0.38 0.0 
85207.55 0.31 0.0 
85207.57 0.63 0.0 
85301.08 0.32 0.0 
85301.08 0.31 0.0 
