644.44 0.37 0.0 
704.65 0.34 0.0 
10049.19 0.57 0.0 
11397.57 0.33 0.0 
12257.65 0.60 0.0 
12257.64 0.90 0.0 
12929.60 0.31 0.0 
13844.19 0.34 0.0 
13904.50 0.37 0.0 
14034.11 0.39 0.0 
14034.01 0.35 0.0 
14777.12 0.31 0.0 
16466.63 0.34 0.0 
17315.60 0.32 0.0 
17579.45 0.33 0.0 
19739.45 0.35 0.0 
20758.77 0.32 0.0 
21737.76 0.76 0.0 
21737.73 0.53 0.0 
25184.19 0.33 0.0 
25543.63 0.38 0.0 
25649.48 0.32 0.0 
25964.00 0.37 0.0 
26939.39 0.33 0.0 
27942.47 0.40 0.0 
28034.31 0.39 0.0 
28448.91 0.31 0.0 
28878.11 0.38 0.0 
28878.13 0.31 0.0 
35971.99 0.41 0.0 
37667.19 0.35 0.0 
39779.51 0.61 0.0 
41457.28 0.33 0.0 
42523.69 0.45 0.0 
53384.07 0.52 0.0 
53489.42 0.50 0.0 
55244.13 0.62 0.0 
55244.13 0.65 0.0 
59714.60 0.46 0.0 
59803.93 0.35 0.0 
60284.59 0.48 0.0 
60719.51 0.55 0.0 
63509.53 0.37 0.0 
64394.59 0.32 0.0 
65227.07 0.35 0.0 
65759.51 0.39 0.0 
67858.97 0.56 0.0 
68009.53 0.39 0.0 
71681.77 0.39 0.0 
75043.88 0.51 0.0 
75299.51 0.31 0.0 
78479.19 0.50 0.0 
78973.23 0.64 0.0 
79499.21 0.48 0.0 
81909.25 0.43 0.0 
82409.45 0.68 0.0 
82498.83 0.41 0.0 
82922.85 0.36 0.0 
83129.48 0.35 0.0 
83275.03 0.32 0.0 
83892.83 0.39 0.0 
83999.13 0.40 0.0 
83999.09 0.58 0.0 
85241.99 0.42 0.0 
86163.59 0.47 0.0 
86163.59 0.51 0.0 
