295.88 0.58 0.0 
295.91 0.71 0.0 
425.33 0.36 0.0 
972.24 0.33 0.0 
1146.91 0.36 0.0 
1146.86 0.76 0.0 
1391.43 0.35 0.0 
1989.65 0.40 0.0 
2007.08 0.69 0.0 
1992.72 0.70 0.0 
2032.57 0.53 0.0 
2113.51 0.31 0.0 
2225.39 0.33 0.0 
2246.44 0.70 0.0 
2217.41 0.49 0.0 
2217.45 0.89 0.0 
2241.41 0.51 0.0 
2477.68 0.34 0.0 
2712.96 0.60 0.0 
2771.24 0.75 0.0 
2861.13 0.62 0.0 
2893.65 0.42 0.0 
2893.63 0.95 0.0 
2861.13 0.36 0.0 
2968.11 0.33 0.0 
2970.28 0.80 0.0 
2988.45 0.73 0.0 
2988.44 0.85 0.0 
2994.68 0.61 0.0 
3548.78 0.31 0.0 
3648.29 0.38 0.0 
4525.16 0.68 0.0 
4673.29 0.33 0.0 
4979.59 0.40 0.0 
5052.54 0.75 0.0 
5108.48 0.42 0.0 
5216.33 0.42 0.0 
5462.12 0.38 0.0 
5462.09 0.38 0.0 
5457.82 0.61 0.0 
5982.00 0.49 0.0 
5998.35 0.31 0.0 
6360.88 0.73 0.0 
6353.56 0.38 0.0 
6835.76 0.62 0.0 
7044.85 0.48 0.0 
7197.83 0.48 0.0 
7241.61 0.60 0.0 
7241.61 0.55 0.0 
8125.67 0.49 0.0 
8198.81 0.62 0.0 
8206.81 0.59 0.0 
8206.80 0.48 0.0 
8322.89 0.32 0.0 
8778.63 0.87 0.0 
8778.64 0.65 0.0 
9132.28 0.64 0.0 
9194.14 0.38 0.0 
9241.03 0.44 0.0 
9241.05 0.56 0.0 
9512.29 0.46 0.0 
9909.82 0.38 0.0 
9954.68 0.44 0.0 
9958.21 0.46 0.0 
9959.53 0.44 0.0 
10292.21 0.31 0.0 
10697.14 0.58 0.0 
10697.13 0.61 0.0 
11031.72 0.76 0.0 
11382.88 0.79 0.0 
11382.89 0.58 0.0 
11474.15 0.44 0.0 
11474.16 0.71 0.0 
11534.37 0.38 0.0 
12074.48 0.96 0.0 
12113.63 0.32 0.0 
12262.60 0.41 0.0 
12262.61 0.36 0.0 
12404.14 0.88 0.0 
12404.16 0.78 0.0 
12739.72 0.67 0.0 
12739.73 0.57 0.0 
13070.84 0.71 0.0 
13070.84 0.49 0.0 
13729.24 0.50 0.0 
14066.71 0.85 0.0 
14066.77 0.45 0.0 
14401.31 0.49 0.0 
14401.33 0.50 0.0 
14439.45 0.62 0.0 
14439.45 0.75 0.0 
14749.53 0.58 0.0 
14749.54 0.44 0.0 
15076.77 0.66 0.0 
15076.79 0.48 0.0 
15418.68 0.75 0.0 
17235.09 0.55 0.0 
17574.56 0.84 0.0 
17926.21 0.80 0.0 
17926.24 0.46 0.0 
18228.57 0.30 0.0 
18228.61 0.52 0.0 
18356.57 0.52 0.0 
18356.56 0.95 0.0 
18572.89 0.73 0.0 
18572.91 0.53 0.0 
18908.05 0.30 0.0 
18907.97 0.37 0.0 
19232.28 0.66 0.0 
19377.93 0.34 0.0 
19377.93 0.42 0.0 
19559.01 0.87 0.0 
19558.99 0.89 0.0 
19876.68 0.69 0.0 
19876.64 0.38 0.0 
19907.29 0.33 0.0 
19907.30 0.43 0.0 
20110.20 0.71 0.0 
20110.20 0.85 0.0 
20216.93 0.41 0.0 
20216.93 0.86 0.0 
20538.77 0.66 0.0 
20538.80 0.70 0.0 
20867.08 0.36 0.0 
21174.72 0.73 0.0 
21464.57 0.64 0.0 
21493.65 0.71 0.0 
21806.71 0.81 0.0 
21806.73 0.36 0.0 
22121.29 0.78 0.0 
22302.01 0.56 0.0 
22315.69 0.45 0.0 
22432.77 0.49 0.0 
22767.99 0.64 0.0 
22771.89 0.31 0.0 
22771.94 0.49 0.0 
23092.29 0.41 0.0 
23411.69 0.84 0.0 
23736.05 0.34 0.0 
23736.11 0.30 0.0 
23924.15 0.56 0.0 
24078.45 0.41 0.0 
24382.75 0.38 0.0 
24436.99 0.32 0.0 
24436.94 0.36 0.0 
24602.00 0.62 0.0 
24601.93 0.45 0.0 
24747.57 0.85 0.0 
24747.57 0.38 0.0 
24943.15 0.35 0.0 
25151.35 0.56 0.0 
25351.76 0.37 0.0 
26002.84 0.70 0.0 
26002.84 0.37 0.0 
26055.13 0.58 0.0 
26303.72 0.84 0.0 
26303.71 0.41 0.0 
26608.53 0.81 0.0 
26608.53 0.31 0.0 
26954.84 0.43 0.0 
27139.00 0.41 0.0 
27280.12 0.67 0.0 
27280.08 0.38 0.0 
27624.44 0.74 0.0 
27981.01 0.40 0.0 
28300.94 0.58 0.0 
28300.93 0.76 0.0 
28657.01 0.72 0.0 
28657.06 0.62 0.0 
28871.05 0.55 0.0 
28871.12 0.61 0.0 
28996.04 0.33 0.0 
29355.93 0.46 0.0 
29355.98 0.56 0.0 
29469.17 0.55 0.0 
29469.07 0.32 0.0 
29550.95 0.32 0.0 
29589.59 0.38 0.0 
29589.64 0.54 0.0 
29713.49 0.43 0.0 
29713.49 0.64 0.0 
29821.59 0.47 0.0 
29859.24 0.45 0.0 
29859.28 0.44 0.0 
29958.53 0.49 0.0 
29958.56 0.51 0.0 
30974.52 0.36 0.0 
31135.85 0.55 0.0 
31181.17 0.78 0.0 
31181.21 0.80 0.0 
31558.76 0.69 0.0 
31558.73 0.93 0.0 
31947.02 0.96 0.0 
31947.05 0.80 0.0 
32236.11 0.57 0.0 
32299.69 0.42 0.0 
32668.89 0.91 0.0 
32668.93 0.62 0.0 
32894.33 0.48 0.0 
33052.39 0.56 0.0 
33052.33 0.76 0.0 
33419.17 0.75 0.0 
33419.15 0.97 0.0 
33775.71 0.97 0.0 
33775.71 0.97 0.0 
34122.98 0.86 0.0 
34523.00 0.58 0.0 
34523.02 0.56 0.0 
34909.37 0.74 0.0 
34909.36 0.73 0.0 
35283.54 0.51 0.0 
35283.52 0.59 0.0 
35411.81 0.35 0.0 
35647.89 0.45 0.0 
36013.73 0.58 0.0 
36013.66 0.90 0.0 
36379.52 0.69 0.0 
36379.52 0.79 0.0 
36758.54 0.32 0.0 
36758.53 0.36 0.0 
37131.20 0.86 0.0 
37131.20 0.90 0.0 
37494.60 0.81 0.0 
37619.00 0.35 0.0 
37863.33 0.49 0.0 
37863.36 0.61 0.0 
38267.81 0.52 0.0 
38267.81 0.68 0.0 
39016.65 0.44 0.0 
39750.22 0.40 0.0 
40125.29 0.33 0.0 
40508.16 0.44 0.0 
40508.20 0.64 0.0 
40879.41 0.31 0.0 
41247.65 0.65 0.0 
41633.57 0.74 0.0 
41633.56 0.87 0.0 
42004.76 0.61 0.0 
42004.73 0.70 0.0 
42373.03 0.96 0.0 
43134.49 0.40 0.0 
43134.48 0.74 0.0 
43883.73 0.34 0.0 
44263.23 0.89 0.0 
44644.73 0.30 0.0 
44644.72 0.49 0.0 
45026.65 0.82 0.0 
45026.68 0.58 0.0 
45788.18 0.54 0.0 
45788.13 0.50 0.0 
46160.80 0.37 0.0 
46160.81 0.39 0.0 
46927.65 0.39 0.0 
47312.08 0.61 0.0 
47476.97 0.49 0.0 
48506.72 0.67 0.0 
48554.59 0.60 0.0 
48908.21 0.30 0.0 
49294.01 0.57 0.0 
49294.05 0.47 0.0 
49686.29 0.58 0.0 
50063.84 0.70 0.0 
50063.85 0.74 0.0 
50846.31 0.95 0.0 
50846.29 0.44 0.0 
51223.36 0.86 0.0 
51624.85 0.84 0.0 
52061.09 0.64 0.0 
52457.14 0.56 0.0 
52847.92 0.73 0.0 
53277.72 0.33 0.0 
53277.72 0.83 0.0 
53680.68 0.73 0.0 
53680.73 0.62 0.0 
54077.79 0.41 0.0 
54460.69 0.66 0.0 
54509.57 0.40 0.0 
54460.68 0.46 0.0 
54865.09 0.30 0.0 
56502.84 0.77 0.0 
56893.75 0.32 0.0 
56920.42 0.71 0.0 
58137.16 0.56 0.0 
58137.12 0.83 0.0 
58538.13 0.49 0.0 
58933.74 0.90 0.0 
59359.17 0.64 0.0 
59766.45 0.34 0.0 
59766.45 0.46 0.0 
60167.60 0.57 0.0 
61849.66 0.43 0.0 
61849.65 0.55 0.0 
62293.12 0.83 0.0 
62724.00 0.68 0.0 
62723.98 0.54 0.0 
63132.77 0.53 0.0 
63542.10 0.39 0.0 
63963.13 0.33 0.0 
64388.06 0.41 0.0 
65275.01 0.75 0.0 
65726.38 0.86 0.0 
65726.38 0.38 0.0 
66159.09 0.38 0.0 
66626.04 0.65 0.0 
66626.09 0.47 0.0 
67531.61 0.38 0.0 
67987.86 0.40 0.0 
68891.41 0.64 0.0 
68891.45 0.70 0.0 
69348.09 0.45 0.0 
69348.08 0.41 0.0 
70280.96 0.42 0.0 
70793.36 0.42 0.0 
71247.57 0.66 0.0 
71713.53 0.58 0.0 
72194.63 0.79 0.0 
72674.77 0.42 0.0 
72674.69 0.32 0.0 
73156.40 0.35 0.0 
74660.81 0.52 0.0 
74660.81 0.31 0.0 
75136.48 0.74 0.0 
75136.49 0.38 0.0 
75607.86 0.31 0.0 
75607.80 0.75 0.0 
77612.90 0.39 0.0 
78124.69 0.42 0.0 
78124.68 0.70 0.0 
79154.84 0.48 0.0 
79692.66 0.33 0.0 
79692.59 0.92 0.0 
80193.68 0.43 0.0 
80498.73 0.76 0.0 
80498.73 0.32 0.0 
81850.97 0.49 0.0 
81850.97 0.62 0.0 
82458.04 0.45 0.0 
83256.80 0.48 0.0 
83256.79 0.40 0.0 
84028.74 0.96 0.0 
84028.74 0.94 0.0 
84194.43 0.89 0.0 
84509.18 0.94 0.0 
84509.14 0.77 0.0 
84547.75 0.59 0.0 
84532.57 0.48 0.0 
84547.77 0.90 0.0 
84532.60 0.44 0.0 
84861.00 0.45 0.0 
84867.96 0.70 0.0 
84856.85 0.47 0.0 
84867.87 0.57 0.0 
85016.51 0.73 0.0 
85016.51 0.50 0.0 
85770.13 0.30 0.0 
85770.09 0.55 0.0 
86231.20 0.69 0.0 
