3630.75 0.33 0.0 
4816.53 0.44 0.0 
5476.65 0.36 0.0 
6129.15 0.35 0.0 
6434.45 0.32 0.0 
6609.85 0.36 0.0 
17444.91 0.39 0.0 
20129.13 0.34 0.0 
21738.83 0.34 0.0 
23774.91 0.35 0.0 
25411.02 0.54 0.0 
25594.07 0.41 0.0 
25576.87 0.46 0.0 
26038.65 0.31 0.0 
26411.97 0.53 0.0 
26411.98 0.57 0.0 
26598.39 0.34 0.0 
28891.65 0.52 0.0 
32265.93 0.52 0.0 
35235.91 0.36 0.0 
35972.05 0.30 0.0 
36799.23 0.31 0.0 
40557.59 0.36 0.0 
55184.73 0.33 0.0 
55250.88 0.75 0.0 
56836.51 0.39 0.0 
59284.05 0.55 0.0 
59805.56 0.56 0.0 
75359.46 0.33 0.0 
75901.99 0.40 0.0 
78363.13 0.43 0.0 
79208.53 0.34 0.0 
80588.11 0.30 0.0 
81321.84 0.37 0.0 
81909.28 0.49 0.0 
82703.09 0.36 0.0 
83830.75 0.35 0.0 
83948.91 0.44 0.0 
83948.84 0.49 0.0 
85142.85 0.46 0.0 
