427.03 0.37 0.0 
901.17 0.54 0.0 
1146.87 0.55 0.0 
1992.73 0.72 0.0 
2043.03 0.83 0.0 
2034.05 0.30 0.0 
2043.03 0.72 0.0 
2120.37 0.66 0.0 
2120.34 0.85 0.0 
2226.11 0.80 0.0 
2217.47 0.36 0.0 
2226.11 0.85 0.0 
2246.44 0.61 0.0 
2956.22 0.53 0.0 
2974.60 0.65 0.0 
3030.61 0.67 0.0 
3714.59 0.35 0.0 
5011.47 0.39 0.0 
5463.59 0.74 0.0 
5457.81 0.36 0.0 
5463.59 0.86 0.0 
5457.86 0.30 0.0 
5759.97 0.35 0.0 
5824.09 0.83 0.0 
6227.77 0.35 0.0 
6353.50 0.49 0.0 
6494.76 0.31 0.0 
6497.51 0.31 0.0 
6556.57 0.76 0.0 
6986.68 0.36 0.0 
6972.85 0.39 0.0 
6986.75 0.36 0.0 
7045.39 0.53 0.0 
7146.15 0.31 0.0 
7620.65 0.37 0.0 
8209.07 0.39 0.0 
8251.41 0.46 0.0 
8340.53 0.70 0.0 
8779.19 0.42 0.0 
8956.45 0.46 0.0 
9194.19 0.33 0.0 
9243.75 0.31 0.0 
9226.44 0.71 0.0 
9243.79 0.42 0.0 
9348.05 0.68 0.0 
9347.99 0.34 0.0 
9959.74 0.38 0.0 
10066.03 0.34 0.0 
10194.41 0.58 0.0 
10194.39 0.42 0.0 
10216.65 0.49 0.0 
12265.05 0.39 0.0 
12265.05 0.68 0.0 
14066.91 0.31 0.0 
14115.62 0.84 0.0 
14441.27 0.74 0.0 
14441.27 0.80 0.0 
14671.83 0.32 0.0 
17282.05 0.43 0.0 
17876.47 0.46 0.0 
18362.43 0.69 0.0 
18367.53 0.50 0.0 
18358.97 0.50 0.0 
18576.33 0.31 0.0 
19878.65 0.38 0.0 
19878.64 0.45 0.0 
19907.47 0.40 0.0 
20111.61 0.70 0.0 
20111.60 0.47 0.0 
20268.23 0.35 0.0 
21226.09 0.73 0.0 
23791.29 0.72 0.0 
24383.59 0.38 0.0 
24604.35 0.46 0.0 
25146.01 0.51 0.0 
25186.21 0.58 0.0 
25427.15 0.30 0.0 
26608.76 0.49 0.0 
27091.12 0.55 0.0 
27091.12 0.70 0.0 
27675.79 0.88 0.0 
28301.11 0.30 0.0 
28877.22 0.63 0.0 
28883.00 0.52 0.0 
28883.00 0.67 0.0 
29146.75 0.48 0.0 
29550.91 0.52 0.0 
29612.28 0.72 0.0 
29612.26 0.86 0.0 
29713.67 0.32 0.0 
29762.36 0.35 0.0 
29883.77 0.61 0.0 
29944.99 0.34 0.0 
29945.53 0.43 0.0 
29986.69 0.70 0.0 
30080.03 0.33 0.0 
30079.99 0.40 0.0 
30256.79 0.72 0.0 
31181.43 0.41 0.0 
31181.39 0.44 0.0 
31947.41 0.49 0.0 
32300.01 0.32 0.0 
32669.19 0.53 0.0 
32669.25 0.32 0.0 
33134.45 0.45 0.0 
33778.45 0.48 0.0 
33775.99 0.59 0.0 
33778.41 0.40 0.0 
34123.24 0.48 0.0 
34409.89 0.57 0.0 
34909.60 0.37 0.0 
34909.59 0.37 0.0 
35283.75 0.35 0.0 
36061.13 0.59 0.0 
36379.71 0.34 0.0 
37131.67 0.53 0.0 
39016.79 0.34 0.0 
40170.78 0.80 0.0 
41247.90 0.44 0.0 
43287.01 0.31 0.0 
43292.67 0.31 0.0 
43292.65 0.77 0.0 
47357.00 0.59 0.0 
47477.11 0.43 0.0 
52061.27 0.43 0.0 
52501.17 0.79 0.0 
53326.59 0.47 0.0 
53680.91 0.45 0.0 
54077.95 0.31 0.0 
55322.31 0.69 0.0 
55727.75 0.38 0.0 
56132.69 0.61 0.0 
60601.32 0.83 0.0 
61036.00 0.82 0.0 
63586.60 0.32 0.0 
64007.63 0.55 0.0 
67575.61 0.86 0.0 
68475.81 0.88 0.0 
69392.08 0.32 0.0 
74660.99 0.41 0.0 
74660.95 0.32 0.0 
75138.43 0.34 0.0 
80805.32 0.59 0.0 
83671.44 0.71 0.0 
84029.25 0.74 0.0 
84029.26 0.91 0.0 
84540.71 0.64 0.0 
84533.91 0.65 0.0 
84540.71 0.53 0.0 
84533.91 0.74 0.0 
84861.05 0.50 0.0 
84861.03 0.78 0.0 
84876.42 0.82 0.0 
84876.43 0.82 0.0 
85018.90 0.80 0.0 
85018.89 0.47 0.0 
85815.61 0.64 0.0 
86150.38 0.89 0.0 
86150.39 0.81 0.0 
86377.23 0.54 0.0 
