582.16 0.33 0.0 
1449.91 0.32 0.0 
1870.64 0.49 0.0 
2638.99 0.86 0.0 
4111.04 0.39 0.0 
5387.75 0.59 0.0 
5387.76 0.79 0.0 
5988.68 0.97 0.0 
5488.36 0.66 0.0 
5988.68 0.96 0.0 
6988.77 0.31 0.0 
8709.31 0.96 0.0 
8709.32 0.96 0.0 
9332.47 0.96 0.0 
9332.47 0.92 0.0 
10122.76 0.63 0.0 
10122.75 0.89 0.0 
11458.04 0.41 0.0 
11730.43 0.48 0.0 
11851.81 0.31 0.0 
11985.55 0.95 0.0 
11985.55 0.95 0.0 
12438.07 0.97 0.0 
12432.56 0.45 0.0 
12438.07 0.97 0.0 
14503.98 0.80 0.0 
14666.76 0.96 0.0 
14596.85 0.34 0.0 
15129.37 0.69 0.0 
14666.76 0.96 0.0 
15866.80 0.56 0.0 
15881.79 0.39 0.0 
16298.72 0.36 0.0 
15866.03 0.60 0.0 
15881.67 0.49 0.0 
16512.76 0.44 0.0 
17215.40 0.89 0.0 
17965.84 0.74 0.0 
17965.84 0.73 0.0 
17923.35 0.33 0.0 
19054.25 0.70 0.0 
19783.36 0.65 0.0 
21111.28 0.86 0.0 
21111.29 0.78 0.0 
21121.49 0.40 0.0 
25821.28 0.76 0.0 
26398.85 0.45 0.0 
25821.28 0.39 0.0 
27822.17 0.70 0.0 
30549.71 0.68 0.0 
29803.00 0.74 0.0 
31329.09 0.97 0.0 
31329.11 0.97 0.0 
33669.76 0.97 0.0 
33669.76 0.97 0.0 
35776.63 0.83 0.0 
34840.08 0.34 0.0 
35983.32 0.75 0.0 
36098.71 0.39 0.0 
36098.93 0.41 0.0 
35967.48 0.86 0.0 
35776.63 0.70 0.0 
38705.41 0.52 0.0 
39328.19 0.58 0.0 
46603.33 0.31 0.0 
46603.36 0.57 0.0 
47598.80 0.38 0.0 
47609.17 0.44 0.0 
47441.60 0.62 0.0 
48874.09 0.40 0.0 
50575.35 0.43 0.0 
49953.81 0.44 0.0 
51372.55 0.34 0.0 
53337.08 0.50 0.0 
55390.19 0.65 0.0 
55901.08 0.38 0.0 
55901.08 0.44 0.0 
56741.68 0.44 0.0 
75337.40 0.32 0.0 
80159.12 0.61 0.0 
80853.12 0.51 0.0 
84706.69 0.31 0.0 
84280.29 0.43 0.0 
85644.12 0.45 0.0 
86044.45 0.41 0.0 
86261.31 0.78 0.0 
