1794.97 0.30 0.0 
2126.57 0.43 0.0 
2672.99 0.31 0.0 
5376.49 0.80 0.0 
5376.49 0.72 0.0 
7565.91 0.31 0.0 
10726.10 0.69 0.0 
10726.13 0.75 0.0 
11839.21 0.62 0.0 
11839.25 0.61 0.0 
13076.49 0.34 0.0 
15856.33 0.50 0.0 
15856.23 0.51 0.0 
16297.50 0.87 0.0 
16297.50 0.89 0.0 
17956.16 0.82 0.0 
17956.14 0.79 0.0 
17963.52 0.45 0.0 
21446.29 0.82 0.0 
22364.54 0.45 0.0 
22364.60 0.36 0.0 
21446.27 0.70 0.0 
25109.67 0.33 0.0 
25186.92 0.35 0.0 
25623.55 0.54 0.0 
25636.76 0.60 0.0 
25636.83 0.56 0.0 
29111.94 0.78 0.0 
29111.93 0.79 0.0 
34819.40 0.35 0.0 
34819.40 0.46 0.0 
34894.99 0.36 0.0 
35775.13 0.55 0.0 
35775.68 0.39 0.0 
35850.55 0.44 0.0 
35842.41 0.47 0.0 
35842.41 0.49 0.0 
45872.67 0.38 0.0 
49095.41 0.31 0.0 
65148.23 0.34 0.0 
68964.64 0.40 0.0 
75166.16 0.37 0.0 
83672.31 0.32 0.0 
