5473.53 0.42 0.0 
8129.04 0.64 0.0 
10551.65 0.64 0.0 
10459.84 0.66 0.0 
10710.23 0.87 0.0 
10715.16 0.66 0.0 
10992.08 0.95 0.0 
10710.57 0.91 0.0 
10715.20 0.66 0.0 
11431.92 0.34 0.0 
11999.32 0.61 0.0 
11431.92 0.46 0.0 
10992.08 0.97 0.0 
11832.81 0.40 0.0 
13265.92 0.70 0.0 
13917.25 0.32 0.0 
13078.80 0.52 0.0 
13961.23 0.84 0.0 
14541.85 0.31 0.0 
13961.24 0.60 0.0 
14846.18 0.96 0.0 
13265.89 0.69 0.0 
14846.18 0.94 0.0 
14388.28 0.38 0.0 
14506.84 0.61 0.0 
15461.41 0.35 0.0 
14233.19 0.72 0.0 
15866.55 0.65 0.0 
15359.19 0.41 0.0 
16305.83 0.46 0.0 
15882.20 0.78 0.0 
17965.16 0.92 0.0 
17965.15 0.92 0.0 
18338.73 0.49 0.0 
18342.09 0.40 0.0 
19183.52 0.31 0.0 
20423.93 0.37 0.0 
20443.31 0.46 0.0 
22087.52 0.43 0.0 
24149.51 0.49 0.0 
26425.63 0.31 0.0 
26582.17 0.31 0.0 
27216.99 0.78 0.0 
27227.59 0.30 0.0 
27217.00 0.78 0.0 
27227.63 0.36 0.0 
27611.44 0.61 0.0 
27973.44 0.67 0.0 
29604.57 0.66 0.0 
30613.43 0.32 0.0 
30614.04 0.34 0.0 
30615.27 0.75 0.0 
29953.84 0.45 0.0 
31607.71 0.38 0.0 
35768.16 0.68 0.0 
35408.05 0.47 0.0 
35414.28 0.32 0.0 
35768.17 0.95 0.0 
37243.71 0.34 0.0 
38803.33 0.32 0.0 
42057.33 0.44 0.0 
43632.00 0.55 0.0 
52061.35 0.43 0.0 
58814.32 0.37 0.0 
74519.11 0.42 0.0 
80518.37 0.71 0.0 
80311.05 0.35 0.0 
