3541.60 0.47 0.0 
3251.88 0.91 0.0 
3251.88 0.82 0.0 
10884.39 0.31 0.0 
11550.75 0.37 0.0 
12429.87 0.32 0.0 
12007.84 0.35 0.0 
12587.55 0.41 0.0 
12885.90 0.75 0.0 
12638.98 0.86 0.0 
12007.88 0.40 0.0 
13274.06 0.75 0.0 
12600.31 0.97 0.0 
13274.04 0.79 0.0 
13516.35 0.31 0.0 
12600.32 0.89 0.0 
13645.55 0.97 0.0 
13952.22 0.72 0.0 
12638.99 0.93 0.0 
13516.35 0.43 0.0 
13645.55 0.97 0.0 
13945.22 0.90 0.0 
14189.29 0.40 0.0 
13945.22 0.87 0.0 
14177.23 0.41 0.0 
14189.28 0.84 0.0 
14835.89 0.33 0.0 
16326.07 0.30 0.0 
17010.51 0.35 0.0 
17223.63 0.62 0.0 
17235.84 0.78 0.0 
17576.07 0.39 0.0 
17235.84 0.81 0.0 
18692.80 0.60 0.0 
21486.04 0.90 0.0 
21486.04 0.94 0.0 
22353.91 0.95 0.0 
23461.48 0.96 0.0 
23076.44 0.93 0.0 
23461.48 0.95 0.0 
23372.80 0.67 0.0 
23386.36 0.96 0.0 
23163.56 0.86 0.0 
23512.11 0.44 0.0 
23440.03 0.96 0.0 
23386.38 0.93 0.0 
22353.91 0.95 0.0 
23163.55 0.94 0.0 
23076.46 0.93 0.0 
23440.03 0.95 0.0 
25629.93 0.37 0.0 
28505.31 0.34 0.0 
29836.15 0.36 0.0 
29837.87 0.48 0.0 
32909.47 0.38 0.0 
33921.07 0.41 0.0 
32897.07 0.31 0.0 
34433.61 0.49 0.0 
33921.00 0.48 0.0 
34433.59 0.50 0.0 
44962.86 0.89 0.0 
45109.46 0.89 0.0 
45109.46 0.88 0.0 
44962.86 0.88 0.0 
52955.32 0.82 0.0 
53434.92 0.96 0.0 
53415.75 0.97 0.0 
52955.32 0.45 0.0 
53415.75 0.97 0.0 
53434.92 0.95 0.0 
76848.39 0.35 0.0 
78043.28 0.36 0.0 
78043.28 0.85 0.0 
82149.32 0.96 0.0 
82149.32 0.96 0.0 
