5408.63 0.46 0.0 
10418.27 0.71 0.0 
10323.85 0.55 0.0 
10380.60 0.59 0.0 
10564.00 0.37 0.0 
10711.16 0.95 0.0 
10717.71 0.58 0.0 
10721.69 0.80 0.0 
10994.47 0.48 0.0 
10711.16 0.96 0.0 
10717.69 0.48 0.0 
10721.66 0.84 0.0 
11444.69 0.51 0.0 
11433.91 0.36 0.0 
11444.68 0.51 0.0 
10994.46 0.65 0.0 
13267.45 0.56 0.0 
13080.19 0.45 0.0 
13092.55 0.43 0.0 
14389.20 0.67 0.0 
14495.42 0.85 0.0 
14509.60 0.59 0.0 
14495.41 0.78 0.0 
14402.65 0.47 0.0 
14542.81 0.48 0.0 
13965.37 0.42 0.0 
14847.85 0.65 0.0 
13267.50 0.61 0.0 
14542.77 0.56 0.0 
14847.85 0.55 0.0 
14389.18 0.87 0.0 
14509.60 0.73 0.0 
15361.60 0.77 0.0 
15361.63 0.46 0.0 
17966.41 0.83 0.0 
17966.40 0.37 0.0 
18342.25 0.65 0.0 
20443.63 0.39 0.0 
22099.92 0.39 0.0 
22110.59 0.35 0.0 
26364.05 0.50 0.0 
26364.07 0.37 0.0 
26426.29 0.38 0.0 
26295.53 0.76 0.0 
26426.29 0.53 0.0 
27217.90 0.76 0.0 
27230.40 0.72 0.0 
27217.88 0.69 0.0 
27615.56 0.52 0.0 
27230.41 0.72 0.0 
28171.24 0.38 0.0 
28636.17 0.67 0.0 
28636.15 0.31 0.0 
29105.71 0.58 0.0 
29965.77 0.42 0.0 
30615.29 0.81 0.0 
31609.77 0.32 0.0 
31609.74 0.50 0.0 
35408.83 0.37 0.0 
35971.46 0.81 0.0 
35987.31 0.36 0.0 
35764.06 0.39 0.0 
35408.87 0.75 0.0 
35764.11 0.35 0.0 
35986.75 0.30 0.0 
35987.26 0.42 0.0 
37243.85 0.33 0.0 
37243.85 0.43 0.0 
52063.19 0.31 0.0 
