479.51 0.76 0.0 
538.09 0.47 0.0 
1109.41 0.36 0.0 
1949.56 0.87 0.0 
1832.28 0.68 0.0 
2354.56 0.62 0.0 
3479.17 0.50 0.0 
3137.33 0.40 0.0 
3689.65 0.42 0.0 
4634.48 0.72 0.0 
5423.77 0.68 0.0 
6739.61 0.34 0.0 
6537.51 0.92 0.0 
6537.51 0.94 0.0 
6993.52 0.88 0.0 
6544.63 0.56 0.0 
6739.58 0.47 0.0 
6928.93 0.48 0.0 
6993.53 0.56 0.0 
7802.76 0.53 0.0 
7108.85 0.68 0.0 
8189.33 0.50 0.0 
7529.45 0.39 0.0 
8994.60 0.37 0.0 
9467.88 0.36 0.0 
9853.05 0.78 0.0 
12530.36 0.45 0.0 
12530.31 0.43 0.0 
13176.16 0.69 0.0 
14403.43 0.39 0.0 
13176.17 0.78 0.0 
14486.44 0.67 0.0 
14801.31 0.33 0.0 
14486.41 0.49 0.0 
15556.51 0.98 0.0 
15556.51 0.98 0.0 
17311.73 0.54 0.0 
18129.73 0.40 0.0 
18359.09 0.61 0.0 
24206.01 0.32 0.0 
25332.40 0.43 0.0 
26404.69 0.71 0.0 
26404.73 0.40 0.0 
26518.94 0.92 0.0 
26518.94 0.80 0.0 
26458.93 0.47 0.0 
26415.57 0.43 0.0 
27466.61 0.33 0.0 
27466.64 0.67 0.0 
27209.57 0.48 0.0 
27962.52 0.37 0.0 
27209.56 0.49 0.0 
29001.72 0.75 0.0 
29877.99 0.35 0.0 
29001.71 0.90 0.0 
30672.01 0.60 0.0 
31136.81 0.31 0.0 
32654.81 0.40 0.0 
32665.38 0.87 0.0 
32455.81 0.33 0.0 
32665.37 0.61 0.0 
33599.00 0.36 0.0 
33766.17 0.35 0.0 
34244.36 0.32 0.0 
34499.19 0.35 0.0 
35156.43 0.86 0.0 
34063.95 0.46 0.0 
37219.88 0.40 0.0 
37231.16 0.33 0.0 
37219.87 0.45 0.0 
37231.15 0.66 0.0 
38640.22 0.63 0.0 
39518.61 0.59 0.0 
43237.25 0.56 0.0 
43237.24 0.39 0.0 
43243.51 0.48 0.0 
45776.74 0.90 0.0 
46213.07 0.68 0.0 
47780.57 0.60 0.0 
46544.40 0.87 0.0 
47780.53 0.51 0.0 
48434.04 0.55 0.0 
51192.13 0.53 0.0 
52602.27 0.37 0.0 
53248.96 0.79 0.0 
53834.58 0.87 0.0 
56504.16 0.54 0.0 
58424.11 0.60 0.0 
60795.83 0.72 0.0 
65216.87 0.52 0.0 
65458.37 0.45 0.0 
66211.88 0.88 0.0 
65382.73 0.74 0.0 
66211.92 0.47 0.0 
69553.16 0.62 0.0 
72016.75 0.98 0.0 
70516.44 0.41 0.0 
71834.03 0.50 0.0 
72472.87 0.98 0.0 
72472.86 0.98 0.0 
72016.74 0.98 0.0 
73018.95 0.40 0.0 
76096.32 0.35 0.0 
76096.27 0.87 0.0 
78671.16 0.53 0.0 
79034.00 0.42 0.0 
80129.29 0.52 0.0 
80909.03 0.34 0.0 
79423.24 0.70 0.0 
81430.44 0.50 0.0 
81779.57 0.38 0.0 
81688.24 0.79 0.0 
82034.56 0.84 0.0 
82452.24 0.45 0.0 
83189.64 0.70 0.0 
82993.05 0.30 0.0 
82724.44 0.68 0.0 
82843.05 0.49 0.0 
84478.64 0.53 0.0 
84869.49 0.42 0.0 
84044.52 0.63 0.0 
85019.40 0.83 0.0 
84524.48 0.78 0.0 
85139.65 0.60 0.0 
84944.23 0.91 0.0 
86235.48 0.51 0.0 
