2134.96 0.32 0.0 
2100.77 0.30 0.0 
2340.48 0.62 0.0 
3138.99 0.81 0.0 
6743.39 0.72 0.0 
6548.69 0.69 0.0 
6994.96 0.79 0.0 
7113.43 0.59 0.0 
6743.36 0.55 0.0 
6994.95 0.54 0.0 
9047.71 0.55 0.0 
11494.99 0.59 0.0 
11178.31 0.33 0.0 
12543.56 0.60 0.0 
14405.45 0.57 0.0 
14389.66 0.69 0.0 
14405.40 0.41 0.0 
14492.39 0.38 0.0 
15558.05 0.57 0.0 
15558.02 0.68 0.0 
17312.43 0.60 0.0 
19008.29 0.36 0.0 
21465.89 0.34 0.0 
26417.99 0.54 0.0 
26521.03 0.39 0.0 
26521.59 0.51 0.0 
26355.65 0.63 0.0 
26418.03 0.48 0.0 
27965.19 0.37 0.0 
26355.66 0.82 0.0 
27257.41 0.57 0.0 
29012.88 0.85 0.0 
28166.55 0.42 0.0 
29012.89 0.58 0.0 
32658.09 0.42 0.0 
32658.13 0.66 0.0 
34249.23 0.33 0.0 
34249.23 0.32 0.0 
35979.67 0.38 0.0 
36137.25 0.57 0.0 
37221.51 0.31 0.0 
37233.61 0.68 0.0 
37233.61 0.70 0.0 
38644.23 0.57 0.0 
43243.50 0.66 0.0 
46565.89 0.43 0.0 
47761.51 0.50 0.0 
47784.07 0.32 0.0 
48255.88 0.77 0.0 
49367.47 0.56 0.0 
49367.47 0.75 0.0 
50882.79 0.47 0.0 
51194.60 0.65 0.0 
51194.60 0.85 0.0 
59790.47 0.53 0.0 
61110.87 0.40 0.0 
60800.32 0.66 0.0 
65389.91 0.51 0.0 
65551.47 0.81 0.0 
66212.56 0.86 0.0 
65551.43 0.56 0.0 
66212.57 0.37 0.0 
72018.88 0.91 0.0 
72475.00 0.95 0.0 
72475.01 0.95 0.0 
72018.89 0.94 0.0 
76098.92 0.77 0.0 
76098.92 0.91 0.0 
83186.05 0.69 0.0 
82843.61 0.39 0.0 
