2008.59 0.42 0.0 
4244.32 0.96 0.0 
5733.20 0.31 0.0 
6674.17 0.51 0.0 
7300.16 0.89 0.0 
7300.16 0.73 0.0 
9645.83 0.93 0.0 
11025.31 0.39 0.0 
12774.88 0.51 0.0 
17099.56 0.34 0.0 
16558.53 0.39 0.0 
23339.57 0.35 0.0 
23241.32 0.36 0.0 
23548.73 0.30 0.0 
25681.03 0.30 0.0 
28439.04 0.65 0.0 
28990.19 0.39 0.0 
30233.56 0.57 0.0 
42163.63 0.32 0.0 
41990.57 0.30 0.0 
42311.97 0.32 0.0 
45148.80 0.47 0.0 
48087.93 0.34 0.0 
47388.15 0.35 0.0 
47651.17 0.37 0.0 
50188.92 0.30 0.0 
50865.60 0.76 0.0 
52366.99 0.33 0.0 
53417.73 0.32 0.0 
53344.41 0.32 0.0 
56366.13 0.56 0.0 
56755.51 0.39 0.0 
57174.27 0.62 0.0 
57246.01 0.36 0.0 
59096.85 0.48 0.0 
60642.99 0.48 0.0 
59830.99 0.36 0.0 
61075.51 0.38 0.0 
65353.52 0.59 0.0 
67748.67 0.37 0.0 
70592.97 0.37 0.0 
70592.92 0.35 0.0 
70288.60 0.37 0.0 
69126.51 0.59 0.0 
70962.40 0.63 0.0 
70543.99 0.67 0.0 
70962.40 0.53 0.0 
71128.43 0.77 0.0 
71128.47 0.37 0.0 
70753.40 0.36 0.0 
71038.63 0.36 0.0 
71718.21 0.35 0.0 
72297.45 0.47 0.0 
72203.20 0.71 0.0 
72203.15 0.87 0.0 
72627.99 0.44 0.0 
72660.99 0.68 0.0 
73247.59 0.36 0.0 
71653.79 0.41 0.0 
72660.97 0.41 0.0 
73293.15 0.59 0.0 
73959.57 0.53 0.0 
74450.97 0.43 0.0 
75082.09 0.32 0.0 
75807.91 0.92 0.0 
85343.41 0.39 0.0 
86246.48 0.37 0.0 
