4244.28 0.31 0.0 
4615.59 0.44 0.0 
7300.87 0.39 0.0 
7300.83 0.40 0.0 
9647.37 0.61 0.0 
9647.38 0.84 0.0 
10666.39 0.30 0.0 
11027.58 0.36 0.0 
16516.87 0.62 0.0 
19892.81 0.31 0.0 
23536.13 0.43 0.0 
23672.60 0.41 0.0 
26568.39 0.34 0.0 
28990.33 0.38 0.0 
29209.79 0.44 0.0 
31950.97 0.40 0.0 
31981.78 0.48 0.0 
45528.35 0.33 0.0 
46758.79 0.37 0.0 
47390.86 0.43 0.0 
52359.21 0.43 0.0 
50868.29 0.49 0.0 
53422.83 0.36 0.0 
56758.08 0.72 0.0 
57552.39 0.39 0.0 
57552.37 0.42 0.0 
58149.77 0.39 0.0 
58149.73 0.42 0.0 
59011.27 0.32 0.0 
59716.69 0.53 0.0 
60199.89 0.38 0.0 
60754.27 0.33 0.0 
60722.91 0.42 0.0 
60796.15 0.34 0.0 
61219.01 0.48 0.0 
60405.58 0.60 0.0 
63772.27 0.41 0.0 
63772.29 0.52 0.0 
65682.03 0.58 0.0 
64932.63 0.42 0.0 
67936.47 0.33 0.0 
67848.47 0.32 0.0 
69207.61 0.35 0.0 
70965.72 0.48 0.0 
70755.68 0.61 0.0 
71130.55 0.54 0.0 
71643.61 0.50 0.0 
71130.56 0.74 0.0 
70965.73 0.59 0.0 
71722.87 0.58 0.0 
71722.84 0.34 0.0 
71494.74 0.65 0.0 
71566.70 0.77 0.0 
72360.49 0.57 0.0 
72098.95 0.37 0.0 
72208.20 0.68 0.0 
72208.20 0.67 0.0 
72604.89 0.45 0.0 
72666.89 0.57 0.0 
73128.72 0.37 0.0 
73230.97 0.50 0.0 
73257.87 0.49 0.0 
72666.86 0.55 0.0 
72930.67 0.33 0.0 
73303.75 0.43 0.0 
73382.65 0.51 0.0 
73297.23 0.38 0.0 
73303.77 0.56 0.0 
73128.72 0.71 0.0 
73637.88 0.57 0.0 
72465.48 0.37 0.0 
73247.66 0.56 0.0 
73257.90 0.47 0.0 
74001.96 0.39 0.0 
74222.03 0.32 0.0 
74029.56 0.54 0.0 
74252.72 0.33 0.0 
74029.57 0.57 0.0 
