253.73 0.35 0.0 
929.19 0.32 0.0 
2770.48 0.53 0.0 
2891.72 0.38 0.0 
3676.43 0.33 0.0 
4284.53 0.44 0.0 
4485.68 0.54 0.0 
4843.36 0.34 0.0 
5024.41 0.36 0.0 
5900.53 0.49 0.0 
5900.57 0.34 0.0 
6075.93 0.41 0.0 
6514.18 0.36 0.0 
6734.33 0.76 0.0 
6662.85 0.42 0.0 
6809.09 0.66 0.0 
8738.64 0.68 0.0 
9343.57 0.51 0.0 
9342.32 0.30 0.0 
9374.08 0.54 0.0 
11083.45 0.49 0.0 
11469.93 0.51 0.0 
12027.73 0.60 0.0 
12952.81 0.33 0.0 
12898.47 0.32 0.0 
14634.76 0.33 0.0 
14682.73 0.58 0.0 
15184.59 0.38 0.0 
15284.48 0.44 0.0 
15344.51 0.78 0.0 
16062.68 0.33 0.0 
16225.76 0.31 0.0 
16676.11 0.80 0.0 
16810.94 0.64 0.0 
16747.73 0.77 0.0 
16810.92 0.45 0.0 
17189.24 0.35 0.0 
17189.27 0.93 0.0 
17290.51 0.81 0.0 
17290.53 0.78 0.0 
17470.13 0.62 0.0 
18208.93 0.35 0.0 
18868.45 0.41 0.0 
19468.23 0.33 0.0 
20298.93 0.33 0.0 
20309.51 0.52 0.0 
20559.85 0.55 0.0 
20774.21 0.45 0.0 
20700.41 0.33 0.0 
20860.33 0.40 0.0 
20872.08 0.46 0.0 
21205.92 0.60 0.0 
21485.92 0.83 0.0 
21768.01 0.42 0.0 
22336.37 0.34 0.0 
22427.28 0.38 0.0 
22902.87 0.35 0.0 
23178.93 0.49 0.0 
24554.25 0.38 0.0 
24820.96 0.50 0.0 
25385.99 0.51 0.0 
26353.44 0.36 0.0 
27539.37 0.71 0.0 
29171.83 0.51 0.0 
29215.13 0.45 0.0 
29407.15 0.33 0.0 
29519.20 0.36 0.0 
29455.64 0.49 0.0 
29984.49 0.44 0.0 
30457.04 0.38 0.0 
32339.25 0.69 0.0 
32497.93 0.30 0.0 
32667.25 0.54 0.0 
33357.05 0.51 0.0 
34226.40 0.34 0.0 
34390.35 0.41 0.0 
35468.99 0.76 0.0 
36341.01 0.33 0.0 
36566.65 0.49 0.0 
36839.33 0.53 0.0 
37587.34 0.31 0.0 
37625.32 0.47 0.0 
39012.95 0.36 0.0 
39178.59 0.44 0.0 
40603.84 0.37 0.0 
41502.45 0.57 0.0 
43018.53 0.52 0.0 
43206.13 0.40 0.0 
43149.05 0.71 0.0 
46031.65 0.48 0.0 
48873.12 0.32 0.0 
49079.15 0.89 0.0 
49946.13 0.62 0.0 
54852.87 0.33 0.0 
55961.17 0.43 0.0 
55947.73 0.66 0.0 
57561.85 0.58 0.0 
58151.68 0.37 0.0 
59414.01 0.39 0.0 
59615.25 0.32 0.0 
60040.16 0.38 0.0 
59953.19 0.73 0.0 
60040.16 0.36 0.0 
60854.15 0.60 0.0 
61032.56 0.51 0.0 
61842.57 0.44 0.0 
64742.19 0.33 0.0 
65263.92 0.34 0.0 
65531.33 0.41 0.0 
66520.32 0.35 0.0 
66608.92 0.57 0.0 
69484.81 0.34 0.0 
71201.85 0.46 0.0 
72343.52 0.53 0.0 
73899.00 0.55 0.0 
75239.27 0.63 0.0 
75973.95 0.31 0.0 
76153.55 0.75 0.0 
77173.53 0.34 0.0 
78237.13 0.37 0.0 
78461.49 0.35 0.0 
78777.37 0.62 0.0 
79049.19 0.49 0.0 
79421.56 0.36 0.0 
80289.03 0.32 0.0 
80893.57 0.43 0.0 
81356.75 0.66 0.0 
82510.69 0.40 0.0 
83003.21 0.45 0.0 
83473.73 0.47 0.0 
84311.25 0.56 0.0 
84850.15 0.80 0.0 
84869.43 0.47 0.0 
86232.29 0.48 0.0 
