1346.20 0.48 0.0 
8636.93 0.38 0.0 
9675.90 0.35 0.0 
11184.47 0.59 0.0 
12564.17 0.46 0.0 
12780.12 0.88 0.0 
12787.00 0.40 0.0 
12780.16 0.43 0.0 
12787.09 0.64 0.0 
14262.68 0.37 0.0 
14262.61 0.46 0.0 
14954.56 0.68 0.0 
15876.09 0.50 0.0 
16330.47 0.36 0.0 
17978.27 0.51 0.0 
25601.75 0.32 0.0 
30461.52 0.31 0.0 
32743.89 0.44 0.0 
35784.69 0.69 0.0 
37076.59 0.40 0.0 
43094.57 0.37 0.0 
48130.89 0.31 0.0 
56008.35 0.56 0.0 
72333.08 0.33 0.0 
72458.43 0.34 0.0 
82286.91 0.66 0.0 
82632.93 0.58 0.0 
82827.16 0.37 0.0 
