825.19 0.33 0.0 
1998.15 0.69 0.0 
5125.33 0.59 0.0 
5158.15 0.39 0.0 
5158.19 0.37 0.0 
5163.71 0.64 0.0 
5236.83 0.37 0.0 
5283.34 0.85 0.0 
5283.34 0.88 0.0 
5456.97 0.43 0.0 
5489.32 0.34 0.0 
5503.98 0.89 0.0 
5456.96 0.70 0.0 
5463.79 0.71 0.0 
5503.97 0.83 0.0 
5463.84 0.68 0.0 
5640.88 0.37 0.0 
5749.93 0.59 0.0 
5749.90 0.54 0.0 
5866.12 0.42 0.0 
9753.67 0.56 0.0 
12796.96 0.62 0.0 
12796.98 0.64 0.0 
13775.99 0.36 0.0 
13818.67 0.34 0.0 
13920.48 0.63 0.0 
14300.19 0.44 0.0 
14382.40 0.70 0.0 
18975.77 0.38 0.0 
19036.57 0.44 0.0 
19289.49 0.66 0.0 
19397.51 0.57 0.0 
19827.43 0.35 0.0 
19867.44 0.69 0.0 
19867.44 0.87 0.0 
20506.69 0.51 0.0 
20577.32 0.73 0.0 
20748.19 0.41 0.0 
20825.13 0.37 0.0 
21343.89 0.32 0.0 
21681.72 0.36 0.0 
22305.68 0.70 0.0 
23595.71 0.32 0.0 
23840.39 0.51 0.0 
23935.31 0.32 0.0 
24056.68 0.72 0.0 
24437.11 0.31 0.0 
24481.51 0.54 0.0 
24496.19 0.31 0.0 
24577.63 0.56 0.0 
24549.31 0.56 0.0 
24577.65 0.69 0.0 
24549.29 0.75 0.0 
24627.09 0.73 0.0 
24642.63 0.82 0.0 
24652.38 0.62 0.0 
24652.39 0.52 0.0 
24660.59 0.85 0.0 
24674.93 0.52 0.0 
24660.60 0.79 0.0 
24674.81 0.70 0.0 
24750.39 0.50 0.0 
24757.55 0.59 0.0 
24762.83 0.71 0.0 
24750.48 0.82 0.0 
24757.53 0.79 0.0 
24762.82 0.75 0.0 
25137.78 0.56 0.0 
25137.77 0.41 0.0 
26335.41 0.40 0.0 
26335.39 0.44 0.0 
26343.49 0.32 0.0 
26834.35 0.34 0.0 
26989.61 0.33 0.0 
27239.93 0.49 0.0 
27766.95 0.55 0.0 
28081.57 0.43 0.0 
28279.72 0.77 0.0 
28892.00 0.54 0.0 
28991.40 0.59 0.0 
28991.35 0.41 0.0 
29120.44 0.81 0.0 
29120.47 0.86 0.0 
29195.23 0.49 0.0 
29320.03 0.33 0.0 
29732.43 0.57 0.0 
30422.07 0.37 0.0 
30886.52 0.70 0.0 
30959.75 0.45 0.0 
31024.59 0.70 0.0 
31530.65 0.55 0.0 
31688.75 0.36 0.0 
31772.52 0.61 0.0 
31966.73 0.63 0.0 
32036.11 0.41 0.0 
32379.32 0.41 0.0 
32344.23 0.37 0.0 
32675.67 0.31 0.0 
33362.75 0.46 0.0 
33567.91 0.41 0.0 
33638.09 0.32 0.0 
34307.91 0.61 0.0 
34746.43 0.46 0.0 
34874.66 0.44 0.0 
35354.09 0.38 0.0 
35317.59 0.30 0.0 
35410.47 0.48 0.0 
35410.46 0.86 0.0 
35416.81 0.30 0.0 
35781.11 0.36 0.0 
35789.27 0.37 0.0 
35893.75 0.46 0.0 
36495.28 0.39 0.0 
36501.35 0.57 0.0 
36501.33 0.58 0.0 
36833.61 0.70 0.0 
37104.22 0.44 0.0 
37324.29 0.50 0.0 
37949.79 0.34 0.0 
38054.07 0.31 0.0 
38193.75 0.48 0.0 
38609.67 0.39 0.0 
38816.33 0.67 0.0 
39305.79 0.51 0.0 
39541.80 0.60 0.0 
39551.11 0.33 0.0 
39541.80 0.82 0.0 
39678.10 0.80 0.0 
39678.11 0.39 0.0 
40398.03 0.50 0.0 
40351.55 0.34 0.0 
40460.95 0.74 0.0 
40460.95 0.54 0.0 
40662.83 0.65 0.0 
41186.95 0.54 0.0 
41477.53 0.66 0.0 
42041.51 0.33 0.0 
42041.53 0.42 0.0 
42183.59 0.63 0.0 
42860.81 0.58 0.0 
42860.76 0.57 0.0 
43668.75 0.79 0.0 
43727.71 0.56 0.0 
44300.21 0.39 0.0 
44391.87 0.30 0.0 
44481.05 0.65 0.0 
44481.04 0.49 0.0 
44533.97 0.33 0.0 
44662.75 0.63 0.0 
44681.21 0.32 0.0 
44764.36 0.45 0.0 
44785.51 0.32 0.0 
44856.48 0.34 0.0 
44856.49 0.83 0.0 
44875.64 0.46 0.0 
44875.63 0.47 0.0 
44937.23 0.74 0.0 
44937.24 0.41 0.0 
45182.95 0.36 0.0 
46061.43 0.36 0.0 
46450.47 0.71 0.0 
47779.17 0.42 0.0 
48120.71 0.43 0.0 
48353.64 0.62 0.0 
48353.64 0.58 0.0 
73581.96 0.90 0.0 
73581.96 0.88 0.0 
75095.85 0.33 0.0 
75225.76 0.78 0.0 
75225.82 0.77 0.0 
76454.87 0.51 0.0 
78915.91 0.35 0.0 
79157.44 0.73 0.0 
79157.45 0.69 0.0 
79312.31 0.38 0.0 
79416.83 0.66 0.0 
79416.87 0.74 0.0 
81664.44 0.34 0.0 
82350.28 0.65 0.0 
82350.39 0.73 0.0 
82374.27 0.53 0.0 
82332.78 0.40 0.0 
82332.79 0.56 0.0 
82344.90 0.80 0.0 
82374.23 0.46 0.0 
82386.87 0.48 0.0 
82386.87 0.58 0.0 
82397.31 0.42 0.0 
82403.63 0.42 0.0 
82450.95 0.68 0.0 
82578.45 0.75 0.0 
82594.72 0.74 0.0 
82600.27 0.48 0.0 
82594.71 0.50 0.0 
82578.41 0.77 0.0 
82761.32 0.40 0.0 
82938.60 0.38 0.0 
82938.57 0.35 0.0 
82979.31 0.48 0.0 
84079.00 0.76 0.0 
84078.97 0.76 0.0 
84119.95 0.49 0.0 
85479.57 0.60 0.0 
85708.44 0.44 0.0 
