3221.61 0.40 0.0 
5122.81 0.49 0.0 
5153.59 0.54 0.0 
5122.80 0.32 0.0 
5278.15 0.48 0.0 
5278.16 0.44 0.0 
5352.92 0.34 0.0 
5456.93 0.42 0.0 
5502.85 0.46 0.0 
5451.93 0.64 0.0 
5461.69 0.48 0.0 
5470.95 0.43 0.0 
5502.89 0.34 0.0 
5516.24 0.50 0.0 
5489.31 0.37 0.0 
5557.86 0.34 0.0 
5712.68 0.57 0.0 
5877.41 0.30 0.0 
7198.69 0.38 0.0 
8804.65 0.48 0.0 
9464.19 0.88 0.0 
10034.07 0.56 0.0 
11308.05 0.53 0.0 
12793.81 0.70 0.0 
12882.51 0.33 0.0 
15809.30 0.58 0.0 
17680.43 0.41 0.0 
19034.60 0.66 0.0 
19286.56 0.73 0.0 
19395.07 0.33 0.0 
19452.89 0.37 0.0 
20126.29 0.60 0.0 
20444.19 0.32 0.0 
20697.41 0.33 0.0 
20823.41 0.32 0.0 
21343.94 0.38 0.0 
21552.57 0.63 0.0 
21809.48 0.49 0.0 
21947.15 0.48 0.0 
22514.28 0.59 0.0 
22661.83 0.68 0.0 
22753.61 0.31 0.0 
22769.49 0.48 0.0 
23025.29 0.36 0.0 
23055.96 0.80 0.0 
23173.69 0.32 0.0 
23189.27 0.31 0.0 
23518.94 0.51 0.0 
23759.48 0.34 0.0 
23838.92 0.64 0.0 
23834.01 0.32 0.0 
23881.77 0.52 0.0 
23932.89 0.52 0.0 
24053.49 0.34 0.0 
24053.50 0.56 0.0 
24311.63 0.67 0.0 
24359.35 0.30 0.0 
24546.48 0.39 0.0 
24546.47 0.37 0.0 
24642.64 0.69 0.0 
24650.96 0.49 0.0 
24657.07 0.68 0.0 
24671.12 0.39 0.0 
24671.14 0.85 0.0 
24755.43 0.37 0.0 
24777.33 0.50 0.0 
25127.57 0.38 0.0 
25153.80 0.71 0.0 
25233.68 0.59 0.0 
25588.52 0.40 0.0 
26054.48 0.49 0.0 
26083.15 0.35 0.0 
26279.48 0.49 0.0 
26309.48 0.58 0.0 
26335.34 0.42 0.0 
26331.21 0.33 0.0 
26368.87 0.35 0.0 
26493.89 0.33 0.0 
26831.85 0.32 0.0 
27158.80 0.37 0.0 
27287.33 0.49 0.0 
27287.31 0.70 0.0 
27403.92 0.57 0.0 
27703.85 0.65 0.0 
27942.80 0.38 0.0 
28229.33 0.47 0.0 
28275.24 0.78 0.0 
28573.53 0.33 0.0 
28844.28 0.33 0.0 
28891.36 0.60 0.0 
28919.33 0.59 0.0 
28953.67 0.36 0.0 
29069.26 0.32 0.0 
29118.39 0.34 0.0 
29118.40 0.48 0.0 
29193.18 0.36 0.0 
29533.40 0.59 0.0 
30944.13 0.49 0.0 
31020.68 0.50 0.0 
31250.32 0.45 0.0 
32032.15 0.42 0.0 
32534.57 0.46 0.0 
32602.80 0.58 0.0 
32602.79 0.43 0.0 
32681.21 0.37 0.0 
32670.64 0.68 0.0 
33089.33 0.70 0.0 
33635.44 0.38 0.0 
33702.01 0.34 0.0 
33635.41 0.34 0.0 
34306.21 0.32 0.0 
34423.87 0.33 0.0 
34874.53 0.32 0.0 
35247.91 0.71 0.0 
35350.51 0.44 0.0 
35354.03 0.39 0.0 
35406.12 0.90 0.0 
35406.11 0.94 0.0 
35414.35 0.53 0.0 
35446.72 0.67 0.0 
35456.20 0.43 0.0 
35456.24 0.66 0.0 
35624.49 0.52 0.0 
35585.05 0.37 0.0 
35684.45 0.34 0.0 
35789.28 0.69 0.0 
35885.41 0.32 0.0 
35905.35 0.30 0.0 
35885.39 0.30 0.0 
35892.32 0.86 0.0 
36268.77 0.37 0.0 
36489.92 0.79 0.0 
36495.29 0.36 0.0 
36569.51 0.50 0.0 
36717.71 0.36 0.0 
37101.97 0.41 0.0 
37322.20 0.38 0.0 
37364.19 0.32 0.0 
37706.17 0.31 0.0 
37765.76 0.43 0.0 
37843.23 0.34 0.0 
37846.33 0.41 0.0 
37947.37 0.46 0.0 
38054.07 0.35 0.0 
38143.48 0.54 0.0 
38607.96 0.72 0.0 
38939.45 0.32 0.0 
38939.48 0.71 0.0 
39303.37 0.45 0.0 
39313.39 0.32 0.0 
39488.81 0.32 0.0 
39537.37 0.31 0.0 
39537.27 0.40 0.0 
39675.09 0.39 0.0 
39688.15 0.75 0.0 
39936.01 0.38 0.0 
40010.13 0.45 0.0 
40292.36 0.79 0.0 
40364.36 0.55 0.0 
40453.76 0.44 0.0 
41279.56 0.74 0.0 
41414.57 0.33 0.0 
41476.25 0.31 0.0 
41702.61 0.38 0.0 
41769.32 0.37 0.0 
42039.48 0.52 0.0 
42087.84 0.71 0.0 
42148.11 0.32 0.0 
42344.49 0.32 0.0 
42464.45 0.34 0.0 
42390.88 0.40 0.0 
42478.87 0.78 0.0 
42554.44 0.39 0.0 
42806.95 0.69 0.0 
42856.49 0.72 0.0 
42856.39 0.40 0.0 
43272.41 0.35 0.0 
43678.05 0.64 0.0 
43707.85 0.47 0.0 
43888.33 0.41 0.0 
44159.32 0.78 0.0 
44278.59 0.38 0.0 
44361.24 0.33 0.0 
44369.43 0.66 0.0 
44398.71 0.33 0.0 
44461.81 0.73 0.0 
44480.32 0.59 0.0 
44533.98 0.66 0.0 
44660.13 0.49 0.0 
44742.72 0.61 0.0 
44874.09 0.32 0.0 
44997.16 0.79 0.0 
45193.08 0.87 0.0 
45230.23 0.34 0.0 
45433.88 0.86 0.0 
45782.83 0.48 0.0 
45779.01 0.31 0.0 
45782.84 0.80 0.0 
45964.25 0.40 0.0 
45973.94 0.63 0.0 
46050.59 0.30 0.0 
46153.69 0.32 0.0 
46450.48 0.67 0.0 
46513.36 0.53 0.0 
46664.24 0.78 0.0 
46850.71 0.63 0.0 
47967.68 0.73 0.0 
48352.76 0.62 0.0 
48352.76 0.33 0.0 
48435.95 0.64 0.0 
50202.27 0.63 0.0 
51523.91 0.34 0.0 
60989.57 0.30 0.0 
65773.69 0.37 0.0 
73577.32 0.77 0.0 
73577.36 0.66 0.0 
76182.56 0.38 0.0 
78913.21 0.46 0.0 
79214.17 0.33 0.0 
79416.03 0.32 0.0 
79542.04 0.30 0.0 
79934.51 0.83 0.0 
81059.23 0.51 0.0 
82344.88 0.54 0.0 
82379.60 0.58 0.0 
82332.80 0.43 0.0 
82342.08 0.52 0.0 
82450.95 0.83 0.0 
82598.17 0.32 0.0 
82979.26 0.74 0.0 
83817.95 0.39 0.0 
84075.12 0.65 0.0 
85345.19 0.58 0.0 
