667.20 0.61 0.0 
667.16 0.75 0.0 
1318.32 0.31 0.0 
1621.99 0.72 0.0 
1622.00 0.83 0.0 
2335.71 0.78 0.0 
2487.52 0.33 0.0 
2487.39 0.69 0.0 
3515.45 0.37 0.0 
3515.44 0.68 0.0 
4400.48 0.44 0.0 
4400.49 0.55 0.0 
5143.20 0.37 0.0 
5288.88 0.30 0.0 
6105.52 0.54 0.0 
6564.97 0.50 0.0 
6884.41 0.57 0.0 
7659.01 0.70 0.0 
7659.01 0.76 0.0 
8114.47 0.54 0.0 
8238.77 0.74 0.0 
8238.73 0.65 0.0 
8445.81 0.37 0.0 
8582.75 0.34 0.0 
8515.44 0.35 0.0 
8515.43 0.51 0.0 
8805.77 0.31 0.0 
8803.80 0.38 0.0 
8803.84 0.82 0.0 
9313.21 0.45 0.0 
9313.21 0.85 0.0 
9537.27 0.62 0.0 
9862.72 0.38 0.0 
9862.67 0.65 0.0 
10211.45 0.35 0.0 
10309.05 0.55 0.0 
10309.05 0.75 0.0 
10867.13 0.34 0.0 
11024.00 0.77 0.0 
10801.35 0.53 0.0 
11269.25 0.69 0.0 
11269.25 0.68 0.0 
11743.97 0.95 0.0 
11819.95 0.31 0.0 
11834.17 0.79 0.0 
12186.94 0.91 0.0 
12186.94 0.93 0.0 
12272.04 0.74 0.0 
12272.08 0.56 0.0 
12280.25 0.33 0.0 
12576.17 0.65 0.0 
12576.15 0.71 0.0 
12612.80 0.38 0.0 
13605.27 0.58 0.0 
13605.33 0.60 0.0 
13822.44 0.82 0.0 
14037.21 0.84 0.0 
13822.42 0.76 0.0 
14037.23 0.86 0.0 
14260.12 0.38 0.0 
14379.44 0.35 0.0 
14451.68 0.77 0.0 
14451.73 0.43 0.0 
14819.47 0.30 0.0 
14955.89 0.36 0.0 
14862.50 0.81 0.0 
15014.12 0.80 0.0 
15036.09 0.68 0.0 
15108.99 0.43 0.0 
15379.68 0.57 0.0 
15737.63 0.81 0.0 
16157.63 0.42 0.0 
16320.15 0.36 0.0 
16466.31 0.43 0.0 
16547.08 0.44 0.0 
16547.08 0.48 0.0 
16577.24 0.64 0.0 
16469.07 0.53 0.0 
16577.17 0.48 0.0 
16980.20 0.32 0.0 
16980.11 0.62 0.0 
17218.07 0.73 0.0 
17774.31 0.88 0.0 
17774.32 0.77 0.0 
18162.64 0.61 0.0 
18162.63 0.48 0.0 
18342.40 0.71 0.0 
18143.04 0.61 0.0 
18537.73 0.86 0.0 
18537.73 0.45 0.0 
18586.60 0.31 0.0 
19014.39 0.46 0.0 
18962.96 0.41 0.0 
19316.13 0.80 0.0 
19316.20 0.31 0.0 
19734.45 0.88 0.0 
19734.44 0.60 0.0 
20166.45 0.55 0.0 
20489.20 0.85 0.0 
20166.52 0.34 0.0 
20489.18 0.39 0.0 
20647.12 0.86 0.0 
20647.13 0.87 0.0 
20972.43 0.42 0.0 
21146.23 0.50 0.0 
21146.31 0.81 0.0 
21695.22 0.90 0.0 
21695.20 0.68 0.0 
22235.99 0.68 0.0 
22236.00 0.41 0.0 
22844.52 0.33 0.0 
22844.51 0.84 0.0 
23029.09 0.34 0.0 
23386.09 0.38 0.0 
23386.15 0.52 0.0 
23636.80 0.42 0.0 
23980.85 0.42 0.0 
23922.85 0.31 0.0 
23987.83 0.77 0.0 
23987.91 0.58 0.0 
24596.44 0.74 0.0 
24596.45 0.56 0.0 
25262.85 0.42 0.0 
25262.88 0.32 0.0 
25274.24 0.59 0.0 
25231.26 0.47 0.0 
25228.84 0.67 0.0 
25832.12 0.60 0.0 
26159.08 0.32 0.0 
25948.25 0.49 0.0 
26454.85 0.31 0.0 
27014.48 0.55 0.0 
27107.72 0.39 0.0 
27537.41 0.49 0.0 
27674.52 0.52 0.0 
27779.79 0.52 0.0 
28328.84 0.67 0.0 
28429.80 0.74 0.0 
28473.61 0.35 0.0 
28429.79 0.86 0.0 
28328.85 0.83 0.0 
28578.70 0.32 0.0 
28752.97 0.37 0.0 
28739.49 0.70 0.0 
28671.93 0.56 0.0 
28893.85 0.49 0.0 
28993.04 0.36 0.0 
29599.09 0.56 0.0 
29599.05 0.72 0.0 
29730.88 0.55 0.0 
29827.27 0.80 0.0 
30203.72 0.46 0.0 
30903.07 0.38 0.0 
30857.27 0.47 0.0 
31433.97 0.83 0.0 
31434.01 0.41 0.0 
31970.73 0.87 0.0 
31970.73 0.91 0.0 
31977.85 0.35 0.0 
32604.65 0.43 0.0 
32559.76 0.32 0.0 
33611.87 0.84 0.0 
33611.89 0.51 0.0 
34247.96 0.45 0.0 
34248.45 0.45 0.0 
34524.80 0.74 0.0 
34542.05 0.66 0.0 
34542.04 0.65 0.0 
34344.36 0.39 0.0 
34943.21 0.64 0.0 
34943.20 0.54 0.0 
35399.57 0.30 0.0 
35533.63 0.91 0.0 
35533.65 0.65 0.0 
35813.20 0.54 0.0 
35813.17 0.51 0.0 
36104.13 0.68 0.0 
36104.10 0.93 0.0 
36238.57 0.33 0.0 
36629.69 0.76 0.0 
37270.32 0.66 0.0 
37812.59 0.73 0.0 
38993.00 0.31 0.0 
39283.32 0.87 0.0 
39283.32 0.83 0.0 
39571.33 0.32 0.0 
40763.47 0.86 0.0 
40763.48 0.80 0.0 
41409.64 0.75 0.0 
41952.25 0.64 0.0 
42568.73 0.75 0.0 
42868.01 0.35 0.0 
43152.28 0.53 0.0 
42868.03 0.86 0.0 
43152.27 0.92 0.0 
43689.85 0.47 0.0 
45594.80 0.31 0.0 
46887.59 0.88 0.0 
47556.81 0.39 0.0 
49498.20 0.88 0.0 
49769.01 0.44 0.0 
50846.13 0.37 0.0 
51535.46 0.53 0.0 
53369.60 0.32 0.0 
53562.24 0.81 0.0 
53562.24 0.77 0.0 
55646.27 0.47 0.0 
56038.09 0.52 0.0 
58880.52 0.59 0.0 
60715.53 0.40 0.0 
62262.23 0.56 0.0 
62262.23 0.87 0.0 
63145.76 0.65 0.0 
63318.76 0.46 0.0 
63643.69 0.36 0.0 
63764.01 0.39 0.0 
64166.20 0.37 0.0 
64229.59 0.53 0.0 
64863.11 0.34 0.0 
64904.51 0.57 0.0 
65678.07 0.72 0.0 
67608.40 0.63 0.0 
67608.41 0.41 0.0 
69552.75 0.87 0.0 
70949.52 0.75 0.0 
71377.93 0.35 0.0 
75717.28 0.43 0.0 
76271.37 0.73 0.0 
76271.38 0.67 0.0 
77339.53 0.84 0.0 
77573.51 0.60 0.0 
77440.20 0.34 0.0 
78303.04 0.32 0.0 
79428.04 0.60 0.0 
80311.29 0.35 0.0 
80696.40 0.65 0.0 
81718.49 0.52 0.0 
82107.13 0.82 0.0 
81834.51 0.57 0.0 
81941.93 0.53 0.0 
82107.12 0.79 0.0 
83309.44 0.55 0.0 
83267.96 0.52 0.0 
83915.09 0.51 0.0 
83949.64 0.32 0.0 
86140.85 0.47 0.0 
