494.08 0.96 0.0 
1167.45 0.54 0.0 
4018.39 0.84 0.0 
5221.49 0.62 0.0 
4619.57 0.36 0.0 
5251.33 0.33 0.0 
5183.65 0.38 0.0 
4933.29 0.33 0.0 
5422.40 0.35 0.0 
5416.73 0.38 0.0 
7171.90 0.46 0.0 
9193.29 0.32 0.0 
9898.21 0.61 0.0 
10442.76 0.48 0.0 
10444.59 0.85 0.0 
10444.62 0.67 0.0 
11220.65 0.53 0.0 
11220.67 0.69 0.0 
11541.85 0.66 0.0 
11992.33 0.40 0.0 
13559.33 0.85 0.0 
13938.77 0.39 0.0 
14683.32 0.33 0.0 
15314.09 0.31 0.0 
16783.69 0.46 0.0 
17308.29 0.62 0.0 
17503.92 0.71 0.0 
17209.92 0.42 0.0 
19515.64 0.74 0.0 
19559.47 0.94 0.0 
19515.59 0.34 0.0 
19561.57 0.43 0.0 
19756.35 0.69 0.0 
19724.17 0.40 0.0 
19559.45 0.31 0.0 
19574.60 0.36 0.0 
20519.20 0.90 0.0 
20882.49 0.61 0.0 
20817.35 0.42 0.0 
22019.36 0.69 0.0 
24672.00 0.33 0.0 
24704.29 0.94 0.0 
24722.84 0.59 0.0 
24732.17 0.48 0.0 
27899.00 0.39 0.0 
29877.69 0.31 0.0 
30761.88 0.59 0.0 
31199.19 0.55 0.0 
30898.12 0.94 0.0 
31335.21 0.60 0.0 
31888.75 0.34 0.0 
33828.56 0.52 0.0 
34303.69 0.47 0.0 
33828.56 0.36 0.0 
34921.37 0.66 0.0 
35352.49 0.64 0.0 
35789.17 0.87 0.0 
36239.28 0.65 0.0 
37781.45 0.86 0.0 
38158.45 0.65 0.0 
37934.48 0.49 0.0 
39256.37 0.50 0.0 
39687.68 0.75 0.0 
39688.56 0.31 0.0 
39417.56 0.79 0.0 
39493.48 0.36 0.0 
40109.01 0.52 0.0 
40333.44 0.35 0.0 
41395.73 0.52 0.0 
41621.81 0.54 0.0 
41621.84 0.84 0.0 
42219.12 0.32 0.0 
42548.29 0.56 0.0 
42548.28 0.63 0.0 
42708.80 0.40 0.0 
42672.81 0.59 0.0 
42765.46 0.31 0.0 
42254.57 0.44 0.0 
42762.41 0.36 0.0 
43188.24 0.48 0.0 
43195.44 0.56 0.0 
42633.27 0.45 0.0 
42708.75 0.53 0.0 
43420.56 0.38 0.0 
43557.41 0.52 0.0 
43513.30 0.41 0.0 
43466.97 0.62 0.0 
43453.63 0.84 0.0 
44096.77 0.60 0.0 
44954.44 0.50 0.0 
46061.60 0.53 0.0 
46409.65 0.44 0.0 
46242.25 0.32 0.0 
46065.92 0.77 0.0 
46740.64 0.57 0.0 
46689.89 0.50 0.0 
46605.16 0.37 0.0 
46689.97 0.86 0.0 
46932.49 0.71 0.0 
47758.91 0.38 0.0 
47981.61 0.78 0.0 
47923.69 0.37 0.0 
47818.45 0.53 0.0 
47939.33 0.69 0.0 
48387.61 0.85 0.0 
48749.41 0.89 0.0 
49371.88 0.52 0.0 
49213.54 0.85 0.0 
49548.55 0.40 0.0 
50969.09 0.58 0.0 
51649.79 0.31 0.0 
52394.13 0.50 0.0 
53114.36 0.51 0.0 
53114.36 0.96 0.0 
53257.49 0.48 0.0 
52694.00 0.96 0.0 
53189.58 0.66 0.0 
53174.41 0.60 0.0 
53653.68 0.73 0.0 
53334.04 0.32 0.0 
53653.79 0.48 0.0 
54615.44 0.33 0.0 
54642.25 0.37 0.0 
56037.09 0.30 0.0 
56231.31 0.34 0.0 
56981.88 0.56 0.0 
57718.79 0.97 0.0 
57718.75 0.56 0.0 
59008.20 0.65 0.0 
58616.28 0.37 0.0 
58574.59 0.41 0.0 
59579.51 0.31 0.0 
61748.41 0.43 0.0 
61683.95 0.34 0.0 
61700.64 0.35 0.0 
62037.85 0.30 0.0 
62068.37 0.59 0.0 
62389.28 0.45 0.0 
66236.63 0.31 0.0 
66188.68 0.59 0.0 
66329.46 0.42 0.0 
66580.81 0.35 0.0 
66839.48 0.43 0.0 
67454.09 0.45 0.0 
71999.32 0.46 0.0 
73192.96 0.31 0.0 
76286.17 0.70 0.0 
82261.65 0.43 0.0 
82281.01 0.46 0.0 
82243.53 0.64 0.0 
82511.56 0.56 0.0 
82572.91 0.32 0.0 
83083.73 0.51 0.0 
83472.73 0.52 0.0 
83567.07 0.32 0.0 
83773.36 0.51 0.0 
84545.99 0.54 0.0 
84546.03 0.62 0.0 
84703.96 0.83 0.0 
84929.41 0.66 0.0 
84233.57 0.54 0.0 
84869.32 0.75 0.0 
84883.87 0.36 0.0 
84614.46 0.96 0.0 
85123.37 0.38 0.0 
84973.87 0.65 0.0 
85092.45 0.34 0.0 
85801.37 0.47 0.0 
