526.41 0.46 0.0 
5902.19 0.33 0.0 
6514.35 0.42 0.0 
7575.79 0.55 0.0 
9343.61 0.35 0.0 
12122.65 0.50 0.0 
12394.71 0.34 0.0 
16815.55 0.42 0.0 
17487.47 0.38 0.0 
17487.51 0.34 0.0 
19011.16 0.49 0.0 
20306.83 0.34 0.0 
20701.99 0.42 0.0 
21208.33 0.65 0.0 
21480.49 0.39 0.0 
21489.09 0.40 0.0 
21678.39 0.32 0.0 
22290.71 0.41 0.0 
22336.93 0.36 0.0 
29173.25 0.65 0.0 
29214.93 0.43 0.0 
32161.23 0.31 0.0 
35390.51 0.35 0.0 
38775.58 0.68 0.0 
39017.19 0.38 0.0 
46533.45 0.40 0.0 
47942.31 0.47 0.0 
48438.40 0.51 0.0 
48873.15 0.35 0.0 
49307.49 0.37 0.0 
50463.08 0.37 0.0 
52693.93 0.38 0.0 
54870.51 0.36 0.0 
56251.77 0.49 0.0 
57668.65 0.33 0.0 
59049.45 0.35 0.0 
59346.25 0.39 0.0 
60586.52 0.51 0.0 
61219.15 0.36 0.0 
61129.33 0.57 0.0 
61395.45 0.61 0.0 
62108.78 0.34 0.0 
64273.61 0.32 0.0 
65282.01 0.37 0.0 
66977.89 0.53 0.0 
68758.23 0.51 0.0 
68758.25 0.47 0.0 
68798.27 0.36 0.0 
68798.29 0.51 0.0 
69330.79 0.38 0.0 
72480.93 0.40 0.0 
73927.43 0.55 0.0 
76937.45 0.65 0.0 
77596.03 0.44 0.0 
78108.63 0.31 0.0 
78461.88 0.39 0.0 
78585.85 0.48 0.0 
78530.25 0.40 0.0 
78530.21 0.43 0.0 
78840.93 0.52 0.0 
79397.79 0.53 0.0 
80183.97 0.38 0.0 
80250.39 0.34 0.0 
81032.29 0.51 0.0 
81713.57 0.52 0.0 
82231.03 0.31 0.0 
82711.39 0.35 0.0 
83880.88 0.33 0.0 
83808.71 0.34 0.0 
84263.09 0.35 0.0 
84852.55 0.36 0.0 
84781.03 0.40 0.0 
85160.51 0.36 0.0 
85561.35 0.36 0.0 
