338.85 0.36 0.0 
668.83 0.36 0.0 
2335.77 0.49 0.0 
2342.05 0.31 0.0 
6107.16 0.31 0.0 
6555.91 0.42 0.0 
6567.87 0.43 0.0 
8448.19 0.42 0.0 
8448.21 0.71 0.0 
8583.60 0.55 0.0 
8516.83 0.33 0.0 
8583.59 0.82 0.0 
9864.99 0.44 0.0 
9865.01 0.76 0.0 
10744.49 0.61 0.0 
10699.23 0.33 0.0 
11826.60 0.57 0.0 
11826.61 0.51 0.0 
11839.55 0.35 0.0 
12189.11 0.61 0.0 
12189.13 0.71 0.0 
12274.55 0.61 0.0 
12274.58 0.67 0.0 
12783.64 0.64 0.0 
13379.96 0.45 0.0 
13364.74 0.86 0.0 
13823.29 0.41 0.0 
14039.00 0.71 0.0 
14039.00 0.68 0.0 
14251.99 0.42 0.0 
14272.49 0.35 0.0 
14272.47 0.46 0.0 
14453.87 0.52 0.0 
14761.03 0.45 0.0 
14958.35 0.37 0.0 
14864.35 0.38 0.0 
15060.47 0.37 0.0 
14958.37 0.71 0.0 
15046.57 0.76 0.0 
15110.51 0.33 0.0 
15135.39 0.46 0.0 
15225.52 0.68 0.0 
15381.69 0.60 0.0 
15603.91 0.38 0.0 
16323.16 0.77 0.0 
16469.08 0.75 0.0 
16551.11 0.64 0.0 
16558.05 0.41 0.0 
16323.17 0.80 0.0 
16551.12 0.39 0.0 
16982.16 0.55 0.0 
16982.15 0.43 0.0 
17776.55 0.49 0.0 
18539.91 0.70 0.0 
19736.44 0.36 0.0 
20489.26 0.45 0.0 
20649.33 0.62 0.0 
20649.31 0.30 0.0 
21015.87 0.55 0.0 
21148.36 0.65 0.0 
21148.36 0.73 0.0 
22237.98 0.78 0.0 
22237.94 0.85 0.0 
22846.43 0.44 0.0 
23032.81 0.47 0.0 
23431.01 0.47 0.0 
23689.39 0.41 0.0 
25231.30 0.39 0.0 
25354.09 0.41 0.0 
26456.27 0.50 0.0 
26456.28 0.38 0.0 
28332.15 0.41 0.0 
28431.60 0.58 0.0 
28431.59 0.72 0.0 
28332.06 0.55 0.0 
28578.73 0.34 0.0 
28735.83 0.73 0.0 
28787.21 0.57 0.0 
28893.87 0.66 0.0 
29733.95 0.39 0.0 
29818.58 0.55 0.0 
29642.53 0.33 0.0 
31706.47 0.47 0.0 
31972.97 0.63 0.0 
31972.98 0.70 0.0 
33614.53 0.77 0.0 
33614.47 0.34 0.0 
34251.58 0.76 0.0 
34251.57 0.75 0.0 
34944.80 0.54 0.0 
34944.83 0.50 0.0 
35534.07 0.38 0.0 
35800.55 0.32 0.0 
37272.08 0.52 0.0 
39286.07 0.56 0.0 
39286.08 0.44 0.0 
40765.17 0.32 0.0 
41411.29 0.66 0.0 
41411.31 0.32 0.0 
42568.84 0.31 0.0 
43153.95 0.53 0.0 
44372.85 0.59 0.0 
45844.37 0.45 0.0 
51537.01 0.56 0.0 
53212.12 0.35 0.0 
52921.89 0.36 0.0 
53563.95 0.48 0.0 
53563.95 0.62 0.0 
54336.31 0.49 0.0 
56460.93 0.35 0.0 
64864.65 0.42 0.0 
77581.83 0.34 0.0 
81730.86 0.85 0.0 
82108.88 0.56 0.0 
81730.86 0.88 0.0 
81834.55 0.37 0.0 
83920.63 0.54 0.0 
83920.67 0.39 0.0 
