2264.49 0.71 0.0 
8165.79 0.80 0.0 
8165.81 0.51 0.0 
8714.51 0.36 0.0 
9463.13 0.53 0.0 
11200.95 0.33 0.0 
11669.25 0.45 0.0 
11787.88 0.84 0.0 
11787.88 0.66 0.0 
12041.09 0.51 0.0 
12181.99 0.39 0.0 
12719.51 0.47 0.0 
12836.39 0.57 0.0 
12845.69 0.42 0.0 
12918.33 0.37 0.0 
12929.49 0.38 0.0 
12836.36 0.65 0.0 
12918.29 0.41 0.0 
13124.44 0.48 0.0 
14286.60 0.75 0.0 
14286.56 0.42 0.0 
14531.21 0.75 0.0 
14587.06 0.58 0.0 
14531.24 0.50 0.0 
14587.04 0.73 0.0 
14869.33 0.44 0.0 
14880.53 0.40 0.0 
14869.39 0.65 0.0 
14936.37 0.32 0.0 
16934.48 0.49 0.0 
17270.73 0.56 0.0 
17270.72 0.80 0.0 
18956.80 0.71 0.0 
19183.25 0.48 0.0 
20444.00 0.62 0.0 
22670.84 0.37 0.0 
23039.32 0.40 0.0 
24565.44 0.36 0.0 
25685.04 0.74 0.0 
25685.03 0.49 0.0 
25706.67 0.54 0.0 
25972.65 0.44 0.0 
27224.56 0.93 0.0 
27224.58 0.90 0.0 
28046.77 0.55 0.0 
28319.07 0.31 0.0 
29856.89 0.44 0.0 
30612.08 0.41 0.0 
30978.59 0.46 0.0 
32504.07 0.42 0.0 
32714.38 0.38 0.0 
33596.01 0.32 0.0 
33595.99 0.46 0.0 
33771.13 0.31 0.0 
34220.83 0.47 0.0 
34334.61 0.52 0.0 
34398.07 0.39 0.0 
34602.09 0.58 0.0 
34763.13 0.38 0.0 
35136.45 0.31 0.0 
35685.33 0.46 0.0 
35635.45 0.52 0.0 
36127.11 0.39 0.0 
36159.09 0.43 0.0 
36314.19 0.37 0.0 
39869.29 0.47 0.0 
41399.00 0.48 0.0 
41954.19 0.45 0.0 
43423.84 0.30 0.0 
46556.19 0.34 0.0 
47796.72 0.31 0.0 
47796.73 0.46 0.0 
47954.05 0.40 0.0 
49049.19 0.54 0.0 
50014.80 0.53 0.0 
50081.05 0.55 0.0 
50183.31 0.46 0.0 
50183.36 0.36 0.0 
50653.91 0.31 0.0 
52217.97 0.30 0.0 
52229.20 0.55 0.0 
52259.30 0.48 0.0 
52318.77 0.72 0.0 
52903.89 0.37 0.0 
55991.93 0.34 0.0 
55990.15 0.57 0.0 
55963.89 0.41 0.0 
57971.08 0.51 0.0 
58543.71 0.64 0.0 
61574.37 0.50 0.0 
61633.47 0.87 0.0 
61614.85 0.51 0.0 
63379.07 0.31 0.0 
64994.59 0.38 0.0 
67092.37 0.35 0.0 
67126.45 0.34 0.0 
70724.28 0.37 0.0 
75823.04 0.57 0.0 
75822.95 0.47 0.0 
79088.88 0.32 0.0 
83725.43 0.56 0.0 
