8132.19 0.42 0.0 
8132.33 0.47 0.0 
8641.17 0.32 0.0 
8641.20 0.55 0.0 
9133.55 0.46 0.0 
9228.07 0.33 0.0 
9427.45 0.31 0.0 
11167.91 0.32 0.0 
11167.91 0.54 0.0 
11612.35 0.38 0.0 
12316.61 0.53 0.0 
12557.04 0.50 0.0 
12782.96 0.49 0.0 
12792.65 0.57 0.0 
12782.95 0.55 0.0 
12792.65 0.68 0.0 
12886.13 0.48 0.0 
12886.05 0.43 0.0 
13969.15 0.34 0.0 
14254.91 0.35 0.0 
14254.94 0.63 0.0 
14278.81 0.39 0.0 
14278.83 0.38 0.0 
14498.95 0.39 0.0 
14536.75 0.40 0.0 
14710.52 0.61 0.0 
14837.29 0.49 0.0 
14837.31 0.66 0.0 
14881.63 0.45 0.0 
16313.01 0.36 0.0 
16313.00 0.59 0.0 
17237.93 0.59 0.0 
17237.98 0.70 0.0 
20823.13 0.32 0.0 
20823.11 0.48 0.0 
20874.71 0.40 0.0 
23101.16 0.48 0.0 
27232.88 0.68 0.0 
27232.89 0.72 0.0 
27903.67 0.40 0.0 
30628.75 0.35 0.0 
35786.18 0.53 0.0 
35786.15 0.31 0.0 
36182.16 0.43 0.0 
36807.87 0.45 0.0 
36807.87 0.35 0.0 
53464.81 0.44 0.0 
53925.56 0.32 0.0 
54752.51 0.38 0.0 
64124.55 0.32 0.0 
67671.91 0.44 0.0 
68197.05 0.39 0.0 
69212.23 0.48 0.0 
70117.07 0.35 0.0 
71942.23 0.33 0.0 
73626.12 0.38 0.0 
74131.99 0.42 0.0 
82341.03 0.41 0.0 
82340.97 0.43 0.0 
82692.53 0.47 0.0 
82692.55 0.35 0.0 
84603.85 0.37 0.0 
