363.95 0.53 0.0 
634.48 0.79 0.0 
2208.34 0.78 0.0 
5770.24 0.49 0.0 
6683.91 0.55 0.0 
8209.52 0.57 0.0 
9664.83 0.36 0.0 
9753.79 0.30 0.0 
10050.79 0.42 0.0 
10050.76 0.77 0.0 
10757.70 0.73 0.0 
12602.07 0.47 0.0 
14544.48 0.31 0.0 
15038.91 0.53 0.0 
15643.43 0.34 0.0 
19353.11 0.49 0.0 
19353.07 0.30 0.0 
19911.81 0.62 0.0 
20113.49 0.34 0.0 
20113.47 0.31 0.0 
22415.59 0.52 0.0 
23685.47 0.36 0.0 
24916.95 0.45 0.0 
24859.30 0.60 0.0 
24859.28 0.86 0.0 
25126.55 0.57 0.0 
28692.67 0.40 0.0 
29014.57 0.64 0.0 
32049.23 0.63 0.0 
32049.19 0.37 0.0 
32401.95 0.31 0.0 
32846.95 0.45 0.0 
32846.97 0.34 0.0 
34801.31 0.46 0.0 
37353.02 0.68 0.0 
37852.14 0.64 0.0 
39268.95 0.47 0.0 
39544.33 0.74 0.0 
40832.64 0.32 0.0 
41448.22 0.73 0.0 
44944.18 0.57 0.0 
46261.84 0.65 0.0 
47276.52 0.58 0.0 
51362.58 0.73 0.0 
51362.59 0.47 0.0 
51744.94 0.50 0.0 
51744.92 0.86 0.0 
54631.76 0.84 0.0 
54631.75 0.54 0.0 
56015.14 0.43 0.0 
78705.90 0.85 0.0 
83924.91 0.35 0.0 
84482.12 0.47 0.0 
84482.13 0.58 0.0 
84846.58 0.87 0.0 
84846.63 0.33 0.0 
86021.51 0.31 0.0 
86289.11 0.80 0.0 
