2743.83 0.72 0.0 
4228.32 0.46 0.0 
5053.73 0.43 0.0 
8743.55 0.43 0.0 
8954.48 0.37 0.0 
12509.56 0.39 0.0 
13884.63 0.46 0.0 
16497.62 0.40 0.0 
20579.33 0.60 0.0 
20579.27 0.32 0.0 
22344.83 0.34 0.0 
30658.72 0.32 0.0 
35083.25 0.48 0.0 
35429.37 0.32 0.0 
38174.15 0.31 0.0 
42879.09 0.35 0.0 
42824.51 0.31 0.0 
49328.53 0.57 0.0 
49813.43 0.33 0.0 
50788.88 0.30 0.0 
50832.77 0.56 0.0 
57237.36 0.42 0.0 
58663.12 0.37 0.0 
58756.85 0.37 0.0 
64362.09 0.53 0.0 
66898.52 0.34 0.0 
75644.17 0.35 0.0 
78149.12 0.44 0.0 
78239.03 0.32 0.0 
83203.24 0.69 0.0 
84485.07 0.37 0.0 
85840.45 0.59 0.0 
86384.13 0.51 0.0 
