4237.76 0.80 0.0 
4237.77 0.41 0.0 
7690.59 0.38 0.0 
9027.87 0.44 0.0 
9566.81 0.36 0.0 
20592.87 0.56 0.0 
24572.60 0.58 0.0 
24572.61 0.69 0.0 
27506.39 0.68 0.0 
27998.58 0.98 0.0 
27998.58 0.98 0.0 
43633.28 0.40 0.0 
49877.68 0.31 0.0 
62157.84 0.80 0.0 
62159.05 0.46 0.0 
62163.24 0.68 0.0 
62157.83 0.93 0.0 
62163.25 0.58 0.0 
71848.66 0.32 0.0 
78957.67 0.44 0.0 
83636.27 0.41 0.0 
84327.66 0.98 0.0 
84333.59 0.98 0.0 
84327.65 0.98 0.0 
84333.59 0.97 0.0 
84445.60 0.99 0.0 
84369.22 0.98 0.0 
84445.60 0.98 0.0 
84369.22 0.97 0.0 
84812.20 0.78 0.0 
84748.67 0.68 0.0 
84812.21 0.89 0.0 
85020.32 0.99 0.0 
85020.31 0.98 0.0 
85066.27 0.99 0.0 
85066.26 0.99 0.0 
