899.15 0.74 0.0 
1258.96 0.39 0.0 
1320.21 0.58 0.0 
1454.17 0.37 0.0 
1666.65 0.64 0.0 
1678.93 0.33 0.0 
1738.32 0.32 0.0 
1994.04 0.56 0.0 
2399.00 0.61 0.0 
2529.73 0.68 0.0 
2627.10 0.40 0.0 
3374.48 0.51 0.0 
4259.09 0.47 0.0 
4650.16 0.70 0.0 
4678.76 0.43 0.0 
4859.16 0.44 0.0 
5820.36 0.74 0.0 
5968.41 0.46 0.0 
6133.23 0.57 0.0 
6136.44 0.39 0.0 
6193.53 0.70 0.0 
6260.40 0.78 0.0 
6260.36 0.73 0.0 
6441.00 0.65 0.0 
6441.00 0.39 0.0 
6611.96 0.80 0.0 
6666.68 0.64 0.0 
6666.69 0.35 0.0 
6795.21 0.46 0.0 
6929.44 0.53 0.0 
6899.49 0.57 0.0 
7050.33 0.46 0.0 
7000.67 0.41 0.0 
7124.44 0.77 0.0 
7943.32 0.31 0.0 
7950.53 0.45 0.0 
8487.60 0.35 0.0 
8738.87 0.63 0.0 
11965.37 0.53 0.0 
11938.80 0.40 0.0 
11965.36 0.41 0.0 
12059.17 0.45 0.0 
12251.45 0.43 0.0 
12464.51 0.55 0.0 
13169.56 0.50 0.0 
14368.36 0.53 0.0 
15070.79 0.98 0.0 
15070.80 0.98 0.0 
15284.03 0.56 0.0 
15449.05 0.40 0.0 
17022.41 0.35 0.0 
20487.68 0.55 0.0 
20494.83 0.36 0.0 
24508.53 0.39 0.0 
25588.77 0.39 0.0 
27614.13 0.38 0.0 
29878.45 0.42 0.0 
31553.09 0.40 0.0 
33599.21 0.51 0.0 
34442.80 0.98 0.0 
34442.80 0.98 0.0 
37904.59 0.62 0.0 
38788.69 0.43 0.0 
38833.72 0.36 0.0 
39029.49 0.49 0.0 
39389.00 0.61 0.0 
40080.21 0.31 0.0 
41489.56 0.54 0.0 
41849.12 0.88 0.0 
43437.71 0.82 0.0 
44250.71 0.62 0.0 
44341.81 0.33 0.0 
44428.23 0.61 0.0 
44773.09 0.39 0.0 
44819.32 0.84 0.0 
48434.17 0.57 0.0 
48817.65 0.78 0.0 
48928.62 0.59 0.0 
49107.71 0.64 0.0 
49286.12 0.54 0.0 
52004.35 0.77 0.0 
54629.56 0.40 0.0 
62908.99 0.40 0.0 
64213.20 0.36 0.0 
68816.97 0.44 0.0 
69271.35 0.58 0.0 
69419.52 0.80 0.0 
75753.80 0.51 0.0 
77862.81 0.70 0.0 
80172.43 0.97 0.0 
80172.43 0.96 0.0 
81702.59 0.49 0.0 
82868.64 0.41 0.0 
83199.39 0.50 0.0 
83414.32 0.31 0.0 
83698.64 0.61 0.0 
83996.88 0.30 0.0 
85214.01 0.50 0.0 
86104.48 0.43 0.0 
86219.13 0.35 0.0 
