1062.61 0.42 0.0 
5788.61 0.47 0.0 
5891.19 0.38 0.0 
5823.24 0.33 0.0 
5922.33 0.42 0.0 
6136.87 0.31 0.0 
6264.92 0.85 0.0 
6264.90 0.86 0.0 
6795.87 0.31 0.0 
6886.84 0.32 0.0 
7050.40 0.52 0.0 
7005.40 0.33 0.0 
7951.76 0.45 0.0 
11965.82 0.82 0.0 
11965.84 0.62 0.0 
13916.67 0.30 0.0 
15072.23 0.49 0.0 
20265.91 0.60 0.0 
27646.43 0.41 0.0 
31557.37 0.42 0.0 
34445.15 0.59 0.0 
34445.11 0.54 0.0 
62727.71 0.44 0.0 
68987.67 0.35 0.0 
69443.36 0.67 0.0 
69443.36 0.42 0.0 
70995.73 0.46 0.0 
80175.05 0.96 0.0 
83632.92 0.31 0.0 
84327.88 0.33 0.0 
86105.21 0.40 0.0 
