966.07 0.39 0.0 
1319.09 0.63 0.0 
1964.32 0.32 0.0 
1904.09 0.67 0.0 
2024.53 0.54 0.0 
3025.85 0.39 0.0 
5819.41 0.40 0.0 
6793.36 0.31 0.0 
8639.56 0.45 0.0 
10094.72 0.37 0.0 
10334.08 0.32 0.0 
12252.79 0.83 0.0 
14574.57 0.44 0.0 
14727.63 0.46 0.0 
15601.03 0.34 0.0 
15944.00 0.53 0.0 
16439.33 0.38 0.0 
16754.07 0.36 0.0 
17292.43 0.36 0.0 
17390.32 0.61 0.0 
17458.92 0.33 0.0 
17953.96 0.47 0.0 
19317.60 0.62 0.0 
19977.08 0.34 0.0 
20652.93 0.48 0.0 
21914.65 0.37 0.0 
21898.32 0.74 0.0 
22047.97 0.43 0.0 
23094.08 0.92 0.0 
23111.45 0.60 0.0 
23081.63 0.61 0.0 
23094.08 0.92 0.0 
23157.55 0.56 0.0 
24716.88 0.41 0.0 
29174.11 0.40 0.0 
30047.41 0.31 0.0 
31048.60 0.89 0.0 
32064.39 0.44 0.0 
32937.11 0.52 0.0 
33162.83 0.43 0.0 
33479.53 0.85 0.0 
34003.68 0.37 0.0 
35998.35 0.51 0.0 
36597.76 0.91 0.0 
37603.81 0.50 0.0 
37692.84 0.44 0.0 
38617.95 0.32 0.0 
39262.27 0.42 0.0 
39479.13 0.34 0.0 
40079.13 0.30 0.0 
40571.11 0.48 0.0 
40929.03 0.54 0.0 
42027.17 0.69 0.0 
43482.99 0.38 0.0 
43769.07 0.30 0.0 
45486.63 0.71 0.0 
45498.72 0.39 0.0 
45486.64 0.92 0.0 
46453.91 0.34 0.0 
46686.99 0.33 0.0 
46768.97 0.41 0.0 
46857.21 0.46 0.0 
47369.53 0.73 0.0 
48505.99 0.39 0.0 
48538.83 0.32 0.0 
50530.61 0.41 0.0 
51268.75 0.37 0.0 
51328.67 0.31 0.0 
51988.07 0.37 0.0 
55709.51 0.31 0.0 
57909.57 0.48 0.0 
57824.48 0.40 0.0 
61529.37 0.41 0.0 
65153.32 0.38 0.0 
67019.21 0.32 0.0 
68669.27 0.30 0.0 
71624.19 0.31 0.0 
72464.51 0.38 0.0 
78359.33 0.32 0.0 
79378.83 0.33 0.0 
79754.59 0.49 0.0 
83698.95 0.78 0.0 
84492.87 0.48 0.0 
84477.47 0.65 0.0 
84477.47 0.57 0.0 
