1616.92 0.37 0.0 
3104.48 0.45 0.0 
4102.53 0.59 0.0 
4102.53 0.34 0.0 
8038.20 0.49 0.0 
8367.41 0.50 0.0 
8949.09 0.36 0.0 
9858.89 0.54 0.0 
12279.25 0.34 0.0 
13763.44 0.31 0.0 
14173.35 0.40 0.0 
16601.68 0.35 0.0 
18013.20 0.31 0.0 
18703.23 0.41 0.0 
18994.40 0.30 0.0 
20576.76 0.55 0.0 
20530.60 0.47 0.0 
21173.19 0.40 0.0 
22610.49 0.69 0.0 
22919.48 0.33 0.0 
22919.47 0.56 0.0 
25014.33 0.34 0.0 
27644.40 0.59 0.0 
28429.08 0.47 0.0 
31060.43 0.67 0.0 
33144.89 0.46 0.0 
33802.67 0.40 0.0 
34362.21 0.79 0.0 
34514.11 0.76 0.0 
35483.85 0.35 0.0 
37953.33 0.40 0.0 
40552.33 0.30 0.0 
40688.28 0.57 0.0 
40942.97 0.54 0.0 
41458.55 0.31 0.0 
41997.04 0.30 0.0 
42372.31 0.39 0.0 
43264.84 0.43 0.0 
45443.55 0.37 0.0 
45552.81 0.46 0.0 
45759.33 0.36 0.0 
50054.48 0.40 0.0 
50215.77 0.48 0.0 
50229.69 0.59 0.0 
51926.65 0.44 0.0 
52122.99 0.66 0.0 
52240.04 0.34 0.0 
52513.92 0.54 0.0 
56213.68 0.30 0.0 
56367.20 0.32 0.0 
56458.60 0.52 0.0 
56616.85 0.48 0.0 
56995.87 0.37 0.0 
57284.36 0.33 0.0 
57461.75 0.51 0.0 
57670.68 0.56 0.0 
57869.05 0.31 0.0 
57869.01 0.50 0.0 
58166.05 0.50 0.0 
58617.88 0.50 0.0 
59156.69 0.33 0.0 
59428.36 0.42 0.0 
60193.96 0.40 0.0 
60505.53 0.32 0.0 
63117.93 0.49 0.0 
64420.68 0.35 0.0 
64668.49 0.50 0.0 
65008.93 0.60 0.0 
65815.85 0.37 0.0 
67798.30 0.82 0.0 
72897.73 0.38 0.0 
74271.69 0.39 0.0 
74907.85 0.47 0.0 
76167.80 0.48 0.0 
76387.29 0.38 0.0 
76403.09 0.32 0.0 
77067.93 0.31 0.0 
78505.05 0.36 0.0 
79678.72 0.33 0.0 
80261.31 0.31 0.0 
81374.19 0.49 0.0 
81687.69 0.57 0.0 
82372.65 0.33 0.0 
83264.25 0.66 0.0 
83934.17 0.67 0.0 
83996.72 0.66 0.0 
83996.69 0.59 0.0 
84536.25 0.30 0.0 
85368.20 0.37 0.0 
85809.62 0.48 0.0 
85916.41 0.50 0.0 
