301.93 0.53 0.0 
572.49 0.32 0.0 
724.00 0.31 0.0 
724.05 0.64 0.0 
1109.37 0.77 0.0 
1147.75 0.67 0.0 
1226.49 0.31 0.0 
1305.48 0.40 0.0 
1423.92 0.43 0.0 
1743.61 0.44 0.0 
1961.61 0.38 0.0 
1952.27 0.48 0.0 
2067.17 0.47 0.0 
2878.23 0.69 0.0 
4019.01 0.82 0.0 
5354.01 0.47 0.0 
5939.31 0.32 0.0 
6013.40 0.51 0.0 
6134.05 0.32 0.0 
7607.63 0.48 0.0 
8639.08 0.59 0.0 
8998.55 0.67 0.0 
13487.75 0.32 0.0 
14725.88 0.38 0.0 
14878.44 0.76 0.0 
24861.01 0.64 0.0 
28844.41 0.38 0.0 
30164.16 0.33 0.0 
31593.49 0.32 0.0 
31593.49 0.53 0.0 
34528.48 0.48 0.0 
34831.15 0.45 0.0 
35901.72 0.72 0.0 
36371.13 0.38 0.0 
39417.86 0.48 0.0 
43435.64 0.66 0.0 
43604.17 0.67 0.0 
44562.24 0.61 0.0 
45000.84 0.36 0.0 
45344.51 0.57 0.0 
45539.41 0.67 0.0 
48494.24 0.33 0.0 
49948.49 0.38 0.0 
50322.01 0.31 0.0 
50264.01 0.83 0.0 
51569.56 0.57 0.0 
53844.29 0.33 0.0 
53844.28 0.46 0.0 
58483.36 0.59 0.0 
61261.25 0.42 0.0 
61484.33 0.85 0.0 
61799.19 0.31 0.0 
62593.94 0.78 0.0 
62564.65 0.45 0.0 
63269.19 0.61 0.0 
71579.45 0.30 0.0 
73122.59 0.53 0.0 
80024.57 0.73 0.0 
80249.40 0.87 0.0 
81567.52 0.48 0.0 
81810.91 0.42 0.0 
82004.52 0.96 0.0 
82259.01 0.83 0.0 
82378.04 0.79 0.0 
82919.05 0.41 0.0 
84488.43 0.53 0.0 
