966.09 0.41 0.0 
1202.13 0.52 0.0 
1440.51 0.44 0.0 
1606.08 0.48 0.0 
2700.87 0.34 0.0 
2943.15 0.38 0.0 
3575.29 0.55 0.0 
3575.25 0.32 0.0 
3981.49 0.30 0.0 
4146.47 0.40 0.0 
5881.63 0.39 0.0 
6169.87 0.31 0.0 
6303.89 0.61 0.0 
6196.45 0.59 0.0 
6303.90 0.57 0.0 
6483.11 0.34 0.0 
7970.96 0.48 0.0 
8790.01 0.35 0.0 
8948.42 0.38 0.0 
8948.43 0.33 0.0 
9839.76 0.30 0.0 
10003.71 0.33 0.0 
12090.39 0.31 0.0 
12207.27 0.36 0.0 
12254.81 0.70 0.0 
12863.31 0.41 0.0 
13625.91 0.34 0.0 
13625.88 0.40 0.0 
13963.23 0.32 0.0 
14044.04 0.41 0.0 
15066.76 0.42 0.0 
15608.88 0.53 0.0 
15608.88 0.47 0.0 
16754.09 0.52 0.0 
17002.87 0.32 0.0 
17241.37 0.38 0.0 
17426.13 0.37 0.0 
18754.09 0.36 0.0 
18693.88 0.34 0.0 
18754.17 0.42 0.0 
18780.59 0.41 0.0 
19275.63 0.32 0.0 
19275.65 0.56 0.0 
19553.41 0.36 0.0 
19644.67 0.38 0.0 
19644.69 0.58 0.0 
19729.05 0.37 0.0 
19818.88 0.40 0.0 
20366.41 0.31 0.0 
21167.95 0.44 0.0 
21167.93 0.53 0.0 
21347.47 0.51 0.0 
21347.49 0.43 0.0 
21435.68 0.57 0.0 
21996.60 0.56 0.0 
22081.61 0.43 0.0 
22100.75 0.58 0.0 
22176.31 0.34 0.0 
22176.29 0.45 0.0 
22263.87 0.44 0.0 
22328.55 0.43 0.0 
23095.39 0.53 0.0 
23114.83 0.42 0.0 
23157.55 0.34 0.0 
26998.83 0.31 0.0 
27966.79 0.33 0.0 
28365.97 0.63 0.0 
29744.07 0.36 0.0 
30859.99 0.36 0.0 
31039.31 0.35 0.0 
32214.13 0.46 0.0 
32542.27 0.42 0.0 
32481.15 0.34 0.0 
33270.88 0.66 0.0 
35347.27 0.37 0.0 
36091.83 0.30 0.0 
36599.91 0.35 0.0 
36855.87 0.41 0.0 
37269.41 0.33 0.0 
37670.99 0.32 0.0 
37670.99 0.34 0.0 
37829.41 0.47 0.0 
37867.27 0.53 0.0 
38617.87 0.39 0.0 
39262.27 0.56 0.0 
39991.65 0.36 0.0 
40571.12 0.39 0.0 
41160.39 0.31 0.0 
41910.67 0.43 0.0 
42246.99 0.31 0.0 
42345.74 0.30 0.0 
42450.51 0.30 0.0 
43060.70 0.44 0.0 
43060.72 0.32 0.0 
43503.24 0.36 0.0 
43620.75 0.40 0.0 
45501.24 0.64 0.0 
45501.24 0.70 0.0 
45489.61 0.60 0.0 
45545.63 0.43 0.0 
45659.75 0.33 0.0 
46313.51 0.31 0.0 
46687.07 0.43 0.0 
47157.20 0.45 0.0 
47361.07 0.34 0.0 
47379.77 0.43 0.0 
48182.19 0.32 0.0 
48182.20 0.62 0.0 
50081.85 0.32 0.0 
51895.15 0.48 0.0 
53673.27 0.34 0.0 
54170.35 0.36 0.0 
55169.43 0.39 0.0 
55709.58 0.34 0.0 
56407.71 0.32 0.0 
58515.59 0.31 0.0 
58687.79 0.47 0.0 
59280.53 0.38 0.0 
59690.91 0.67 0.0 
69720.11 0.54 0.0 
79155.87 0.57 0.0 
84495.53 0.70 0.0 
84495.50 0.85 0.0 
