727.98 0.54 0.0 
732.32 0.32 0.0 
732.83 0.35 0.0 
779.14 0.83 0.0 
1977.23 0.40 0.0 
2154.83 0.85 0.0 
2154.83 0.91 0.0 
2312.72 0.37 0.0 
2282.88 0.59 0.0 
2282.86 0.69 0.0 
2312.80 0.89 0.0 
2332.47 0.51 0.0 
2416.89 0.32 0.0 
2407.31 0.55 0.0 
2367.27 0.85 0.0 
2332.53 0.47 0.0 
2407.27 0.71 0.0 
2416.89 0.46 0.0 
2603.86 0.50 0.0 
2914.07 0.94 0.0 
2914.08 0.86 0.0 
3059.47 0.80 0.0 
3088.64 0.45 0.0 
3094.73 0.31 0.0 
3100.71 0.54 0.0 
3203.16 0.56 0.0 
3310.85 0.44 0.0 
3310.92 0.83 0.0 
3480.63 0.73 0.0 
3599.95 0.36 0.0 
3664.22 0.63 0.0 
3664.22 0.70 0.0 
3838.53 0.91 0.0 
3838.63 0.36 0.0 
4109.20 0.66 0.0 
4672.63 0.74 0.0 
4679.37 0.36 0.0 
4724.82 0.90 0.0 
4770.29 0.33 0.0 
4842.27 0.82 0.0 
4779.69 0.61 0.0 
5011.28 0.46 0.0 
5321.13 0.39 0.0 
5438.80 0.64 0.0 
5340.92 0.35 0.0 
5438.80 0.55 0.0 
5713.08 0.36 0.0 
5813.79 0.93 0.0 
5813.79 0.94 0.0 
6228.29 0.40 0.0 
6228.34 0.44 0.0 
6412.71 0.82 0.0 
6452.22 0.60 0.0 
6412.68 0.79 0.0 
6452.23 0.62 0.0 
6526.71 0.76 0.0 
6526.65 0.43 0.0 
7097.96 0.30 0.0 
7176.16 0.71 0.0 
7176.16 0.62 0.0 
7181.93 0.40 0.0 
7255.28 0.37 0.0 
7272.10 0.44 0.0 
7272.09 0.79 0.0 
7589.67 0.42 0.0 
7700.05 0.33 0.0 
7782.09 0.36 0.0 
7782.08 0.57 0.0 
7950.13 0.32 0.0 
8037.48 0.47 0.0 
8179.69 0.52 0.0 
8179.73 0.50 0.0 
8338.31 0.96 0.0 
8413.25 0.42 0.0 
8338.33 0.35 0.0 
8817.35 0.81 0.0 
8892.04 0.36 0.0 
8892.05 0.57 0.0 
9043.37 0.35 0.0 
8959.36 0.34 0.0 
9223.55 0.84 0.0 
9364.00 0.47 0.0 
9613.55 0.56 0.0 
10348.13 0.71 0.0 
10542.83 0.35 0.0 
10711.05 0.78 0.0 
10711.05 0.50 0.0 
10755.01 0.54 0.0 
11128.13 0.80 0.0 
11255.52 0.75 0.0 
11595.12 0.84 0.0 
11789.57 0.41 0.0 
11909.57 0.78 0.0 
12335.01 0.37 0.0 
12771.17 0.65 0.0 
12912.67 0.40 0.0 
13051.78 0.36 0.0 
13202.01 0.34 0.0 
13657.83 0.42 0.0 
13644.50 0.34 0.0 
13648.15 0.54 0.0 
13853.11 0.36 0.0 
14048.68 0.87 0.0 
14152.04 0.46 0.0 
14152.02 0.68 0.0 
14342.69 0.35 0.0 
14504.57 0.90 0.0 
14683.20 0.69 0.0 
15272.28 0.79 0.0 
15272.27 0.74 0.0 
15355.14 0.89 0.0 
15355.13 0.51 0.0 
15421.91 0.33 0.0 
15592.78 0.91 0.0 
15592.78 0.79 0.0 
15689.51 0.72 0.0 
15843.66 0.36 0.0 
15791.21 0.34 0.0 
15889.60 0.51 0.0 
15889.60 0.62 0.0 
16112.01 0.48 0.0 
16111.97 0.65 0.0 
16472.95 0.33 0.0 
16472.91 0.66 0.0 
16947.47 0.44 0.0 
16868.55 0.34 0.0 
16947.92 0.39 0.0 
17244.64 0.49 0.0 
17244.62 0.70 0.0 
17487.61 0.56 0.0 
17472.67 0.34 0.0 
17621.22 0.40 0.0 
17621.16 0.74 0.0 
17968.41 0.71 0.0 
18309.85 0.36 0.0 
18803.80 0.39 0.0 
19006.33 0.40 0.0 
19258.69 0.47 0.0 
19362.89 0.78 0.0 
19326.81 0.68 0.0 
19326.80 0.45 0.0 
19703.80 0.65 0.0 
20031.05 0.65 0.0 
20031.09 0.71 0.0 
20203.00 0.44 0.0 
20123.12 0.40 0.0 
20381.20 0.30 0.0 
20366.60 0.58 0.0 
20366.55 0.71 0.0 
20381.19 0.87 0.0 
20695.30 0.53 0.0 
21013.21 0.84 0.0 
21013.33 0.30 0.0 
21328.73 0.60 0.0 
21297.92 0.53 0.0 
21524.53 0.35 0.0 
21677.01 0.37 0.0 
22038.93 0.54 0.0 
22028.90 0.77 0.0 
22038.93 0.54 0.0 
22359.32 0.46 0.0 
22483.25 0.39 0.0 
22572.41 0.47 0.0 
22842.97 0.69 0.0 
22858.57 0.36 0.0 
22907.92 0.47 0.0 
23024.58 0.41 0.0 
23024.55 0.88 0.0 
23233.97 0.48 0.0 
24330.12 0.57 0.0 
24643.19 0.91 0.0 
24610.91 0.60 0.0 
24713.03 0.37 0.0 
24967.92 0.55 0.0 
24907.03 0.40 0.0 
24907.04 0.87 0.0 
25271.32 0.73 0.0 
25271.29 0.93 0.0 
25571.17 0.66 0.0 
25619.60 0.46 0.0 
25769.40 0.34 0.0 
25869.65 0.43 0.0 
25869.64 0.70 0.0 
26051.88 0.51 0.0 
26171.93 0.90 0.0 
26172.01 0.42 0.0 
26336.92 0.37 0.0 
26469.89 0.47 0.0 
26788.79 0.90 0.0 
26969.03 0.57 0.0 
27089.65 0.55 0.0 
27089.72 0.64 0.0 
27399.37 0.93 0.0 
27344.13 0.54 0.0 
27399.37 0.66 0.0 
27487.43 0.44 0.0 
27502.64 0.64 0.0 
27721.69 0.80 0.0 
27721.72 0.59 0.0 
28077.78 0.85 0.0 
28077.85 0.31 0.0 
28199.00 0.41 0.0 
28228.63 0.54 0.0 
28241.12 0.36 0.0 
28250.51 0.78 0.0 
28543.91 0.63 0.0 
28573.86 0.87 0.0 
28570.77 0.59 0.0 
28543.89 0.53 0.0 
29113.30 0.34 0.0 
29113.25 0.82 0.0 
29873.73 0.33 0.0 
30248.36 0.41 0.0 
30642.98 0.90 0.0 
30568.71 0.75 0.0 
30643.00 0.53 0.0 
30741.29 0.65 0.0 
30741.28 0.54 0.0 
30883.23 0.50 0.0 
30973.44 0.55 0.0 
30909.53 0.57 0.0 
31077.71 0.31 0.0 
31579.29 0.44 0.0 
31579.32 0.72 0.0 
31714.32 0.37 0.0 
31722.71 0.53 0.0 
31714.28 0.41 0.0 
31844.33 0.46 0.0 
31829.00 0.32 0.0 
31910.44 0.65 0.0 
31910.47 0.37 0.0 
32330.48 0.58 0.0 
32923.05 0.42 0.0 
33129.01 0.43 0.0 
33383.85 0.82 0.0 
33383.88 0.79 0.0 
33452.55 0.32 0.0 
33521.21 0.69 0.0 
33521.22 0.51 0.0 
33897.56 0.40 0.0 
33885.55 0.33 0.0 
33897.56 0.87 0.0 
34220.14 0.44 0.0 
34220.18 0.32 0.0 
34581.58 0.59 0.0 
34581.58 0.58 0.0 
34972.28 0.64 0.0 
34972.29 0.41 0.0 
35388.45 0.35 0.0 
35780.64 0.40 0.0 
35780.67 0.49 0.0 
36157.74 0.40 0.0 
36566.41 0.52 0.0 
36566.49 0.39 0.0 
36982.61 0.47 0.0 
37374.81 0.43 0.0 
37765.47 0.69 0.0 
38134.80 0.52 0.0 
38134.77 0.53 0.0 
38568.52 0.36 0.0 
38568.52 0.37 0.0 
39386.56 0.64 0.0 
39386.51 0.55 0.0 
39338.68 0.59 0.0 
39756.32 0.72 0.0 
39756.32 0.73 0.0 
40537.77 0.48 0.0 
40537.80 0.75 0.0 
40926.05 0.32 0.0 
41320.21 0.62 0.0 
41320.26 0.48 0.0 
41699.23 0.97 0.0 
41699.24 0.61 0.0 
42503.61 0.56 0.0 
42909.50 0.31 0.0 
43331.01 0.53 0.0 
43331.09 0.35 0.0 
43617.75 0.55 0.0 
43743.29 0.42 0.0 
43893.84 0.50 0.0 
44157.41 0.37 0.0 
44426.99 0.32 0.0 
44947.23 0.35 0.0 
45479.39 0.72 0.0 
45493.09 0.49 0.0 
45446.17 0.34 0.0 
45493.12 0.73 0.0 
46393.89 0.52 0.0 
46571.61 0.33 0.0 
46842.31 0.35 0.0 
47008.71 0.88 0.0 
47421.49 0.35 0.0 
47421.49 0.31 0.0 
47924.93 0.32 0.0 
48221.52 0.36 0.0 
48221.49 0.49 0.0 
48627.84 0.77 0.0 
49045.41 0.41 0.0 
49438.09 0.84 0.0 
49853.28 0.68 0.0 
49853.28 0.65 0.0 
50674.38 0.46 0.0 
50674.32 0.41 0.0 
51071.40 0.67 0.0 
51506.09 0.34 0.0 
51506.13 0.36 0.0 
51902.74 0.42 0.0 
52329.53 0.36 0.0 
53553.01 0.44 0.0 
53552.97 0.72 0.0 
53968.62 0.75 0.0 
54382.81 0.32 0.0 
54382.76 0.75 0.0 
54773.54 0.53 0.0 
54773.57 0.33 0.0 
55171.18 0.45 0.0 
55565.83 0.36 0.0 
55565.76 0.43 0.0 
56378.93 0.37 0.0 
57228.38 0.36 0.0 
58086.93 0.56 0.0 
58618.97 0.51 0.0 
58898.65 0.68 0.0 
59726.53 0.80 0.0 
59726.53 0.57 0.0 
60147.57 0.71 0.0 
60539.25 0.91 0.0 
60967.10 0.40 0.0 
61395.45 0.39 0.0 
61395.53 0.33 0.0 
61813.97 0.85 0.0 
61814.01 0.38 0.0 
62203.26 0.84 0.0 
62640.89 0.44 0.0 
62640.85 0.31 0.0 
63076.12 0.53 0.0 
63206.76 0.34 0.0 
63533.17 0.63 0.0 
63533.21 0.40 0.0 
63987.36 0.41 0.0 
64035.03 0.34 0.0 
64431.92 0.55 0.0 
64431.90 0.46 0.0 
64867.07 0.34 0.0 
65286.12 0.62 0.0 
65286.13 0.35 0.0 
65742.29 0.68 0.0 
66173.57 0.71 0.0 
66173.61 0.42 0.0 
66566.73 0.81 0.0 
67391.60 0.47 0.0 
68290.86 0.40 0.0 
68743.12 0.90 0.0 
69183.61 0.54 0.0 
69631.53 0.38 0.0 
70544.45 0.43 0.0 
70544.35 0.93 0.0 
70859.15 0.52 0.0 
70988.84 0.52 0.0 
71442.75 0.75 0.0 
71442.73 0.46 0.0 
71975.41 0.32 0.0 
72410.57 0.52 0.0 
72410.62 0.34 0.0 
72627.60 0.72 0.0 
72557.75 0.43 0.0 
73076.79 0.79 0.0 
73050.03 0.83 0.0 
73478.01 0.39 0.0 
73600.37 0.53 0.0 
73617.61 0.69 0.0 
73617.63 0.36 0.0 
73736.77 0.55 0.0 
73923.63 0.31 0.0 
73923.59 0.32 0.0 
73965.16 0.33 0.0 
74198.41 0.57 0.0 
74173.96 0.65 0.0 
74110.25 0.39 0.0 
74198.31 0.31 0.0 
74293.55 0.38 0.0 
74390.64 0.43 0.0 
74464.86 0.48 0.0 
74972.25 0.32 0.0 
75477.76 0.72 0.0 
75477.76 0.50 0.0 
75463.48 0.55 0.0 
75620.12 0.32 0.0 
75620.12 0.42 0.0 
75732.67 0.85 0.0 
75668.47 0.60 0.0 
75668.47 0.89 0.0 
75732.68 0.80 0.0 
75879.15 0.36 0.0 
76002.32 0.72 0.0 
76002.34 0.31 0.0 
76140.72 0.36 0.0 
76140.81 0.58 0.0 
76253.07 0.67 0.0 
76253.07 0.46 0.0 
76267.12 0.55 0.0 
76408.80 0.58 0.0 
76485.87 0.39 0.0 
76649.46 0.35 0.0 
76991.39 0.47 0.0 
76991.33 0.72 0.0 
77076.51 0.39 0.0 
77387.95 0.34 0.0 
77492.92 0.59 0.0 
77742.96 0.67 0.0 
78009.18 0.31 0.0 
78157.89 0.53 0.0 
78432.29 0.35 0.0 
78539.57 0.88 0.0 
78745.15 0.39 0.0 
79103.16 0.56 0.0 
79103.17 0.35 0.0 
79482.07 0.64 0.0 
79629.64 0.39 0.0 
79629.64 0.74 0.0 
79854.05 0.47 0.0 
80165.02 0.33 0.0 
80726.55 0.46 0.0 
81158.28 0.60 0.0 
81404.11 0.37 0.0 
81773.80 0.55 0.0 
81773.80 0.31 0.0 
82224.83 0.64 0.0 
82266.14 0.45 0.0 
83083.73 0.44 0.0 
83446.09 0.39 0.0 
83446.14 0.40 0.0 
83967.70 0.76 0.0 
84487.56 0.46 0.0 
84487.55 0.47 0.0 
84699.53 0.56 0.0 
84699.60 0.87 0.0 
86143.52 0.74 0.0 
