12.57 0.36 0.0 
2101.75 0.43 0.0 
4104.91 0.49 0.0 
4908.91 0.33 0.0 
4908.85 0.51 0.0 
6480.59 0.31 0.0 
7838.73 0.34 0.0 
8148.51 0.32 0.0 
8148.61 0.42 0.0 
8282.95 0.35 0.0 
8613.56 0.35 0.0 
11176.97 0.62 0.0 
20265.50 0.70 0.0 
22923.85 0.31 0.0 
24227.67 0.33 0.0 
24399.09 0.39 0.0 
28351.11 0.32 0.0 
35760.75 0.33 0.0 
43035.53 0.33 0.0 
45194.57 0.39 0.0 
45443.65 0.65 0.0 
45647.83 0.34 0.0 
45992.59 0.37 0.0 
46848.43 0.48 0.0 
47628.71 0.34 0.0 
48435.88 0.53 0.0 
48901.01 0.31 0.0 
50232.61 0.34 0.0 
51245.93 0.40 0.0 
58260.81 0.51 0.0 
58891.11 0.48 0.0 
59800.57 0.32 0.0 
61501.35 0.42 0.0 
62222.53 0.44 0.0 
62311.51 0.49 0.0 
65281.07 0.37 0.0 
67861.16 0.41 0.0 
69018.33 0.50 0.0 
69495.43 0.31 0.0 
70230.73 0.45 0.0 
70407.89 0.53 0.0 
75091.67 0.57 0.0 
76391.73 0.49 0.0 
76406.81 0.32 0.0 
76795.37 0.39 0.0 
78906.37 0.46 0.0 
78906.37 0.31 0.0 
79277.23 0.43 0.0 
79367.31 0.33 0.0 
79771.19 0.38 0.0 
82377.65 0.34 0.0 
83445.70 0.49 0.0 
84589.77 0.56 0.0 
85026.15 0.33 0.0 
85446.75 0.31 0.0 
