732.67 0.44 0.0 
1876.16 0.33 0.0 
1876.15 0.72 0.0 
1984.51 0.49 0.0 
2039.76 0.65 0.0 
2039.78 0.83 0.0 
3371.43 0.32 0.0 
3511.35 0.31 0.0 
4307.81 0.54 0.0 
5750.99 0.43 0.0 
5750.96 0.37 0.0 
6737.03 0.61 0.0 
8251.87 0.45 0.0 
8512.03 0.37 0.0 
8897.28 0.33 0.0 
9687.02 0.56 0.0 
9687.07 0.36 0.0 
10680.59 0.45 0.0 
11028.87 0.32 0.0 
11028.89 0.38 0.0 
12198.24 0.64 0.0 
12616.21 0.43 0.0 
12828.31 0.56 0.0 
12769.23 0.35 0.0 
12928.15 0.90 0.0 
12946.51 0.40 0.0 
12928.16 0.66 0.0 
14836.29 0.33 0.0 
16618.09 0.49 0.0 
17146.75 0.57 0.0 
18255.57 0.43 0.0 
18991.17 0.49 0.0 
20213.77 0.47 0.0 
20496.26 0.52 0.0 
20866.71 0.32 0.0 
21856.99 0.37 0.0 
22159.12 0.42 0.0 
22159.10 0.69 0.0 
22380.88 0.37 0.0 
25245.81 0.45 0.0 
25892.51 0.36 0.0 
26779.23 0.38 0.0 
28275.40 0.81 0.0 
29595.51 0.35 0.0 
29716.13 0.35 0.0 
29716.13 0.56 0.0 
31366.69 0.41 0.0 
32086.75 0.37 0.0 
34800.54 0.82 0.0 
34800.54 0.89 0.0 
35477.24 0.34 0.0 
35852.39 0.46 0.0 
36093.07 0.37 0.0 
36596.51 0.42 0.0 
36713.16 0.71 0.0 
36713.19 0.46 0.0 
37068.95 0.46 0.0 
37993.47 0.35 0.0 
38984.47 0.34 0.0 
39051.67 0.37 0.0 
40576.31 0.33 0.0 
41074.08 0.51 0.0 
41432.69 0.33 0.0 
42014.71 0.66 0.0 
42189.25 0.45 0.0 
43535.59 0.56 0.0 
44862.38 0.47 0.0 
44862.40 0.55 0.0 
45490.65 0.84 0.0 
45479.67 0.48 0.0 
45490.65 0.83 0.0 
47028.29 0.43 0.0 
46980.28 0.38 0.0 
47208.07 0.36 0.0 
55515.05 0.33 0.0 
58912.71 0.31 0.0 
59083.59 0.38 0.0 
59431.47 0.33 0.0 
59999.67 0.46 0.0 
60703.47 0.35 0.0 
64150.87 0.41 0.0 
66060.45 0.54 0.0 
66060.32 0.56 0.0 
66360.89 0.51 0.0 
66581.41 0.53 0.0 
66581.37 0.53 0.0 
66765.93 0.58 0.0 
68942.16 0.54 0.0 
69148.51 0.33 0.0 
69436.35 0.34 0.0 
69600.67 0.37 0.0 
70429.84 0.38 0.0 
70590.46 0.80 0.0 
70757.65 0.36 0.0 
71164.23 0.43 0.0 
71388.23 0.30 0.0 
71475.91 0.31 0.0 
71417.21 0.51 0.0 
71602.39 0.34 0.0 
71611.79 0.38 0.0 
71829.85 0.49 0.0 
72202.49 0.54 0.0 
72394.19 0.39 0.0 
72587.61 0.51 0.0 
72587.67 0.38 0.0 
74113.31 0.39 0.0 
74409.21 0.33 0.0 
75167.71 0.33 0.0 
78319.95 0.48 0.0 
79409.47 0.31 0.0 
79431.55 0.67 0.0 
79616.87 0.33 0.0 
80526.00 0.37 0.0 
81662.97 0.58 0.0 
82189.01 0.51 0.0 
82318.41 0.58 0.0 
83042.17 0.42 0.0 
83042.23 0.49 0.0 
84271.59 0.44 0.0 
84496.48 0.71 0.0 
84496.48 0.72 0.0 
