134.05 0.66 0.0 
844.01 0.34 0.0 
843.97 0.63 0.0 
1498.73 0.32 0.0 
1791.61 0.46 0.0 
1791.63 0.47 0.0 
2012.59 0.65 0.0 
2012.57 0.34 0.0 
2378.23 0.53 0.0 
2378.24 0.41 0.0 
2512.95 0.45 0.0 
3410.76 0.71 0.0 
3410.76 0.73 0.0 
3911.44 0.63 0.0 
4410.57 0.60 0.0 
5544.21 0.58 0.0 
5927.32 0.61 0.0 
6007.67 0.77 0.0 
5927.33 0.61 0.0 
6007.68 0.86 0.0 
6268.64 0.83 0.0 
6427.27 0.51 0.0 
6427.27 0.44 0.0 
6434.91 0.40 0.0 
6694.41 0.69 0.0 
7146.08 0.56 0.0 
7297.75 0.75 0.0 
7297.74 0.38 0.0 
7824.04 0.35 0.0 
7944.39 0.55 0.0 
7944.39 0.61 0.0 
8055.55 0.75 0.0 
8055.55 0.53 0.0 
8200.55 0.41 0.0 
8360.87 0.39 0.0 
8570.25 0.52 0.0 
8876.17 0.46 0.0 
8876.18 0.81 0.0 
9053.68 0.34 0.0 
9554.13 0.38 0.0 
9952.63 0.36 0.0 
11684.28 0.66 0.0 
11793.52 0.70 0.0 
11843.47 0.35 0.0 
15283.01 0.54 0.0 
15933.83 0.74 0.0 
15933.81 0.40 0.0 
16007.07 0.39 0.0 
16109.53 0.75 0.0 
16007.01 0.53 0.0 
16340.19 0.41 0.0 
16308.84 0.53 0.0 
16271.39 0.65 0.0 
16256.17 0.56 0.0 
16538.64 0.69 0.0 
16566.43 0.57 0.0 
16566.42 0.75 0.0 
16538.65 0.54 0.0 
16737.61 0.46 0.0 
16812.27 0.68 0.0 
16737.61 0.50 0.0 
16812.23 0.52 0.0 
17087.87 0.65 0.0 
17299.38 0.91 0.0 
17270.15 0.41 0.0 
17299.38 0.88 0.0 
17375.79 0.52 0.0 
17375.79 0.50 0.0 
17645.27 0.39 0.0 
17717.21 0.59 0.0 
17717.17 0.63 0.0 
17807.44 0.60 0.0 
18453.43 0.41 0.0 
19291.93 0.44 0.0 
19291.91 0.38 0.0 
20334.55 0.70 0.0 
20656.67 0.44 0.0 
21044.91 0.33 0.0 
21105.16 0.72 0.0 
21105.47 0.38 0.0 
21234.40 0.56 0.0 
21187.37 0.53 0.0 
21587.95 0.36 0.0 
21552.57 0.46 0.0 
21979.59 0.72 0.0 
22000.35 0.48 0.0 
21910.09 0.53 0.0 
21979.61 0.69 0.0 
22394.52 0.59 0.0 
22932.91 0.36 0.0 
23059.87 0.38 0.0 
23282.97 0.36 0.0 
23844.77 0.66 0.0 
23844.75 0.65 0.0 
24138.24 0.48 0.0 
24255.83 0.30 0.0 
24371.47 0.36 0.0 
24371.47 0.56 0.0 
25195.55 0.43 0.0 
25195.54 0.44 0.0 
25661.39 0.53 0.0 
25661.37 0.35 0.0 
25945.15 0.30 0.0 
25874.63 0.49 0.0 
25945.15 0.36 0.0 
26205.55 0.45 0.0 
26227.37 0.36 0.0 
26232.71 0.36 0.0 
26730.07 0.48 0.0 
27137.07 0.39 0.0 
27137.07 0.35 0.0 
27199.57 0.44 0.0 
27391.47 0.31 0.0 
27391.49 0.47 0.0 
27630.48 0.61 0.0 
27630.51 0.55 0.0 
28062.34 0.69 0.0 
28275.40 0.76 0.0 
28884.29 0.56 0.0 
28884.27 0.59 0.0 
31058.19 0.38 0.0 
31134.03 0.34 0.0 
31668.49 0.42 0.0 
31771.32 0.53 0.0 
31728.95 0.32 0.0 
31771.34 0.63 0.0 
32014.91 0.31 0.0 
32044.89 0.41 0.0 
32154.87 0.33 0.0 
32292.59 0.73 0.0 
32280.47 0.38 0.0 
32363.03 0.32 0.0 
32535.91 0.47 0.0 
32544.73 0.46 0.0 
33617.71 0.34 0.0 
33753.47 0.38 0.0 
33753.49 0.50 0.0 
33914.91 0.47 0.0 
34083.12 0.56 0.0 
34378.86 0.38 0.0 
34574.71 0.33 0.0 
34767.81 0.41 0.0 
35152.77 0.43 0.0 
35671.25 0.31 0.0 
35687.51 0.66 0.0 
35700.66 0.79 0.0 
35687.54 0.87 0.0 
35700.66 0.83 0.0 
35808.36 0.85 0.0 
35808.35 0.79 0.0 
35943.68 0.63 0.0 
35943.69 0.31 0.0 
36294.53 0.44 0.0 
36324.99 0.55 0.0 
36545.32 0.58 0.0 
36545.31 0.43 0.0 
37311.41 0.54 0.0 
37311.41 0.64 0.0 
38127.99 0.41 0.0 
38646.63 0.42 0.0 
38646.63 0.41 0.0 
38597.01 0.35 0.0 
39141.79 0.53 0.0 
39141.80 0.69 0.0 
39627.87 0.48 0.0 
39627.99 0.50 0.0 
40091.79 0.45 0.0 
40091.78 0.63 0.0 
40292.37 0.58 0.0 
40264.37 0.85 0.0 
40264.35 0.48 0.0 
40457.07 0.55 0.0 
40836.71 0.32 0.0 
41673.64 0.79 0.0 
41673.65 0.78 0.0 
41914.70 0.84 0.0 
42043.47 0.34 0.0 
42320.75 0.30 0.0 
42320.73 0.32 0.0 
42902.47 0.38 0.0 
43018.09 0.58 0.0 
43115.67 0.41 0.0 
43110.48 0.73 0.0 
43115.67 0.32 0.0 
43456.41 0.68 0.0 
44075.95 0.47 0.0 
44075.94 0.69 0.0 
44449.15 0.38 0.0 
44703.83 0.48 0.0 
45022.99 0.33 0.0 
45023.05 0.45 0.0 
45134.83 0.53 0.0 
45077.90 0.69 0.0 
45086.00 0.56 0.0 
45219.18 0.53 0.0 
45196.35 0.34 0.0 
45290.48 0.55 0.0 
45485.55 0.78 0.0 
45485.56 0.86 0.0 
45697.32 0.45 0.0 
45943.67 0.47 0.0 
45963.88 0.64 0.0 
45943.71 0.53 0.0 
46295.31 0.34 0.0 
46571.11 0.35 0.0 
46872.99 0.39 0.0 
48036.17 0.42 0.0 
48215.57 0.41 0.0 
48840.95 0.62 0.0 
51851.92 0.50 0.0 
52344.65 0.45 0.0 
57120.59 0.58 0.0 
62086.23 0.42 0.0 
63067.83 0.40 0.0 
63067.87 0.59 0.0 
68613.90 0.32 0.0 
69277.55 0.32 0.0 
69378.33 0.69 0.0 
69302.43 0.31 0.0 
69378.35 0.45 0.0 
69527.07 0.76 0.0 
71517.39 0.38 0.0 
71848.79 0.37 0.0 
72025.37 0.70 0.0 
72025.37 0.73 0.0 
72845.88 0.38 0.0 
73189.05 0.59 0.0 
73189.01 0.60 0.0 
73142.31 0.41 0.0 
73142.31 0.36 0.0 
73209.37 0.36 0.0 
73254.94 0.87 0.0 
73355.41 0.35 0.0 
73247.33 0.63 0.0 
73254.94 0.85 0.0 
73355.41 0.75 0.0 
73414.36 0.67 0.0 
73414.40 0.48 0.0 
73583.49 0.33 0.0 
73562.91 0.38 0.0 
73562.90 0.81 0.0 
73738.34 0.65 0.0 
74125.61 0.35 0.0 
74596.75 0.50 0.0 
78027.07 0.58 0.0 
78027.07 0.49 0.0 
78198.43 0.34 0.0 
82064.11 0.57 0.0 
82283.74 0.60 0.0 
82283.73 0.53 0.0 
83120.10 0.72 0.0 
83120.08 0.66 0.0 
83868.31 0.43 0.0 
85485.70 0.76 0.0 
86319.63 0.30 0.0 
86319.64 0.79 0.0 
