132.29 0.35 0.0 
514.20 0.32 0.0 
882.55 0.75 0.0 
842.84 0.35 0.0 
914.03 0.85 0.0 
1604.07 0.44 0.0 
1692.75 0.59 0.0 
2377.04 0.30 0.0 
2757.76 0.39 0.0 
3323.27 0.44 0.0 
3407.64 0.35 0.0 
3407.71 0.82 0.0 
3591.19 0.37 0.0 
3591.20 0.44 0.0 
3904.85 0.33 0.0 
4933.09 0.34 0.0 
6003.85 0.68 0.0 
6011.20 0.54 0.0 
6003.87 0.87 0.0 
5984.25 0.33 0.0 
6265.45 0.41 0.0 
6268.63 0.69 0.0 
7940.74 0.68 0.0 
7940.76 0.47 0.0 
8544.55 0.43 0.0 
8566.03 0.54 0.0 
8876.15 0.40 0.0 
8869.63 0.38 0.0 
8892.67 0.73 0.0 
9059.37 0.41 0.0 
9579.62 0.36 0.0 
9839.57 0.32 0.0 
11787.52 0.43 0.0 
11790.21 0.41 0.0 
11909.12 0.45 0.0 
14167.04 0.41 0.0 
14907.83 0.31 0.0 
15091.35 0.45 0.0 
15091.28 0.49 0.0 
15276.92 0.37 0.0 
15276.93 0.85 0.0 
15704.01 0.55 0.0 
16107.05 0.55 0.0 
16121.63 0.31 0.0 
16109.50 0.67 0.0 
16256.15 0.77 0.0 
16336.52 0.48 0.0 
16271.41 0.58 0.0 
16480.76 0.34 0.0 
16536.72 0.80 0.0 
16574.01 0.58 0.0 
16560.57 0.47 0.0 
16536.68 0.59 0.0 
16811.27 0.33 0.0 
16832.68 0.42 0.0 
17369.95 0.45 0.0 
17643.00 0.56 0.0 
17624.19 0.34 0.0 
17728.05 0.53 0.0 
18089.48 0.48 0.0 
18450.64 0.74 0.0 
18733.07 0.38 0.0 
19199.20 0.35 0.0 
19242.91 0.56 0.0 
19229.51 0.74 0.0 
20143.94 0.32 0.0 
20339.35 0.53 0.0 
20426.61 0.43 0.0 
21102.77 0.54 0.0 
21444.71 0.39 0.0 
21552.53 0.47 0.0 
21997.32 0.30 0.0 
21997.33 0.41 0.0 
22394.48 0.38 0.0 
22709.58 0.48 0.0 
23411.03 0.43 0.0 
23456.71 0.50 0.0 
23516.79 0.50 0.0 
23842.43 0.51 0.0 
24416.36 0.33 0.0 
24418.73 0.36 0.0 
24882.91 0.41 0.0 
24817.01 0.48 0.0 
25244.33 0.47 0.0 
26703.80 0.61 0.0 
26703.77 0.48 0.0 
26726.51 0.45 0.0 
26910.59 0.30 0.0 
27134.93 0.52 0.0 
27210.16 0.67 0.0 
27389.79 0.56 0.0 
27479.17 0.37 0.0 
27626.83 0.64 0.0 
27626.83 0.33 0.0 
27676.64 0.47 0.0 
28079.40 0.38 0.0 
28042.85 0.50 0.0 
28059.60 0.86 0.0 
28237.39 0.33 0.0 
28289.43 0.71 0.0 
28274.36 0.91 0.0 
28469.56 0.37 0.0 
28610.35 0.34 0.0 
28634.37 0.53 0.0 
28746.15 0.45 0.0 
28878.17 0.50 0.0 
29054.05 0.50 0.0 
29280.93 0.83 0.0 
29515.23 0.53 0.0 
29742.87 0.33 0.0 
29855.85 0.35 0.0 
30011.51 0.32 0.0 
30114.63 0.65 0.0 
30224.00 0.31 0.0 
31130.36 0.36 0.0 
31499.35 0.43 0.0 
31664.92 0.33 0.0 
31769.95 0.34 0.0 
32289.29 0.33 0.0 
32541.93 0.31 0.0 
32576.00 0.40 0.0 
33622.11 0.72 0.0 
33753.05 0.35 0.0 
33912.09 0.71 0.0 
34378.78 0.37 0.0 
34499.23 0.32 0.0 
34618.44 0.42 0.0 
35218.91 0.43 0.0 
35293.64 0.47 0.0 
35533.77 0.42 0.0 
35683.05 0.33 0.0 
35685.35 0.45 0.0 
35806.12 0.78 0.0 
35806.09 0.65 0.0 
35831.47 0.34 0.0 
36328.55 0.30 0.0 
36320.83 0.38 0.0 
36542.49 0.40 0.0 
37034.29 0.55 0.0 
37356.09 0.47 0.0 
37356.12 0.62 0.0 
37580.73 0.38 0.0 
37755.21 0.39 0.0 
37874.40 0.63 0.0 
38080.49 0.33 0.0 
38024.01 0.34 0.0 
38294.48 0.38 0.0 
38547.43 0.57 0.0 
38624.31 0.44 0.0 
38699.46 0.33 0.0 
38862.51 0.52 0.0 
39075.22 0.51 0.0 
39625.40 0.36 0.0 
39625.32 0.36 0.0 
39762.12 0.36 0.0 
40087.36 0.39 0.0 
40032.11 0.82 0.0 
40087.43 0.36 0.0 
40263.78 0.45 0.0 
40303.76 0.51 0.0 
40405.90 0.53 0.0 
40902.75 0.40 0.0 
41954.35 0.78 0.0 
42193.33 0.31 0.0 
42269.45 0.47 0.0 
42701.96 0.87 0.0 
42927.43 0.33 0.0 
43122.73 0.43 0.0 
43362.81 0.38 0.0 
43362.81 0.30 0.0 
43455.12 0.38 0.0 
43724.44 0.39 0.0 
44070.36 0.79 0.0 
44321.11 0.89 0.0 
44458.11 0.37 0.0 
44447.36 0.31 0.0 
44501.65 0.34 0.0 
45132.52 0.50 0.0 
45132.52 0.50 0.0 
45075.88 0.46 0.0 
45081.97 0.34 0.0 
45326.80 0.81 0.0 
45287.93 0.56 0.0 
45472.93 0.54 0.0 
45472.91 0.35 0.0 
45482.38 0.69 0.0 
45482.38 0.83 0.0 
45961.21 0.70 0.0 
45961.24 0.77 0.0 
45937.03 0.44 0.0 
46564.20 0.37 0.0 
46923.57 0.41 0.0 
47256.92 0.51 0.0 
48069.69 0.46 0.0 
48376.35 0.31 0.0 
51845.45 0.49 0.0 
51845.48 0.30 0.0 
52298.80 0.52 0.0 
56833.61 0.36 0.0 
61978.69 0.32 0.0 
62083.33 0.53 0.0 
62465.36 0.34 0.0 
63119.31 0.64 0.0 
63063.61 0.35 0.0 
64394.41 0.47 0.0 
65759.40 0.54 0.0 
66794.48 0.40 0.0 
67797.80 0.76 0.0 
69266.23 0.37 0.0 
71442.97 0.32 0.0 
71800.29 0.44 0.0 
72022.89 0.78 0.0 
72022.91 0.77 0.0 
72888.61 0.56 0.0 
73107.65 0.48 0.0 
73185.75 0.85 0.0 
73185.73 0.70 0.0 
73209.15 0.49 0.0 
73247.32 0.68 0.0 
73355.34 0.57 0.0 
73250.48 0.74 0.0 
73411.64 0.33 0.0 
73558.79 0.39 0.0 
73526.28 0.78 0.0 
73631.52 0.71 0.0 
73735.45 0.47 0.0 
73857.56 0.82 0.0 
74125.58 0.51 0.0 
74518.14 0.60 0.0 
75899.00 0.32 0.0 
78024.27 0.33 0.0 
78164.43 0.50 0.0 
78643.69 0.76 0.0 
82275.97 0.34 0.0 
83112.99 0.78 0.0 
83112.97 0.42 0.0 
83352.01 0.38 0.0 
84074.49 0.37 0.0 
84313.72 0.58 0.0 
85607.95 0.46 0.0 
86319.60 0.48 0.0 
