728.05 0.41 0.0 
728.07 0.75 0.0 
734.88 0.84 0.0 
1563.33 0.40 0.0 
2195.92 0.53 0.0 
2195.91 0.69 0.0 
2315.29 0.31 0.0 
2282.93 0.31 0.0 
2282.93 0.35 0.0 
2315.37 0.54 0.0 
2333.59 0.47 0.0 
2417.81 0.48 0.0 
2411.52 0.76 0.0 
2333.59 0.36 0.0 
2411.50 0.82 0.0 
2417.79 0.49 0.0 
2920.11 0.80 0.0 
2920.11 0.82 0.0 
3100.70 0.93 0.0 
3100.67 0.40 0.0 
3318.28 0.65 0.0 
3318.29 0.64 0.0 
3482.40 0.83 0.0 
3482.40 0.88 0.0 
4115.01 0.35 0.0 
4114.99 0.36 0.0 
4679.87 0.30 0.0 
4700.70 0.61 0.0 
5324.86 0.71 0.0 
5325.87 0.35 0.0 
5499.20 0.48 0.0 
5499.20 0.51 0.0 
5611.57 0.35 0.0 
5814.62 0.86 0.0 
5857.39 0.48 0.0 
5814.60 0.87 0.0 
5857.39 0.73 0.0 
6232.15 0.47 0.0 
6414.62 0.91 0.0 
6452.27 0.30 0.0 
6414.60 0.90 0.0 
6588.15 0.38 0.0 
6526.77 0.50 0.0 
7178.12 0.48 0.0 
7178.13 0.59 0.0 
7591.87 0.33 0.0 
7784.52 0.37 0.0 
7859.03 0.39 0.0 
7952.61 0.42 0.0 
7952.63 0.60 0.0 
8041.12 0.68 0.0 
8181.47 0.39 0.0 
8962.45 0.41 0.0 
9407.05 0.66 0.0 
10713.47 0.47 0.0 
10963.47 0.37 0.0 
11128.35 0.39 0.0 
11258.92 0.73 0.0 
11248.83 0.46 0.0 
11807.18 0.65 0.0 
11994.87 0.47 0.0 
11955.57 0.90 0.0 
12915.81 0.58 0.0 
13051.80 0.76 0.0 
13261.68 0.43 0.0 
13245.48 0.75 0.0 
13413.03 0.44 0.0 
13413.75 0.34 0.0 
13651.76 0.80 0.0 
13651.79 0.71 0.0 
13860.67 0.37 0.0 
13879.79 0.31 0.0 
13929.69 0.52 0.0 
13879.79 0.33 0.0 
14154.83 0.40 0.0 
14475.51 0.43 0.0 
14687.79 0.40 0.0 
15003.33 0.35 0.0 
15256.58 0.83 0.0 
15357.59 0.30 0.0 
15793.31 0.36 0.0 
15765.71 0.62 0.0 
15871.76 0.52 0.0 
15893.59 0.55 0.0 
15893.57 0.81 0.0 
16036.21 0.36 0.0 
16473.27 0.32 0.0 
16959.23 0.35 0.0 
16966.83 0.51 0.0 
17480.99 0.34 0.0 
17968.69 0.52 0.0 
18878.71 0.36 0.0 
18806.28 0.52 0.0 
18806.27 0.40 0.0 
19333.07 0.43 0.0 
19336.73 0.54 0.0 
19704.03 0.35 0.0 
19924.52 0.43 0.0 
19924.52 0.36 0.0 
20127.17 0.41 0.0 
20430.41 0.45 0.0 
20626.79 0.63 0.0 
20695.47 0.33 0.0 
21013.51 0.48 0.0 
21060.67 0.78 0.0 
21301.78 0.83 0.0 
21301.82 0.78 0.0 
21856.51 0.51 0.0 
21947.91 0.46 0.0 
22484.77 0.61 0.0 
22576.67 0.66 0.0 
22751.55 0.53 0.0 
22911.20 0.46 0.0 
22911.18 0.47 0.0 
23024.80 0.50 0.0 
23024.83 0.45 0.0 
24062.55 0.41 0.0 
24643.51 0.33 0.0 
24714.57 0.67 0.0 
24908.77 0.51 0.0 
25191.00 0.48 0.0 
25191.00 0.84 0.0 
25320.65 0.47 0.0 
25772.63 0.55 0.0 
25921.95 0.39 0.0 
26521.26 0.79 0.0 
27366.25 0.37 0.0 
27502.59 0.34 0.0 
27489.68 0.66 0.0 
27489.67 0.56 0.0 
27627.99 0.35 0.0 
28126.15 0.46 0.0 
28253.01 0.34 0.0 
28253.05 0.45 0.0 
28455.89 0.87 0.0 
28438.63 0.55 0.0 
28546.98 0.85 0.0 
28547.00 0.84 0.0 
28573.87 0.77 0.0 
28968.56 0.39 0.0 
29161.13 0.65 0.0 
29930.47 0.34 0.0 
30643.23 0.64 0.0 
30568.75 0.49 0.0 
30742.53 0.56 0.0 
30752.51 0.55 0.0 
30742.53 0.35 0.0 
30752.53 0.83 0.0 
30905.25 0.37 0.0 
31531.45 0.74 0.0 
31581.68 0.59 0.0 
31651.33 0.52 0.0 
31715.17 0.30 0.0 
31715.21 0.53 0.0 
32856.59 0.44 0.0 
32856.57 0.37 0.0 
33386.70 0.55 0.0 
33386.66 0.69 0.0 
33521.43 0.42 0.0 
33602.21 0.60 0.0 
33901.50 0.78 0.0 
33901.48 0.78 0.0 
34125.89 0.46 0.0 
34581.75 0.39 0.0 
34581.83 0.55 0.0 
35365.73 0.56 0.0 
35382.12 0.49 0.0 
39389.54 0.59 0.0 
39389.69 0.36 0.0 
39962.11 0.30 0.0 
41699.50 0.40 0.0 
41699.43 0.31 0.0 
44596.03 0.42 0.0 
44881.64 0.36 0.0 
45482.03 0.41 0.0 
45493.13 0.32 0.0 
45482.07 0.62 0.0 
45495.17 0.89 0.0 
46200.52 0.57 0.0 
47834.12 0.38 0.0 
48094.57 0.32 0.0 
48085.16 0.37 0.0 
48094.59 0.39 0.0 
48101.19 0.36 0.0 
48942.35 0.44 0.0 
49855.25 0.30 0.0 
50715.85 0.72 0.0 
51946.15 0.66 0.0 
52771.13 0.86 0.0 
53595.58 0.86 0.0 
55605.88 0.89 0.0 
62203.52 0.41 0.0 
63876.91 0.34 0.0 
63876.90 0.66 0.0 
64035.39 0.83 0.0 
64564.95 0.40 0.0 
66972.35 0.31 0.0 
71721.35 0.33 0.0 
72016.51 0.41 0.0 
72499.71 0.32 0.0 
72436.35 0.42 0.0 
72660.48 0.54 0.0 
72871.04 0.42 0.0 
73080.47 0.35 0.0 
73052.64 0.35 0.0 
73200.43 0.44 0.0 
73200.46 0.85 0.0 
73601.11 0.35 0.0 
73624.40 0.47 0.0 
73927.51 0.75 0.0 
73848.09 0.60 0.0 
73927.48 0.85 0.0 
74025.47 0.67 0.0 
74094.43 0.45 0.0 
74281.80 0.52 0.0 
74393.03 0.37 0.0 
74393.07 0.58 0.0 
74431.69 0.47 0.0 
74527.55 0.35 0.0 
74940.47 0.40 0.0 
75735.19 0.53 0.0 
75879.18 0.59 0.0 
75900.51 0.30 0.0 
76142.17 0.64 0.0 
76142.20 0.35 0.0 
76200.59 0.48 0.0 
76253.41 0.45 0.0 
76269.41 0.56 0.0 
77079.37 0.44 0.0 
77147.30 0.56 0.0 
77100.47 0.31 0.0 
77971.10 0.62 0.0 
78009.40 0.30 0.0 
78158.19 0.37 0.0 
78473.67 0.32 0.0 
78473.65 0.63 0.0 
78773.29 0.31 0.0 
78773.26 0.63 0.0 
78848.01 0.39 0.0 
79216.72 0.59 0.0 
79307.01 0.54 0.0 
79579.00 0.49 0.0 
79578.99 0.31 0.0 
82224.91 0.37 0.0 
84699.59 0.44 0.0 
84701.24 0.38 0.0 
85786.13 0.49 0.0 
