76.44 0.31 0.0 
1133.00 0.59 0.0 
1133.00 0.58 0.0 
1904.00 0.33 0.0 
2031.71 0.37 0.0 
5291.20 0.54 0.0 
5749.68 0.58 0.0 
5749.65 0.60 0.0 
5759.11 0.70 0.0 
7571.79 0.59 0.0 
8084.17 0.54 0.0 
8363.73 0.47 0.0 
8739.28 0.40 0.0 
9056.12 0.32 0.0 
9683.21 0.39 0.0 
10753.05 0.34 0.0 
11444.15 0.51 0.0 
11471.59 0.53 0.0 
12041.77 0.71 0.0 
12557.87 0.46 0.0 
12582.61 0.34 0.0 
12924.69 0.65 0.0 
12924.63 0.52 0.0 
14262.96 0.54 0.0 
14200.33 0.59 0.0 
14571.11 0.46 0.0 
14836.37 0.45 0.0 
16547.45 0.55 0.0 
16547.49 0.38 0.0 
16723.57 0.40 0.0 
17129.28 0.86 0.0 
18072.71 0.33 0.0 
19618.11 0.35 0.0 
20201.33 0.31 0.0 
22604.51 0.32 0.0 
24371.09 0.42 0.0 
25165.64 0.49 0.0 
25663.59 0.36 0.0 
25916.57 0.50 0.0 
26816.24 0.45 0.0 
27888.15 0.42 0.0 
27981.19 0.31 0.0 
29186.39 0.56 0.0 
29186.40 0.59 0.0 
30401.79 0.49 0.0 
30689.11 0.84 0.0 
34479.39 0.32 0.0 
35668.25 0.38 0.0 
36594.53 0.45 0.0 
38354.15 0.52 0.0 
38981.01 0.75 0.0 
38980.96 0.56 0.0 
39734.19 0.50 0.0 
40122.05 0.37 0.0 
41504.13 0.31 0.0 
42187.73 0.60 0.0 
42187.77 0.36 0.0 
43137.20 0.45 0.0 
43535.64 0.67 0.0 
44862.42 0.34 0.0 
44852.97 0.36 0.0 
45476.45 0.80 0.0 
45476.48 0.79 0.0 
45732.85 0.56 0.0 
45732.85 0.47 0.0 
45884.19 0.41 0.0 
46001.52 0.36 0.0 
52452.96 0.30 0.0 
54853.87 0.34 0.0 
55439.15 0.38 0.0 
57980.96 0.43 0.0 
58259.24 0.33 0.0 
58912.59 0.31 0.0 
58985.76 0.38 0.0 
59083.51 0.34 0.0 
59992.84 0.43 0.0 
60889.87 0.38 0.0 
60889.91 0.38 0.0 
61487.01 0.31 0.0 
63414.08 0.41 0.0 
63414.08 0.65 0.0 
63950.61 0.37 0.0 
63950.65 0.62 0.0 
64676.97 0.39 0.0 
66052.35 0.30 0.0 
66115.80 0.59 0.0 
66052.35 0.30 0.0 
66571.72 0.30 0.0 
67904.24 0.36 0.0 
69112.71 0.44 0.0 
70427.68 0.34 0.0 
70427.67 0.37 0.0 
70549.05 0.51 0.0 
71829.75 0.37 0.0 
72957.28 0.30 0.0 
75347.60 0.34 0.0 
77967.83 0.65 0.0 
79589.43 0.43 0.0 
80051.61 0.31 0.0 
81154.21 0.49 0.0 
81234.67 0.71 0.0 
81269.33 0.30 0.0 
81711.12 0.38 0.0 
84209.43 0.47 0.0 
84485.51 0.62 0.0 
