326.09 0.37 0.0 
712.68 0.59 0.0 
712.68 0.65 0.0 
717.33 0.47 0.0 
1447.51 0.33 0.0 
2203.63 0.54 0.0 
6441.24 0.30 0.0 
6441.24 0.50 0.0 
8208.95 0.33 0.0 
8290.52 0.55 0.0 
8290.52 0.63 0.0 
8564.17 0.64 0.0 
9764.15 0.37 0.0 
10138.05 0.34 0.0 
10768.72 0.43 0.0 
10768.71 0.86 0.0 
10992.36 0.46 0.0 
10992.35 0.61 0.0 
11030.96 0.69 0.0 
11030.96 0.81 0.0 
12717.51 0.34 0.0 
12880.08 0.70 0.0 
13139.56 0.34 0.0 
14120.73 0.66 0.0 
14120.73 0.84 0.0 
14561.06 0.62 0.0 
15146.70 0.97 0.0 
15146.68 0.97 0.0 
15464.15 0.63 0.0 
16707.89 0.34 0.0 
18208.96 0.38 0.0 
18208.93 0.96 0.0 
22523.16 0.55 0.0 
23724.99 0.74 0.0 
23782.75 0.56 0.0 
23906.31 0.32 0.0 
25556.64 0.36 0.0 
28753.65 0.31 0.0 
29646.17 0.38 0.0 
32350.40 0.59 0.0 
32350.42 0.81 0.0 
33286.04 0.79 0.0 
33286.05 0.32 0.0 
37843.55 0.43 0.0 
39223.91 0.64 0.0 
39683.77 0.40 0.0 
44086.72 0.80 0.0 
44071.44 0.90 0.0 
44086.72 0.79 0.0 
44071.45 0.96 0.0 
50545.92 0.45 0.0 
51368.52 0.71 0.0 
51368.50 0.46 0.0 
51762.58 0.58 0.0 
53395.79 0.48 0.0 
54701.25 0.60 0.0 
54701.28 0.70 0.0 
83988.73 0.33 0.0 
84669.87 0.59 0.0 
84669.88 0.51 0.0 
84793.63 0.72 0.0 
86014.99 0.34 0.0 
86018.19 0.42 0.0 
