251.16 0.43 0.0 
1313.69 0.41 0.0 
2723.41 0.33 0.0 
7648.59 0.34 0.0 
8053.95 0.34 0.0 
8054.48 0.32 0.0 
8277.13 0.80 0.0 
8277.16 0.98 0.0 
9023.45 0.58 0.0 
8968.65 0.38 0.0 
9863.21 0.46 0.0 
9958.17 0.31 0.0 
10865.52 0.76 0.0 
12117.53 0.61 0.0 
12791.11 0.49 0.0 
12791.05 0.45 0.0 
12897.21 0.51 0.0 
13030.96 0.83 0.0 
13030.87 0.38 0.0 
13588.97 0.50 0.0 
14545.05 0.33 0.0 
14608.25 0.57 0.0 
14608.21 0.47 0.0 
15383.37 0.33 0.0 
15948.36 0.43 0.0 
18132.29 0.53 0.0 
18444.89 0.38 0.0 
18928.85 0.36 0.0 
19092.29 0.41 0.0 
19121.76 0.38 0.0 
23301.87 0.40 0.0 
24234.07 0.49 0.0 
24420.71 0.33 0.0 
25738.85 0.34 0.0 
28423.99 0.44 0.0 
28584.89 0.36 0.0 
29709.84 0.34 0.0 
29951.21 0.36 0.0 
32519.01 0.72 0.0 
32834.09 0.48 0.0 
33523.08 0.44 0.0 
33462.05 0.31 0.0 
34670.77 0.36 0.0 
34670.89 0.46 0.0 
35533.57 0.53 0.0 
35776.52 0.31 0.0 
37108.56 0.32 0.0 
37447.21 0.39 0.0 
37378.03 0.50 0.0 
41279.16 0.68 0.0 
44071.09 0.59 0.0 
44071.15 0.68 0.0 
44087.01 0.32 0.0 
45789.49 0.38 0.0 
49157.89 0.60 0.0 
54206.08 0.34 0.0 
54659.60 0.36 0.0 
61835.25 0.32 0.0 
66729.43 0.31 0.0 
70109.47 0.33 0.0 
71502.04 0.59 0.0 
77911.77 0.32 0.0 
78445.53 0.35 0.0 
78913.59 0.33 0.0 
85737.48 0.66 0.0 
86320.29 0.51 0.0 
