488.75 0.51 0.0 
488.73 0.40 0.0 
12766.54 0.47 0.0 
13029.13 0.32 0.0 
13041.39 0.30 0.0 
14045.59 0.44 0.0 
14045.59 0.64 0.0 
14550.59 0.41 0.0 
18676.67 0.61 0.0 
24852.06 0.94 0.0 
24852.06 0.84 0.0 
27620.27 0.31 0.0 
27620.27 0.32 0.0 
33993.72 0.93 0.0 
33993.72 0.64 0.0 
34846.24 0.90 0.0 
34885.76 0.63 0.0 
34902.71 0.81 0.0 
34885.76 0.51 0.0 
34843.76 0.96 0.0 
34843.76 0.96 0.0 
34902.68 0.39 0.0 
36276.40 0.44 0.0 
44055.28 0.89 0.0 
44055.36 0.81 0.0 
46466.72 0.80 0.0 
46466.72 0.81 0.0 
53315.53 0.55 0.0 
73924.42 0.92 0.0 
73924.42 0.92 0.0 
