491.60 0.50 0.0 
1575.68 0.63 0.0 
2486.81 0.52 0.0 
4972.93 0.46 0.0 
8295.46 0.31 0.0 
8295.51 0.51 0.0 
8503.08 0.43 0.0 
8893.65 0.37 0.0 
13034.51 0.59 0.0 
13130.64 0.84 0.0 
13130.63 0.81 0.0 
13999.27 0.53 0.0 
13999.29 0.42 0.0 
14130.39 0.48 0.0 
14139.95 0.32 0.0 
14644.68 0.64 0.0 
14922.71 0.59 0.0 
20893.92 0.46 0.0 
25168.96 0.39 0.0 
29293.39 0.59 0.0 
29818.96 0.31 0.0 
33487.63 0.39 0.0 
35983.48 0.42 0.0 
36947.17 0.63 0.0 
39417.04 0.50 0.0 
44083.62 0.34 0.0 
44101.93 0.60 0.0 
44101.96 0.47 0.0 
