250.28 0.67 0.0 
1226.75 0.41 0.0 
12766.68 0.31 0.0 
13029.11 0.45 0.0 
14044.32 0.62 0.0 
14044.32 0.86 0.0 
16648.88 0.34 0.0 
18675.69 0.60 0.0 
20684.09 0.33 0.0 
23323.37 0.35 0.0 
24850.96 0.98 0.0 
24850.96 0.97 0.0 
27655.04 0.70 0.0 
27617.47 0.52 0.0 
27617.47 0.75 0.0 
32038.35 0.38 0.0 
33974.16 0.59 0.0 
33992.49 0.97 0.0 
33992.48 0.89 0.0 
34853.20 0.77 0.0 
34884.53 0.93 0.0 
34901.48 0.92 0.0 
34884.53 0.85 0.0 
34842.55 0.98 0.0 
34853.23 0.52 0.0 
34842.55 0.98 0.0 
34901.48 0.92 0.0 
36224.37 0.46 0.0 
36275.17 0.92 0.0 
36275.18 0.84 0.0 
39344.19 0.54 0.0 
44052.38 0.97 0.0 
44052.38 0.97 0.0 
44442.52 0.54 0.0 
44755.80 0.53 0.0 
44758.68 0.66 0.0 
45794.16 0.81 0.0 
46463.82 0.97 0.0 
46463.82 0.95 0.0 
53312.01 0.39 0.0 
61153.80 0.56 0.0 
71278.24 0.65 0.0 
71278.24 0.96 0.0 
73065.12 0.50 0.0 
73513.17 0.37 0.0 
73921.88 0.89 0.0 
73921.88 0.88 0.0 
75539.37 0.38 0.0 
77681.08 0.31 0.0 
80128.93 0.48 0.0 
83893.96 0.33 0.0 
86099.32 0.34 0.0 
