89.49 0.43 0.0 
2952.60 0.67 0.0 
4307.71 0.40 0.0 
4694.00 0.61 0.0 
6527.45 0.36 0.0 
6703.53 0.39 0.0 
7120.81 0.80 0.0 
7120.80 0.54 0.0 
8052.61 0.36 0.0 
8346.60 0.35 0.0 
8346.56 0.51 0.0 
8732.21 0.49 0.0 
8835.32 0.43 0.0 
8835.28 0.49 0.0 
9569.40 0.38 0.0 
9703.95 0.45 0.0 
10003.85 0.71 0.0 
10136.64 0.52 0.0 
10649.44 0.87 0.0 
10964.08 0.40 0.0 
11281.19 0.51 0.0 
11600.49 0.72 0.0 
11807.56 0.46 0.0 
11895.28 0.61 0.0 
12029.65 0.40 0.0 
11966.92 0.37 0.0 
12189.53 0.87 0.0 
12189.53 0.51 0.0 
12641.39 0.66 0.0 
12763.64 0.35 0.0 
12763.60 0.71 0.0 
13019.49 0.54 0.0 
13527.95 0.31 0.0 
14000.56 0.65 0.0 
14000.57 0.37 0.0 
14020.41 0.37 0.0 
14293.03 0.96 0.0 
14293.03 0.96 0.0 
14429.48 0.33 0.0 
14953.40 0.70 0.0 
15402.73 0.43 0.0 
16707.97 0.35 0.0 
16647.33 0.33 0.0 
17471.84 0.41 0.0 
18389.01 0.34 0.0 
19238.63 0.45 0.0 
21148.32 0.30 0.0 
22358.40 0.39 0.0 
22288.28 0.59 0.0 
22741.41 0.53 0.0 
23474.09 0.39 0.0 
26058.50 0.98 0.0 
26058.50 0.98 0.0 
27209.51 0.66 0.0 
28045.36 0.59 0.0 
32224.04 0.66 0.0 
32224.01 0.70 0.0 
32876.60 0.32 0.0 
33238.57 0.35 0.0 
33238.55 0.74 0.0 
33464.46 0.98 0.0 
33464.45 0.98 0.0 
33657.72 0.40 0.0 
34405.33 0.47 0.0 
36203.65 0.45 0.0 
36203.68 0.54 0.0 
37092.24 0.60 0.0 
37844.19 0.93 0.0 
39494.04 0.56 0.0 
39537.76 0.77 0.0 
39974.44 0.69 0.0 
40124.48 0.73 0.0 
40601.56 0.52 0.0 
40528.13 0.57 0.0 
41219.37 0.35 0.0 
42072.25 0.35 0.0 
43241.31 0.45 0.0 
43874.27 0.34 0.0 
44322.64 0.45 0.0 
44443.89 0.43 0.0 
46464.76 0.35 0.0 
46464.76 0.31 0.0 
46633.68 0.46 0.0 
47937.93 0.32 0.0 
50579.32 0.46 0.0 
50833.73 0.33 0.0 
54328.37 0.39 0.0 
55466.56 0.44 0.0 
59052.96 0.70 0.0 
62567.43 0.42 0.0 
63359.43 0.74 0.0 
67271.95 0.33 0.0 
67319.36 0.83 0.0 
70696.00 0.64 0.0 
73273.32 0.59 0.0 
76992.27 0.79 0.0 
77144.32 0.62 0.0 
77324.33 0.61 0.0 
80515.67 0.87 0.0 
83009.08 0.34 0.0 
83398.77 0.67 0.0 
83834.37 0.43 0.0 
84927.86 0.38 0.0 
85523.08 0.34 0.0 
86354.26 0.53 0.0 
