4307.70 0.42 0.0 
6405.64 0.57 0.0 
6528.55 0.35 0.0 
7121.40 0.84 0.0 
7121.39 0.72 0.0 
8733.04 0.44 0.0 
8835.85 0.40 0.0 
8835.79 0.36 0.0 
9091.35 0.39 0.0 
10096.19 0.41 0.0 
11281.71 0.32 0.0 
11718.08 0.57 0.0 
12793.79 0.34 0.0 
14294.57 0.30 0.0 
14294.61 0.74 0.0 
15968.13 0.36 0.0 
16312.20 0.31 0.0 
17633.86 0.32 0.0 
20326.95 0.30 0.0 
24362.46 0.72 0.0 
25366.83 0.31 0.0 
26061.25 0.92 0.0 
26061.26 0.94 0.0 
26290.67 0.31 0.0 
33466.78 0.79 0.0 
33466.80 0.82 0.0 
33620.96 0.39 0.0 
36206.31 0.59 0.0 
36206.27 0.47 0.0 
39002.67 0.47 0.0 
39968.29 0.45 0.0 
43235.00 0.31 0.0 
43244.88 0.53 0.0 
43680.88 0.39 0.0 
45331.09 0.36 0.0 
48231.91 0.52 0.0 
50833.76 0.32 0.0 
64801.39 0.50 0.0 
70699.84 0.51 0.0 
71551.80 0.59 0.0 
