2473.25 0.32 0.0 
14653.23 0.49 0.0 
20039.12 0.76 0.0 
20999.28 0.51 0.0 
22993.93 0.47 0.0 
24059.44 0.40 0.0 
24154.20 0.81 0.0 
24161.08 0.31 0.0 
24154.20 0.68 0.0 
24118.93 0.33 0.0 
24434.08 0.31 0.0 
26083.12 0.39 0.0 
26069.20 0.94 0.0 
28588.84 0.64 0.0 
28649.51 0.63 0.0 
30434.44 0.41 0.0 
38728.13 0.36 0.0 
46979.53 0.43 0.0 
50232.99 0.44 0.0 
51387.83 0.42 0.0 
55410.96 0.40 0.0 
61349.36 0.55 0.0 
63351.40 0.42 0.0 
63351.40 0.50 0.0 
69464.24 0.35 0.0 
70349.00 0.39 0.0 
83564.47 0.44 0.0 
86158.05 0.32 0.0 
