74.47 0.88 0.0 
177.60 0.50 0.0 
391.85 0.34 0.0 
2188.05 0.88 0.0 
4137.48 0.54 0.0 
4604.57 0.37 0.0 
5174.25 0.45 0.0 
6324.07 0.32 0.0 
6928.44 0.32 0.0 
7199.12 0.49 0.0 
7664.19 0.65 0.0 
7664.17 0.37 0.0 
8849.32 0.34 0.0 
9703.69 0.41 0.0 
9778.53 0.46 0.0 
9812.89 0.41 0.0 
10286.27 0.33 0.0 
11999.48 0.40 0.0 
16573.64 0.47 0.0 
25287.88 0.43 0.0 
25441.83 0.52 0.0 
25619.40 0.56 0.0 
25784.58 0.47 0.0 
25915.88 0.43 0.0 
26194.80 0.56 0.0 
26836.90 0.30 0.0 
27030.63 0.35 0.0 
27196.86 0.37 0.0 
27905.95 0.68 0.0 
28002.68 0.44 0.0 
29407.17 0.44 0.0 
29407.17 0.78 0.0 
29928.41 0.52 0.0 
29928.44 0.31 0.0 
29969.53 0.76 0.0 
30178.79 0.62 0.0 
30283.96 0.52 0.0 
30418.82 0.80 0.0 
30552.53 0.66 0.0 
31708.51 0.44 0.0 
31859.28 0.37 0.0 
32068.99 0.51 0.0 
34214.43 0.77 0.0 
35789.51 0.90 0.0 
35732.67 0.39 0.0 
41851.76 0.71 0.0 
44076.57 0.60 0.0 
44093.82 0.36 0.0 
44093.84 0.71 0.0 
47804.44 0.39 0.0 
48211.73 0.35 0.0 
50293.77 0.52 0.0 
51359.45 0.37 0.0 
52397.04 0.49 0.0 
53621.17 0.33 0.0 
53803.91 0.82 0.0 
53860.20 0.80 0.0 
53939.47 0.45 0.0 
54568.51 0.36 0.0 
54568.62 0.89 0.0 
55279.91 0.39 0.0 
55783.25 0.30 0.0 
56264.51 0.41 0.0 
56338.87 0.93 0.0 
56533.19 0.85 0.0 
56846.31 0.36 0.0 
57850.40 0.32 0.0 
58153.77 0.47 0.0 
58104.85 0.49 0.0 
59324.60 0.38 0.0 
59248.47 0.42 0.0 
59441.40 0.48 0.0 
59952.49 0.46 0.0 
60269.21 0.57 0.0 
60914.33 0.35 0.0 
61004.51 0.58 0.0 
61163.37 0.68 0.0 
61573.77 0.35 0.0 
61739.65 0.39 0.0 
61904.60 0.68 0.0 
62818.56 0.76 0.0 
62924.15 0.79 0.0 
62864.48 0.64 0.0 
63027.51 0.79 0.0 
63657.41 0.65 0.0 
63688.71 0.56 0.0 
63887.33 0.33 0.0 
63944.09 0.66 0.0 
64152.64 0.67 0.0 
65562.91 0.69 0.0 
65562.92 0.31 0.0 
66194.33 0.87 0.0 
66205.35 0.52 0.0 
66586.16 0.61 0.0 
66989.59 0.69 0.0 
67075.45 0.75 0.0 
67983.11 0.34 0.0 
73348.89 0.37 0.0 
77144.51 0.83 0.0 
77414.04 0.39 0.0 
77819.45 0.53 0.0 
78557.95 0.76 0.0 
79225.39 0.93 0.0 
79705.51 0.33 0.0 
80397.93 0.40 0.0 
80638.80 0.37 0.0 
81237.65 0.56 0.0 
82106.37 0.64 0.0 
84268.28 0.53 0.0 
84250.60 0.39 0.0 
84324.28 0.58 0.0 
84328.36 0.58 0.0 
84389.12 0.40 0.0 
84599.43 0.46 0.0 
85031.37 0.68 0.0 
85202.52 0.67 0.0 
85335.77 0.37 0.0 
