315.66 0.83 0.0 
544.40 0.31 0.0 
1321.65 0.48 0.0 
1321.69 0.71 0.0 
1557.43 0.54 0.0 
2503.53 0.52 0.0 
2895.51 0.42 0.0 
2920.32 0.46 0.0 
2994.06 0.78 0.0 
2920.34 0.62 0.0 
2994.04 0.75 0.0 
2959.33 0.51 0.0 
3031.43 0.62 0.0 
3072.27 0.77 0.0 
3866.39 0.32 0.0 
3866.43 0.40 0.0 
4936.81 0.67 0.0 
4936.85 0.32 0.0 
5666.43 0.36 0.0 
5838.35 0.46 0.0 
6128.43 0.38 0.0 
6249.45 0.35 0.0 
6192.91 0.31 0.0 
6490.60 0.67 0.0 
6490.57 0.69 0.0 
7474.99 0.39 0.0 
7482.37 0.38 0.0 
7441.34 0.74 0.0 
7474.91 0.50 0.0 
7482.39 0.40 0.0 
8068.01 0.70 0.0 
7981.84 0.49 0.0 
8070.51 0.36 0.0 
8888.93 0.51 0.0 
8888.87 0.48 0.0 
9465.57 0.86 0.0 
9601.48 0.83 0.0 
10684.23 0.38 0.0 
10756.83 0.34 0.0 
11358.59 0.40 0.0 
11869.31 0.36 0.0 
12176.59 0.55 0.0 
12961.12 0.51 0.0 
14144.15 0.47 0.0 
14144.15 0.41 0.0 
14205.50 0.51 0.0 
14353.83 0.39 0.0 
14508.55 0.47 0.0 
14786.95 0.31 0.0 
14889.88 0.65 0.0 
15041.77 0.33 0.0 
15102.38 0.61 0.0 
15102.37 0.51 0.0 
15240.59 0.65 0.0 
15240.56 0.64 0.0 
15348.93 0.69 0.0 
15377.81 0.33 0.0 
15348.92 0.52 0.0 
15485.61 0.58 0.0 
15600.35 0.56 0.0 
16080.89 0.32 0.0 
16085.55 0.46 0.0 
16002.63 0.45 0.0 
16185.83 0.48 0.0 
16113.21 0.34 0.0 
16308.43 0.37 0.0 
16907.25 0.36 0.0 
16854.28 0.68 0.0 
16861.04 0.84 0.0 
16854.31 0.72 0.0 
16907.23 0.42 0.0 
16861.03 0.89 0.0 
17034.47 0.32 0.0 
16999.70 0.47 0.0 
16999.65 0.55 0.0 
17536.33 0.79 0.0 
17536.36 0.84 0.0 
17503.13 0.37 0.0 
17880.47 0.32 0.0 
17837.95 0.44 0.0 
18019.56 0.63 0.0 
18019.56 0.64 0.0 
17963.33 0.61 0.0 
18120.17 0.60 0.0 
18086.73 0.35 0.0 
18086.72 0.58 0.0 
18273.11 0.34 0.0 
18273.07 0.42 0.0 
18436.03 0.47 0.0 
18616.25 0.50 0.0 
18537.24 0.45 0.0 
18895.83 0.36 0.0 
19323.05 0.41 0.0 
19258.80 0.47 0.0 
19601.43 0.32 0.0 
19947.75 0.49 0.0 
19947.70 0.60 0.0 
20070.37 0.67 0.0 
20090.53 0.32 0.0 
20096.78 0.71 0.0 
20070.43 0.57 0.0 
20090.51 0.65 0.0 
20096.81 0.76 0.0 
20277.69 0.31 0.0 
20342.07 0.42 0.0 
20777.27 0.45 0.0 
20779.92 0.39 0.0 
20837.65 0.32 0.0 
21237.29 0.40 0.0 
21237.29 0.32 0.0 
21749.14 0.49 0.0 
21999.27 0.55 0.0 
23082.49 0.62 0.0 
23040.53 0.55 0.0 
23048.21 0.67 0.0 
22980.97 0.49 0.0 
23001.41 0.41 0.0 
23220.64 0.74 0.0 
23466.12 0.34 0.0 
23476.88 0.56 0.0 
23633.83 0.72 0.0 
23567.00 0.70 0.0 
23633.81 0.49 0.0 
23723.59 0.36 0.0 
24646.52 0.48 0.0 
24759.09 0.33 0.0 
25787.71 0.41 0.0 
25732.36 0.64 0.0 
25817.19 0.32 0.0 
25732.35 0.72 0.0 
25896.44 0.54 0.0 
26049.35 0.41 0.0 
26010.60 0.85 0.0 
26014.99 0.64 0.0 
26008.70 0.60 0.0 
26008.81 0.38 0.0 
26072.33 0.38 0.0 
26524.65 0.36 0.0 
27601.38 0.80 0.0 
27538.03 0.36 0.0 
28067.92 0.56 0.0 
28306.27 0.78 0.0 
29298.33 0.43 0.0 
29298.31 0.47 0.0 
29340.51 0.32 0.0 
29446.39 0.31 0.0 
30093.75 0.33 0.0 
30388.55 0.31 0.0 
30322.25 0.30 0.0 
30322.23 0.35 0.0 
31051.61 0.43 0.0 
31372.95 0.36 0.0 
31552.66 0.30 0.0 
32085.11 0.44 0.0 
32192.47 0.51 0.0 
34096.13 0.44 0.0 
34720.03 0.30 0.0 
35760.92 0.82 0.0 
35699.13 0.62 0.0 
36950.79 0.32 0.0 
37237.69 0.74 0.0 
37237.71 0.62 0.0 
38132.16 0.76 0.0 
38122.79 0.35 0.0 
38129.77 0.46 0.0 
39201.91 0.38 0.0 
41603.19 0.33 0.0 
42012.55 0.35 0.0 
42012.51 0.42 0.0 
43668.85 0.56 0.0 
44095.28 0.75 0.0 
44095.27 0.70 0.0 
44103.33 0.47 0.0 
44402.15 0.42 0.0 
44460.58 0.88 0.0 
46467.35 0.35 0.0 
46682.09 0.33 0.0 
47296.10 0.80 0.0 
48874.03 0.37 0.0 
49701.63 0.32 0.0 
49701.61 0.47 0.0 
49727.76 0.53 0.0 
49768.33 0.44 0.0 
49846.09 0.40 0.0 
50515.29 0.49 0.0 
53716.53 0.57 0.0 
54958.39 0.48 0.0 
55802.95 0.31 0.0 
55802.94 0.32 0.0 
57121.13 0.80 0.0 
58277.70 0.34 0.0 
60214.09 0.46 0.0 
60286.87 0.48 0.0 
60947.75 0.58 0.0 
62264.61 0.33 0.0 
62559.15 0.31 0.0 
63013.67 0.39 0.0 
64226.00 0.56 0.0 
64226.01 0.49 0.0 
64353.81 0.52 0.0 
64735.32 0.46 0.0 
64735.33 0.66 0.0 
65414.41 0.44 0.0 
65690.07 0.34 0.0 
65690.07 0.49 0.0 
66759.69 0.58 0.0 
66759.61 0.55 0.0 
66870.33 0.41 0.0 
67213.99 0.38 0.0 
67463.32 0.65 0.0 
67727.61 0.56 0.0 
68177.95 0.46 0.0 
68610.76 0.92 0.0 
69226.89 0.42 0.0 
69589.23 0.77 0.0 
69767.65 0.57 0.0 
70032.16 0.69 0.0 
70032.11 0.33 0.0 
70824.35 0.50 0.0 
71655.97 0.51 0.0 
71725.45 0.52 0.0 
72296.71 0.43 0.0 
72303.21 0.56 0.0 
72496.93 0.42 0.0 
73401.57 0.32 0.0 
73620.65 0.59 0.0 
74580.79 0.45 0.0 
74759.35 0.30 0.0 
74780.99 0.36 0.0 
74731.14 0.76 0.0 
75001.47 0.33 0.0 
75001.44 0.52 0.0 
75092.91 0.54 0.0 
75414.07 0.36 0.0 
75713.40 0.43 0.0 
76467.99 0.62 0.0 
76711.35 0.34 0.0 
77091.09 0.47 0.0 
77702.14 0.68 0.0 
77702.12 0.66 0.0 
78376.99 0.55 0.0 
78909.19 0.31 0.0 
80986.35 0.37 0.0 
81010.54 0.59 0.0 
81010.54 0.55 0.0 
81533.31 0.46 0.0 
82052.57 0.68 0.0 
83911.23 0.31 0.0 
85400.62 0.90 0.0 
85400.62 0.91 0.0 
85576.30 0.71 0.0 
