737.04 0.32 0.0 
988.57 0.37 0.0 
1180.49 0.74 0.0 
1627.58 0.43 0.0 
2062.76 0.64 0.0 
2062.75 0.69 0.0 
2532.65 0.63 0.0 
2503.53 0.94 0.0 
2916.87 0.50 0.0 
2852.88 0.37 0.0 
2990.04 0.69 0.0 
2916.87 0.44 0.0 
2990.03 0.35 0.0 
2969.19 0.87 0.0 
3072.25 0.31 0.0 
3071.67 0.43 0.0 
3409.96 0.51 0.0 
3410.01 0.49 0.0 
3866.18 0.83 0.0 
3866.15 0.88 0.0 
4301.94 0.31 0.0 
4301.89 0.96 0.0 
4533.29 0.46 0.0 
4762.49 0.60 0.0 
5203.76 0.37 0.0 
5204.37 0.46 0.0 
5666.20 0.78 0.0 
5666.18 0.88 0.0 
5623.87 0.43 0.0 
6095.60 0.49 0.0 
6095.57 0.56 0.0 
6228.99 0.31 0.0 
6207.76 0.70 0.0 
6489.69 0.80 0.0 
6517.12 0.69 0.0 
6489.68 0.75 0.0 
6517.12 0.81 0.0 
6957.26 0.31 0.0 
6957.24 0.78 0.0 
7356.55 0.40 0.0 
7383.74 0.39 0.0 
7478.96 0.38 0.0 
7356.52 0.39 0.0 
7810.60 0.69 0.0 
7810.61 0.30 0.0 
8067.89 0.59 0.0 
8034.76 0.35 0.0 
8087.25 0.38 0.0 
8216.72 0.54 0.0 
8243.86 0.82 0.0 
8243.89 0.50 0.0 
8473.85 0.45 0.0 
8882.01 0.47 0.0 
8882.06 0.46 0.0 
8908.88 0.47 0.0 
9038.60 0.80 0.0 
9038.64 0.67 0.0 
9686.69 0.34 0.0 
9786.00 0.57 0.0 
9785.97 0.65 0.0 
10184.55 0.91 0.0 
10571.92 0.84 0.0 
10571.93 0.34 0.0 
10756.78 0.37 0.0 
10965.61 0.46 0.0 
10965.68 0.55 0.0 
11276.21 0.38 0.0 
11334.46 0.34 0.0 
11358.42 0.41 0.0 
11459.20 0.57 0.0 
11736.93 0.44 0.0 
11736.92 0.53 0.0 
12506.77 0.47 0.0 
12506.77 0.74 0.0 
12899.52 0.64 0.0 
12899.51 0.97 0.0 
13023.73 0.59 0.0 
13023.69 0.44 0.0 
13275.13 0.31 0.0 
13275.16 0.31 0.0 
13456.80 0.46 0.0 
13377.41 0.40 0.0 
13527.92 0.89 0.0 
13527.87 0.46 0.0 
13665.53 0.38 0.0 
13665.45 0.67 0.0 
13775.97 0.30 0.0 
14048.41 0.48 0.0 
14048.41 0.77 0.0 
14165.87 0.63 0.0 
14165.91 0.42 0.0 
14125.63 0.42 0.0 
14736.72 0.40 0.0 
14888.51 0.36 0.0 
14888.49 0.53 0.0 
14816.77 0.84 0.0 
14940.25 0.50 0.0 
15039.28 0.54 0.0 
15098.67 0.94 0.0 
15098.67 0.94 0.0 
15237.92 0.74 0.0 
15177.33 0.53 0.0 
15177.29 0.65 0.0 
15237.77 0.30 0.0 
15346.32 0.44 0.0 
15537.77 0.34 0.0 
15537.74 0.80 0.0 
15693.49 0.38 0.0 
15914.39 0.96 0.0 
15914.41 0.49 0.0 
15923.24 0.86 0.0 
15923.26 0.73 0.0 
16112.35 0.46 0.0 
16084.99 0.35 0.0 
16001.25 0.31 0.0 
16112.36 0.37 0.0 
16308.09 0.77 0.0 
16308.11 0.59 0.0 
16478.01 0.70 0.0 
16688.13 0.58 0.0 
16649.12 0.56 0.0 
16850.15 0.50 0.0 
16858.69 0.33 0.0 
16961.19 0.38 0.0 
16850.20 0.74 0.0 
17033.07 0.41 0.0 
17065.76 0.74 0.0 
16961.15 0.33 0.0 
16974.93 0.55 0.0 
16996.92 0.42 0.0 
17159.37 0.53 0.0 
17216.91 0.53 0.0 
17435.53 0.36 0.0 
17532.21 0.37 0.0 
17501.01 0.33 0.0 
17651.72 0.60 0.0 
17651.66 0.48 0.0 
17769.13 0.80 0.0 
17874.37 0.41 0.0 
17963.21 0.42 0.0 
18160.94 0.77 0.0 
18085.07 0.41 0.0 
18269.45 0.49 0.0 
18433.89 0.57 0.0 
18417.48 0.60 0.0 
18548.78 0.92 0.0 
18548.80 0.42 0.0 
18777.64 0.38 0.0 
18914.15 0.89 0.0 
18892.80 0.62 0.0 
19237.76 0.30 0.0 
19242.40 0.72 0.0 
19258.57 0.49 0.0 
19600.95 0.88 0.0 
19600.95 0.65 0.0 
19947.33 0.76 0.0 
19947.29 0.82 0.0 
19988.16 0.66 0.0 
20070.29 0.30 0.0 
20094.63 0.52 0.0 
20114.07 0.46 0.0 
20070.32 0.64 0.0 
20094.69 0.53 0.0 
20277.05 0.67 0.0 
20277.04 0.94 0.0 
20621.37 0.45 0.0 
20621.38 0.75 0.0 
20777.28 0.78 0.0 
21236.65 0.36 0.0 
21748.88 0.35 0.0 
21748.81 0.88 0.0 
21657.68 0.32 0.0 
22076.59 0.88 0.0 
22076.59 0.94 0.0 
22228.94 0.35 0.0 
22452.25 0.41 0.0 
22796.13 0.37 0.0 
22796.13 0.84 0.0 
22961.55 0.76 0.0 
23045.05 0.49 0.0 
23076.48 0.51 0.0 
23045.01 0.82 0.0 
23000.40 0.48 0.0 
23000.33 0.44 0.0 
23155.16 0.65 0.0 
23155.15 0.83 0.0 
23458.76 0.31 0.0 
23501.97 0.55 0.0 
23501.98 0.92 0.0 
23632.02 0.39 0.0 
23631.97 0.36 0.0 
23718.32 0.48 0.0 
23872.77 0.32 0.0 
23815.64 0.37 0.0 
23872.76 0.73 0.0 
23939.65 0.37 0.0 
24245.45 0.79 0.0 
24245.48 0.34 0.0 
24583.97 0.65 0.0 
24583.98 0.95 0.0 
24922.93 0.63 0.0 
24923.01 0.54 0.0 
25199.41 0.47 0.0 
25165.64 0.52 0.0 
25273.45 0.44 0.0 
25274.28 0.37 0.0 
25294.70 0.94 0.0 
25294.73 0.51 0.0 
25521.89 0.37 0.0 
25521.79 0.37 0.0 
25665.54 0.43 0.0 
25730.42 0.51 0.0 
25730.45 0.71 0.0 
26037.69 0.36 0.0 
26008.12 0.80 0.0 
26008.12 0.46 0.0 
26405.04 0.84 0.0 
26405.02 0.74 0.0 
27087.72 0.64 0.0 
27181.28 0.32 0.0 
27181.24 0.73 0.0 
27493.52 0.71 0.0 
27493.52 0.60 0.0 
27641.70 0.36 0.0 
27537.85 0.44 0.0 
27998.99 0.61 0.0 
27893.93 0.82 0.0 
28242.70 0.83 0.0 
28170.91 0.57 0.0 
28591.97 0.35 0.0 
28773.48 0.40 0.0 
28961.26 0.87 0.0 
29083.53 0.39 0.0 
28961.25 0.75 0.0 
29083.52 0.34 0.0 
29292.60 0.81 0.0 
29292.57 0.73 0.0 
29340.49 0.56 0.0 
29348.12 0.82 0.0 
29340.48 0.63 0.0 
29348.18 0.33 0.0 
29738.98 0.36 0.0 
29738.89 0.81 0.0 
29935.85 0.41 0.0 
30093.57 0.44 0.0 
30093.56 0.34 0.0 
30430.69 0.40 0.0 
30445.31 0.36 0.0 
30558.24 0.30 0.0 
30815.56 0.36 0.0 
31040.61 0.35 0.0 
31194.60 0.69 0.0 
31194.60 0.78 0.0 
31260.03 0.90 0.0 
31480.89 0.76 0.0 
31480.85 0.40 0.0 
31690.92 0.57 0.0 
32082.59 0.30 0.0 
32128.29 0.60 0.0 
32294.62 0.64 0.0 
32659.53 0.71 0.0 
32659.54 0.61 0.0 
33011.21 0.90 0.0 
33011.25 0.51 0.0 
33389.81 0.77 0.0 
33789.40 0.87 0.0 
33789.44 0.48 0.0 
34095.99 0.57 0.0 
34718.28 0.69 0.0 
34718.28 0.31 0.0 
34944.64 0.44 0.0 
35316.85 0.68 0.0 
35515.85 0.39 0.0 
35698.82 0.94 0.0 
36483.84 0.46 0.0 
36483.87 0.36 0.0 
37270.72 0.65 0.0 
37643.48 0.44 0.0 
37643.50 0.64 0.0 
38024.97 0.50 0.0 
38085.03 0.75 0.0 
38126.79 0.42 0.0 
38793.32 0.33 0.0 
39201.68 0.59 0.0 
39201.72 0.61 0.0 
39614.93 0.42 0.0 
40397.97 0.37 0.0 
40794.13 0.45 0.0 
40794.04 0.82 0.0 
41186.36 0.57 0.0 
41186.31 0.91 0.0 
41393.51 0.36 0.0 
41602.97 0.52 0.0 
42012.36 0.67 0.0 
42012.36 0.40 0.0 
42400.65 0.67 0.0 
42792.41 0.84 0.0 
43112.77 0.37 0.0 
43120.05 0.36 0.0 
43112.77 0.39 0.0 
43179.76 0.40 0.0 
43179.76 0.84 0.0 
43994.03 0.97 0.0 
44075.33 0.34 0.0 
44075.85 0.44 0.0 
43994.04 0.82 0.0 
44092.39 0.79 0.0 
44075.77 0.32 0.0 
44092.38 0.72 0.0 
44401.94 0.60 0.0 
44811.24 0.79 0.0 
44811.25 0.64 0.0 
45218.08 0.36 0.0 
45218.08 0.74 0.0 
45627.93 0.83 0.0 
46467.13 0.45 0.0 
46856.42 0.74 0.0 
47238.45 0.62 0.0 
47238.45 0.50 0.0 
47649.28 0.40 0.0 
47649.30 0.46 0.0 
48052.20 0.83 0.0 
48460.60 0.60 0.0 
48873.90 0.56 0.0 
48873.88 0.35 0.0 
49301.73 0.67 0.0 
49301.67 0.90 0.0 
49697.85 0.94 0.0 
49697.86 0.94 0.0 
49821.11 0.69 0.0 
49821.12 0.75 0.0 
49764.13 0.39 0.0 
49755.04 0.86 0.0 
50100.36 0.62 0.0 
50515.05 0.68 0.0 
50912.21 0.56 0.0 
50912.26 0.55 0.0 
51314.15 0.91 0.0 
51314.16 0.80 0.0 
51706.92 0.65 0.0 
51706.98 0.50 0.0 
52089.76 0.32 0.0 
52119.15 0.73 0.0 
52119.25 0.33 0.0 
52931.47 0.89 0.0 
52931.49 0.35 0.0 
53758.01 0.69 0.0 
54145.90 0.46 0.0 
54145.85 0.61 0.0 
54539.10 0.41 0.0 
54539.02 0.93 0.0 
54958.17 0.37 0.0 
54958.15 0.95 0.0 
55388.00 0.56 0.0 
55483.04 0.51 0.0 
55388.02 0.54 0.0 
56636.52 0.46 0.0 
56636.52 0.76 0.0 
57061.00 0.50 0.0 
57061.01 0.38 0.0 
57484.54 0.57 0.0 
57484.53 0.59 0.0 
57539.65 0.30 0.0 
57715.83 0.31 0.0 
57715.83 0.85 0.0 
57704.16 0.31 0.0 
58109.24 0.57 0.0 
58316.32 0.76 0.0 
58274.21 0.33 0.0 
58316.32 0.83 0.0 
58274.24 0.72 0.0 
58632.29 0.37 0.0 
58736.93 0.69 0.0 
59167.27 0.53 0.0 
59323.13 0.70 0.0 
59623.49 0.47 0.0 
59623.46 0.88 0.0 
60054.85 0.39 0.0 
60473.89 0.39 0.0 
61213.27 0.57 0.0 
61533.05 0.49 0.0 
61727.28 0.51 0.0 
61727.28 0.54 0.0 
62155.17 0.54 0.0 
62102.21 0.41 0.0 
62155.17 0.85 0.0 
62261.13 0.32 0.0 
62457.96 0.46 0.0 
62590.45 0.59 0.0 
62556.08 0.31 0.0 
63013.37 0.92 0.0 
63013.40 0.56 0.0 
63433.00 0.85 0.0 
63915.12 0.38 0.0 
64223.48 0.76 0.0 
64223.49 0.53 0.0 
64468.77 0.33 0.0 
64663.51 0.72 0.0 
64730.84 0.84 0.0 
64730.84 0.76 0.0 
65138.25 0.43 0.0 
65414.40 0.76 0.0 
65563.00 0.48 0.0 
65568.57 0.40 0.0 
65568.58 0.49 0.0 
65687.21 0.54 0.0 
65687.21 0.54 0.0 
66754.19 0.57 0.0 
66702.41 0.39 0.0 
66754.21 0.57 0.0 
66818.04 0.77 0.0 
67183.91 0.36 0.0 
67459.25 0.33 0.0 
67668.45 0.43 0.0 
67668.45 0.65 0.0 
68556.01 0.42 0.0 
68990.33 0.39 0.0 
68990.25 0.41 0.0 
69416.17 0.64 0.0 
69587.28 0.45 0.0 
69845.53 0.50 0.0 
70031.24 0.83 0.0 
70031.28 0.72 0.0 
70328.32 0.33 0.0 
70259.23 0.94 0.0 
70697.94 0.30 0.0 
70821.93 0.50 0.0 
71146.30 0.59 0.0 
71127.99 0.31 0.0 
71593.24 0.83 0.0 
71593.30 0.34 0.0 
71722.67 0.79 0.0 
71729.39 0.60 0.0 
71722.68 0.53 0.0 
72034.85 0.31 0.0 
72193.41 0.36 0.0 
72443.70 0.55 0.0 
72443.68 0.36 0.0 
72527.60 0.52 0.0 
72597.56 0.42 0.0 
72733.32 0.48 0.0 
73138.00 0.39 0.0 
73347.82 0.46 0.0 
73347.77 0.48 0.0 
73796.17 0.40 0.0 
73781.17 0.51 0.0 
73863.80 0.33 0.0 
73979.11 0.48 0.0 
74238.25 0.57 0.0 
74635.43 0.57 0.0 
74680.24 0.52 0.0 
74635.47 0.58 0.0 
74778.95 0.49 0.0 
74680.23 0.78 0.0 
75411.71 0.83 0.0 
75411.70 0.90 0.0 
75576.12 0.53 0.0 
75710.79 0.40 0.0 
76090.19 0.69 0.0 
76035.86 0.35 0.0 
76035.83 0.37 0.0 
76486.62 0.78 0.0 
76486.64 0.68 0.0 
76915.44 0.70 0.0 
76886.88 0.53 0.0 
77088.37 0.66 0.0 
77088.37 0.53 0.0 
77393.69 0.50 0.0 
77393.69 0.77 0.0 
77701.09 0.63 0.0 
77701.11 0.67 0.0 
77859.21 0.57 0.0 
77859.19 0.72 0.0 
77910.01 0.66 0.0 
78325.65 0.78 0.0 
78325.68 0.35 0.0 
78785.80 0.42 0.0 
78785.80 0.57 0.0 
78902.21 0.54 0.0 
78902.21 0.64 0.0 
79265.93 0.81 0.0 
79265.97 0.55 0.0 
79378.93 0.49 0.0 
79438.37 0.53 0.0 
79406.00 0.78 0.0 
79806.51 0.36 0.0 
79806.55 0.32 0.0 
80676.16 0.59 0.0 
80799.09 0.34 0.0 
81009.76 0.76 0.0 
81009.76 0.81 0.0 
81384.55 0.67 0.0 
81532.60 0.57 0.0 
81532.56 0.33 0.0 
81853.64 0.41 0.0 
82113.65 0.36 0.0 
83597.49 0.49 0.0 
84096.77 0.46 0.0 
84096.76 0.74 0.0 
84571.08 0.36 0.0 
84571.05 0.59 0.0 
85047.28 0.87 0.0 
85047.32 0.39 0.0 
85243.47 0.91 0.0 
85138.67 0.70 0.0 
85243.46 0.83 0.0 
85398.90 0.96 0.0 
85408.17 0.36 0.0 
85398.90 0.96 0.0 
85524.01 0.39 0.0 
85524.01 0.35 0.0 
