1061.48 0.45 0.0 
1303.92 0.55 0.0 
1195.69 0.38 0.0 
1649.25 0.53 0.0 
3658.20 0.65 0.0 
4186.57 0.50 0.0 
4976.69 0.37 0.0 
6340.29 0.30 0.0 
6882.45 0.31 0.0 
7603.47 0.40 0.0 
8519.16 0.52 0.0 
8651.49 0.43 0.0 
9132.37 0.56 0.0 
9177.37 0.55 0.0 
9236.65 0.44 0.0 
9388.69 0.36 0.0 
9808.25 0.31 0.0 
9808.28 0.32 0.0 
9743.85 0.49 0.0 
10700.01 0.37 0.0 
11892.06 0.31 0.0 
12638.99 0.35 0.0 
13284.39 0.43 0.0 
14668.56 0.80 0.0 
15101.73 0.36 0.0 
15283.72 0.46 0.0 
17667.45 0.36 0.0 
19917.33 0.65 0.0 
20532.73 0.36 0.0 
21042.37 0.40 0.0 
23562.01 0.56 0.0 
25827.77 0.48 0.0 
26476.32 0.41 0.0 
29284.41 0.66 0.0 
29284.37 0.36 0.0 
30234.69 0.43 0.0 
32245.41 0.45 0.0 
32245.44 0.32 0.0 
32534.33 0.34 0.0 
33567.45 0.52 0.0 
35681.61 0.54 0.0 
35952.83 0.72 0.0 
35952.83 0.71 0.0 
35939.44 0.42 0.0 
36328.48 0.73 0.0 
39193.59 0.33 0.0 
39972.49 0.76 0.0 
41083.81 0.31 0.0 
42026.96 0.79 0.0 
44937.85 0.47 0.0 
47095.43 0.30 0.0 
47096.88 0.34 0.0 
48509.15 0.32 0.0 
52947.67 0.35 0.0 
53067.77 0.44 0.0 
53798.85 0.36 0.0 
54148.21 0.53 0.0 
54446.33 0.34 0.0 
54384.89 0.31 0.0 
56405.07 0.47 0.0 
56669.93 0.43 0.0 
57975.30 0.36 0.0 
58899.42 0.60 0.0 
59233.10 0.34 0.0 
60064.08 0.47 0.0 
61392.44 0.32 0.0 
62991.60 0.41 0.0 
64000.93 0.38 0.0 
64292.97 0.44 0.0 
65517.96 0.47 0.0 
66521.52 0.65 0.0 
68229.92 0.39 0.0 
70338.80 0.30 0.0 
72547.33 0.41 0.0 
76058.25 0.73 0.0 
76498.91 0.39 0.0 
77912.16 0.58 0.0 
79963.12 0.36 0.0 
80786.56 0.39 0.0 
81268.44 0.36 0.0 
81568.63 0.86 0.0 
81610.05 0.31 0.0 
82509.57 0.34 0.0 
83360.31 0.32 0.0 
83360.32 0.45 0.0 
83549.27 0.34 0.0 
85798.61 0.63 0.0 
