1199.39 0.37 0.0 
1748.21 0.42 0.0 
1748.24 0.45 0.0 
2091.73 0.38 0.0 
2817.71 0.38 0.0 
3508.97 0.32 0.0 
3569.32 0.46 0.0 
10859.29 0.38 0.0 
11099.64 0.30 0.0 
12793.88 0.70 0.0 
12793.83 0.32 0.0 
12835.95 0.45 0.0 
13035.76 0.69 0.0 
13035.76 0.87 0.0 
13649.23 0.51 0.0 
14144.92 0.30 0.0 
14156.96 0.39 0.0 
14536.49 0.87 0.0 
14536.51 0.92 0.0 
15014.15 0.41 0.0 
15538.84 0.53 0.0 
15477.79 0.34 0.0 
16199.43 0.63 0.0 
17728.05 0.32 0.0 
18192.88 0.54 0.0 
19378.51 0.30 0.0 
20142.84 0.73 0.0 
20142.79 0.38 0.0 
21344.24 0.52 0.0 
22528.20 0.89 0.0 
23398.36 0.56 0.0 
24500.60 0.30 0.0 
24749.49 0.56 0.0 
25374.56 0.90 0.0 
26034.63 0.39 0.0 
27565.35 0.96 0.0 
27565.35 0.97 0.0 
27609.73 0.46 0.0 
28754.51 0.71 0.0 
29667.59 0.75 0.0 
30883.89 0.51 0.0 
31078.09 0.34 0.0 
31948.99 0.42 0.0 
32234.59 0.36 0.0 
34814.07 0.32 0.0 
34903.56 0.84 0.0 
35681.41 0.31 0.0 
38317.04 0.38 0.0 
39224.48 0.55 0.0 
40964.27 0.36 0.0 
41036.40 0.34 0.0 
44567.88 0.31 0.0 
44782.63 0.38 0.0 
46515.57 0.40 0.0 
47421.71 0.32 0.0 
47650.85 0.33 0.0 
48010.93 0.52 0.0 
49153.07 0.34 0.0 
49784.51 0.40 0.0 
50014.14 0.62 0.0 
54149.05 0.49 0.0 
56834.51 0.51 0.0 
57553.07 0.43 0.0 
58524.04 0.44 0.0 
60264.00 0.69 0.0 
60264.00 0.75 0.0 
62204.16 0.65 0.0 
62653.17 0.32 0.0 
64289.55 0.37 0.0 
64603.96 0.55 0.0 
72778.49 0.41 0.0 
73543.00 0.64 0.0 
75385.97 0.36 0.0 
77684.19 0.42 0.0 
77968.03 0.57 0.0 
83338.25 0.50 0.0 
83635.79 0.60 0.0 
83772.84 0.38 0.0 
84385.61 0.42 0.0 
85604.19 0.49 0.0 
