6193.24 0.41 0.0 
6876.39 0.42 0.0 
6943.19 0.59 0.0 
8399.31 0.52 0.0 
8486.21 0.31 0.0 
8710.60 0.41 0.0 
11999.28 0.47 0.0 
12252.13 0.35 0.0 
12194.33 0.34 0.0 
12498.84 0.33 0.0 
12989.55 0.36 0.0 
12989.51 0.41 0.0 
13063.87 0.51 0.0 
13187.32 0.73 0.0 
13216.23 0.72 0.0 
13208.32 0.37 0.0 
13187.32 0.40 0.0 
13159.91 0.37 0.0 
13167.37 0.47 0.0 
13167.39 0.83 0.0 
13350.32 0.53 0.0 
13354.69 0.58 0.0 
13365.31 0.40 0.0 
13354.68 0.61 0.0 
13365.39 0.44 0.0 
13584.12 0.45 0.0 
13589.15 0.31 0.0 
13598.88 0.58 0.0 
13584.12 0.74 0.0 
13528.18 0.32 0.0 
13533.40 0.40 0.0 
13699.39 0.67 0.0 
13699.41 0.40 0.0 
13598.85 0.63 0.0 
13634.84 0.31 0.0 
13641.41 0.42 0.0 
13641.44 0.73 0.0 
13741.24 0.70 0.0 
13843.48 0.49 0.0 
13741.23 0.89 0.0 
13927.69 0.44 0.0 
13929.95 0.42 0.0 
13927.65 0.33 0.0 
13896.31 0.56 0.0 
14022.91 0.66 0.0 
14151.76 0.34 0.0 
14445.42 0.83 0.0 
15706.99 0.88 0.0 
15758.36 0.66 0.0 
15707.00 0.63 0.0 
15758.39 0.32 0.0 
16485.72 0.84 0.0 
16485.73 0.49 0.0 
16918.03 0.59 0.0 
17574.35 0.47 0.0 
17574.37 0.54 0.0 
18028.83 0.40 0.0 
17934.03 0.62 0.0 
18609.38 0.43 0.0 
18773.73 0.45 0.0 
18773.85 0.31 0.0 
18987.36 0.32 0.0 
18958.03 0.87 0.0 
19122.57 0.57 0.0 
19000.28 0.44 0.0 
19498.31 0.48 0.0 
19663.99 0.52 0.0 
20279.25 0.36 0.0 
21178.72 0.36 0.0 
21314.42 0.31 0.0 
21508.43 0.45 0.0 
21673.64 0.77 0.0 
21793.80 0.43 0.0 
21793.80 0.44 0.0 
22921.96 0.49 0.0 
22938.56 0.37 0.0 
22921.96 0.47 0.0 
22935.12 0.37 0.0 
22944.73 0.51 0.0 
22855.35 0.44 0.0 
22911.08 0.53 0.0 
22997.67 0.64 0.0 
22997.64 0.80 0.0 
23002.36 0.35 0.0 
23078.15 0.30 0.0 
23099.29 0.32 0.0 
23127.32 0.58 0.0 
23238.16 0.44 0.0 
23943.88 0.36 0.0 
25331.69 0.31 0.0 
26862.41 0.40 0.0 
27149.46 0.36 0.0 
27071.73 0.46 0.0 
30701.29 0.47 0.0 
33294.76 0.39 0.0 
33294.71 0.42 0.0 
33688.30 0.57 0.0 
36163.95 0.79 0.0 
36564.87 0.79 0.0 
36884.52 0.34 0.0 
36843.17 0.32 0.0 
37167.97 0.35 0.0 
37584.92 0.73 0.0 
37584.97 0.32 0.0 
37828.17 0.60 0.0 
37963.39 0.31 0.0 
37904.48 0.48 0.0 
38059.01 0.56 0.0 
38059.02 0.81 0.0 
38014.77 0.34 0.0 
37996.68 0.39 0.0 
38000.25 0.61 0.0 
38022.06 0.46 0.0 
38094.25 0.45 0.0 
38107.79 0.32 0.0 
38094.29 0.43 0.0 
38232.32 0.59 0.0 
38295.28 0.59 0.0 
38247.71 0.31 0.0 
38594.19 0.33 0.0 
38614.35 0.49 0.0 
38927.33 0.41 0.0 
38927.28 0.34 0.0 
39053.93 0.37 0.0 
39053.89 0.30 0.0 
39278.41 0.58 0.0 
39778.71 0.48 0.0 
40092.27 0.36 0.0 
40180.72 0.68 0.0 
40358.75 0.30 0.0 
40502.81 0.57 0.0 
40502.76 0.37 0.0 
41474.07 0.65 0.0 
41738.01 0.33 0.0 
42038.23 0.41 0.0 
42133.39 0.56 0.0 
42136.48 0.77 0.0 
42136.48 0.57 0.0 
42038.23 0.31 0.0 
42039.26 0.71 0.0 
42057.72 0.32 0.0 
42432.75 0.45 0.0 
43108.21 0.55 0.0 
43291.44 0.51 0.0 
43574.13 0.50 0.0 
43544.31 0.38 0.0 
43682.28 0.39 0.0 
44204.48 0.52 0.0 
44561.33 0.30 0.0 
44452.60 0.39 0.0 
44683.40 0.78 0.0 
44698.89 0.37 0.0 
44838.32 0.30 0.0 
44988.41 0.47 0.0 
45059.35 0.79 0.0 
45194.11 0.40 0.0 
45210.63 0.54 0.0 
45565.37 0.56 0.0 
45581.81 0.37 0.0 
46053.73 0.34 0.0 
46048.52 0.32 0.0 
46197.05 0.45 0.0 
46123.01 0.40 0.0 
46465.12 0.39 0.0 
46496.31 0.43 0.0 
46536.92 0.76 0.0 
46536.92 0.88 0.0 
46933.52 0.74 0.0 
46933.48 0.40 0.0 
46859.51 0.42 0.0 
47296.99 0.74 0.0 
47307.25 0.43 0.0 
47923.63 0.30 0.0 
47851.64 0.80 0.0 
47847.89 0.40 0.0 
48463.37 0.55 0.0 
48734.59 0.63 0.0 
48747.45 0.33 0.0 
49076.31 0.69 0.0 
49020.87 0.32 0.0 
49364.10 0.46 0.0 
50053.97 0.53 0.0 
50326.71 0.46 0.0 
50381.07 0.40 0.0 
53114.19 0.47 0.0 
53402.23 0.33 0.0 
53983.37 0.49 0.0 
54284.20 0.76 0.0 
54766.21 0.48 0.0 
54771.09 0.72 0.0 
56105.68 0.33 0.0 
58322.89 0.38 0.0 
58405.83 0.55 0.0 
59326.21 0.35 0.0 
59492.29 0.36 0.0 
60494.43 0.35 0.0 
60728.99 0.34 0.0 
60841.31 0.49 0.0 
60853.79 0.39 0.0 
60841.33 0.71 0.0 
67227.27 0.52 0.0 
67738.07 0.85 0.0 
67949.19 0.72 0.0 
67949.23 0.91 0.0 
67884.65 0.32 0.0 
68000.76 0.60 0.0 
68016.08 0.66 0.0 
68203.99 0.30 0.0 
68093.18 0.40 0.0 
68124.21 0.33 0.0 
69029.51 0.61 0.0 
70108.20 0.36 0.0 
71332.21 0.31 0.0 
73004.37 0.78 0.0 
73768.72 0.81 0.0 
74147.37 0.53 0.0 
74160.21 0.45 0.0 
74265.48 0.60 0.0 
74321.07 0.75 0.0 
74305.35 0.37 0.0 
74456.63 0.38 0.0 
74834.33 0.65 0.0 
75613.75 0.31 0.0 
75582.85 0.37 0.0 
76224.19 0.53 0.0 
76224.21 0.44 0.0 
76199.49 0.38 0.0 
76182.51 0.38 0.0 
76471.80 0.81 0.0 
76471.80 0.42 0.0 
76530.75 0.31 0.0 
76702.77 0.51 0.0 
76702.76 0.32 0.0 
76749.64 0.83 0.0 
76749.67 0.80 0.0 
79254.71 0.42 0.0 
80561.01 0.42 0.0 
80772.17 0.79 0.0 
82469.56 0.73 0.0 
82469.58 0.39 0.0 
83459.37 0.45 0.0 
84718.64 0.39 0.0 
85690.97 0.55 0.0 
85782.08 0.41 0.0 
85963.72 0.89 0.0 
85947.08 0.37 0.0 
86054.45 0.32 0.0 
86248.85 0.59 0.0 
