391.57 0.36 0.0 
857.79 0.31 0.0 
2525.75 0.31 0.0 
2525.77 0.37 0.0 
5167.17 0.31 0.0 
5677.23 0.40 0.0 
5677.25 0.37 0.0 
7034.17 0.37 0.0 
7034.15 0.34 0.0 
13037.39 0.34 0.0 
14191.51 0.35 0.0 
22081.85 0.32 0.0 
24602.03 0.36 0.0 
24602.13 0.30 0.0 
26477.21 0.60 0.0 
26477.21 0.33 0.0 
26775.39 0.39 0.0 
29730.67 0.34 0.0 
32238.55 0.35 0.0 
34246.59 0.49 0.0 
35269.07 0.38 0.0 
35957.61 0.59 0.0 
36422.29 0.37 0.0 
38025.59 0.39 0.0 
38941.53 0.49 0.0 
42125.87 0.34 0.0 
45780.83 0.30 0.0 
48992.33 0.36 0.0 
50206.13 0.39 0.0 
53238.59 0.33 0.0 
55350.97 0.77 0.0 
56102.21 0.32 0.0 
57180.61 0.41 0.0 
57700.09 0.34 0.0 
59766.09 0.45 0.0 
60078.33 0.35 0.0 
60060.46 0.79 0.0 
60078.09 0.37 0.0 
60502.59 0.38 0.0 
62581.41 0.66 0.0 
63049.05 0.50 0.0 
65464.31 0.31 0.0 
66317.89 0.32 0.0 
66279.35 0.31 0.0 
67680.65 0.35 0.0 
68580.61 0.31 0.0 
69225.85 0.49 0.0 
70073.25 0.44 0.0 
70073.28 0.33 0.0 
70342.31 0.36 0.0 
70342.34 0.49 0.0 
70786.87 0.35 0.0 
71260.13 0.83 0.0 
71260.13 0.85 0.0 
71972.11 0.35 0.0 
77957.51 0.31 0.0 
78399.99 0.46 0.0 
78400.05 0.32 0.0 
79085.57 0.50 0.0 
79351.93 0.73 0.0 
79351.95 0.48 0.0 
82055.07 0.38 0.0 
83431.92 0.49 0.0 
83730.93 0.50 0.0 
85622.97 0.34 0.0 
