6927.71 0.31 0.0 
6920.70 0.56 0.0 
6927.71 0.30 0.0 
6944.67 0.45 0.0 
7067.27 0.43 0.0 
7052.97 0.31 0.0 
11963.39 0.49 0.0 
12501.23 0.38 0.0 
13002.53 0.55 0.0 
13065.82 0.84 0.0 
12995.95 0.36 0.0 
13002.52 0.50 0.0 
13065.82 0.85 0.0 
13046.21 0.72 0.0 
13046.21 0.62 0.0 
13191.20 0.75 0.0 
13208.31 0.63 0.0 
13213.21 0.30 0.0 
13127.66 0.83 0.0 
13218.40 0.37 0.0 
13208.37 0.50 0.0 
13213.21 0.62 0.0 
13218.40 0.87 0.0 
13172.34 0.77 0.0 
13191.19 0.49 0.0 
13161.28 0.84 0.0 
13167.40 0.34 0.0 
13161.28 0.78 0.0 
13172.33 0.78 0.0 
13331.09 0.33 0.0 
13344.24 0.75 0.0 
13359.41 0.55 0.0 
13331.07 0.41 0.0 
13344.24 0.78 0.0 
13265.83 0.39 0.0 
13367.84 0.85 0.0 
13393.07 0.54 0.0 
13359.37 0.56 0.0 
13367.83 0.83 0.0 
13412.12 0.47 0.0 
13393.09 0.66 0.0 
13545.82 0.65 0.0 
13603.96 0.75 0.0 
13589.15 0.46 0.0 
13539.95 0.53 0.0 
13539.95 0.42 0.0 
13704.48 0.86 0.0 
13704.48 0.65 0.0 
13594.05 0.72 0.0 
13603.93 0.72 0.0 
13646.73 0.49 0.0 
13636.31 0.35 0.0 
13646.72 0.59 0.0 
13744.18 0.78 0.0 
13744.17 0.80 0.0 
13755.31 0.40 0.0 
13929.99 0.45 0.0 
13896.39 0.55 0.0 
13896.39 0.30 0.0 
14022.96 0.53 0.0 
14151.89 0.44 0.0 
14099.43 0.37 0.0 
14450.35 0.59 0.0 
15712.02 0.59 0.0 
15712.02 0.74 0.0 
16571.99 0.42 0.0 
16489.94 0.80 0.0 
16571.92 0.48 0.0 
16897.89 0.42 0.0 
17399.91 0.33 0.0 
17934.05 0.64 0.0 
18609.49 0.41 0.0 
18635.63 0.45 0.0 
18609.46 0.81 0.0 
18776.37 0.67 0.0 
18776.43 0.53 0.0 
18947.55 0.83 0.0 
18947.56 0.80 0.0 
18958.59 0.53 0.0 
19007.63 0.34 0.0 
19288.79 0.45 0.0 
19288.77 0.72 0.0 
20024.63 0.31 0.0 
20837.23 0.57 0.0 
21179.19 0.44 0.0 
21673.63 0.31 0.0 
22776.25 0.57 0.0 
22776.27 0.33 0.0 
22916.41 0.66 0.0 
22927.34 0.45 0.0 
22846.92 0.80 0.0 
22940.39 0.35 0.0 
22946.93 0.32 0.0 
22940.36 0.68 0.0 
22946.97 0.84 0.0 
22846.89 0.74 0.0 
22916.43 0.76 0.0 
23078.23 0.57 0.0 
23083.65 0.41 0.0 
22995.55 0.40 0.0 
23002.39 0.74 0.0 
23008.26 0.83 0.0 
22995.55 0.51 0.0 
23002.41 0.45 0.0 
23008.24 0.85 0.0 
23175.65 0.79 0.0 
23175.61 0.58 0.0 
23187.91 0.37 0.0 
23083.63 0.41 0.0 
23127.33 0.43 0.0 
23144.87 0.39 0.0 
23238.21 0.42 0.0 
23491.11 0.65 0.0 
23491.07 0.54 0.0 
25186.37 0.36 0.0 
26775.80 0.74 0.0 
26958.11 0.49 0.0 
29311.85 0.45 0.0 
31591.35 0.58 0.0 
32178.12 0.44 0.0 
33688.31 0.41 0.0 
36569.68 0.65 0.0 
37585.74 0.90 0.0 
37617.67 0.31 0.0 
37939.72 0.53 0.0 
37835.09 0.54 0.0 
38027.09 0.68 0.0 
37968.91 0.48 0.0 
38059.09 0.38 0.0 
38066.23 0.31 0.0 
37996.69 0.66 0.0 
38002.01 0.55 0.0 
38146.58 0.66 0.0 
38170.93 0.67 0.0 
38096.83 0.80 0.0 
38111.87 0.43 0.0 
38170.95 0.46 0.0 
38096.86 0.62 0.0 
38124.01 0.32 0.0 
38297.31 0.48 0.0 
38232.31 0.39 0.0 
38247.77 0.50 0.0 
38247.71 0.40 0.0 
38372.02 0.80 0.0 
38356.23 0.36 0.0 
38555.35 0.36 0.0 
38447.41 0.30 0.0 
38640.51 0.36 0.0 
38550.50 0.48 0.0 
38614.43 0.48 0.0 
38594.25 0.43 0.0 
38930.69 0.33 0.0 
39056.59 0.42 0.0 
39056.62 0.37 0.0 
39218.93 0.37 0.0 
39219.03 0.43 0.0 
39367.71 0.33 0.0 
39284.49 0.45 0.0 
39435.47 0.34 0.0 
39461.37 0.35 0.0 
39778.73 0.66 0.0 
39987.68 0.63 0.0 
40182.43 0.70 0.0 
40365.85 0.61 0.0 
40365.81 0.55 0.0 
41147.95 0.38 0.0 
41535.75 0.76 0.0 
41541.60 0.65 0.0 
41541.60 0.69 0.0 
42039.27 0.69 0.0 
41959.97 0.42 0.0 
42046.35 0.49 0.0 
42057.71 0.77 0.0 
42138.77 0.39 0.0 
42046.33 0.34 0.0 
42057.71 0.50 0.0 
42589.07 0.33 0.0 
42589.07 0.36 0.0 
42662.79 0.42 0.0 
42662.78 0.35 0.0 
43246.53 0.78 0.0 
43788.51 0.35 0.0 
44205.53 0.58 0.0 
44310.87 0.45 0.0 
44477.19 0.36 0.0 
44476.35 0.33 0.0 
44477.21 0.37 0.0 
44686.35 0.40 0.0 
44686.39 0.44 0.0 
45020.09 0.44 0.0 
45194.17 0.34 0.0 
45438.11 0.51 0.0 
45570.31 0.35 0.0 
45813.57 0.47 0.0 
45806.83 0.45 0.0 
46126.33 0.35 0.0 
46503.39 0.31 0.0 
46538.62 0.81 0.0 
46538.62 0.80 0.0 
46791.15 0.39 0.0 
46934.17 0.70 0.0 
47057.68 0.70 0.0 
47050.31 0.38 0.0 
47057.67 0.61 0.0 
47299.39 0.46 0.0 
47309.67 0.43 0.0 
47465.08 0.45 0.0 
47461.15 0.38 0.0 
47853.21 0.65 0.0 
47879.84 0.31 0.0 
47853.15 0.42 0.0 
48161.79 0.45 0.0 
48091.91 0.37 0.0 
48161.75 0.40 0.0 
48465.52 0.63 0.0 
48470.37 0.69 0.0 
48597.09 0.48 0.0 
49076.33 0.32 0.0 
49025.35 0.63 0.0 
49888.67 0.44 0.0 
50131.79 0.64 0.0 
50332.97 0.35 0.0 
51360.91 0.31 0.0 
51886.09 0.64 0.0 
53913.75 0.65 0.0 
54271.55 0.32 0.0 
54271.56 0.68 0.0 
54619.28 0.47 0.0 
54619.27 0.58 0.0 
54555.45 0.50 0.0 
54555.47 0.87 0.0 
54663.03 0.55 0.0 
54771.14 0.78 0.0 
55069.87 0.40 0.0 
55051.69 0.75 0.0 
55051.65 0.51 0.0 
55340.29 0.47 0.0 
55340.29 0.54 0.0 
59256.95 0.60 0.0 
60734.57 0.45 0.0 
60843.83 0.64 0.0 
61500.48 0.33 0.0 
61891.64 0.72 0.0 
61891.59 0.40 0.0 
67738.11 0.54 0.0 
67887.00 0.77 0.0 
67886.99 0.80 0.0 
67982.69 0.60 0.0 
68058.76 0.77 0.0 
68058.74 0.87 0.0 
68016.10 0.75 0.0 
67982.69 0.78 0.0 
68000.83 0.68 0.0 
68991.81 0.60 0.0 
69015.65 0.34 0.0 
69107.76 0.35 0.0 
69050.99 0.47 0.0 
69040.75 0.54 0.0 
69257.16 0.41 0.0 
69665.89 0.57 0.0 
74154.96 0.66 0.0 
74161.87 0.43 0.0 
74154.97 0.33 0.0 
74267.49 0.61 0.0 
74279.98 0.59 0.0 
74267.45 0.55 0.0 
74321.11 0.42 0.0 
74456.68 0.47 0.0 
74872.47 0.38 0.0 
75226.64 0.62 0.0 
75226.71 0.38 0.0 
75315.19 0.36 0.0 
75585.63 0.31 0.0 
76228.36 0.48 0.0 
76228.39 0.61 0.0 
76182.55 0.39 0.0 
76332.27 0.38 0.0 
76475.93 0.70 0.0 
76411.39 0.39 0.0 
76475.92 0.83 0.0 
76534.87 0.36 0.0 
76704.86 0.78 0.0 
76704.85 0.34 0.0 
76636.31 0.53 0.0 
76636.35 0.47 0.0 
76754.38 0.81 0.0 
76754.36 0.80 0.0 
76764.75 0.53 0.0 
81058.89 0.33 0.0 
81915.47 0.53 0.0 
85401.63 0.32 0.0 
