1197.67 0.68 0.0 
1497.07 0.64 0.0 
1537.57 0.30 0.0 
1783.79 0.76 0.0 
2210.91 0.85 0.0 
4075.15 0.73 0.0 
5162.49 0.77 0.0 
6836.72 0.36 0.0 
8547.77 0.62 0.0 
9429.75 0.83 0.0 
12877.47 0.54 0.0 
13857.07 0.83 0.0 
14618.99 0.37 0.0 
15282.12 0.79 0.0 
15667.78 0.91 0.0 
17172.03 0.33 0.0 
17967.76 0.52 0.0 
18497.45 0.74 0.0 
19833.99 0.34 0.0 
21144.91 0.54 0.0 
21893.79 0.35 0.0 
24633.23 0.58 0.0 
24633.27 0.48 0.0 
27755.47 0.87 0.0 
27755.47 0.72 0.0 
28736.65 0.62 0.0 
29619.87 0.52 0.0 
32015.29 0.58 0.0 
34138.21 0.45 0.0 
34197.99 0.43 0.0 
35457.43 0.39 0.0 
35993.91 0.91 0.0 
36984.80 0.63 0.0 
37853.69 0.38 0.0 
39208.00 0.59 0.0 
41752.76 0.32 0.0 
47244.57 0.31 0.0 
47893.35 0.46 0.0 
49520.40 0.35 0.0 
52439.12 0.41 0.0 
61481.93 0.70 0.0 
61481.97 0.80 0.0 
61557.43 0.32 0.0 
83682.31 0.71 0.0 
86019.99 0.73 0.0 
