338.52 0.80 0.0 
391.90 0.31 0.0 
661.69 0.75 0.0 
661.73 0.42 0.0 
1497.08 0.82 0.0 
1783.80 0.88 0.0 
2210.94 0.80 0.0 
2491.44 0.77 0.0 
3754.74 0.44 0.0 
5162.50 0.80 0.0 
6553.95 0.32 0.0 
6947.35 0.48 0.0 
8220.92 0.77 0.0 
8220.93 0.58 0.0 
8547.75 0.59 0.0 
9041.65 0.37 0.0 
9429.78 0.88 0.0 
9764.99 0.65 0.0 
10066.11 0.88 0.0 
10066.12 0.55 0.0 
10605.51 0.36 0.0 
10814.66 0.79 0.0 
11101.13 0.46 0.0 
11673.91 0.36 0.0 
12617.14 0.87 0.0 
12617.12 0.78 0.0 
12877.52 0.82 0.0 
13857.08 0.46 0.0 
14132.32 0.56 0.0 
14873.31 0.32 0.0 
15375.91 0.49 0.0 
15282.11 0.71 0.0 
15667.80 0.82 0.0 
18501.67 0.57 0.0 
18586.41 0.49 0.0 
18871.42 0.70 0.0 
21144.98 0.71 0.0 
21980.94 0.59 0.0 
21893.79 0.31 0.0 
22508.91 0.46 0.0 
23119.27 0.50 0.0 
23370.67 0.63 0.0 
24636.23 0.33 0.0 
24636.17 0.64 0.0 
24691.00 0.50 0.0 
24916.18 0.84 0.0 
24916.19 0.64 0.0 
25246.54 0.81 0.0 
25495.84 0.63 0.0 
25804.23 0.53 0.0 
25804.24 0.82 0.0 
26400.51 0.37 0.0 
26758.53 0.50 0.0 
26758.49 0.46 0.0 
28269.69 0.38 0.0 
28338.55 0.34 0.0 
28736.77 0.65 0.0 
30308.35 0.33 0.0 
32021.42 0.62 0.0 
32858.91 0.47 0.0 
34138.22 0.78 0.0 
34138.15 0.33 0.0 
34577.44 0.84 0.0 
35993.90 0.86 0.0 
36391.85 0.56 0.0 
36639.37 0.54 0.0 
37787.51 0.62 0.0 
39208.07 0.47 0.0 
39530.76 0.65 0.0 
39922.39 0.62 0.0 
41430.79 0.46 0.0 
41430.76 0.71 0.0 
41565.47 0.36 0.0 
46293.22 0.73 0.0 
46785.87 0.30 0.0 
49095.91 0.58 0.0 
49523.71 0.48 0.0 
51344.49 0.51 0.0 
52368.54 0.81 0.0 
52368.55 0.38 0.0 
53285.35 0.60 0.0 
53285.36 0.84 0.0 
54669.58 0.34 0.0 
55187.55 0.40 0.0 
83269.30 0.83 0.0 
83973.36 0.70 0.0 
86020.04 0.79 0.0 
86073.95 0.38 0.0 
86281.55 0.41 0.0 
