268.21 0.40 0.0 
629.09 0.31 0.0 
1517.08 0.40 0.0 
1799.51 0.47 0.0 
3428.32 0.54 0.0 
3428.29 0.50 0.0 
4243.48 0.81 0.0 
4169.27 0.95 0.0 
4724.12 0.41 0.0 
4528.85 0.35 0.0 
5001.08 0.65 0.0 
5204.49 0.35 0.0 
5001.09 0.40 0.0 
5503.57 0.32 0.0 
5817.77 0.44 0.0 
6253.36 0.34 0.0 
7293.45 0.38 0.0 
8639.48 0.38 0.0 
8578.94 0.92 0.0 
9974.57 0.42 0.0 
10094.23 0.68 0.0 
11144.51 0.67 0.0 
11106.75 0.34 0.0 
11106.72 0.45 0.0 
11548.15 0.53 0.0 
11565.43 0.56 0.0 
11759.57 0.74 0.0 
12298.41 0.66 0.0 
15719.49 0.59 0.0 
15915.32 0.40 0.0 
15929.48 0.47 0.0 
21929.49 0.49 0.0 
22302.97 0.31 0.0 
22692.88 0.69 0.0 
22751.55 0.44 0.0 
26009.20 0.34 0.0 
27327.44 0.94 0.0 
32054.48 0.32 0.0 
33237.84 0.38 0.0 
35152.11 0.82 0.0 
35152.12 0.84 0.0 
36959.33 0.52 0.0 
38427.52 0.84 0.0 
39268.85 0.35 0.0 
39732.72 0.45 0.0 
40453.99 0.42 0.0 
40649.27 0.90 0.0 
42765.68 0.31 0.0 
45123.68 0.64 0.0 
48821.61 0.60 0.0 
48947.28 0.35 0.0 
48947.29 0.69 0.0 
50264.40 0.69 0.0 
51944.31 0.93 0.0 
51854.57 0.45 0.0 
55633.72 0.68 0.0 
55573.92 0.34 0.0 
58244.15 0.31 0.0 
59728.76 0.58 0.0 
61678.09 0.41 0.0 
66218.73 0.78 0.0 
66218.72 0.70 0.0 
66891.56 0.98 0.0 
67110.45 0.97 0.0 
66891.56 0.98 0.0 
67110.44 0.96 0.0 
70766.75 0.61 0.0 
70769.05 0.38 0.0 
72417.64 0.83 0.0 
76994.32 0.44 0.0 
80744.56 0.50 0.0 
83249.41 0.96 0.0 
83885.41 0.60 0.0 
84089.26 0.49 0.0 
84478.92 0.38 0.0 
84989.01 0.44 0.0 
85349.64 0.47 0.0 
85844.01 0.31 0.0 
