558.32 0.52 0.0 
558.31 0.39 0.0 
1122.07 0.33 0.0 
1250.96 0.56 0.0 
1158.07 0.32 0.0 
1730.63 0.32 0.0 
1685.39 0.35 0.0 
1709.91 0.37 0.0 
2473.61 0.33 0.0 
3473.23 0.31 0.0 
3855.68 0.49 0.0 
4440.67 0.45 0.0 
5807.83 0.35 0.0 
5776.53 0.52 0.0 
5776.51 0.37 0.0 
6152.37 0.36 0.0 
6100.28 0.31 0.0 
6119.13 0.33 0.0 
6548.96 0.33 0.0 
6592.94 0.31 0.0 
6497.29 0.40 0.0 
6548.92 0.49 0.0 
6866.39 0.31 0.0 
7202.79 0.34 0.0 
7732.09 0.30 0.0 
7732.08 0.39 0.0 
7814.47 0.30 0.0 
7885.69 0.41 0.0 
8091.17 0.37 0.0 
8178.73 0.36 0.0 
8104.84 0.57 0.0 
8296.39 0.36 0.0 
8521.13 0.52 0.0 
8985.81 0.44 0.0 
9099.71 0.30 0.0 
9510.48 0.37 0.0 
9442.87 0.35 0.0 
9641.39 0.31 0.0 
9810.50 0.62 0.0 
10293.05 0.46 0.0 
10590.89 0.64 0.0 
10617.75 0.31 0.0 
10651.17 0.58 0.0 
10755.11 0.32 0.0 
11267.17 0.44 0.0 
11632.27 0.33 0.0 
11686.51 0.55 0.0 
11598.91 0.31 0.0 
11598.95 0.43 0.0 
11987.52 0.53 0.0 
11827.87 0.35 0.0 
12332.75 0.31 0.0 
12440.79 0.33 0.0 
12695.87 0.34 0.0 
12920.68 0.41 0.0 
13054.65 0.35 0.0 
13241.23 0.37 0.0 
13157.46 0.73 0.0 
13241.25 0.41 0.0 
13179.67 0.45 0.0 
13150.79 0.33 0.0 
13607.65 0.51 0.0 
13743.55 0.47 0.0 
14002.74 0.31 0.0 
14495.95 0.54 0.0 
14619.79 0.39 0.0 
15653.79 0.35 0.0 
15653.82 0.42 0.0 
15602.15 0.41 0.0 
15674.11 0.40 0.0 
16377.57 0.46 0.0 
16377.55 0.45 0.0 
16343.20 0.52 0.0 
16729.01 0.36 0.0 
16682.59 0.34 0.0 
16709.97 0.30 0.0 
17332.55 0.35 0.0 
17665.17 0.36 0.0 
17791.87 0.30 0.0 
17702.09 0.30 0.0 
17912.89 0.39 0.0 
18132.43 0.44 0.0 
18687.56 0.34 0.0 
18917.27 0.35 0.0 
19603.19 0.41 0.0 
19690.25 0.44 0.0 
19656.44 0.54 0.0 
19834.81 0.37 0.0 
19872.65 0.32 0.0 
20144.65 0.50 0.0 
20338.13 0.36 0.0 
20338.01 0.39 0.0 
20380.81 0.56 0.0 
20672.15 0.34 0.0 
21256.17 0.52 0.0 
21363.12 0.34 0.0 
21659.75 0.33 0.0 
22004.68 0.52 0.0 
22505.45 0.40 0.0 
22702.40 0.40 0.0 
23091.63 0.47 0.0 
23510.93 0.38 0.0 
23826.56 0.33 0.0 
24255.86 0.66 0.0 
26213.07 0.44 0.0 
27405.51 0.31 0.0 
28554.68 0.49 0.0 
28430.03 0.36 0.0 
28389.87 0.44 0.0 
28532.05 0.53 0.0 
28731.05 0.38 0.0 
28731.03 0.37 0.0 
29026.03 0.35 0.0 
29117.97 0.45 0.0 
29235.78 0.32 0.0 
29221.31 0.35 0.0 
29407.95 0.36 0.0 
29535.53 0.69 0.0 
30292.09 0.41 0.0 
30713.72 0.41 0.0 
31349.83 0.39 0.0 
31438.63 0.30 0.0 
32628.43 0.35 0.0 
33138.91 0.37 0.0 
33257.75 0.47 0.0 
33531.36 0.45 0.0 
33741.79 0.32 0.0 
33861.11 0.34 0.0 
34273.99 0.35 0.0 
35611.85 0.58 0.0 
35907.84 0.31 0.0 
36126.57 0.42 0.0 
36196.03 0.33 0.0 
36336.93 0.44 0.0 
36336.97 0.51 0.0 
36490.43 0.40 0.0 
36986.81 0.51 0.0 
36986.79 0.48 0.0 
37279.07 0.30 0.0 
37824.67 0.30 0.0 
37824.65 0.39 0.0 
38068.00 0.45 0.0 
39182.83 0.37 0.0 
41193.75 0.56 0.0 
41695.12 0.43 0.0 
41589.13 0.32 0.0 
42151.79 0.33 0.0 
42127.13 0.34 0.0 
42151.83 0.37 0.0 
42296.68 0.34 0.0 
42296.69 0.36 0.0 
42816.53 0.40 0.0 
42816.51 0.32 0.0 
43275.92 0.45 0.0 
43353.11 0.33 0.0 
43397.76 0.37 0.0 
43927.79 0.31 0.0 
44010.99 0.33 0.0 
44187.35 0.43 0.0 
44246.11 0.31 0.0 
44379.83 0.31 0.0 
44880.51 0.30 0.0 
44957.14 0.34 0.0 
45159.97 0.45 0.0 
45183.12 0.49 0.0 
45255.75 0.46 0.0 
45183.10 0.49 0.0 
46323.47 0.33 0.0 
47687.95 0.40 0.0 
48045.11 0.32 0.0 
48317.27 0.36 0.0 
48677.15 0.36 0.0 
48830.13 0.50 0.0 
49275.71 0.41 0.0 
49395.59 0.30 0.0 
49395.55 0.34 0.0 
49598.07 0.34 0.0 
50239.11 0.32 0.0 
50314.07 0.35 0.0 
50450.27 0.35 0.0 
50450.31 0.42 0.0 
50776.99 0.37 0.0 
51130.99 0.49 0.0 
51352.11 0.32 0.0 
51984.49 0.51 0.0 
51984.48 0.57 0.0 
52106.17 0.31 0.0 
52052.75 0.44 0.0 
52939.07 0.32 0.0 
53000.13 0.45 0.0 
53488.29 0.35 0.0 
53672.91 0.32 0.0 
54229.71 0.32 0.0 
54070.15 0.33 0.0 
54945.51 0.36 0.0 
55306.95 0.36 0.0 
55276.28 0.36 0.0 
55546.29 0.72 0.0 
55787.76 0.48 0.0 
55931.36 0.46 0.0 
55981.67 0.33 0.0 
56749.07 0.43 0.0 
56749.11 0.32 0.0 
57107.11 0.49 0.0 
58142.75 0.31 0.0 
58967.97 0.38 0.0 
58940.97 0.38 0.0 
59164.39 0.37 0.0 
59164.43 0.35 0.0 
60143.65 0.36 0.0 
60529.91 0.31 0.0 
60885.13 0.43 0.0 
60668.89 0.41 0.0 
61726.51 0.34 0.0 
63172.29 0.42 0.0 
63285.55 0.35 0.0 
63318.23 0.34 0.0 
64005.85 0.31 0.0 
64976.85 0.33 0.0 
65915.47 0.33 0.0 
69255.47 0.35 0.0 
69669.45 0.38 0.0 
70211.63 0.31 0.0 
70306.69 0.32 0.0 
71673.23 0.51 0.0 
71673.19 0.33 0.0 
73039.90 0.39 0.0 
73295.93 0.30 0.0 
73397.49 0.57 0.0 
74856.97 0.35 0.0 
74972.83 0.47 0.0 
75169.39 0.41 0.0 
75635.07 0.30 0.0 
76905.75 0.32 0.0 
77309.47 0.33 0.0 
77507.12 0.53 0.0 
77674.87 0.30 0.0 
78212.12 0.41 0.0 
81063.95 0.35 0.0 
81631.23 0.37 0.0 
82200.57 0.52 0.0 
85351.57 0.41 0.0 
85466.85 0.34 0.0 
86315.09 0.37 0.0 
86315.05 0.32 0.0 
