3697.28 0.87 0.0 
3697.29 0.39 0.0 
4589.56 0.68 0.0 
13438.13 0.37 0.0 
14008.96 0.53 0.0 
15988.29 0.43 0.0 
16213.87 0.57 0.0 
16331.13 0.49 0.0 
16333.09 0.46 0.0 
17050.96 0.63 0.0 
18135.12 0.52 0.0 
18092.99 0.70 0.0 
18125.83 0.31 0.0 
18135.11 0.76 0.0 
18093.01 0.62 0.0 
18118.60 0.42 0.0 
18478.05 0.50 0.0 
18434.20 0.79 0.0 
18623.48 0.48 0.0 
18623.43 0.39 0.0 
18843.59 0.34 0.0 
18917.87 0.80 0.0 
20073.35 0.51 0.0 
20516.88 0.59 0.0 
20696.92 0.77 0.0 
21039.57 0.41 0.0 
21606.47 0.47 0.0 
21543.27 0.40 0.0 
21543.31 0.72 0.0 
21806.97 0.83 0.0 
21806.96 0.93 0.0 
21999.48 0.91 0.0 
22184.48 0.67 0.0 
22211.77 0.39 0.0 
22299.76 0.37 0.0 
22310.50 0.62 0.0 
22318.03 0.59 0.0 
22350.72 0.66 0.0 
23581.45 0.46 0.0 
23744.09 0.78 0.0 
23744.08 0.45 0.0 
23774.51 0.57 0.0 
23922.09 0.46 0.0 
24069.55 0.68 0.0 
24359.34 0.76 0.0 
24480.53 0.33 0.0 
24484.23 0.48 0.0 
24484.24 0.46 0.0 
24807.88 0.59 0.0 
25425.73 0.32 0.0 
26744.51 0.37 0.0 
27059.16 0.35 0.0 
27373.89 0.32 0.0 
27857.31 0.42 0.0 
29399.58 0.94 0.0 
30545.46 0.38 0.0 
30545.45 0.60 0.0 
30737.45 0.54 0.0 
30752.35 0.43 0.0 
30641.65 0.42 0.0 
30752.31 0.45 0.0 
31497.60 0.82 0.0 
31842.77 0.42 0.0 
31738.48 0.40 0.0 
32729.08 0.77 0.0 
32978.20 0.65 0.0 
32984.09 0.42 0.0 
32978.25 0.33 0.0 
33193.45 0.38 0.0 
33369.40 0.38 0.0 
33395.51 0.36 0.0 
33599.46 0.76 0.0 
33807.22 0.87 0.0 
33778.15 0.34 0.0 
34093.69 0.34 0.0 
34154.39 0.74 0.0 
34333.61 0.36 0.0 
35382.50 0.58 0.0 
35532.40 0.52 0.0 
35679.68 0.41 0.0 
35594.31 0.88 0.0 
35679.70 0.87 0.0 
35981.24 0.41 0.0 
35983.87 0.47 0.0 
36001.54 0.48 0.0 
36001.53 0.37 0.0 
37256.97 0.39 0.0 
37656.03 0.49 0.0 
37656.08 0.66 0.0 
38005.68 0.30 0.0 
38005.73 0.48 0.0 
39073.20 0.72 0.0 
39448.92 0.84 0.0 
40576.73 0.65 0.0 
40603.36 0.69 0.0 
40769.48 0.54 0.0 
40907.16 0.30 0.0 
40914.55 0.37 0.0 
41084.17 0.78 0.0 
41128.12 0.54 0.0 
41517.32 0.63 0.0 
41733.48 0.45 0.0 
41893.04 0.31 0.0 
41997.01 0.71 0.0 
42285.91 0.33 0.0 
42524.33 0.36 0.0 
42839.43 0.80 0.0 
43333.80 0.33 0.0 
43649.56 0.95 0.0 
44008.93 0.33 0.0 
44264.24 0.48 0.0 
44586.88 0.33 0.0 
44698.04 0.73 0.0 
45447.97 0.67 0.0 
45775.12 0.34 0.0 
46225.49 0.48 0.0 
49917.65 0.64 0.0 
54944.19 0.59 0.0 
55337.91 0.31 0.0 
55484.40 0.31 0.0 
55754.09 0.58 0.0 
56549.03 0.34 0.0 
58258.04 0.38 0.0 
58425.93 0.36 0.0 
59009.00 0.43 0.0 
59956.44 0.71 0.0 
61476.37 0.67 0.0 
61476.31 0.47 0.0 
62251.12 0.40 0.0 
63029.43 0.91 0.0 
63400.33 0.50 0.0 
63330.68 0.54 0.0 
64105.28 0.30 0.0 
65217.23 0.85 0.0 
66178.48 0.49 0.0 
67180.81 0.64 0.0 
67707.67 0.43 0.0 
67707.69 0.48 0.0 
68129.45 0.30 0.0 
68438.27 0.33 0.0 
68732.24 0.36 0.0 
68847.88 0.84 0.0 
69675.47 0.35 0.0 
69747.48 0.82 0.0 
69678.95 0.43 0.0 
69843.23 0.31 0.0 
71999.09 0.72 0.0 
72066.13 0.74 0.0 
72066.12 0.46 0.0 
72492.41 0.71 0.0 
72584.17 0.42 0.0 
72629.53 0.37 0.0 
72553.23 0.31 0.0 
72734.37 0.86 0.0 
73195.56 0.41 0.0 
74009.31 0.76 0.0 
74610.27 0.56 0.0 
75059.35 0.64 0.0 
75239.25 0.56 0.0 
75706.20 0.32 0.0 
77007.91 0.42 0.0 
77113.37 0.34 0.0 
77787.33 0.33 0.0 
79631.09 0.40 0.0 
80021.67 0.41 0.0 
81389.36 0.88 0.0 
81934.05 0.49 0.0 
83351.53 0.44 0.0 
83747.33 0.34 0.0 
83909.43 0.54 0.0 
84350.16 0.33 0.0 
84432.72 0.34 0.0 
85055.68 0.35 0.0 
