2146.95 0.33 0.0 
4198.41 0.33 0.0 
5579.05 0.33 0.0 
7059.60 0.36 0.0 
7709.25 0.65 0.0 
7781.23 0.35 0.0 
8663.71 0.58 0.0 
12659.45 0.48 0.0 
19574.50 0.93 0.0 
32008.37 0.40 0.0 
33678.04 0.42 0.0 
38837.51 0.35 0.0 
40874.00 0.34 0.0 
46769.41 0.45 0.0 
47443.71 0.78 0.0 
61474.93 0.64 0.0 
61547.57 0.32 0.0 
61474.89 0.68 0.0 
61547.43 0.37 0.0 
66836.68 0.68 0.0 
71997.16 0.33 0.0 
71997.21 0.42 0.0 
73907.31 0.48 0.0 
76079.21 0.39 0.0 
82882.97 0.31 0.0 
82882.97 0.37 0.0 
85932.56 0.59 0.0 
86132.08 0.50 0.0 
