1133.47 0.55 0.0 
1279.29 0.54 0.0 
2059.23 0.65 0.0 
2656.49 0.69 0.0 
2663.15 0.37 0.0 
2656.45 0.56 0.0 
2634.48 0.86 0.0 
2634.47 0.93 0.0 
3450.52 0.34 0.0 
3405.90 0.70 0.0 
3450.54 0.83 0.0 
3405.89 0.48 0.0 
3817.53 0.45 0.0 
3940.16 0.66 0.0 
3817.56 0.66 0.0 
3940.18 0.72 0.0 
3959.51 0.33 0.0 
4006.54 0.71 0.0 
4006.59 0.52 0.0 
4365.95 0.56 0.0 
4381.79 0.36 0.0 
6201.35 0.32 0.0 
6605.20 0.69 0.0 
6664.59 0.33 0.0 
7110.58 0.87 0.0 
8986.13 0.61 0.0 
9495.87 0.31 0.0 
9617.69 0.31 0.0 
11665.98 0.76 0.0 
11665.99 0.77 0.0 
11706.95 0.47 0.0 
11999.67 0.37 0.0 
12094.07 0.47 0.0 
13469.66 0.33 0.0 
13937.53 0.59 0.0 
14585.99 0.45 0.0 
16625.11 0.32 0.0 
16679.92 0.63 0.0 
16625.15 0.57 0.0 
16855.80 0.66 0.0 
16885.61 0.31 0.0 
17043.69 0.53 0.0 
17043.67 0.38 0.0 
17400.73 0.46 0.0 
18254.03 0.38 0.0 
18691.25 0.47 0.0 
18832.35 0.38 0.0 
18832.31 0.34 0.0 
19004.96 0.43 0.0 
19177.71 0.56 0.0 
19532.99 0.46 0.0 
19470.44 0.50 0.0 
19669.75 0.36 0.0 
20551.04 0.68 0.0 
21085.93 0.39 0.0 
21935.41 0.43 0.0 
22231.60 0.74 0.0 
23486.77 0.44 0.0 
23486.75 0.31 0.0 
24195.95 0.55 0.0 
24225.56 0.88 0.0 
24659.79 0.32 0.0 
24729.81 0.75 0.0 
24729.83 0.74 0.0 
25246.39 0.34 0.0 
26640.61 0.50 0.0 
27144.76 0.70 0.0 
27144.75 0.63 0.0 
27416.59 0.52 0.0 
30668.64 0.39 0.0 
30712.27 0.42 0.0 
30668.90 0.34 0.0 
30869.47 0.40 0.0 
30869.48 0.54 0.0 
34035.73 0.43 0.0 
34319.99 0.34 0.0 
37881.43 0.31 0.0 
40335.65 0.63 0.0 
40358.60 0.45 0.0 
40396.08 0.46 0.0 
40358.60 0.49 0.0 
40848.35 0.47 0.0 
53241.22 0.65 0.0 
53241.23 0.32 0.0 
53852.63 0.54 0.0 
53859.47 0.70 0.0 
54394.73 0.62 0.0 
54512.15 0.35 0.0 
61553.81 0.33 0.0 
64070.31 0.37 0.0 
65669.26 0.37 0.0 
65693.77 0.59 0.0 
65693.77 0.73 0.0 
75786.29 0.60 0.0 
75977.85 0.39 0.0 
75793.71 0.32 0.0 
75977.83 0.45 0.0 
76097.16 0.42 0.0 
77373.31 0.32 0.0 
77958.30 0.85 0.0 
77864.29 0.42 0.0 
77958.29 0.81 0.0 
78271.17 0.41 0.0 
81573.56 0.54 0.0 
83044.81 0.44 0.0 
83044.79 0.39 0.0 
84329.53 0.35 0.0 
