9709.97 0.50 0.0 
9736.45 0.78 0.0 
9736.47 0.59 0.0 
12357.05 0.74 0.0 
12357.04 0.69 0.0 
12377.43 0.57 0.0 
12420.44 0.68 0.0 
12575.52 0.75 0.0 
12575.53 0.77 0.0 
12509.97 0.68 0.0 
13034.64 0.83 0.0 
13034.63 0.38 0.0 
22870.83 0.34 0.0 
24662.95 0.59 0.0 
40780.38 0.93 0.0 
40780.38 0.91 0.0 
49427.91 0.73 0.0 
52746.76 0.45 0.0 
53740.35 0.35 0.0 
60123.39 0.33 0.0 
60315.73 0.52 0.0 
61846.71 0.49 0.0 
62479.23 0.30 0.0 
63158.67 0.38 0.0 
63699.43 0.32 0.0 
63853.01 0.59 0.0 
63933.75 0.38 0.0 
65011.87 0.42 0.0 
68124.00 0.49 0.0 
70066.55 0.39 0.0 
71117.96 0.55 0.0 
74254.17 0.64 0.0 
77457.87 0.38 0.0 
77457.78 0.44 0.0 
77655.89 0.55 0.0 
79915.23 0.44 0.0 
80384.19 0.37 0.0 
