4814.16 0.58 0.0 
6031.67 0.41 0.0 
6698.35 0.73 0.0 
6698.35 0.36 0.0 
8429.40 0.43 0.0 
9709.96 0.80 0.0 
9837.43 0.76 0.0 
12351.65 0.65 0.0 
12351.64 0.55 0.0 
12322.15 0.35 0.0 
12377.16 0.84 0.0 
12489.92 0.69 0.0 
12445.56 0.40 0.0 
12377.16 0.82 0.0 
12387.89 0.37 0.0 
12571.99 0.95 0.0 
12580.72 0.38 0.0 
12571.99 0.93 0.0 
12537.32 0.66 0.0 
13032.96 0.41 0.0 
15179.05 0.34 0.0 
18374.27 0.77 0.0 
19662.03 0.41 0.0 
24659.56 0.67 0.0 
24659.54 0.82 0.0 
25498.12 0.38 0.0 
31420.75 0.30 0.0 
32429.19 0.67 0.0 
38873.80 0.34 0.0 
39447.80 0.35 0.0 
40776.35 0.89 0.0 
40784.37 0.36 0.0 
40776.32 0.89 0.0 
44984.25 0.37 0.0 
52743.75 0.30 0.0 
57595.80 0.30 0.0 
60118.09 0.35 0.0 
60026.72 0.40 0.0 
61371.91 0.43 0.0 
61479.80 0.79 0.0 
61479.81 0.73 0.0 
61574.13 0.31 0.0 
63235.32 0.44 0.0 
63577.17 0.50 0.0 
64963.69 0.52 0.0 
66290.21 0.33 0.0 
66612.67 0.30 0.0 
67719.31 0.33 0.0 
68114.03 0.41 0.0 
68123.95 0.40 0.0 
68338.09 0.31 0.0 
68609.39 0.44 0.0 
69788.49 0.50 0.0 
71683.25 0.31 0.0 
72878.85 0.58 0.0 
73002.04 0.82 0.0 
74605.60 0.54 0.0 
74729.03 0.35 0.0 
76348.47 0.39 0.0 
77609.56 0.45 0.0 
79017.11 0.35 0.0 
79915.19 0.53 0.0 
80863.32 0.42 0.0 
83194.75 0.37 0.0 
84927.72 0.52 0.0 
