3699.04 0.87 0.0 
3699.04 0.50 0.0 
16173.24 0.63 0.0 
18136.12 0.56 0.0 
18101.85 0.73 0.0 
18136.17 0.52 0.0 
18101.85 0.68 0.0 
18127.07 0.54 0.0 
18919.23 0.60 0.0 
19345.39 0.66 0.0 
19345.41 0.79 0.0 
20704.08 0.34 0.0 
21042.61 0.40 0.0 
21244.40 0.39 0.0 
21545.67 0.60 0.0 
21551.11 0.32 0.0 
21545.67 0.66 0.0 
21808.08 0.53 0.0 
21808.09 0.55 0.0 
22003.97 0.39 0.0 
22310.59 0.31 0.0 
22310.51 0.46 0.0 
23583.20 0.86 0.0 
24345.24 0.41 0.0 
24490.38 0.82 0.0 
24490.37 0.62 0.0 
25429.91 0.42 0.0 
25429.93 0.64 0.0 
26823.89 0.60 0.0 
27679.27 0.41 0.0 
27862.39 0.64 0.0 
29966.47 0.32 0.0 
30142.87 0.37 0.0 
30547.29 0.38 0.0 
30547.31 0.67 0.0 
30753.88 0.45 0.0 
30753.88 0.62 0.0 
32979.12 0.82 0.0 
32979.11 0.64 0.0 
33369.47 0.52 0.0 
33419.83 0.33 0.0 
34443.11 0.42 0.0 
34906.63 0.38 0.0 
35680.55 0.31 0.0 
35680.60 0.61 0.0 
36004.20 0.69 0.0 
36004.21 0.65 0.0 
37658.68 0.88 0.0 
37658.67 0.84 0.0 
37889.67 0.32 0.0 
39473.11 0.47 0.0 
39476.44 0.40 0.0 
40579.19 0.43 0.0 
40916.45 0.34 0.0 
41132.89 0.33 0.0 
41749.68 0.63 0.0 
41749.68 0.76 0.0 
41949.29 0.49 0.0 
43290.55 0.49 0.0 
55669.39 0.42 0.0 
55717.31 0.38 0.0 
57550.20 0.60 0.0 
59959.10 0.50 0.0 
63075.59 0.35 0.0 
65013.55 0.33 0.0 
66364.51 0.42 0.0 
66390.80 0.67 0.0 
67312.43 0.43 0.0 
68611.23 0.38 0.0 
68766.60 0.39 0.0 
68740.47 0.60 0.0 
69405.91 0.31 0.0 
69678.92 0.42 0.0 
69751.99 0.88 0.0 
69751.99 0.89 0.0 
70051.72 0.37 0.0 
70926.35 0.31 0.0 
70915.19 0.36 0.0 
72630.72 0.61 0.0 
72639.48 0.35 0.0 
73325.09 0.60 0.0 
74910.59 0.50 0.0 
75359.71 0.62 0.0 
75359.69 0.41 0.0 
75530.19 0.47 0.0 
76137.69 0.31 0.0 
76556.43 0.40 0.0 
76556.45 0.33 0.0 
77114.79 0.53 0.0 
77077.27 0.30 0.0 
77612.49 0.30 0.0 
77787.39 0.37 0.0 
79636.12 0.64 0.0 
79636.11 0.76 0.0 
80028.02 0.54 0.0 
80573.19 0.35 0.0 
81937.87 0.31 0.0 
82617.25 0.41 0.0 
83051.73 0.63 0.0 
83051.74 0.71 0.0 
85798.71 0.31 0.0 
85837.77 0.63 0.0 
