1242.56 0.41 0.0 
1131.04 0.72 0.0 
1131.01 0.41 0.0 
1133.43 0.42 0.0 
2633.71 0.84 0.0 
2633.69 0.90 0.0 
3372.17 0.34 0.0 
3937.69 0.81 0.0 
3937.69 0.91 0.0 
3953.52 0.64 0.0 
4004.11 0.50 0.0 
4303.43 0.42 0.0 
4347.77 0.38 0.0 
6602.11 0.76 0.0 
7122.99 0.36 0.0 
7018.03 0.77 0.0 
7114.27 0.39 0.0 
7768.43 0.40 0.0 
8067.19 0.39 0.0 
8031.29 0.50 0.0 
9615.07 0.80 0.0 
9556.77 0.36 0.0 
10796.55 0.67 0.0 
10796.52 0.33 0.0 
11664.44 0.39 0.0 
11683.61 0.44 0.0 
11669.57 0.44 0.0 
11576.61 0.40 0.0 
11703.97 0.37 0.0 
11997.33 0.56 0.0 
13469.59 0.57 0.0 
13652.93 0.36 0.0 
14218.77 0.32 0.0 
14583.56 0.38 0.0 
16048.91 0.38 0.0 
16542.37 0.47 0.0 
16674.80 0.58 0.0 
16622.77 0.49 0.0 
16854.60 0.35 0.0 
16949.12 0.59 0.0 
16889.44 0.61 0.0 
17041.96 0.66 0.0 
17041.93 0.41 0.0 
17112.48 0.77 0.0 
17232.92 0.61 0.0 
17639.28 0.47 0.0 
17577.83 0.43 0.0 
18103.48 0.32 0.0 
18250.91 0.35 0.0 
18344.44 0.34 0.0 
18565.89 0.31 0.0 
19023.53 0.60 0.0 
19023.49 0.77 0.0 
19410.09 0.36 0.0 
19527.15 0.32 0.0 
19527.15 0.53 0.0 
19666.76 0.30 0.0 
21135.73 0.36 0.0 
21084.00 0.35 0.0 
21089.56 0.61 0.0 
23607.61 0.37 0.0 
24225.51 0.74 0.0 
24233.43 0.32 0.0 
24228.91 0.37 0.0 
24384.91 0.40 0.0 
24384.97 0.41 0.0 
24674.60 0.49 0.0 
24729.40 0.46 0.0 
24692.88 0.45 0.0 
24729.45 0.39 0.0 
24688.96 0.45 0.0 
24656.91 0.41 0.0 
24771.23 0.55 0.0 
25755.32 0.45 0.0 
25755.28 0.44 0.0 
26894.21 0.94 0.0 
27142.99 0.43 0.0 
27142.95 0.45 0.0 
27294.26 0.92 0.0 
27294.26 0.88 0.0 
27415.39 0.35 0.0 
27416.59 0.81 0.0 
28751.85 0.34 0.0 
29832.17 0.43 0.0 
30667.86 0.79 0.0 
30717.00 0.69 0.0 
30716.96 0.44 0.0 
30667.84 0.53 0.0 
30866.84 0.61 0.0 
31301.08 0.30 0.0 
32142.12 0.62 0.0 
34035.07 0.40 0.0 
34030.28 0.38 0.0 
34404.85 0.63 0.0 
34404.85 0.37 0.0 
34964.08 0.45 0.0 
36747.21 0.38 0.0 
36747.20 0.76 0.0 
37715.89 0.35 0.0 
38442.41 0.67 0.0 
40343.97 0.45 0.0 
40352.93 0.52 0.0 
40333.09 0.40 0.0 
40352.91 0.48 0.0 
40705.01 0.43 0.0 
41619.96 0.47 0.0 
42962.61 0.39 0.0 
42962.62 0.44 0.0 
44728.47 0.73 0.0 
46466.32 0.83 0.0 
47740.92 0.31 0.0 
47939.88 0.55 0.0 
49379.59 0.90 0.0 
51315.12 0.36 0.0 
51315.11 0.54 0.0 
53237.81 0.43 0.0 
53226.88 0.31 0.0 
54533.25 0.39 0.0 
55234.03 0.80 0.0 
55356.85 0.33 0.0 
56759.33 0.88 0.0 
56759.41 0.49 0.0 
57374.01 0.34 0.0 
58457.08 0.70 0.0 
58457.05 0.46 0.0 
60437.01 0.35 0.0 
60437.01 0.33 0.0 
61478.85 0.80 0.0 
61478.84 0.76 0.0 
62207.01 0.35 0.0 
62206.98 0.33 0.0 
63889.00 0.52 0.0 
64066.00 0.45 0.0 
64065.97 0.40 0.0 
64444.38 0.42 0.0 
65098.64 0.35 0.0 
65667.95 0.42 0.0 
65669.00 0.56 0.0 
65692.68 0.59 0.0 
65692.67 0.68 0.0 
66427.71 0.63 0.0 
66427.77 0.33 0.0 
69238.57 0.63 0.0 
69238.61 0.41 0.0 
71818.81 0.56 0.0 
71818.77 0.89 0.0 
72667.10 0.56 0.0 
72667.11 0.56 0.0 
75875.96 0.57 0.0 
75793.67 0.40 0.0 
75876.01 0.37 0.0 
77369.85 0.38 0.0 
77862.09 0.59 0.0 
77862.12 0.59 0.0 
77950.69 0.46 0.0 
78148.77 0.42 0.0 
78121.31 0.44 0.0 
78340.35 0.37 0.0 
78325.96 0.32 0.0 
81367.56 0.43 0.0 
81572.01 0.59 0.0 
84328.73 0.30 0.0 
84328.63 0.79 0.0 
