537.87 0.46 0.0 
674.21 0.37 0.0 
884.29 0.40 0.0 
1122.05 0.34 0.0 
1177.00 0.35 0.0 
1469.03 0.52 0.0 
1555.01 0.33 0.0 
2487.29 0.58 0.0 
3492.65 0.39 0.0 
3464.51 0.79 0.0 
4623.97 0.34 0.0 
5579.25 0.49 0.0 
5938.97 0.31 0.0 
5983.51 0.35 0.0 
6643.99 0.52 0.0 
6776.54 0.46 0.0 
10223.29 0.51 0.0 
10794.07 0.33 0.0 
13150.77 0.33 0.0 
13512.40 0.53 0.0 
13544.21 0.53 0.0 
15158.97 0.31 0.0 
15159.01 0.34 0.0 
15674.09 0.39 0.0 
16242.50 0.33 0.0 
16242.51 0.67 0.0 
16582.07 0.41 0.0 
16728.95 0.69 0.0 
16871.83 0.34 0.0 
18990.43 0.34 0.0 
19682.03 0.36 0.0 
20174.49 0.46 0.0 
20380.81 0.72 0.0 
20759.51 0.60 0.0 
21552.27 0.35 0.0 
24732.36 0.39 0.0 
31197.91 0.49 0.0 
31348.21 0.53 0.0 
34198.99 0.46 0.0 
35339.45 0.32 0.0 
35474.15 0.31 0.0 
36490.35 0.36 0.0 
37408.03 0.31 0.0 
37649.55 0.53 0.0 
37856.01 0.64 0.0 
37856.01 0.31 0.0 
38068.01 0.43 0.0 
38159.29 0.52 0.0 
42606.64 0.42 0.0 
44187.31 0.54 0.0 
44339.23 0.42 0.0 
45249.97 0.62 0.0 
45250.01 0.42 0.0 
45264.91 0.40 0.0 
45264.88 0.38 0.0 
47532.39 0.36 0.0 
48929.37 0.33 0.0 
50848.00 0.39 0.0 
51131.01 0.30 0.0 
53185.92 0.89 0.0 
53185.92 0.74 0.0 
54070.13 0.47 0.0 
54644.29 0.31 0.0 
54704.49 0.44 0.0 
55276.22 0.30 0.0 
58573.03 0.49 0.0 
59023.95 0.34 0.0 
61137.79 0.51 0.0 
61549.45 0.50 0.0 
61549.41 0.44 0.0 
62624.04 0.35 0.0 
63133.13 0.40 0.0 
63489.39 0.32 0.0 
68252.05 0.49 0.0 
70352.63 0.31 0.0 
71088.37 0.37 0.0 
72483.05 0.39 0.0 
75492.71 0.47 0.0 
75776.01 0.36 0.0 
75792.73 0.47 0.0 
76799.11 0.38 0.0 
77157.44 0.56 0.0 
77386.91 0.36 0.0 
78264.15 0.45 0.0 
79049.00 0.33 0.0 
79543.99 0.43 0.0 
79841.83 0.32 0.0 
80352.85 0.54 0.0 
81059.51 0.37 0.0 
81584.21 0.37 0.0 
81824.33 0.34 0.0 
81991.03 0.46 0.0 
82496.67 0.42 0.0 
83324.37 0.46 0.0 
83893.35 0.34 0.0 
83804.09 0.56 0.0 
84133.32 0.36 0.0 
83999.31 0.45 0.0 
85466.76 0.41 0.0 
