9073.07 0.46 0.0 
9430.33 0.61 0.0 
11132.28 0.84 0.0 
11864.36 0.56 0.0 
7817.24 0.93 0.0 
12928.25 0.36 0.0 
13292.69 0.97 0.0 
13721.19 0.98 0.0 
14834.00 0.37 0.0 
10121.97 0.45 0.0 
11172.07 0.63 0.0 
14846.97 0.33 0.0 
14847.00 0.55 0.0 
7228.32 0.56 0.0 
12120.51 0.87 0.0 
16056.82 0.90 0.0 
7817.24 0.91 0.0 
13082.96 0.70 0.0 
12378.55 0.98 0.0 
13721.20 0.97 0.0 
12120.47 0.80 0.0 
9959.04 0.33 0.0 
12378.55 0.98 0.0 
21444.99 0.30 0.0 
13082.96 0.98 0.0 
11132.28 0.90 0.0 
22886.07 0.98 0.0 
13922.48 0.62 0.0 
23260.20 0.89 0.0 
22886.07 0.98 0.0 
13292.69 0.97 0.0 
24565.44 0.39 0.0 
25005.52 0.44 0.0 
16056.83 0.80 0.0 
28537.56 0.82 0.0 
32106.93 0.48 0.0 
23260.20 0.91 0.0 
28708.01 0.30 0.0 
34453.35 0.46 0.0 
27717.13 0.53 0.0 
34688.15 0.98 0.0 
38558.40 0.97 0.0 
28537.54 0.92 0.0 
42437.54 0.86 0.0 
33984.72 0.72 0.0 
42437.54 0.96 0.0 
34468.79 0.37 0.0 
34688.16 0.97 0.0 
38558.40 0.91 0.0 
46291.91 0.48 0.0 
46755.57 0.93 0.0 
46755.57 0.96 0.0 
48927.32 0.93 0.0 
48927.32 0.93 0.0 
50338.28 0.47 0.0 
53590.16 0.41 0.0 
52498.16 0.62 0.0 
53338.11 0.53 0.0 
48747.77 0.31 0.0 
46291.87 0.42 0.0 
51735.16 0.31 0.0 
55315.83 0.75 0.0 
81794.01 0.37 0.0 
83337.03 0.76 0.0 
79594.80 0.43 0.0 
86347.68 0.58 0.0 
