10128.93 0.31 0.0 
11136.29 0.30 0.0 
12928.34 0.45 0.0 
13713.95 0.35 0.0 
13721.69 0.47 0.0 
14585.05 0.57 0.0 
10219.73 0.37 0.0 
14552.99 0.58 0.0 
14558.17 0.36 0.0 
14852.03 0.39 0.0 
11186.00 0.63 0.0 
12121.26 0.65 0.0 
16063.81 0.67 0.0 
7817.73 0.42 0.0 
13084.34 0.70 0.0 
12378.97 0.85 0.0 
13721.58 0.51 0.0 
11186.03 0.61 0.0 
12121.22 0.53 0.0 
12378.99 0.84 0.0 
13084.32 0.92 0.0 
11136.33 0.41 0.0 
11266.11 0.33 0.0 
22886.72 0.75 0.0 
23260.42 0.83 0.0 
22886.70 0.55 0.0 
13295.03 0.37 0.0 
16063.64 0.55 0.0 
28537.93 0.49 0.0 
28712.49 0.66 0.0 
18930.75 0.49 0.0 
23260.45 0.87 0.0 
34529.02 0.53 0.0 
34528.99 0.33 0.0 
34688.58 0.79 0.0 
38558.91 0.69 0.0 
39293.79 0.73 0.0 
28537.95 0.48 0.0 
35419.57 0.55 0.0 
42437.93 0.41 0.0 
42437.93 0.69 0.0 
34688.60 0.78 0.0 
38558.93 0.60 0.0 
44463.80 0.61 0.0 
46297.88 0.68 0.0 
46755.89 0.49 0.0 
46755.85 0.62 0.0 
48285.97 0.44 0.0 
48928.24 0.85 0.0 
48928.24 0.65 0.0 
40931.45 0.30 0.0 
47989.73 0.76 0.0 
53590.09 0.66 0.0 
54654.03 0.39 0.0 
51738.28 0.73 0.0 
46297.86 0.75 0.0 
55315.88 0.69 0.0 
80498.44 0.40 0.0 
82875.81 0.63 0.0 
83337.09 0.56 0.0 
79596.71 0.35 0.0 
86347.67 0.54 0.0 
80498.44 0.66 0.0 
