10782.90 0.95 0.0 
13662.58 0.98 0.0 
13895.88 0.94 0.0 
14126.55 0.92 0.0 
14475.74 0.74 0.0 
14126.54 0.95 0.0 
11061.79 0.96 0.0 
8172.29 0.40 0.0 
16114.19 0.95 0.0 
11061.79 0.95 0.0 
20836.52 0.94 0.0 
16114.19 0.95 0.0 
13092.14 0.39 0.0 
20836.53 0.90 0.0 
13694.07 0.41 0.0 
21424.80 0.91 0.0 
21424.78 0.96 0.0 
10782.91 0.93 0.0 
28730.35 0.85 0.0 
13662.57 0.97 0.0 
13895.88 0.96 0.0 
32380.67 0.97 0.0 
16064.99 0.46 0.0 
34725.35 0.42 0.0 
35938.11 0.37 0.0 
28327.29 0.36 0.0 
38624.20 0.98 0.0 
34820.47 0.40 0.0 
35165.11 0.34 0.0 
46153.11 0.99 0.0 
46153.11 0.98 0.0 
32380.66 0.96 0.0 
37196.83 0.48 0.0 
38624.20 0.98 0.0 
56713.39 0.79 0.0 
50547.51 0.47 0.0 
54859.78 0.98 0.0 
54859.78 0.97 0.0 
61805.50 0.97 0.0 
61805.50 0.97 0.0 
73702.12 0.50 0.0 
84516.67 0.33 0.0 
