7919.48 0.40 0.0 
10885.99 0.90 0.0 
2923.71 0.60 0.0 
11534.05 0.42 0.0 
12596.15 0.46 0.0 
13451.96 0.64 0.0 
14375.53 0.52 0.0 
14375.53 0.56 0.0 
15072.80 0.61 0.0 
14290.28 0.86 0.0 
14408.53 0.43 0.0 
19060.15 0.90 0.0 
19060.15 0.62 0.0 
18970.17 0.63 0.0 
15072.80 0.64 0.0 
13096.84 0.79 0.0 
21569.17 0.44 0.0 
22047.40 0.71 0.0 
22179.04 0.69 0.0 
14539.92 0.76 0.0 
13591.92 0.34 0.0 
22639.59 0.32 0.0 
22662.67 0.49 0.0 
22657.33 0.33 0.0 
9627.09 0.39 0.0 
13096.85 0.53 0.0 
13452.05 0.47 0.0 
14290.28 0.78 0.0 
14408.53 0.43 0.0 
14539.92 0.82 0.0 
18970.16 0.52 0.0 
20788.63 0.42 0.0 
37782.27 0.48 0.0 
38894.56 0.65 0.0 
37859.22 0.53 0.0 
37707.03 0.52 0.0 
69884.04 0.37 0.0 
83355.79 0.78 0.0 
83607.93 0.36 0.0 
83993.68 0.53 0.0 
85093.61 0.36 0.0 
82491.20 0.66 0.0 
82491.20 0.38 0.0 
85606.36 0.30 0.0 
85835.20 0.52 0.0 
