13186.66 0.58 0.0 
13186.66 0.78 0.0 
14857.28 0.42 0.0 
9765.47 0.32 0.0 
9779.55 0.37 0.0 
14857.28 0.43 0.0 
15073.42 0.78 0.0 
14291.70 0.92 0.0 
15091.55 0.36 0.0 
14404.48 0.90 0.0 
14869.34 0.59 0.0 
16070.75 0.33 0.0 
16070.73 0.58 0.0 
9634.41 0.40 0.0 
19062.25 0.42 0.0 
14446.45 0.46 0.0 
18972.93 0.52 0.0 
15073.42 0.55 0.0 
13098.20 0.74 0.0 
14542.19 0.38 0.0 
14553.95 0.53 0.0 
22639.67 0.52 0.0 
22662.73 0.70 0.0 
14553.99 0.64 0.0 
14558.81 0.31 0.0 
22665.47 0.54 0.0 
18979.11 0.34 0.0 
18986.20 0.34 0.0 
13098.20 0.58 0.0 
21279.80 0.53 0.0 
14291.68 0.93 0.0 
14404.48 0.90 0.0 
14415.09 0.58 0.0 
21279.80 0.47 0.0 
14542.20 0.77 0.0 
16922.35 0.49 0.0 
25936.15 0.52 0.0 
18972.89 0.39 0.0 
37875.97 0.57 0.0 
37802.09 0.64 0.0 
24600.99 0.36 0.0 
51543.99 0.31 0.0 
37802.04 0.71 0.0 
62583.79 0.34 0.0 
64742.73 0.47 0.0 
83356.29 0.38 0.0 
83994.23 0.34 0.0 
84856.19 0.40 0.0 
