13664.25 0.76 0.0 
14128.08 0.73 0.0 
15077.33 0.47 0.0 
14128.09 0.39 0.0 
15677.00 0.31 0.0 
11063.42 0.71 0.0 
16115.72 0.81 0.0 
11063.43 0.73 0.0 
20838.02 0.91 0.0 
12012.95 0.40 0.0 
16115.73 0.84 0.0 
13093.53 0.30 0.0 
13093.51 0.38 0.0 
20838.03 0.80 0.0 
21426.27 0.70 0.0 
21426.26 0.90 0.0 
22593.14 0.80 0.0 
20901.67 0.42 0.0 
27197.80 0.39 0.0 
10785.19 0.55 0.0 
28733.43 0.44 0.0 
13414.10 0.61 0.0 
13664.23 0.88 0.0 
28733.40 0.44 0.0 
13899.70 0.63 0.0 
16065.07 0.31 0.0 
16077.37 0.56 0.0 
25806.20 0.54 0.0 
37543.49 0.34 0.0 
35177.98 0.76 0.0 
35178.02 0.67 0.0 
38625.67 0.95 0.0 
46154.56 0.96 0.0 
46154.56 0.96 0.0 
32381.95 0.39 0.0 
38625.67 0.96 0.0 
54861.02 0.96 0.0 
54861.02 0.95 0.0 
61807.99 0.95 0.0 
61807.99 0.95 0.0 
