2615.69 0.40 0.0 
2671.19 0.30 0.0 
2497.00 0.38 0.0 
3076.84 0.55 0.0 
9706.93 0.48 0.0 
9706.91 0.56 0.0 
5340.51 0.54 0.0 
15091.37 0.43 0.0 
16910.96 0.39 0.0 
2671.22 0.67 0.0 
18977.70 0.47 0.0 
13966.27 0.32 0.0 
14338.33 0.76 0.0 
24114.43 0.41 0.0 
23131.12 0.75 0.0 
14938.67 0.49 0.0 
25804.21 0.66 0.0 
24114.40 0.52 0.0 
25804.18 0.61 0.0 
28812.51 0.33 0.0 
27332.14 0.84 0.0 
22624.52 0.82 0.0 
22628.47 0.39 0.0 
22624.52 0.85 0.0 
14338.32 0.78 0.0 
32390.86 0.68 0.0 
32390.93 0.59 0.0 
37802.65 0.38 0.0 
31901.39 0.35 0.0 
41734.43 0.46 0.0 
37996.87 0.32 0.0 
41476.67 0.33 0.0 
50385.47 0.44 0.0 
53265.64 0.49 0.0 
39871.12 0.63 0.0 
62148.59 0.92 0.0 
61231.39 0.91 0.0 
62148.59 0.92 0.0 
46960.60 0.32 0.0 
56461.39 0.44 0.0 
58500.47 0.33 0.0 
75345.51 0.32 0.0 
79215.12 0.72 0.0 
61231.38 0.86 0.0 
83160.71 0.54 0.0 
83478.32 0.67 0.0 
83347.41 0.30 0.0 
83452.79 0.34 0.0 
83478.33 0.58 0.0 
85128.92 0.40 0.0 
85750.55 0.33 0.0 
85712.60 0.31 0.0 
