2613.80 0.34 0.0 
2637.02 0.38 0.0 
4226.91 0.33 0.0 
2535.21 0.77 0.0 
3478.36 0.68 0.0 
2924.19 0.67 0.0 
6749.01 0.69 0.0 
2864.20 0.76 0.0 
8158.89 0.35 0.0 
929.49 0.39 0.0 
10931.17 0.40 0.0 
1485.96 0.37 0.0 
3329.32 0.50 0.0 
12238.96 0.68 0.0 
4527.28 0.71 0.0 
16002.41 0.51 0.0 
17998.99 0.62 0.0 
3160.36 0.46 0.0 
15070.60 0.60 0.0 
15208.98 0.39 0.0 
14335.76 0.98 0.0 
24111.36 0.53 0.0 
14937.25 0.95 0.0 
15070.57 0.34 0.0 
25800.96 0.89 0.0 
25800.97 0.93 0.0 
26185.99 0.31 0.0 
17489.11 0.35 0.0 
28809.81 0.60 0.0 
28809.84 0.72 0.0 
11339.40 0.41 0.0 
22289.52 0.31 0.0 
22617.11 0.93 0.0 
14335.76 0.98 0.0 
32388.80 0.96 0.0 
14937.23 0.98 0.0 
32388.79 0.97 0.0 
29926.60 0.78 0.0 
37958.57 0.44 0.0 
22617.09 0.94 0.0 
38758.25 0.39 0.0 
39119.53 0.37 0.0 
34181.55 0.60 0.0 
23459.52 0.33 0.0 
40123.92 0.66 0.0 
26337.57 0.49 0.0 
37996.17 0.39 0.0 
43244.52 0.31 0.0 
47641.40 0.51 0.0 
29926.61 0.62 0.0 
51029.09 0.80 0.0 
50652.77 0.73 0.0 
50399.56 0.68 0.0 
46887.96 0.41 0.0 
50384.00 0.32 0.0 
39870.68 0.54 0.0 
60254.01 0.82 0.0 
61227.99 0.88 0.0 
42154.00 0.42 0.0 
62145.16 0.90 0.0 
61227.99 0.97 0.0 
62204.49 0.68 0.0 
62145.17 0.97 0.0 
56847.48 0.80 0.0 
49378.44 0.31 0.0 
60341.92 0.64 0.0 
58499.28 0.61 0.0 
71292.68 0.62 0.0 
54179.05 0.34 0.0 
72284.03 0.56 0.0 
58499.25 0.58 0.0 
74558.12 0.66 0.0 
77054.60 0.36 0.0 
79213.12 0.93 0.0 
79213.12 0.55 0.0 
73663.32 0.58 0.0 
82452.91 0.50 0.0 
81015.16 0.75 0.0 
75334.57 0.40 0.0 
65577.29 0.34 0.0 
79780.81 0.40 0.0 
85319.24 0.38 0.0 
77728.79 0.42 0.0 
81824.20 0.74 0.0 
80712.00 0.41 0.0 
74558.13 0.52 0.0 
83452.20 0.31 0.0 
83580.69 0.38 0.0 
84086.61 0.58 0.0 
86114.59 0.37 0.0 
82618.48 0.57 0.0 
