3002.67 0.45 0.0 
5473.35 0.64 0.0 
11401.62 0.58 0.0 
6338.72 0.42 0.0 
6338.72 0.44 0.0 
16081.86 0.71 0.0 
9934.82 0.74 0.0 
9934.81 0.47 0.0 
22673.25 0.55 0.0 
39139.17 0.43 0.0 
38712.59 0.38 0.0 
47560.33 0.42 0.0 
48384.70 0.47 0.0 
49249.92 0.58 0.0 
51278.35 0.39 0.0 
54139.41 0.52 0.0 
53346.07 0.31 0.0 
54169.66 0.39 0.0 
53763.03 0.31 0.0 
56537.08 0.46 0.0 
53883.00 0.42 0.0 
54139.39 0.39 0.0 
50506.55 0.31 0.0 
56400.48 0.56 0.0 
56882.59 0.42 0.0 
57366.67 0.55 0.0 
58088.55 0.37 0.0 
48456.25 0.32 0.0 
52645.55 0.40 0.0 
56508.27 0.34 0.0 
61846.54 0.57 0.0 
61560.74 0.41 0.0 
58088.55 0.42 0.0 
58787.73 0.61 0.0 
64560.67 0.48 0.0 
60107.49 0.54 0.0 
71577.21 0.56 0.0 
74435.42 0.72 0.0 
75152.97 0.32 0.0 
74435.42 0.61 0.0 
72046.05 0.68 0.0 
52645.55 0.53 0.0 
76251.79 0.34 0.0 
66827.47 0.40 0.0 
53346.02 0.59 0.0 
75739.19 0.34 0.0 
73370.06 0.40 0.0 
76337.75 0.32 0.0 
78027.99 0.47 0.0 
76251.92 0.44 0.0 
76486.76 0.68 0.0 
69077.65 0.48 0.0 
69676.93 0.41 0.0 
78289.27 0.50 0.0 
78028.00 0.60 0.0 
78364.10 0.62 0.0 
74411.41 0.39 0.0 
71973.85 0.45 0.0 
78347.76 0.55 0.0 
77596.68 0.61 0.0 
67023.31 0.38 0.0 
76438.33 0.43 0.0 
69066.73 0.41 0.0 
77252.65 0.57 0.0 
72304.35 0.41 0.0 
75207.66 0.52 0.0 
