629.51 0.51 0.0 
2476.99 0.31 0.0 
6717.20 0.89 0.0 
7197.77 0.45 0.0 
10257.88 0.56 0.0 
6717.20 0.35 0.0 
10463.53 0.31 0.0 
11920.13 0.62 0.0 
12167.79 0.86 0.0 
10167.84 0.61 0.0 
12167.80 0.88 0.0 
12180.31 0.36 0.0 
11522.95 0.54 0.0 
11319.84 0.50 0.0 
11920.15 0.91 0.0 
12273.97 0.48 0.0 
13961.91 0.48 0.0 
13977.47 0.56 0.0 
11398.63 0.50 0.0 
10453.32 0.60 0.0 
10167.83 0.93 0.0 
12222.23 0.79 0.0 
10685.65 0.37 0.0 
11993.27 0.40 0.0 
13062.83 0.84 0.0 
12222.21 0.50 0.0 
13277.53 0.53 0.0 
13961.96 0.72 0.0 
11294.48 0.43 0.0 
11522.97 0.44 0.0 
14535.96 0.64 0.0 
13062.85 0.41 0.0 
14907.43 0.53 0.0 
14535.96 0.70 0.0 
12180.24 0.42 0.0 
12326.08 0.32 0.0 
15984.75 0.36 0.0 
16108.15 0.97 0.0 
14878.88 0.86 0.0 
15118.14 0.42 0.0 
16481.86 0.50 0.0 
18049.72 0.53 0.0 
18417.45 0.60 0.0 
13862.77 0.49 0.0 
16075.77 0.42 0.0 
14878.88 0.34 0.0 
15248.09 0.52 0.0 
15254.12 0.34 0.0 
16452.56 0.54 0.0 
18584.51 0.34 0.0 
22741.71 0.42 0.0 
18445.05 0.41 0.0 
22707.15 0.40 0.0 
21238.88 0.70 0.0 
21588.70 0.33 0.0 
21238.90 0.33 0.0 
22199.45 0.42 0.0 
25871.56 0.51 0.0 
25842.95 0.73 0.0 
27416.39 0.81 0.0 
24829.25 0.40 0.0 
27416.37 0.89 0.0 
27257.00 0.49 0.0 
29087.95 0.43 0.0 
24688.90 0.33 0.0 
29087.95 0.57 0.0 
34513.89 0.50 0.0 
32924.05 0.33 0.0 
33979.94 0.89 0.0 
33979.93 0.73 0.0 
36419.01 0.44 0.0 
36539.48 0.48 0.0 
34892.02 0.33 0.0 
43709.37 0.35 0.0 
46245.12 0.45 0.0 
43214.51 0.46 0.0 
46738.91 0.54 0.0 
43769.45 0.52 0.0 
47264.58 0.67 0.0 
49666.71 0.83 0.0 
52359.97 0.50 0.0 
49666.72 0.61 0.0 
51582.55 0.74 0.0 
52359.98 0.85 0.0 
51582.57 0.82 0.0 
52305.89 0.72 0.0 
52305.88 0.32 0.0 
55902.55 0.82 0.0 
55902.55 0.94 0.0 
58558.83 0.87 0.0 
58792.24 0.37 0.0 
61357.72 0.56 0.0 
63498.77 0.73 0.0 
63612.78 0.95 0.0 
61357.69 0.68 0.0 
63644.80 0.36 0.0 
61420.95 0.36 0.0 
63786.28 0.96 0.0 
61420.97 0.72 0.0 
61892.99 0.31 0.0 
63498.76 0.70 0.0 
63517.29 0.34 0.0 
66149.48 0.33 0.0 
64979.56 0.61 0.0 
63612.77 0.95 0.0 
63457.32 0.87 0.0 
63715.99 0.42 0.0 
63810.65 0.58 0.0 
64664.25 0.57 0.0 
63786.28 0.96 0.0 
68444.51 0.44 0.0 
70199.41 0.44 0.0 
70780.00 0.35 0.0 
70779.99 0.52 0.0 
75655.16 0.60 0.0 
75655.20 0.67 0.0 
74906.08 0.36 0.0 
75644.53 0.32 0.0 
79139.51 0.51 0.0 
77549.71 0.32 0.0 
76919.45 0.31 0.0 
81524.13 0.54 0.0 
84179.17 0.65 0.0 
81343.51 0.42 0.0 
82799.57 0.64 0.0 
85949.03 0.36 0.0 
81687.11 0.30 0.0 
