720.60 0.59 0.0 
2416.89 0.85 0.0 
688.25 0.37 0.0 
695.31 0.67 0.0 
2544.37 0.62 0.0 
695.29 0.60 0.0 
1211.27 0.43 0.0 
1174.29 0.32 0.0 
1174.27 0.43 0.0 
1035.08 0.42 0.0 
654.45 0.37 0.0 
2280.71 0.73 0.0 
2013.06 0.91 0.0 
1876.64 0.75 0.0 
2416.89 0.52 0.0 
2013.04 0.82 0.0 
1387.23 0.34 0.0 
2544.39 0.50 0.0 
4120.80 0.56 0.0 
1876.66 0.77 0.0 
1859.38 0.73 0.0 
1870.01 0.51 0.0 
831.63 0.42 0.0 
2716.09 0.43 0.0 
2108.83 0.36 0.0 
3470.19 0.51 0.0 
3447.54 0.50 0.0 
5542.92 0.83 0.0 
5549.71 0.73 0.0 
5555.65 0.57 0.0 
2814.21 0.51 0.0 
3796.28 0.40 0.0 
3796.27 0.39 0.0 
6016.19 0.43 0.0 
4540.33 0.52 0.0 
3531.95 0.38 0.0 
4157.24 0.32 0.0 
4897.87 0.43 0.0 
3655.79 0.34 0.0 
3777.89 0.33 0.0 
3777.87 0.41 0.0 
3226.61 0.71 0.0 
3887.69 0.50 0.0 
5135.18 0.80 0.0 
5145.48 0.53 0.0 
4540.35 0.34 0.0 
3470.19 0.72 0.0 
4120.77 0.54 0.0 
5527.43 0.51 0.0 
5542.91 0.83 0.0 
5390.23 0.48 0.0 
4366.79 0.65 0.0 
5518.83 0.52 0.0 
4897.87 0.40 0.0 
5135.09 0.37 0.0 
6016.20 0.54 0.0 
5747.41 0.47 0.0 
5476.91 0.83 0.0 
5483.67 0.52 0.0 
5476.90 0.90 0.0 
5483.69 0.75 0.0 
6333.79 0.36 0.0 
5716.93 0.52 0.0 
5960.36 0.57 0.0 
5568.08 0.74 0.0 
5568.08 0.76 0.0 
5960.35 0.78 0.0 
5390.27 0.53 0.0 
6052.71 0.39 0.0 
6176.86 0.76 0.0 
5518.80 0.50 0.0 
6166.37 0.53 0.0 
6176.86 0.69 0.0 
8783.59 0.35 0.0 
5747.41 0.35 0.0 
6907.23 0.46 0.0 
6920.73 0.54 0.0 
6920.74 0.54 0.0 
8783.63 0.33 0.0 
8579.79 0.37 0.0 
8936.95 0.59 0.0 
11681.65 0.52 0.0 
11777.31 0.43 0.0 
8569.96 0.74 0.0 
9286.51 0.40 0.0 
8936.96 0.61 0.0 
9829.19 0.66 0.0 
9286.53 0.61 0.0 
12977.85 0.31 0.0 
10156.79 0.36 0.0 
12015.02 0.82 0.0 
13172.16 0.51 0.0 
14415.61 0.66 0.0 
11681.62 0.59 0.0 
12059.15 0.45 0.0 
12396.85 0.41 0.0 
12406.65 0.31 0.0 
12414.69 0.42 0.0 
15988.51 0.51 0.0 
15957.61 0.48 0.0 
16079.25 0.68 0.0 
17821.38 0.31 0.0 
18076.80 0.49 0.0 
18297.95 0.31 0.0 
18298.03 0.31 0.0 
19908.52 0.71 0.0 
23429.25 0.55 0.0 
22559.03 0.46 0.0 
22692.67 0.50 0.0 
21467.03 0.33 0.0 
21564.23 0.43 0.0 
23612.67 0.43 0.0 
23291.96 0.64 0.0 
25071.35 0.46 0.0 
23800.93 0.69 0.0 
23094.03 0.45 0.0 
25071.37 0.34 0.0 
28217.63 0.49 0.0 
28263.36 0.60 0.0 
29546.57 0.52 0.0 
29997.78 0.34 0.0 
31323.83 0.40 0.0 
31923.76 0.42 0.0 
34575.61 0.32 0.0 
33456.47 0.39 0.0 
34302.06 0.55 0.0 
32219.91 0.39 0.0 
34331.58 0.74 0.0 
34084.43 0.36 0.0 
34264.76 0.80 0.0 
34389.42 0.78 0.0 
34756.04 0.67 0.0 
34264.75 0.41 0.0 
34389.41 0.49 0.0 
34615.79 0.49 0.0 
34302.07 0.78 0.0 
35509.33 0.47 0.0 
34528.53 0.54 0.0 
35587.41 0.53 0.0 
34756.04 0.82 0.0 
38490.71 0.86 0.0 
40098.50 0.92 0.0 
40215.34 0.68 0.0 
39834.77 0.48 0.0 
40179.61 0.75 0.0 
38692.91 0.47 0.0 
40098.50 0.91 0.0 
40206.35 0.45 0.0 
40215.24 0.85 0.0 
42736.79 0.62 0.0 
43458.58 0.67 0.0 
39834.78 0.83 0.0 
39935.87 0.32 0.0 
40179.64 0.72 0.0 
45376.83 0.65 0.0 
43081.89 0.32 0.0 
42151.99 0.45 0.0 
43458.60 0.70 0.0 
43691.29 0.70 0.0 
46937.44 0.33 0.0 
43249.44 0.85 0.0 
43280.71 0.36 0.0 
43524.81 0.40 0.0 
43249.44 0.86 0.0 
43742.02 0.40 0.0 
43742.06 0.71 0.0 
43670.13 0.65 0.0 
43691.27 0.61 0.0 
43048.13 0.42 0.0 
44049.39 0.30 0.0 
44173.39 0.38 0.0 
43280.68 0.35 0.0 
43524.78 0.45 0.0 
45842.49 0.78 0.0 
45424.41 0.49 0.0 
46798.07 0.44 0.0 
44865.56 0.34 0.0 
47010.68 0.40 0.0 
49233.31 0.42 0.0 
47146.72 0.64 0.0 
49717.16 0.50 0.0 
46140.89 0.60 0.0 
45842.47 0.50 0.0 
45344.35 0.37 0.0 
46798.08 0.68 0.0 
47487.11 0.33 0.0 
47146.75 0.47 0.0 
51506.11 0.59 0.0 
51517.35 0.34 0.0 
51524.67 0.32 0.0 
49412.55 0.33 0.0 
48305.77 0.53 0.0 
49469.25 0.32 0.0 
52483.31 0.42 0.0 
49923.91 0.54 0.0 
49068.43 0.38 0.0 
50740.07 0.41 0.0 
53190.40 0.41 0.0 
48641.43 0.33 0.0 
50326.91 0.81 0.0 
51340.08 0.41 0.0 
50368.85 0.35 0.0 
49233.27 0.36 0.0 
53895.55 0.53 0.0 
53905.19 0.31 0.0 
50700.87 0.32 0.0 
51823.13 0.33 0.0 
49412.55 0.41 0.0 
51506.08 0.58 0.0 
50748.21 0.35 0.0 
50000.31 0.75 0.0 
52545.19 0.46 0.0 
52289.56 0.67 0.0 
53138.39 0.33 0.0 
53744.49 0.52 0.0 
51323.65 0.49 0.0 
51340.08 0.56 0.0 
51517.39 0.32 0.0 
53125.41 0.65 0.0 
53457.38 0.48 0.0 
53478.19 0.38 0.0 
53158.63 0.38 0.0 
54125.85 0.50 0.0 
52289.47 0.41 0.0 
53938.03 0.33 0.0 
54313.96 0.50 0.0 
55087.11 0.57 0.0 
52831.75 0.39 0.0 
53478.05 0.35 0.0 
53457.37 0.31 0.0 
55087.09 0.67 0.0 
53841.91 0.41 0.0 
56759.65 0.32 0.0 
56044.97 0.37 0.0 
57049.83 0.44 0.0 
56118.93 0.41 0.0 
58566.96 0.31 0.0 
56357.20 0.36 0.0 
56674.83 0.40 0.0 
57049.81 0.46 0.0 
58566.99 0.67 0.0 
58982.53 0.51 0.0 
57918.53 0.49 0.0 
60479.91 0.31 0.0 
61681.83 0.50 0.0 
59595.79 0.33 0.0 
62861.29 0.31 0.0 
67801.43 0.49 0.0 
70707.53 0.32 0.0 
71663.97 0.49 0.0 
71919.75 0.31 0.0 
72522.07 0.52 0.0 
71663.99 0.38 0.0 
71766.49 0.59 0.0 
71748.15 0.42 0.0 
71870.44 0.80 0.0 
71748.13 0.62 0.0 
71766.45 0.60 0.0 
71870.44 0.75 0.0 
71925.39 0.71 0.0 
71843.47 0.38 0.0 
73135.38 0.88 0.0 
73161.45 0.72 0.0 
72522.08 0.41 0.0 
73135.37 0.83 0.0 
73161.44 0.47 0.0 
73277.72 0.40 0.0 
73719.99 0.46 0.0 
79584.47 0.43 0.0 
78323.91 0.42 0.0 
79049.91 0.48 0.0 
81860.25 0.31 0.0 
80154.82 0.42 0.0 
80857.03 0.45 0.0 
82023.89 0.63 0.0 
82288.73 0.42 0.0 
84378.43 0.40 0.0 
83303.27 0.40 0.0 
81684.87 0.41 0.0 
81922.51 0.59 0.0 
82288.75 0.51 0.0 
82113.63 0.37 0.0 
84419.00 0.33 0.0 
