2945.57 0.33 0.0 
4744.28 0.39 0.0 
4744.27 0.34 0.0 
6501.75 0.32 0.0 
8598.31 0.38 0.0 
8792.65 0.63 0.0 
13862.77 0.46 0.0 
15076.67 0.38 0.0 
15085.19 0.44 0.0 
15085.19 0.39 0.0 
16300.35 0.35 0.0 
21265.47 0.35 0.0 
22756.23 0.31 0.0 
21720.45 0.44 0.0 
21730.47 0.40 0.0 
21332.21 0.30 0.0 
27245.19 0.38 0.0 
40485.39 0.34 0.0 
45992.73 0.35 0.0 
46117.75 0.37 0.0 
46117.79 0.36 0.0 
52526.45 0.36 0.0 
50537.17 0.32 0.0 
53570.03 0.31 0.0 
54558.27 0.35 0.0 
56596.96 0.30 0.0 
60559.83 0.34 0.0 
59548.93 0.42 0.0 
60019.31 0.32 0.0 
61137.38 0.46 0.0 
61015.67 0.33 0.0 
61137.37 0.43 0.0 
60499.31 0.35 0.0 
64996.09 0.59 0.0 
64996.09 0.42 0.0 
63002.47 0.37 0.0 
66410.51 0.30 0.0 
67967.43 0.32 0.0 
70758.45 0.54 0.0 
63451.35 0.45 0.0 
70861.77 0.56 0.0 
67666.27 0.45 0.0 
70861.77 0.63 0.0 
71585.79 0.51 0.0 
71585.75 0.53 0.0 
71295.59 0.42 0.0 
71542.40 0.36 0.0 
69354.81 0.67 0.0 
73715.16 0.40 0.0 
74340.49 0.62 0.0 
68748.31 0.30 0.0 
68852.38 0.38 0.0 
69354.81 0.68 0.0 
74286.59 0.36 0.0 
76950.57 0.34 0.0 
77879.40 0.59 0.0 
79202.15 0.34 0.0 
82225.19 0.46 0.0 
84313.32 0.56 0.0 
85136.89 0.45 0.0 
86148.18 0.69 0.0 
