3911.15 0.79 0.0 
5920.48 0.38 0.0 
7090.24 0.35 0.0 
6881.73 0.43 0.0 
7660.15 0.36 0.0 
8788.96 0.46 0.0 
11196.85 0.46 0.0 
11067.45 0.48 0.0 
12181.81 0.53 0.0 
12144.04 0.67 0.0 
12181.84 0.56 0.0 
13120.08 0.44 0.0 
13319.47 0.52 0.0 
15170.16 0.70 0.0 
15170.16 0.71 0.0 
16169.09 0.37 0.0 
19121.40 0.30 0.0 
21463.93 0.48 0.0 
25483.87 0.61 0.0 
32412.64 0.30 0.0 
32656.25 0.47 0.0 
35542.11 0.39 0.0 
39794.16 0.35 0.0 
41305.48 0.57 0.0 
42329.08 0.69 0.0 
41476.16 0.46 0.0 
45074.43 0.32 0.0 
45463.20 0.37 0.0 
46024.91 0.83 0.0 
47608.96 0.48 0.0 
47939.51 0.65 0.0 
49179.71 0.40 0.0 
51530.99 0.42 0.0 
51788.59 0.42 0.0 
53759.24 0.58 0.0 
55223.57 0.31 0.0 
59969.59 0.36 0.0 
62368.47 0.39 0.0 
61855.59 0.55 0.0 
64663.28 0.38 0.0 
72014.01 0.50 0.0 
72568.97 0.45 0.0 
75605.55 0.65 0.0 
75605.53 0.49 0.0 
78418.79 0.74 0.0 
80849.43 0.45 0.0 
85768.51 0.38 0.0 
