59.25 0.62 0.0 
161.96 0.63 0.0 
46.72 0.35 0.0 
1022.00 0.70 0.0 
2192.21 0.52 0.0 
2187.53 0.37 0.0 
2785.53 0.33 0.0 
2785.60 0.48 0.0 
3375.16 0.57 0.0 
3391.23 0.59 0.0 
3391.20 0.49 0.0 
969.71 0.64 0.0 
3373.74 0.59 0.0 
3794.23 0.48 0.0 
4107.32 0.31 0.0 
4228.25 0.59 0.0 
323.12 0.60 0.0 
2894.01 0.50 0.0 
4993.64 0.38 0.0 
3350.17 0.40 0.0 
3373.72 0.95 0.0 
918.56 0.80 0.0 
1525.08 0.69 0.0 
6859.17 0.71 0.0 
6627.29 0.36 0.0 
7016.91 0.67 0.0 
6789.80 0.66 0.0 
6859.21 0.83 0.0 
7201.44 0.60 0.0 
7508.36 0.35 0.0 
7829.25 0.31 0.0 
3350.19 0.79 0.0 
323.11 0.76 0.0 
6594.92 0.45 0.0 
7326.37 0.79 0.0 
918.53 0.47 0.0 
4078.32 0.57 0.0 
1022.04 0.54 0.0 
11193.41 0.37 0.0 
2712.37 0.48 0.0 
9732.33 0.38 0.0 
6594.95 0.84 0.0 
12659.24 0.53 0.0 
12732.21 0.64 0.0 
4408.96 0.75 0.0 
14924.12 0.64 0.0 
12732.23 0.90 0.0 
6789.77 0.71 0.0 
7385.80 0.36 0.0 
11249.13 0.35 0.0 
8008.25 0.38 0.0 
17189.12 0.31 0.0 
10048.85 0.74 0.0 
10169.39 0.61 0.0 
11249.12 0.88 0.0 
19229.48 0.54 0.0 
22634.14 0.88 0.0 
22859.41 0.91 0.0 
23456.33 0.32 0.0 
23443.05 0.62 0.0 
21109.93 0.60 0.0 
24884.40 0.76 0.0 
20024.24 0.64 0.0 
22932.07 0.56 0.0 
25346.80 0.44 0.0 
21456.03 0.41 0.0 
26471.40 0.67 0.0 
26168.35 0.67 0.0 
22156.53 0.34 0.0 
21116.08 0.30 0.0 
19382.85 0.38 0.0 
26168.36 0.82 0.0 
24099.83 0.53 0.0 
28723.21 0.34 0.0 
26293.37 0.38 0.0 
26263.65 0.92 0.0 
27854.57 0.69 0.0 
24238.98 0.31 0.0 
24356.93 0.42 0.0 
31496.89 0.46 0.0 
28933.31 0.54 0.0 
25796.88 0.41 0.0 
24929.25 0.53 0.0 
27957.17 0.77 0.0 
26247.48 0.31 0.0 
37241.81 0.41 0.0 
42824.56 0.36 0.0 
48164.51 0.98 0.0 
49563.04 0.31 0.0 
51529.79 0.35 0.0 
51529.75 0.31 0.0 
43529.20 0.50 0.0 
52254.37 0.64 0.0 
53337.12 0.32 0.0 
52308.52 0.36 0.0 
55724.30 0.87 0.0 
56083.80 0.33 0.0 
56568.82 0.54 0.0 
54704.59 0.76 0.0 
54239.56 0.58 0.0 
59410.33 0.32 0.0 
63178.65 0.34 0.0 
63178.66 0.83 0.0 
63661.61 0.49 0.0 
60963.53 0.41 0.0 
60944.09 0.57 0.0 
61183.91 0.88 0.0 
61304.57 0.47 0.0 
66633.13 0.69 0.0 
58438.60 0.65 0.0 
66628.99 0.36 0.0 
63578.43 0.88 0.0 
63734.27 0.94 0.0 
60597.52 0.39 0.0 
68909.24 0.32 0.0 
67784.36 0.43 0.0 
70844.35 0.86 0.0 
63446.79 0.83 0.0 
63661.64 0.67 0.0 
73033.36 0.35 0.0 
76033.79 0.82 0.0 
75644.57 0.39 0.0 
75602.75 0.74 0.0 
72478.81 0.48 0.0 
76335.85 0.78 0.0 
76335.88 0.34 0.0 
75602.73 0.76 0.0 
79752.88 0.64 0.0 
70528.49 0.47 0.0 
72478.81 0.95 0.0 
77263.13 0.47 0.0 
81554.33 0.50 0.0 
85472.03 0.33 0.0 
76048.84 0.48 0.0 
83263.46 0.49 0.0 
80489.46 0.94 0.0 
83369.12 0.79 0.0 
