4720.09 0.46 0.0 
569.57 0.36 0.0 
5923.93 0.55 0.0 
4831.41 0.36 0.0 
5078.13 0.43 0.0 
6015.72 0.53 0.0 
6015.73 0.68 0.0 
4620.44 0.67 0.0 
8178.19 0.39 0.0 
8178.21 0.56 0.0 
9483.24 0.56 0.0 
8025.75 0.44 0.0 
7197.81 0.60 0.0 
11319.95 0.36 0.0 
10220.73 0.53 0.0 
8025.77 0.63 0.0 
12168.73 0.85 0.0 
10172.89 0.42 0.0 
9825.37 0.46 0.0 
12168.74 0.86 0.0 
12182.98 0.72 0.0 
10937.92 0.48 0.0 
12008.75 0.32 0.0 
12774.33 0.52 0.0 
11657.19 0.40 0.0 
9483.25 0.58 0.0 
13367.95 0.39 0.0 
13864.72 0.79 0.0 
13098.63 0.42 0.0 
11392.84 0.37 0.0 
13098.62 0.57 0.0 
13364.75 0.35 0.0 
14680.13 0.55 0.0 
12227.03 0.54 0.0 
11147.29 0.72 0.0 
11392.88 0.42 0.0 
14538.15 0.40 0.0 
13876.81 0.34 0.0 
14909.64 0.65 0.0 
14538.11 0.43 0.0 
14680.07 0.48 0.0 
12226.99 0.51 0.0 
12182.97 0.78 0.0 
15623.19 0.44 0.0 
12329.67 0.38 0.0 
15623.19 0.61 0.0 
16321.61 0.42 0.0 
18418.83 0.33 0.0 
13864.73 0.62 0.0 
19133.83 0.39 0.0 
19367.91 0.32 0.0 
18866.27 0.30 0.0 
17635.53 0.32 0.0 
16186.61 0.43 0.0 
19770.95 0.31 0.0 
24737.51 0.36 0.0 
25845.51 0.31 0.0 
25872.90 0.77 0.0 
25856.47 0.31 0.0 
22741.77 0.60 0.0 
26658.03 0.46 0.0 
25875.52 0.73 0.0 
28825.89 0.38 0.0 
28825.89 0.32 0.0 
30032.51 0.46 0.0 
25872.88 0.32 0.0 
29972.28 0.49 0.0 
31158.47 0.38 0.0 
31424.23 0.34 0.0 
33982.15 0.44 0.0 
36961.13 0.42 0.0 
42078.63 0.31 0.0 
39070.11 0.30 0.0 
46185.59 0.54 0.0 
50189.57 0.32 0.0 
47143.85 0.35 0.0 
48499.21 0.33 0.0 
47626.13 0.58 0.0 
49669.74 0.59 0.0 
53217.01 0.55 0.0 
53217.03 0.41 0.0 
52309.75 0.61 0.0 
49624.17 0.31 0.0 
52309.78 0.60 0.0 
58128.53 0.39 0.0 
60240.71 0.55 0.0 
58546.71 0.38 0.0 
58546.69 0.37 0.0 
61378.23 0.30 0.0 
63615.85 0.51 0.0 
60240.75 0.44 0.0 
64081.67 0.48 0.0 
63789.06 0.84 0.0 
64849.89 0.49 0.0 
63719.71 0.61 0.0 
65776.07 0.40 0.0 
65248.19 0.35 0.0 
65480.08 0.45 0.0 
63789.04 0.85 0.0 
65480.11 0.42 0.0 
74949.96 0.55 0.0 
82802.11 0.48 0.0 
81687.19 0.35 0.0 
