1137.40 0.46 0.0 
507.23 0.32 0.0 
2113.48 0.62 0.0 
1961.56 0.45 0.0 
2897.88 0.31 0.0 
5743.57 0.68 0.0 
358.33 0.70 0.0 
6329.49 0.32 0.0 
6925.41 0.36 0.0 
6192.35 0.72 0.0 
5666.73 0.32 0.0 
7029.16 0.62 0.0 
6033.55 0.38 0.0 
6161.56 0.30 0.0 
9179.45 0.62 0.0 
3718.31 0.32 0.0 
8324.39 0.32 0.0 
7926.85 0.44 0.0 
12703.16 0.33 0.0 
13138.09 0.38 0.0 
14110.01 0.56 0.0 
15081.39 0.41 0.0 
15794.37 0.30 0.0 
15147.49 0.50 0.0 
16289.48 0.82 0.0 
15986.54 0.50 0.0 
17246.84 0.39 0.0 
16469.36 0.43 0.0 
18326.16 0.39 0.0 
13904.69 0.35 0.0 
13917.64 0.32 0.0 
19627.24 0.73 0.0 
15591.83 0.40 0.0 
15598.25 0.38 0.0 
18131.50 0.52 0.0 
21332.17 0.67 0.0 
21074.19 0.53 0.0 
18853.32 0.41 0.0 
17974.96 0.40 0.0 
25528.29 0.40 0.0 
21339.24 0.57 0.0 
24851.41 0.40 0.0 
26533.07 0.30 0.0 
23511.93 0.31 0.0 
27641.01 0.31 0.0 
29248.89 0.50 0.0 
30910.76 0.33 0.0 
28210.32 0.40 0.0 
31415.05 0.81 0.0 
32125.17 0.43 0.0 
31201.25 0.33 0.0 
33551.72 0.58 0.0 
32897.13 0.35 0.0 
34493.57 0.40 0.0 
32897.13 0.47 0.0 
29398.65 0.45 0.0 
32887.88 0.57 0.0 
29998.12 0.44 0.0 
37869.61 0.44 0.0 
38905.85 0.49 0.0 
37570.41 0.51 0.0 
40854.62 0.53 0.0 
35277.52 0.33 0.0 
37318.41 0.30 0.0 
38158.05 0.52 0.0 
38389.77 0.33 0.0 
39597.95 0.35 0.0 
44423.60 0.42 0.0 
44667.13 0.36 0.0 
41638.31 0.37 0.0 
45744.60 0.48 0.0 
47968.69 0.33 0.0 
47683.51 0.32 0.0 
49043.71 0.35 0.0 
49107.08 0.69 0.0 
48493.80 0.48 0.0 
52168.77 0.60 0.0 
53827.18 0.35 0.0 
54294.89 0.43 0.0 
51727.55 0.34 0.0 
54929.05 0.70 0.0 
57916.35 0.37 0.0 
54370.12 0.49 0.0 
56645.96 0.52 0.0 
59214.73 0.48 0.0 
56645.97 0.76 0.0 
59683.64 0.30 0.0 
61008.85 0.45 0.0 
61135.32 0.30 0.0 
61372.65 0.51 0.0 
59548.00 0.33 0.0 
59661.41 0.34 0.0 
64369.07 0.33 0.0 
64384.08 0.36 0.0 
64991.29 0.36 0.0 
65686.28 0.30 0.0 
63733.69 0.45 0.0 
70855.81 0.34 0.0 
72940.05 0.34 0.0 
72550.97 0.41 0.0 
71305.85 0.34 0.0 
73225.86 0.31 0.0 
77142.68 0.49 0.0 
76602.88 0.55 0.0 
81582.35 0.44 0.0 
82177.15 0.37 0.0 
80678.60 0.40 0.0 
78747.01 0.48 0.0 
81672.37 0.58 0.0 
83141.20 0.39 0.0 
84313.31 0.34 0.0 
77879.35 0.61 0.0 
83966.63 0.35 0.0 
83938.48 0.31 0.0 
84278.84 0.44 0.0 
82094.08 0.59 0.0 
82440.08 0.42 0.0 
80395.28 0.42 0.0 
85588.17 0.72 0.0 
