683.68 0.46 0.0 
688.21 0.51 0.0 
2539.23 0.39 0.0 
796.64 0.56 0.0 
688.25 0.59 0.0 
1163.89 0.58 0.0 
1304.33 0.57 0.0 
1163.89 0.48 0.0 
2011.04 0.91 0.0 
2023.65 0.31 0.0 
2011.05 0.63 0.0 
2023.69 0.50 0.0 
4116.73 0.30 0.0 
1868.39 0.33 0.0 
2781.80 0.56 0.0 
1846.44 0.31 0.0 
1857.53 0.45 0.0 
1859.35 0.58 0.0 
1203.03 0.50 0.0 
3958.07 0.37 0.0 
5538.73 0.46 0.0 
5540.28 0.43 0.0 
5546.29 0.39 0.0 
5553.55 0.31 0.0 
2813.09 0.47 0.0 
3469.04 0.37 0.0 
5525.88 0.50 0.0 
5538.69 0.56 0.0 
5540.29 0.38 0.0 
5518.87 0.40 0.0 
5999.15 0.53 0.0 
5482.75 0.49 0.0 
5713.73 0.65 0.0 
5386.88 0.74 0.0 
6173.14 0.35 0.0 
6173.15 0.42 0.0 
7437.16 0.43 0.0 
6778.77 0.31 0.0 
6904.21 0.55 0.0 
8638.64 0.62 0.0 
9027.48 0.86 0.0 
7855.14 0.38 0.0 
9573.49 0.52 0.0 
7871.64 0.37 0.0 
8218.60 0.39 0.0 
8377.87 0.43 0.0 
8054.51 0.39 0.0 
11674.25 0.63 0.0 
9046.33 0.39 0.0 
8567.23 0.37 0.0 
10829.26 0.81 0.0 
9282.39 0.32 0.0 
12010.85 0.73 0.0 
11674.26 0.78 0.0 
11929.31 0.37 0.0 
13916.52 0.30 0.0 
12055.11 0.38 0.0 
12394.13 0.45 0.0 
11929.37 0.58 0.0 
12794.03 0.36 0.0 
14607.82 0.62 0.0 
15957.56 0.60 0.0 
16079.26 0.83 0.0 
15194.19 0.78 0.0 
17772.43 0.57 0.0 
18293.72 0.38 0.0 
22556.85 0.41 0.0 
23800.93 0.68 0.0 
21562.15 0.31 0.0 
21562.16 0.39 0.0 
23289.67 0.37 0.0 
23429.27 0.41 0.0 
22692.68 0.43 0.0 
23291.87 0.41 0.0 
25069.68 0.52 0.0 
23985.32 0.48 0.0 
23087.49 0.48 0.0 
25069.69 0.46 0.0 
29543.27 0.82 0.0 
29997.73 0.46 0.0 
27584.35 0.57 0.0 
29893.85 0.45 0.0 
34298.73 0.36 0.0 
34306.48 0.32 0.0 
32216.16 0.55 0.0 
33850.35 0.36 0.0 
34261.37 0.43 0.0 
35069.44 0.41 0.0 
34380.59 0.60 0.0 
34331.51 0.89 0.0 
34528.52 0.55 0.0 
34755.13 0.68 0.0 
34139.49 0.32 0.0 
34613.40 0.39 0.0 
34615.78 0.77 0.0 
34184.11 0.67 0.0 
34298.77 0.34 0.0 
34523.07 0.34 0.0 
38130.80 0.33 0.0 
36823.62 0.55 0.0 
39838.46 0.59 0.0 
37750.68 0.59 0.0 
38690.60 0.33 0.0 
40093.96 0.74 0.0 
40213.07 0.75 0.0 
40226.69 0.36 0.0 
43456.55 0.93 0.0 
39830.43 0.68 0.0 
40661.92 0.61 0.0 
40781.93 0.66 0.0 
41894.05 0.35 0.0 
42312.88 0.33 0.0 
42059.56 0.60 0.0 
43456.56 0.89 0.0 
42924.27 0.33 0.0 
43094.51 0.38 0.0 
43048.01 0.43 0.0 
43242.53 0.56 0.0 
43742.08 0.41 0.0 
43377.11 0.46 0.0 
43471.01 0.47 0.0 
42941.85 0.36 0.0 
43037.69 0.53 0.0 
43518.31 0.38 0.0 
48764.03 0.66 0.0 
44555.25 0.41 0.0 
44871.55 0.39 0.0 
49230.43 0.50 0.0 
49364.15 0.61 0.0 
46273.76 0.50 0.0 
47611.49 0.50 0.0 
46197.00 0.66 0.0 
46668.80 0.32 0.0 
47663.91 0.84 0.0 
48719.24 0.63 0.0 
51263.67 0.30 0.0 
48748.28 0.32 0.0 
51644.27 0.88 0.0 
49410.57 0.40 0.0 
48327.91 0.32 0.0 
49463.24 0.39 0.0 
47624.25 0.83 0.0 
49920.77 0.42 0.0 
49020.53 0.56 0.0 
49065.29 0.83 0.0 
48538.57 0.50 0.0 
50325.76 0.56 0.0 
51028.20 0.38 0.0 
50368.71 0.37 0.0 
50277.52 0.42 0.0 
50937.64 0.45 0.0 
50746.01 0.58 0.0 
51623.64 0.61 0.0 
51313.35 0.47 0.0 
51985.45 0.76 0.0 
49997.85 0.73 0.0 
52542.85 0.49 0.0 
52032.49 0.44 0.0 
52286.25 0.60 0.0 
50937.67 0.67 0.0 
52947.73 0.78 0.0 
53639.51 0.30 0.0 
51335.48 0.47 0.0 
53123.25 0.78 0.0 
51823.13 0.72 0.0 
53905.16 0.50 0.0 
54477.04 0.37 0.0 
52859.35 0.34 0.0 
54689.36 0.78 0.0 
55199.09 0.48 0.0 
53070.21 0.45 0.0 
54971.44 0.40 0.0 
58097.63 0.38 0.0 
55019.11 0.86 0.0 
60521.36 0.55 0.0 
58563.97 0.32 0.0 
58689.87 0.37 0.0 
58982.44 0.64 0.0 
58738.04 0.41 0.0 
62159.26 0.79 0.0 
70704.09 0.58 0.0 
69446.95 0.41 0.0 
71911.03 0.71 0.0 
70555.01 0.30 0.0 
72520.88 0.61 0.0 
71761.95 0.68 0.0 
71864.96 0.65 0.0 
71761.95 0.82 0.0 
71838.80 0.41 0.0 
73701.69 0.30 0.0 
73133.71 0.83 0.0 
73152.72 0.32 0.0 
73677.24 0.31 0.0 
71910.99 0.41 0.0 
72520.88 0.55 0.0 
73133.68 0.75 0.0 
73183.21 0.40 0.0 
73716.27 0.38 0.0 
79581.49 0.47 0.0 
78479.01 0.48 0.0 
80064.15 0.38 0.0 
80154.79 0.86 0.0 
80154.78 0.41 0.0 
80249.15 0.84 0.0 
82603.71 0.31 0.0 
82708.76 0.45 0.0 
82020.16 0.86 0.0 
82287.09 0.47 0.0 
80856.95 0.44 0.0 
83429.19 0.46 0.0 
81704.51 0.68 0.0 
82301.53 0.54 0.0 
82110.07 0.54 0.0 
84823.84 0.51 0.0 
84418.56 0.34 0.0 
