691.34 0.83 0.0 
1486.50 0.77 0.0 
1486.51 0.42 0.0 
1861.65 0.50 0.0 
1861.64 0.70 0.0 
2208.26 0.83 0.0 
5057.01 0.52 0.0 
6391.15 0.47 0.0 
11629.11 0.48 0.0 
11813.67 0.49 0.0 
11813.64 0.70 0.0 
14560.25 0.54 0.0 
14801.27 0.31 0.0 
15088.99 0.55 0.0 
15769.82 0.65 0.0 
16414.43 0.33 0.0 
19489.51 0.41 0.0 
19503.83 0.36 0.0 
19489.55 0.62 0.0 
19503.85 0.74 0.0 
25653.62 0.74 0.0 
25907.50 0.74 0.0 
26287.77 0.36 0.0 
26610.73 0.56 0.0 
32525.27 0.39 0.0 
32801.03 0.61 0.0 
32801.03 0.46 0.0 
32871.95 0.51 0.0 
34365.43 0.35 0.0 
34365.17 0.34 0.0 
35990.79 0.41 0.0 
36676.61 0.60 0.0 
37352.49 0.41 0.0 
37687.78 0.71 0.0 
37687.79 0.66 0.0 
39211.04 0.79 0.0 
39270.51 0.45 0.0 
39707.72 0.35 0.0 
41545.39 0.43 0.0 
46350.96 0.85 0.0 
48037.13 0.61 0.0 
48482.34 0.87 0.0 
48916.55 0.32 0.0 
51510.50 0.39 0.0 
51783.50 0.38 0.0 
52150.81 0.56 0.0 
53561.13 0.63 0.0 
54677.60 0.79 0.0 
55398.29 0.49 0.0 
83314.99 0.45 0.0 
84036.09 0.51 0.0 
84738.95 0.34 0.0 
86074.68 0.80 0.0 
86074.67 0.46 0.0 
