1108.65 0.35 0.0 
2453.60 0.68 0.0 
5773.53 0.31 0.0 
7449.49 0.32 0.0 
8009.08 0.39 0.0 
10917.69 0.46 0.0 
12105.73 0.34 0.0 
12102.12 0.76 0.0 
12327.77 0.78 0.0 
12327.77 0.53 0.0 
16003.02 0.95 0.0 
16003.00 0.93 0.0 
19362.03 0.59 0.0 
19488.79 0.86 0.0 
19488.79 0.87 0.0 
21924.41 0.49 0.0 
23010.68 0.68 0.0 
23159.47 0.35 0.0 
27151.26 0.37 0.0 
27460.85 0.31 0.0 
28013.85 0.55 0.0 
32234.22 0.30 0.0 
32354.57 0.37 0.0 
34343.53 0.32 0.0 
34343.57 0.37 0.0 
34361.16 0.38 0.0 
34585.41 0.34 0.0 
35450.44 0.67 0.0 
37720.79 0.63 0.0 
38504.24 0.32 0.0 
41455.37 0.44 0.0 
42821.56 0.34 0.0 
43208.21 0.41 0.0 
45658.92 0.30 0.0 
46857.29 0.32 0.0 
47488.81 0.37 0.0 
49012.19 0.39 0.0 
50667.55 0.32 0.0 
51024.33 0.55 0.0 
51764.32 0.30 0.0 
53433.05 0.41 0.0 
54594.83 0.31 0.0 
56001.03 0.40 0.0 
56230.85 0.36 0.0 
56608.11 0.31 0.0 
61424.13 0.30 0.0 
64706.49 0.59 0.0 
64706.45 0.54 0.0 
64908.69 0.39 0.0 
65084.48 0.32 0.0 
65459.48 0.31 0.0 
66193.81 0.43 0.0 
66518.57 0.50 0.0 
67566.89 0.59 0.0 
68399.20 0.65 0.0 
68801.41 0.38 0.0 
70428.80 0.37 0.0 
72219.73 0.43 0.0 
72402.29 0.31 0.0 
73075.27 0.36 0.0 
73838.31 0.33 0.0 
77233.19 0.61 0.0 
80544.75 0.30 0.0 
81898.00 0.50 0.0 
81822.59 0.64 0.0 
82278.50 0.40 0.0 
82951.09 0.34 0.0 
83425.47 0.36 0.0 
83531.01 0.46 0.0 
83530.97 0.35 0.0 
83574.21 0.43 0.0 
83574.21 0.56 0.0 
85823.61 0.32 0.0 
86195.21 0.34 0.0 
