9139.18 0.88 0.0 
9139.18 0.88 0.0 
10293.61 0.42 0.0 
11764.88 0.91 0.0 
11764.88 0.71 0.0 
12046.23 0.37 0.0 
12326.12 0.80 0.0 
12326.13 0.54 0.0 
12338.28 0.82 0.0 
12338.27 0.80 0.0 
13911.90 0.93 0.0 
13911.90 0.90 0.0 
16306.58 0.92 0.0 
16306.58 0.92 0.0 
16566.49 0.34 0.0 
19640.69 0.93 0.0 
19640.70 0.94 0.0 
20299.55 0.32 0.0 
21091.76 0.86 0.0 
21091.76 0.85 0.0 
22503.22 0.65 0.0 
22503.24 0.67 0.0 
24049.83 0.44 0.0 
24278.44 0.70 0.0 
24278.45 0.59 0.0 
27095.79 0.34 0.0 
27095.77 0.54 0.0 
28832.03 0.42 0.0 
34337.33 0.36 0.0 
34328.95 0.43 0.0 
42430.68 0.74 0.0 
42430.69 0.83 0.0 
49491.18 0.96 0.0 
49491.19 0.97 0.0 
58986.31 0.96 0.0 
58986.32 0.97 0.0 
66571.79 0.38 0.0 
70744.06 0.95 0.0 
70744.06 0.96 0.0 
78298.01 0.31 0.0 
78297.61 0.53 0.0 
80713.96 0.65 0.0 
80713.95 0.64 0.0 
