2922.51 0.31 0.0 
3577.39 0.33 0.0 
3958.20 0.31 0.0 
5096.33 0.43 0.0 
7138.60 0.75 0.0 
9138.10 0.86 0.0 
9138.09 0.94 0.0 
11763.54 0.90 0.0 
11763.56 0.61 0.0 
12324.28 0.61 0.0 
12591.49 0.32 0.0 
13910.96 0.96 0.0 
13910.96 0.94 0.0 
13933.05 0.46 0.0 
14570.19 0.55 0.0 
14570.20 0.77 0.0 
14920.72 0.43 0.0 
16305.65 0.95 0.0 
16305.64 0.97 0.0 
17721.48 0.34 0.0 
17721.51 0.63 0.0 
19639.76 0.98 0.0 
19639.76 0.98 0.0 
21090.84 0.98 0.0 
21090.84 0.97 0.0 
27091.48 0.49 0.0 
27091.43 0.67 0.0 
34324.93 0.49 0.0 
36674.01 0.42 0.0 
40784.33 0.47 0.0 
42429.53 0.69 0.0 
42429.52 0.83 0.0 
45958.89 0.40 0.0 
48882.64 0.81 0.0 
49490.05 0.98 0.0 
49490.05 0.98 0.0 
58985.40 0.99 0.0 
58985.40 0.99 0.0 
59744.49 0.50 0.0 
66448.09 0.54 0.0 
70743.08 0.94 0.0 
70743.08 0.94 0.0 
73198.65 0.30 0.0 
77263.39 0.68 0.0 
78295.72 0.33 0.0 
78295.76 0.49 0.0 
80713.28 0.90 0.0 
80713.31 0.77 0.0 
81433.48 0.36 0.0 
82469.53 0.53 0.0 
82841.63 0.63 0.0 
84333.61 0.34 0.0 
85558.95 0.34 0.0 
85930.24 0.60 0.0 
85947.77 0.49 0.0 
85930.28 0.84 0.0 
