680.51 0.42 0.0 
1704.63 0.51 0.0 
3241.99 0.50 0.0 
4651.32 0.33 0.0 
5130.60 0.84 0.0 
5130.59 0.92 0.0 
11319.90 0.56 0.0 
12302.17 0.38 0.0 
13982.79 0.49 0.0 
14918.84 0.59 0.0 
14918.87 0.59 0.0 
21102.83 0.62 0.0 
22758.68 0.37 0.0 
23899.35 0.31 0.0 
27414.35 0.53 0.0 
27414.31 0.44 0.0 
28776.16 0.70 0.0 
28776.16 0.49 0.0 
29130.83 0.44 0.0 
33189.38 0.70 0.0 
33189.39 0.33 0.0 
39811.31 0.39 0.0 
40106.43 0.31 0.0 
41689.04 0.44 0.0 
41873.79 0.40 0.0 
42125.23 0.33 0.0 
42398.52 0.41 0.0 
42964.15 0.31 0.0 
42898.21 0.44 0.0 
43590.44 0.89 0.0 
43832.00 0.50 0.0 
44113.40 0.64 0.0 
48692.03 0.42 0.0 
49260.68 0.45 0.0 
50282.31 0.38 0.0 
50981.89 0.62 0.0 
50981.91 0.52 0.0 
50982.81 0.30 0.0 
53492.92 0.41 0.0 
55784.79 0.34 0.0 
56881.03 0.33 0.0 
57677.01 0.30 0.0 
61140.87 0.38 0.0 
70998.77 0.64 0.0 
72882.00 0.31 0.0 
81390.52 0.81 0.0 
82468.40 0.82 0.0 
82468.39 0.95 0.0 
82897.91 0.53 0.0 
84130.48 0.63 0.0 
