1156.16 0.69 0.0 
1221.51 0.39 0.0 
1156.16 0.80 0.0 
1240.51 0.59 0.0 
1478.71 0.37 0.0 
1397.95 0.67 0.0 
1478.72 0.35 0.0 
1638.29 0.39 0.0 
1731.91 0.31 0.0 
1767.76 0.47 0.0 
2446.57 0.50 0.0 
2446.57 0.44 0.0 
3031.15 0.64 0.0 
3045.92 0.30 0.0 
3377.64 0.65 0.0 
3809.91 0.38 0.0 
4316.97 0.30 0.0 
7889.72 0.45 0.0 
7889.72 0.41 0.0 
8682.80 0.54 0.0 
10191.88 0.38 0.0 
12340.56 0.36 0.0 
12376.11 0.53 0.0 
12376.16 0.75 0.0 
12322.91 0.34 0.0 
16925.84 0.33 0.0 
16886.76 0.42 0.0 
16886.87 0.50 0.0 
16852.58 0.41 0.0 
16869.37 0.55 0.0 
17001.03 0.51 0.0 
17001.03 0.35 0.0 
17976.73 0.61 0.0 
18506.33 0.38 0.0 
18762.87 0.47 0.0 
19030.09 0.46 0.0 
19149.36 0.61 0.0 
19149.36 0.42 0.0 
19977.93 0.39 0.0 
20277.68 0.31 0.0 
20523.95 0.47 0.0 
20473.47 0.55 0.0 
20523.91 0.47 0.0 
20694.71 0.68 0.0 
20694.72 0.73 0.0 
20876.73 0.39 0.0 
20876.43 0.51 0.0 
20882.95 0.41 0.0 
20969.32 0.42 0.0 
21590.07 0.43 0.0 
21590.07 0.37 0.0 
22316.12 0.60 0.0 
22716.61 0.73 0.0 
22716.62 0.80 0.0 
22835.16 0.75 0.0 
23695.87 0.52 0.0 
24761.87 0.60 0.0 
24967.67 0.36 0.0 
24967.68 0.68 0.0 
25108.79 0.42 0.0 
25357.75 0.42 0.0 
25550.77 0.46 0.0 
25528.91 0.38 0.0 
25528.88 0.56 0.0 
25890.67 0.32 0.0 
25846.29 0.48 0.0 
26150.99 0.88 0.0 
26100.68 0.69 0.0 
26267.69 0.33 0.0 
26504.71 0.78 0.0 
26489.91 0.53 0.0 
26504.71 0.56 0.0 
26655.49 0.33 0.0 
26725.79 0.34 0.0 
26710.60 0.30 0.0 
26797.01 0.46 0.0 
26996.76 0.33 0.0 
26957.89 0.54 0.0 
26957.94 0.92 0.0 
26969.97 0.39 0.0 
27358.31 0.30 0.0 
27373.36 0.32 0.0 
27480.48 0.60 0.0 
27887.83 0.72 0.0 
28211.99 0.36 0.0 
28697.12 0.55 0.0 
28811.83 0.42 0.0 
28811.85 0.41 0.0 
28956.60 0.47 0.0 
28956.63 0.40 0.0 
29109.10 0.58 0.0 
29109.11 0.43 0.0 
29438.81 0.59 0.0 
29438.81 0.51 0.0 
29578.87 0.66 0.0 
29578.87 0.48 0.0 
29718.61 0.33 0.0 
30003.42 0.84 0.0 
30115.20 0.73 0.0 
30115.19 0.41 0.0 
30158.60 0.61 0.0 
30540.65 0.58 0.0 
30631.83 0.41 0.0 
30935.87 0.35 0.0 
31036.67 0.36 0.0 
31110.39 0.71 0.0 
31242.40 0.81 0.0 
31231.63 0.34 0.0 
31281.19 0.39 0.0 
31827.71 0.36 0.0 
31827.71 0.52 0.0 
32311.05 0.32 0.0 
32578.10 0.81 0.0 
32788.83 0.72 0.0 
32822.67 0.35 0.0 
32822.63 0.52 0.0 
33020.89 0.42 0.0 
33306.91 0.33 0.0 
33899.17 0.71 0.0 
34369.35 0.45 0.0 
34378.87 0.45 0.0 
34683.03 0.40 0.0 
34683.09 0.44 0.0 
35137.53 0.61 0.0 
35491.41 0.45 0.0 
35491.45 0.35 0.0 
35672.28 0.33 0.0 
36395.61 0.33 0.0 
36668.92 0.68 0.0 
36668.92 0.72 0.0 
37689.11 0.30 0.0 
37689.01 0.57 0.0 
37997.71 0.32 0.0 
37997.72 0.43 0.0 
38988.32 0.30 0.0 
39014.67 0.41 0.0 
39857.13 0.49 0.0 
40101.53 0.37 0.0 
40432.40 0.39 0.0 
40930.30 0.47 0.0 
41241.75 0.32 0.0 
41296.03 0.34 0.0 
41394.67 0.33 0.0 
41394.61 0.49 0.0 
41521.68 0.32 0.0 
41521.68 0.70 0.0 
41761.57 0.36 0.0 
41894.91 0.45 0.0 
41973.29 0.34 0.0 
41978.99 0.44 0.0 
41978.87 0.37 0.0 
42156.44 0.47 0.0 
42156.46 0.62 0.0 
42675.43 0.48 0.0 
42785.75 0.34 0.0 
43276.29 0.31 0.0 
43645.53 0.61 0.0 
44165.96 0.54 0.0 
44178.02 0.43 0.0 
44178.05 0.54 0.0 
44401.81 0.38 0.0 
44551.45 0.37 0.0 
44449.39 0.54 0.0 
44551.44 0.40 0.0 
44662.39 0.31 0.0 
45198.57 0.68 0.0 
45198.57 0.74 0.0 
45297.80 0.31 0.0 
45522.24 0.48 0.0 
45706.12 0.66 0.0 
45919.59 0.33 0.0 
46341.27 0.40 0.0 
46520.44 0.32 0.0 
46866.29 0.45 0.0 
47399.43 0.35 0.0 
48157.79 0.41 0.0 
48367.07 0.43 0.0 
48532.40 0.36 0.0 
48704.88 0.57 0.0 
48683.75 0.32 0.0 
48704.91 0.39 0.0 
48876.07 0.43 0.0 
48882.67 0.49 0.0 
49113.47 0.45 0.0 
49113.49 0.68 0.0 
49407.27 0.35 0.0 
49407.23 0.33 0.0 
49424.21 0.36 0.0 
49486.04 0.32 0.0 
49485.93 0.55 0.0 
49709.67 0.31 0.0 
49719.35 0.31 0.0 
49837.47 0.42 0.0 
49837.44 0.61 0.0 
50045.84 0.40 0.0 
50045.84 0.52 0.0 
50548.45 0.34 0.0 
50548.47 0.50 0.0 
50484.15 0.31 0.0 
50673.43 0.30 0.0 
50829.11 0.37 0.0 
50829.13 0.67 0.0 
51379.51 0.32 0.0 
51331.87 0.34 0.0 
51570.75 0.56 0.0 
51937.69 0.36 0.0 
51993.21 0.38 0.0 
52343.91 0.54 0.0 
52343.93 0.52 0.0 
52458.35 0.38 0.0 
52586.75 0.45 0.0 
52863.87 0.32 0.0 
53533.62 0.69 0.0 
53533.64 0.51 0.0 
54405.87 0.36 0.0 
55554.87 0.30 0.0 
55570.21 0.33 0.0 
56165.99 0.33 0.0 
56165.95 0.42 0.0 
56794.27 0.33 0.0 
56834.03 0.38 0.0 
57125.65 0.42 0.0 
57368.17 0.50 0.0 
57327.61 0.60 0.0 
57368.21 0.43 0.0 
57327.61 0.80 0.0 
57725.80 0.47 0.0 
57740.31 0.64 0.0 
57749.67 0.32 0.0 
57740.31 0.56 0.0 
57996.09 0.65 0.0 
58079.91 0.60 0.0 
58079.91 0.41 0.0 
58143.24 0.40 0.0 
58143.25 0.32 0.0 
58231.63 0.45 0.0 
58336.91 0.34 0.0 
58595.67 0.30 0.0 
59070.21 0.34 0.0 
59195.69 0.34 0.0 
59237.12 0.88 0.0 
59237.12 0.86 0.0 
59476.71 0.34 0.0 
60015.59 0.38 0.0 
60153.28 0.43 0.0 
60153.33 0.62 0.0 
60574.75 0.32 0.0 
60552.69 0.62 0.0 
61276.00 0.74 0.0 
61353.19 0.39 0.0 
61353.24 0.57 0.0 
61546.75 0.37 0.0 
61821.49 0.36 0.0 
61876.83 0.40 0.0 
61848.79 0.36 0.0 
62268.11 0.40 0.0 
62397.17 0.43 0.0 
62733.27 0.30 0.0 
62962.63 0.35 0.0 
63104.04 0.63 0.0 
63706.69 0.31 0.0 
63855.07 0.81 0.0 
63882.83 0.31 0.0 
64595.96 0.41 0.0 
64644.26 0.32 0.0 
65064.83 0.30 0.0 
65654.84 0.34 0.0 
65667.91 0.48 0.0 
65721.93 0.43 0.0 
65797.04 0.44 0.0 
65721.95 0.45 0.0 
65797.07 0.41 0.0 
65894.63 0.37 0.0 
65935.27 0.34 0.0 
66187.19 0.32 0.0 
66323.25 0.51 0.0 
66396.03 0.34 0.0 
66323.25 0.47 0.0 
66396.03 0.42 0.0 
66730.47 0.33 0.0 
66996.07 0.40 0.0 
66996.03 0.31 0.0 
67054.65 0.38 0.0 
67054.63 0.36 0.0 
67180.03 0.32 0.0 
67198.83 0.88 0.0 
67185.99 0.31 0.0 
67198.82 0.76 0.0 
67672.28 0.34 0.0 
67672.28 0.47 0.0 
67829.01 0.47 0.0 
68110.43 0.40 0.0 
68086.76 0.80 0.0 
68110.39 0.31 0.0 
68252.47 0.37 0.0 
68252.51 0.52 0.0 
68625.93 0.38 0.0 
68591.91 0.31 0.0 
68881.87 0.34 0.0 
68951.71 0.34 0.0 
69210.71 0.64 0.0 
69393.87 0.37 0.0 
69547.31 0.41 0.0 
69565.52 0.43 0.0 
69565.55 0.49 0.0 
69800.63 0.34 0.0 
70313.29 0.40 0.0 
71098.95 0.36 0.0 
71196.03 0.37 0.0 
71516.59 0.43 0.0 
71516.61 0.49 0.0 
71449.57 0.31 0.0 
71663.65 0.42 0.0 
72245.36 0.51 0.0 
72245.41 0.49 0.0 
72610.19 0.63 0.0 
73096.32 0.59 0.0 
73356.83 0.34 0.0 
73356.79 0.35 0.0 
73442.57 0.35 0.0 
73891.23 0.58 0.0 
73950.51 0.55 0.0 
76637.61 0.60 0.0 
76833.59 0.34 0.0 
76727.67 0.36 0.0 
76833.59 0.78 0.0 
76906.35 0.52 0.0 
77013.49 0.67 0.0 
77013.49 0.36 0.0 
77767.11 0.38 0.0 
77885.89 0.65 0.0 
77885.90 0.62 0.0 
77971.17 0.64 0.0 
77976.17 0.36 0.0 
77986.50 0.81 0.0 
77992.53 0.44 0.0 
77997.50 0.79 0.0 
77986.51 0.87 0.0 
77992.53 0.41 0.0 
78002.17 0.35 0.0 
77964.89 0.70 0.0 
78001.83 0.62 0.0 
78021.23 0.39 0.0 
78021.23 0.55 0.0 
78031.19 0.51 0.0 
78041.57 0.52 0.0 
77964.89 0.69 0.0 
77971.11 0.45 0.0 
77930.67 0.33 0.0 
78031.15 0.83 0.0 
78041.56 0.55 0.0 
78056.53 0.64 0.0 
78094.99 0.40 0.0 
78061.82 0.84 0.0 
78074.76 0.41 0.0 
78078.59 0.36 0.0 
78078.59 0.45 0.0 
78095.00 0.68 0.0 
78046.05 0.75 0.0 
78056.51 0.54 0.0 
78061.82 0.78 0.0 
78192.38 0.54 0.0 
78202.97 0.57 0.0 
78202.93 0.61 0.0 
78192.39 0.48 0.0 
78281.03 0.49 0.0 
78380.87 0.31 0.0 
78380.87 0.36 0.0 
78396.03 0.44 0.0 
78768.45 0.43 0.0 
79484.73 0.61 0.0 
79741.65 0.60 0.0 
79741.61 0.65 0.0 
80045.67 0.33 0.0 
80673.11 0.32 0.0 
81037.33 0.31 0.0 
81071.24 0.43 0.0 
81289.29 0.53 0.0 
81652.59 0.44 0.0 
82383.87 0.36 0.0 
82868.25 0.59 0.0 
82868.27 0.35 0.0 
83251.62 0.39 0.0 
83443.85 0.61 0.0 
83562.27 0.35 0.0 
84024.13 0.58 0.0 
85132.57 0.41 0.0 
85519.01 0.40 0.0 
85596.07 0.37 0.0 
85633.95 0.68 0.0 
85633.93 0.42 0.0 
85834.24 0.46 0.0 
85834.22 0.37 0.0 
86345.00 0.60 0.0 
86345.03 0.30 0.0 
