575.51 0.37 0.0 
865.71 0.31 0.0 
865.76 0.51 0.0 
1287.55 0.40 0.0 
1709.57 0.41 0.0 
2703.21 0.37 0.0 
2841.61 0.36 0.0 
3264.07 0.35 0.0 
3264.07 0.39 0.0 
3606.28 0.47 0.0 
4313.57 0.43 0.0 
5081.53 0.33 0.0 
5159.03 0.30 0.0 
7477.91 0.40 0.0 
8516.15 0.31 0.0 
10501.16 0.51 0.0 
10901.21 0.36 0.0 
11357.59 0.39 0.0 
11524.33 0.37 0.0 
11478.39 0.30 0.0 
12346.61 0.68 0.0 
12346.65 0.74 0.0 
13288.71 0.32 0.0 
13865.09 0.63 0.0 
13865.07 0.40 0.0 
14300.11 0.33 0.0 
14604.83 0.33 0.0 
14643.69 0.60 0.0 
14643.59 0.58 0.0 
14604.80 0.52 0.0 
15655.19 0.35 0.0 
16320.93 0.30 0.0 
16526.63 0.34 0.0 
16892.28 0.34 0.0 
17909.06 0.31 0.0 
19351.45 0.40 0.0 
24018.95 0.64 0.0 
24995.99 0.35 0.0 
28954.20 0.36 0.0 
30484.49 0.34 0.0 
31257.23 0.33 0.0 
33892.15 0.35 0.0 
33961.17 0.31 0.0 
33933.61 0.48 0.0 
35011.67 0.34 0.0 
37170.29 0.51 0.0 
37625.95 0.41 0.0 
38341.03 0.40 0.0 
38357.63 0.33 0.0 
39263.17 0.42 0.0 
39202.83 0.41 0.0 
40181.89 0.46 0.0 
40264.83 0.33 0.0 
40709.09 0.38 0.0 
41807.03 0.30 0.0 
42136.32 0.37 0.0 
44763.93 0.55 0.0 
44763.91 0.42 0.0 
47150.83 0.35 0.0 
48659.63 0.31 0.0 
52855.83 0.41 0.0 
53469.47 0.33 0.0 
54905.83 0.36 0.0 
56716.03 0.47 0.0 
59972.11 0.41 0.0 
61549.27 0.37 0.0 
64258.85 0.34 0.0 
64688.97 0.39 0.0 
64665.48 0.31 0.0 
69290.57 0.51 0.0 
69991.19 0.40 0.0 
72441.75 0.39 0.0 
73341.61 0.72 0.0 
76920.39 0.37 0.0 
78786.15 0.32 0.0 
80535.59 0.36 0.0 
81069.81 0.41 0.0 
83304.35 0.33 0.0 
84015.75 0.31 0.0 
84251.11 0.30 0.0 
84740.93 0.56 0.0 
84740.93 0.39 0.0 
85714.23 0.44 0.0 
