147.17 0.64 0.0 
147.16 0.48 0.0 
736.09 0.37 0.0 
736.05 0.31 0.0 
2456.64 0.64 0.0 
5170.40 0.51 0.0 
6984.71 0.79 0.0 
9374.13 0.34 0.0 
11230.81 0.48 0.0 
12311.52 0.48 0.0 
12311.48 0.77 0.0 
12361.53 0.36 0.0 
19513.84 0.53 0.0 
20742.35 0.64 0.0 
22522.11 0.32 0.0 
22499.44 0.60 0.0 
29262.73 0.43 0.0 
29302.79 0.38 0.0 
29556.44 0.45 0.0 
31988.29 0.37 0.0 
33223.71 0.74 0.0 
33220.57 0.31 0.0 
33251.75 0.44 0.0 
36478.36 0.37 0.0 
36475.12 0.58 0.0 
37423.96 0.32 0.0 
39973.23 0.84 0.0 
42553.92 0.39 0.0 
44411.84 0.40 0.0 
48222.08 0.34 0.0 
84219.47 0.57 0.0 
85108.92 0.36 0.0 
86223.97 0.39 0.0 
