539.51 0.54 0.0 
916.93 0.58 0.0 
916.79 0.41 0.0 
2308.92 0.42 0.0 
2563.23 0.84 0.0 
3299.07 0.34 0.0 
6133.55 0.67 0.0 
7448.87 0.47 0.0 
10859.11 0.40 0.0 
12318.95 0.92 0.0 
12376.57 0.61 0.0 
12340.92 0.49 0.0 
12318.91 0.35 0.0 
13770.95 0.58 0.0 
13796.67 0.35 0.0 
13862.61 0.93 0.0 
13770.97 0.39 0.0 
13862.61 0.91 0.0 
14641.80 0.37 0.0 
15652.76 0.40 0.0 
16005.81 0.45 0.0 
16093.55 0.46 0.0 
18256.05 0.52 0.0 
18256.00 0.47 0.0 
19216.47 0.31 0.0 
22527.07 0.45 0.0 
24633.05 0.31 0.0 
24838.04 0.42 0.0 
30239.07 0.30 0.0 
31130.04 0.37 0.0 
32800.51 0.37 0.0 
33672.36 0.41 0.0 
35084.42 0.39 0.0 
36404.37 0.31 0.0 
37949.58 0.45 0.0 
37979.59 0.47 0.0 
38519.56 0.45 0.0 
38893.84 0.73 0.0 
38864.13 0.49 0.0 
40709.02 0.32 0.0 
40769.64 0.62 0.0 
44698.19 0.53 0.0 
47211.92 0.50 0.0 
47879.29 0.38 0.0 
49161.79 0.47 0.0 
49161.81 0.53 0.0 
51433.87 0.32 0.0 
54929.51 0.49 0.0 
58510.70 0.40 0.0 
58889.33 0.61 0.0 
59037.92 0.84 0.0 
60118.91 0.35 0.0 
60253.95 0.39 0.0 
62399.23 0.34 0.0 
63974.01 0.38 0.0 
67693.65 0.44 0.0 
68714.03 0.48 0.0 
69569.28 0.34 0.0 
71444.00 0.60 0.0 
71504.04 0.31 0.0 
71504.00 0.40 0.0 
72432.05 0.55 0.0 
72582.05 0.32 0.0 
73274.00 0.36 0.0 
74954.15 0.72 0.0 
75809.39 0.36 0.0 
76739.37 0.64 0.0 
76919.51 0.30 0.0 
77234.15 0.52 0.0 
77646.99 0.46 0.0 
78059.47 0.48 0.0 
78149.05 0.37 0.0 
78339.95 0.35 0.0 
80234.17 0.44 0.0 
80990.97 0.58 0.0 
81069.77 0.84 0.0 
80991.04 0.64 0.0 
81069.73 0.32 0.0 
81598.83 0.31 0.0 
82782.73 0.51 0.0 
83354.23 0.32 0.0 
83669.53 0.31 0.0 
83727.05 0.47 0.0 
83788.91 0.40 0.0 
84442.32 0.69 0.0 
85122.84 0.63 0.0 
