56.96 0.80 0.0 
163.87 0.68 0.0 
162.05 0.37 0.0 
179.01 0.35 0.0 
232.95 0.56 0.0 
243.05 0.36 0.0 
222.23 0.44 0.0 
232.91 0.41 0.0 
192.92 0.96 0.0 
281.18 0.64 0.0 
293.97 0.49 0.0 
222.27 0.41 0.0 
192.92 0.72 0.0 
194.46 0.34 0.0 
370.84 0.69 0.0 
358.83 0.58 0.0 
315.00 0.43 0.0 
370.83 0.50 0.0 
416.55 0.52 0.0 
294.07 0.31 0.0 
497.62 0.42 0.0 
497.61 0.40 0.0 
728.11 0.74 0.0 
728.07 0.64 0.0 
940.65 0.42 0.0 
940.60 0.76 0.0 
1241.65 0.90 0.0 
1252.28 0.48 0.0 
1323.96 0.71 0.0 
1324.00 0.74 0.0 
1336.91 0.57 0.0 
1336.92 0.82 0.0 
1344.16 0.46 0.0 
1375.64 0.94 0.0 
1381.12 0.54 0.0 
1482.01 0.89 0.0 
1481.99 0.78 0.0 
1375.64 0.95 0.0 
1535.31 0.93 0.0 
1602.68 0.62 0.0 
1598.64 0.56 0.0 
1535.31 0.92 0.0 
1702.39 0.89 0.0 
1702.39 0.88 0.0 
1810.26 0.85 0.0 
1810.22 0.42 0.0 
1848.86 0.36 0.0 
3188.97 0.49 0.0 
4103.80 0.76 0.0 
4485.84 0.37 0.0 
4485.77 0.41 0.0 
4909.35 0.31 0.0 
5031.97 0.74 0.0 
5031.97 0.36 0.0 
5184.88 0.57 0.0 
5184.88 0.32 0.0 
5190.64 0.41 0.0 
5209.08 0.32 0.0 
5292.37 0.51 0.0 
5228.28 0.40 0.0 
5236.05 0.61 0.0 
5260.48 0.76 0.0 
5209.08 0.46 0.0 
5228.25 0.69 0.0 
5476.36 0.63 0.0 
5487.32 0.31 0.0 
5476.33 0.48 0.0 
5729.20 0.77 0.0 
6013.15 0.86 0.0 
6074.40 0.51 0.0 
6074.40 0.35 0.0 
6406.89 0.50 0.0 
6464.56 0.65 0.0 
6406.88 0.67 0.0 
6626.74 0.80 0.0 
6626.72 0.30 0.0 
7155.70 0.70 0.0 
7214.85 0.48 0.0 
7155.70 0.91 0.0 
7296.01 0.38 0.0 
7528.87 0.95 0.0 
7528.87 0.91 0.0 
7905.89 0.73 0.0 
7896.33 0.40 0.0 
8289.44 0.44 0.0 
8661.16 0.85 0.0 
8661.16 0.62 0.0 
8720.24 0.32 0.0 
8909.44 0.36 0.0 
9060.69 0.47 0.0 
9442.21 0.35 0.0 
9898.91 0.93 0.0 
10697.05 0.43 0.0 
10697.04 0.71 0.0 
11036.36 0.31 0.0 
11098.54 0.93 0.0 
11198.91 0.50 0.0 
11219.48 0.51 0.0 
11098.56 0.86 0.0 
11499.05 0.48 0.0 
11893.84 0.47 0.0 
11901.53 0.40 0.0 
12295.73 0.84 0.0 
12320.68 0.90 0.0 
12327.11 0.53 0.0 
12320.67 0.92 0.0 
12327.07 0.43 0.0 
12681.16 0.52 0.0 
12681.17 0.42 0.0 
13086.09 0.84 0.0 
13077.81 0.61 0.0 
13086.11 0.65 0.0 
13286.93 0.53 0.0 
13494.41 0.65 0.0 
13617.73 0.40 0.0 
13679.33 0.37 0.0 
13712.80 0.73 0.0 
13712.77 0.47 0.0 
13792.50 0.72 0.0 
14008.71 0.31 0.0 
14321.38 0.82 0.0 
14321.41 0.59 0.0 
14765.83 0.64 0.0 
14847.80 0.32 0.0 
15089.68 0.32 0.0 
15252.37 0.74 0.0 
15368.21 0.38 0.0 
15500.05 0.34 0.0 
15626.17 0.41 0.0 
15972.97 0.65 0.0 
16091.28 0.68 0.0 
16091.25 0.40 0.0 
16123.92 0.36 0.0 
16241.04 0.82 0.0 
16154.53 0.39 0.0 
16431.24 0.65 0.0 
16609.36 0.66 0.0 
16917.13 0.40 0.0 
16984.51 0.67 0.0 
16984.54 0.58 0.0 
17367.41 0.83 0.0 
17367.44 0.55 0.0 
17502.57 0.34 0.0 
17733.77 0.67 0.0 
18083.01 0.78 0.0 
18083.02 0.51 0.0 
18461.57 0.63 0.0 
18461.58 0.89 0.0 
18830.85 0.48 0.0 
19197.68 0.80 0.0 
19545.96 0.48 0.0 
19543.45 0.48 0.0 
19926.97 0.49 0.0 
20278.17 0.46 0.0 
20278.14 0.90 0.0 
20604.45 0.84 0.0 
20964.48 0.64 0.0 
20964.48 0.47 0.0 
21318.61 0.58 0.0 
21318.61 0.62 0.0 
21997.09 0.43 0.0 
22333.63 0.92 0.0 
22333.65 0.44 0.0 
22497.09 0.58 0.0 
22529.03 0.80 0.0 
22672.16 0.63 0.0 
22672.15 0.83 0.0 
22904.01 0.69 0.0 
23011.12 0.82 0.0 
23058.29 0.49 0.0 
23011.12 0.74 0.0 
23369.65 0.48 0.0 
24048.18 0.35 0.0 
24385.20 0.71 0.0 
24449.27 0.31 0.0 
24719.84 0.61 0.0 
24735.22 0.40 0.0 
25054.41 0.33 0.0 
25054.48 0.38 0.0 
25394.40 0.72 0.0 
25455.01 0.74 0.0 
25394.40 0.96 0.0 
25743.20 0.72 0.0 
25743.17 0.49 0.0 
26082.56 0.30 0.0 
26139.32 0.48 0.0 
26367.61 0.44 0.0 
26478.29 0.51 0.0 
26478.29 0.55 0.0 
26788.47 0.92 0.0 
26788.50 0.91 0.0 
26830.49 0.42 0.0 
26895.01 0.56 0.0 
26830.49 0.74 0.0 
27163.64 0.55 0.0 
27491.38 0.89 0.0 
27491.38 0.84 0.0 
27826.96 0.82 0.0 
27826.96 0.87 0.0 
27922.43 0.33 0.0 
28115.44 0.41 0.0 
28196.73 0.71 0.0 
28196.71 0.92 0.0 
28528.39 0.90 0.0 
28528.41 0.86 0.0 
28863.93 0.62 0.0 
28863.93 0.81 0.0 
29220.04 0.34 0.0 
29593.24 0.36 0.0 
29664.68 0.33 0.0 
29593.21 0.88 0.0 
29974.28 0.71 0.0 
29974.28 0.83 0.0 
30320.66 0.61 0.0 
30320.63 0.60 0.0 
30665.92 0.76 0.0 
30665.97 0.66 0.0 
31366.36 0.89 0.0 
31475.57 0.42 0.0 
31475.57 0.49 0.0 
31366.36 0.94 0.0 
31746.92 0.43 0.0 
31746.89 0.77 0.0 
32128.40 0.96 0.0 
32506.53 0.49 0.0 
32515.79 0.45 0.0 
32506.51 0.36 0.0 
32515.83 0.50 0.0 
32565.10 0.88 0.0 
32892.32 0.72 0.0 
32892.34 0.57 0.0 
33237.43 0.33 0.0 
33178.12 0.42 0.0 
33338.28 0.72 0.0 
33338.25 0.68 0.0 
33305.60 0.56 0.0 
33564.88 0.43 0.0 
33695.85 0.48 0.0 
33944.51 0.81 0.0 
34073.93 0.57 0.0 
34073.93 0.82 0.0 
34453.94 0.88 0.0 
34453.94 0.86 0.0 
34836.92 0.58 0.0 
35169.55 0.65 0.0 
35169.56 0.52 0.0 
35212.29 0.38 0.0 
35230.31 0.50 0.0 
35339.33 0.84 0.0 
35334.63 0.48 0.0 
35449.12 0.41 0.0 
36022.84 0.47 0.0 
36022.84 0.48 0.0 
36044.19 0.82 0.0 
36044.16 0.96 0.0 
36411.68 0.74 0.0 
36411.73 0.56 0.0 
36553.13 0.62 0.0 
36774.61 0.75 0.0 
36840.91 0.30 0.0 
36845.22 0.36 0.0 
36863.16 0.38 0.0 
36774.62 0.79 0.0 
36948.93 0.73 0.0 
36964.63 0.48 0.0 
36948.93 0.91 0.0 
36964.63 0.40 0.0 
37025.80 0.38 0.0 
37104.03 0.93 0.0 
37104.03 0.38 0.0 
37123.58 0.84 0.0 
37123.57 0.31 0.0 
37138.06 0.91 0.0 
37226.74 0.96 0.0 
37226.74 0.95 0.0 
37125.57 0.34 0.0 
37315.95 0.41 0.0 
37265.69 0.36 0.0 
37363.05 0.88 0.0 
37363.06 0.79 0.0 
37374.21 0.52 0.0 
37379.36 0.62 0.0 
37265.73 0.35 0.0 
37436.43 0.94 0.0 
37452.60 0.46 0.0 
37436.43 0.92 0.0 
37455.22 0.38 0.0 
37480.33 0.70 0.0 
37480.32 0.80 0.0 
37374.19 0.80 0.0 
37528.82 0.95 0.0 
37528.80 0.46 0.0 
37491.23 0.35 0.0 
37668.43 0.75 0.0 
37674.05 0.34 0.0 
37693.51 0.39 0.0 
37668.45 0.49 0.0 
37638.50 0.88 0.0 
37732.00 0.59 0.0 
37638.47 0.31 0.0 
37803.47 0.72 0.0 
37754.44 0.70 0.0 
37803.49 0.40 0.0 
37732.00 0.62 0.0 
37754.43 0.87 0.0 
37903.92 0.79 0.0 
37972.35 0.90 0.0 
37903.91 0.96 0.0 
38054.26 0.89 0.0 
38011.85 0.51 0.0 
38034.66 0.73 0.0 
38054.27 0.87 0.0 
38011.90 0.95 0.0 
37972.34 0.88 0.0 
38146.95 0.80 0.0 
38137.53 0.89 0.0 
38146.94 0.82 0.0 
38122.60 0.68 0.0 
38137.52 0.91 0.0 
38144.49 0.52 0.0 
38262.48 0.70 0.0 
38275.65 0.49 0.0 
38247.83 0.82 0.0 
38335.12 0.55 0.0 
38247.87 0.60 0.0 
38262.41 0.64 0.0 
38364.13 0.33 0.0 
38364.13 0.30 0.0 
38655.73 0.49 0.0 
39054.28 0.43 0.0 
39054.30 0.42 0.0 
39438.77 0.32 0.0 
39438.65 0.54 0.0 
39822.09 0.39 0.0 
39822.09 0.80 0.0 
40214.34 0.94 0.0 
40610.99 0.69 0.0 
40611.00 0.54 0.0 
40858.72 0.68 0.0 
40895.59 0.40 0.0 
40960.09 0.47 0.0 
40885.45 0.54 0.0 
41008.08 0.96 0.0 
41448.75 0.34 0.0 
41826.21 0.73 0.0 
41826.21 0.81 0.0 
42223.35 0.96 0.0 
42631.69 0.33 0.0 
43052.80 0.50 0.0 
43052.76 0.81 0.0 
43455.25 0.49 0.0 
43868.45 0.44 0.0 
43868.45 0.31 0.0 
44221.81 0.78 0.0 
44215.29 0.35 0.0 
44221.77 0.41 0.0 
44709.15 0.77 0.0 
44709.18 0.66 0.0 
44907.43 0.36 0.0 
45122.37 0.33 0.0 
45528.28 0.64 0.0 
45528.29 0.72 0.0 
46349.88 0.36 0.0 
46752.36 0.75 0.0 
47978.37 0.78 0.0 
47978.39 0.57 0.0 
48288.95 0.50 0.0 
48288.81 0.32 0.0 
48787.73 0.38 0.0 
48787.74 0.63 0.0 
49186.81 0.53 0.0 
49186.82 0.68 0.0 
49613.22 0.39 0.0 
50036.77 0.42 0.0 
50036.70 0.88 0.0 
50291.85 0.54 0.0 
50398.60 0.50 0.0 
50398.62 0.34 0.0 
50837.81 0.41 0.0 
51264.20 0.80 0.0 
51264.24 0.66 0.0 
51670.13 0.34 0.0 
51670.14 0.71 0.0 
52070.17 0.66 0.0 
52070.21 0.38 0.0 
52862.92 0.58 0.0 
52862.92 0.75 0.0 
53279.61 0.39 0.0 
53279.58 0.92 0.0 
53685.57 0.37 0.0 
54526.16 0.56 0.0 
54526.15 0.83 0.0 
55376.04 0.69 0.0 
55435.97 0.60 0.0 
55436.06 0.71 0.0 
55818.13 0.36 0.0 
55818.13 0.37 0.0 
56240.67 0.45 0.0 
56711.96 0.60 0.0 
56711.93 0.81 0.0 
57134.49 0.96 0.0 
57979.05 0.57 0.0 
57979.05 0.32 0.0 
58414.25 0.46 0.0 
58738.19 0.50 0.0 
58835.80 0.70 0.0 
58835.81 0.51 0.0 
58738.13 0.52 0.0 
58891.89 0.46 0.0 
59245.60 0.87 0.0 
59662.77 0.63 0.0 
59662.77 0.41 0.0 
60500.48 0.36 0.0 
60555.12 0.52 0.0 
60927.86 0.83 0.0 
60927.85 0.36 0.0 
61375.29 0.72 0.0 
61797.29 0.59 0.0 
62694.09 0.67 0.0 
63113.76 0.37 0.0 
63113.73 0.70 0.0 
63548.44 0.44 0.0 
63548.44 0.51 0.0 
63968.05 0.52 0.0 
64409.06 0.96 0.0 
64409.08 0.68 0.0 
64831.60 0.51 0.0 
64831.63 0.37 0.0 
65272.73 0.50 0.0 
65324.49 0.43 0.0 
65697.16 0.54 0.0 
65697.17 0.57 0.0 
66173.89 0.73 0.0 
66173.88 0.80 0.0 
66632.53 0.31 0.0 
66632.53 0.51 0.0 
67538.61 0.49 0.0 
68028.57 0.44 0.0 
68028.56 0.80 0.0 
68486.73 0.76 0.0 
68486.73 0.68 0.0 
68944.89 0.51 0.0 
68944.89 0.49 0.0 
69386.45 0.39 0.0 
69386.45 0.41 0.0 
70313.06 0.74 0.0 
70888.25 0.44 0.0 
71240.69 0.40 0.0 
71240.65 0.35 0.0 
71679.28 0.82 0.0 
72113.53 0.62 0.0 
72467.73 0.40 0.0 
72467.76 0.73 0.0 
72567.32 0.50 0.0 
73024.02 0.45 0.0 
73024.00 0.62 0.0 
73241.80 0.63 0.0 
73494.89 0.40 0.0 
73980.41 0.73 0.0 
74473.24 0.85 0.0 
74958.29 0.52 0.0 
74958.27 0.81 0.0 
75882.97 0.73 0.0 
76376.29 0.60 0.0 
77084.01 0.45 0.0 
77344.87 0.74 0.0 
77832.86 0.77 0.0 
78328.13 0.89 0.0 
78328.14 0.34 0.0 
78786.81 0.41 0.0 
79286.97 0.47 0.0 
80328.45 0.32 0.0 
81464.56 0.47 0.0 
81413.25 0.36 0.0 
81820.08 0.60 0.0 
81820.03 0.60 0.0 
81901.17 0.65 0.0 
82433.64 0.46 0.0 
83161.55 0.55 0.0 
83170.57 0.72 0.0 
83161.55 0.37 0.0 
83206.05 0.36 0.0 
83256.53 0.58 0.0 
83256.51 0.85 0.0 
83206.05 0.44 0.0 
83413.84 0.89 0.0 
83413.97 0.47 0.0 
84006.35 0.74 0.0 
83955.66 0.60 0.0 
84083.17 0.33 0.0 
84404.32 0.86 0.0 
84837.11 0.85 0.0 
84837.11 0.90 0.0 
84845.03 0.32 0.0 
84864.68 0.32 0.0 
84962.88 0.65 0.0 
84962.88 0.31 0.0 
84979.41 0.42 0.0 
84979.42 0.53 0.0 
85126.74 0.92 0.0 
85155.75 0.56 0.0 
85126.71 0.91 0.0 
85409.16 0.85 0.0 
85466.90 0.89 0.0 
85466.93 0.40 0.0 
85536.76 0.92 0.0 
85599.37 0.90 0.0 
85599.36 0.92 0.0 
85536.76 0.55 0.0 
85828.12 0.67 0.0 
86063.31 0.34 0.0 
86095.01 0.30 0.0 
85994.40 0.86 0.0 
86218.85 0.58 0.0 
86218.87 0.93 0.0 
86378.08 0.86 0.0 
