1019.19 0.45 0.0 
1123.30 0.30 0.0 
1218.77 0.32 0.0 
1237.43 0.43 0.0 
1482.57 0.59 0.0 
1502.93 0.45 0.0 
2413.41 0.68 0.0 
2441.49 0.58 0.0 
2579.03 0.55 0.0 
2637.75 0.52 0.0 
2653.95 0.46 0.0 
2758.16 0.45 0.0 
8297.83 0.32 0.0 
8682.80 0.79 0.0 
9029.48 0.53 0.0 
9326.19 0.82 0.0 
12338.05 0.50 0.0 
12338.09 0.40 0.0 
13619.59 0.41 0.0 
13959.05 0.33 0.0 
13979.57 0.35 0.0 
15629.51 0.39 0.0 
16924.60 0.43 0.0 
16883.28 0.62 0.0 
16878.15 0.51 0.0 
16883.29 0.82 0.0 
16864.99 0.33 0.0 
16997.81 0.38 0.0 
17361.75 0.42 0.0 
17361.71 0.35 0.0 
17971.21 0.44 0.0 
18029.49 0.47 0.0 
18179.35 0.63 0.0 
18416.72 0.50 0.0 
18760.72 0.32 0.0 
18974.01 0.72 0.0 
19004.35 0.40 0.0 
19137.21 0.65 0.0 
19184.52 0.58 0.0 
19304.44 0.39 0.0 
19693.08 0.38 0.0 
19842.77 0.33 0.0 
19929.37 0.39 0.0 
19929.35 0.38 0.0 
20038.39 0.86 0.0 
20064.36 0.31 0.0 
20277.67 0.87 0.0 
20223.09 0.56 0.0 
20455.21 0.41 0.0 
20468.07 0.59 0.0 
20689.51 0.93 0.0 
20689.52 0.79 0.0 
20870.52 0.54 0.0 
20870.51 0.81 0.0 
21028.43 0.33 0.0 
21487.80 0.72 0.0 
21587.49 0.39 0.0 
21587.44 0.56 0.0 
21854.01 0.40 0.0 
22049.22 0.60 0.0 
22314.15 0.32 0.0 
22715.50 0.75 0.0 
22715.47 0.61 0.0 
22828.72 0.43 0.0 
22825.56 0.38 0.0 
22934.53 0.54 0.0 
23076.00 0.35 0.0 
23442.09 0.43 0.0 
23692.09 0.52 0.0 
24085.61 0.90 0.0 
24085.61 0.30 0.0 
24328.92 0.40 0.0 
24613.68 0.68 0.0 
24679.12 0.30 0.0 
24965.69 0.44 0.0 
24965.67 0.48 0.0 
25078.76 0.77 0.0 
25106.13 0.89 0.0 
25122.04 0.36 0.0 
25063.40 0.37 0.0 
25149.44 0.35 0.0 
25166.29 0.56 0.0 
25149.44 0.55 0.0 
25356.73 0.49 0.0 
25451.84 0.71 0.0 
25574.12 0.80 0.0 
25526.63 0.79 0.0 
25526.67 0.69 0.0 
26069.03 0.44 0.0 
26144.00 0.32 0.0 
26429.32 0.32 0.0 
26382.43 0.30 0.0 
26504.13 0.52 0.0 
26483.84 0.43 0.0 
26504.17 0.47 0.0 
26628.43 0.36 0.0 
26565.13 0.36 0.0 
26796.99 0.73 0.0 
26796.99 0.30 0.0 
26894.03 0.38 0.0 
26957.33 0.51 0.0 
26957.36 0.94 0.0 
27088.31 0.36 0.0 
27239.16 0.88 0.0 
27207.04 0.46 0.0 
27197.80 0.50 0.0 
27333.15 0.41 0.0 
27356.81 0.52 0.0 
27594.96 0.64 0.0 
27585.21 0.73 0.0 
27594.96 0.55 0.0 
27887.03 0.31 0.0 
28077.36 0.43 0.0 
28012.13 0.54 0.0 
28211.48 0.41 0.0 
28801.55 0.82 0.0 
28801.55 0.42 0.0 
28956.15 0.38 0.0 
28964.28 0.75 0.0 
28956.11 0.33 0.0 
29087.56 0.53 0.0 
29218.85 0.38 0.0 
29434.88 0.50 0.0 
29434.85 0.67 0.0 
29577.84 0.63 0.0 
29577.85 0.33 0.0 
29699.09 0.56 0.0 
29804.60 0.65 0.0 
29712.80 0.61 0.0 
29791.99 0.33 0.0 
29861.72 0.32 0.0 
29998.58 0.92 0.0 
29998.58 0.87 0.0 
30015.64 0.51 0.0 
30114.53 0.38 0.0 
30119.10 0.96 0.0 
30137.13 0.51 0.0 
30154.53 0.72 0.0 
30269.22 0.74 0.0 
30344.57 0.54 0.0 
30719.15 0.38 0.0 
31106.37 0.90 0.0 
31035.79 0.93 0.0 
31239.48 0.80 0.0 
31230.67 0.30 0.0 
31279.53 0.38 0.0 
31267.69 0.35 0.0 
31824.71 0.51 0.0 
31824.71 0.45 0.0 
31841.20 0.40 0.0 
31783.69 0.53 0.0 
32157.83 0.33 0.0 
32248.99 0.61 0.0 
32264.27 0.37 0.0 
32515.93 0.45 0.0 
32488.31 0.63 0.0 
32575.31 0.70 0.0 
32603.21 0.35 0.0 
32575.36 0.38 0.0 
32786.87 0.63 0.0 
32893.36 0.55 0.0 
33131.60 0.31 0.0 
33304.24 0.51 0.0 
33304.25 0.30 0.0 
33448.68 0.30 0.0 
33895.27 0.88 0.0 
33895.27 0.90 0.0 
34197.97 0.53 0.0 
34366.96 0.77 0.0 
34374.41 0.48 0.0 
34374.37 0.43 0.0 
34568.01 0.35 0.0 
34963.85 0.55 0.0 
35136.80 0.42 0.0 
35136.85 0.43 0.0 
35594.03 0.81 0.0 
36909.73 0.35 0.0 
36909.73 0.34 0.0 
37211.63 0.30 0.0 
37573.99 0.76 0.0 
37604.43 0.96 0.0 
37688.12 0.63 0.0 
37736.76 0.65 0.0 
37738.74 0.74 0.0 
37906.00 0.35 0.0 
37906.01 0.70 0.0 
38697.87 0.88 0.0 
38923.77 0.42 0.0 
39013.28 0.80 0.0 
39257.68 0.34 0.0 
39359.00 0.84 0.0 
39405.93 0.44 0.0 
39848.88 0.87 0.0 
39817.84 0.36 0.0 
40121.59 0.33 0.0 
40427.93 0.45 0.0 
40454.34 0.95 0.0 
40454.29 0.33 0.0 
40529.47 0.64 0.0 
40587.20 0.48 0.0 
40601.43 0.50 0.0 
40626.08 0.32 0.0 
40626.12 0.70 0.0 
41323.69 0.46 0.0 
41326.44 0.59 0.0 
41329.87 0.63 0.0 
41669.39 0.38 0.0 
41623.29 0.39 0.0 
41754.37 0.33 0.0 
41892.52 0.62 0.0 
41909.51 0.45 0.0 
41973.24 0.45 0.0 
41973.24 0.53 0.0 
42155.16 0.38 0.0 
42155.23 0.36 0.0 
42223.68 0.55 0.0 
42389.11 0.48 0.0 
43064.59 0.44 0.0 
43438.44 0.81 0.0 
43438.44 0.31 0.0 
43603.45 0.56 0.0 
43645.47 0.38 0.0 
43774.00 0.41 0.0 
44176.69 0.51 0.0 
44400.21 0.40 0.0 
44550.04 0.73 0.0 
44447.01 0.68 0.0 
44728.29 0.38 0.0 
45117.40 0.34 0.0 
45178.60 0.59 0.0 
45192.68 0.68 0.0 
45519.72 0.67 0.0 
45614.14 0.49 0.0 
45705.65 0.33 0.0 
45736.99 0.35 0.0 
46678.97 0.60 0.0 
46723.36 0.48 0.0 
46917.31 0.73 0.0 
46917.29 0.37 0.0 
47189.03 0.75 0.0 
47518.96 0.57 0.0 
47881.03 0.33 0.0 
48164.12 0.33 0.0 
48359.48 0.49 0.0 
48363.61 0.65 0.0 
48372.37 0.62 0.0 
48747.82 0.38 0.0 
48834.69 0.41 0.0 
48873.63 0.74 0.0 
48881.08 0.54 0.0 
48873.59 0.58 0.0 
48974.24 0.37 0.0 
48992.47 0.32 0.0 
49212.99 0.81 0.0 
49315.89 0.31 0.0 
49304.21 0.36 0.0 
49438.89 0.32 0.0 
49417.64 0.35 0.0 
49738.24 0.34 0.0 
49836.28 0.34 0.0 
49836.29 0.59 0.0 
49959.64 0.35 0.0 
50043.21 0.42 0.0 
50043.24 0.77 0.0 
50187.72 0.31 0.0 
50542.53 0.34 0.0 
50504.16 0.78 0.0 
50575.92 0.41 0.0 
50682.29 0.33 0.0 
50771.69 0.38 0.0 
50827.92 0.56 0.0 
50827.92 0.45 0.0 
51418.36 0.39 0.0 
51658.29 0.52 0.0 
51989.52 0.79 0.0 
52030.40 0.75 0.0 
52030.43 0.75 0.0 
52632.56 0.55 0.0 
52844.25 0.88 0.0 
52754.12 0.46 0.0 
52917.77 0.37 0.0 
52957.64 0.49 0.0 
53069.60 0.32 0.0 
53309.45 0.37 0.0 
53384.46 0.46 0.0 
53530.82 0.90 0.0 
53530.81 0.81 0.0 
53538.25 0.31 0.0 
53594.56 0.76 0.0 
53817.89 0.65 0.0 
54419.16 0.40 0.0 
54434.68 0.65 0.0 
54721.88 0.32 0.0 
54764.32 0.72 0.0 
54838.32 0.45 0.0 
54929.28 0.85 0.0 
55245.44 0.40 0.0 
55646.15 0.86 0.0 
55781.83 0.52 0.0 
56007.68 0.37 0.0 
56068.99 0.42 0.0 
56166.04 0.33 0.0 
56292.14 0.84 0.0 
56301.37 0.34 0.0 
56579.36 0.58 0.0 
56607.41 0.61 0.0 
56656.55 0.32 0.0 
56848.13 0.82 0.0 
56896.44 0.61 0.0 
56831.43 0.48 0.0 
56999.38 0.88 0.0 
57088.32 0.33 0.0 
57239.51 0.32 0.0 
57269.41 0.59 0.0 
57362.69 0.60 0.0 
57374.48 0.85 0.0 
57326.08 0.38 0.0 
57362.71 0.53 0.0 
57393.23 0.48 0.0 
57326.06 0.64 0.0 
57393.19 0.54 0.0 
57508.61 0.38 0.0 
57736.97 0.65 0.0 
57737.01 0.36 0.0 
57929.51 0.88 0.0 
57944.56 0.69 0.0 
58077.59 0.57 0.0 
58077.56 0.51 0.0 
58008.04 0.38 0.0 
58874.36 0.77 0.0 
59234.72 0.91 0.0 
59236.40 0.54 0.0 
59264.46 0.90 0.0 
59646.32 0.31 0.0 
59607.88 0.46 0.0 
59684.21 0.40 0.0 
59754.77 0.36 0.0 
59728.23 0.33 0.0 
60148.11 0.65 0.0 
60207.82 0.85 0.0 
60565.81 0.46 0.0 
60552.67 0.56 0.0 
60808.89 0.62 0.0 
61273.50 0.85 0.0 
61273.50 0.83 0.0 
61393.79 0.33 0.0 
61581.81 0.45 0.0 
61813.69 0.48 0.0 
61821.46 0.32 0.0 
61828.68 0.56 0.0 
61821.51 0.87 0.0 
61874.51 0.52 0.0 
62249.41 0.32 0.0 
62383.96 0.41 0.0 
62354.49 0.31 0.0 
62473.28 0.61 0.0 
62637.64 0.63 0.0 
62668.80 0.71 0.0 
62823.24 0.46 0.0 
62980.52 0.60 0.0 
62999.19 0.38 0.0 
62980.48 0.81 0.0 
63119.43 0.55 0.0 
63087.97 0.49 0.0 
63099.92 0.76 0.0 
63174.95 0.39 0.0 
63327.47 0.89 0.0 
63313.11 0.35 0.0 
63705.89 0.36 0.0 
63717.72 0.36 0.0 
63837.89 0.45 0.0 
63854.39 0.84 0.0 
63854.40 0.77 0.0 
64701.79 0.70 0.0 
65377.64 0.33 0.0 
65664.09 0.31 0.0 
65623.96 0.69 0.0 
65689.09 0.43 0.0 
65730.47 0.91 0.0 
65792.15 0.85 0.0 
65730.48 0.79 0.0 
65792.17 0.75 0.0 
65890.61 0.34 0.0 
65833.13 0.53 0.0 
65919.12 0.50 0.0 
66119.48 0.44 0.0 
66316.45 0.33 0.0 
66763.93 0.31 0.0 
67064.01 0.53 0.0 
67138.80 0.60 0.0 
67193.39 0.95 0.0 
67193.39 0.93 0.0 
67153.55 0.37 0.0 
67439.05 0.38 0.0 
67670.00 0.52 0.0 
68006.97 0.44 0.0 
68114.41 0.60 0.0 
68250.43 0.44 0.0 
68250.43 0.46 0.0 
68532.07 0.75 0.0 
68728.52 0.48 0.0 
68818.64 0.36 0.0 
68832.01 0.47 0.0 
69235.12 0.39 0.0 
69320.23 0.41 0.0 
69507.87 0.43 0.0 
69564.60 0.35 0.0 
69564.56 0.43 0.0 
69864.37 0.34 0.0 
69906.61 0.32 0.0 
70377.77 0.78 0.0 
70468.97 0.35 0.0 
70423.96 0.53 0.0 
70559.56 0.48 0.0 
70738.80 0.88 0.0 
70961.95 0.37 0.0 
71297.75 0.42 0.0 
71408.74 0.33 0.0 
71683.87 0.96 0.0 
71683.88 0.37 0.0 
71726.29 0.47 0.0 
72253.21 0.54 0.0 
72609.07 0.81 0.0 
72614.39 0.30 0.0 
72609.03 0.63 0.0 
72584.37 0.80 0.0 
72809.51 0.33 0.0 
73139.46 0.92 0.0 
73235.08 0.34 0.0 
73888.75 0.65 0.0 
73888.76 0.36 0.0 
74005.81 0.32 0.0 
74218.90 0.60 0.0 
74338.85 0.38 0.0 
74976.24 0.34 0.0 
75389.21 0.33 0.0 
75689.51 0.53 0.0 
76063.81 0.36 0.0 
76298.13 0.36 0.0 
76738.29 0.48 0.0 
76797.28 0.36 0.0 
76753.81 0.35 0.0 
76830.77 0.59 0.0 
77098.69 0.37 0.0 
77368.63 0.85 0.0 
77383.84 0.46 0.0 
77563.62 0.83 0.0 
77810.48 0.64 0.0 
77880.91 0.33 0.0 
77843.65 0.52 0.0 
77904.32 0.56 0.0 
77904.32 0.43 0.0 
77843.65 0.42 0.0 
77826.89 0.34 0.0 
77997.45 0.44 0.0 
78012.40 0.46 0.0 
77959.85 0.77 0.0 
78012.39 0.67 0.0 
78016.53 0.60 0.0 
78031.06 0.30 0.0 
77959.85 0.73 0.0 
77928.87 0.39 0.0 
78035.29 0.33 0.0 
78051.22 0.71 0.0 
78091.43 0.38 0.0 
78068.21 0.70 0.0 
78086.60 0.57 0.0 
78151.96 0.63 0.0 
78075.25 0.38 0.0 
78086.60 0.54 0.0 
78051.21 0.33 0.0 
78068.23 0.83 0.0 
78151.99 0.45 0.0 
78188.07 0.64 0.0 
78188.08 0.59 0.0 
78324.95 0.50 0.0 
78883.94 0.48 0.0 
79075.36 0.31 0.0 
79169.59 0.54 0.0 
79481.48 0.83 0.0 
79543.28 0.80 0.0 
79739.36 0.62 0.0 
80137.75 0.34 0.0 
80105.41 0.56 0.0 
80105.37 0.39 0.0 
80579.05 0.41 0.0 
80983.67 0.34 0.0 
81118.48 0.58 0.0 
81449.56 0.35 0.0 
81445.25 0.42 0.0 
81554.33 0.32 0.0 
81749.08 0.65 0.0 
81837.17 0.81 0.0 
81807.91 0.37 0.0 
83093.93 0.31 0.0 
83320.57 0.51 0.0 
83443.84 0.53 0.0 
84024.09 0.43 0.0 
84163.15 0.45 0.0 
84507.80 0.90 0.0 
84537.57 0.33 0.0 
84899.59 0.58 0.0 
84971.27 0.31 0.0 
85079.44 0.58 0.0 
85329.53 0.43 0.0 
85349.55 0.95 0.0 
85516.37 0.45 0.0 
85516.37 0.67 0.0 
85630.96 0.46 0.0 
85648.87 0.38 0.0 
85934.07 0.88 0.0 
86292.07 0.58 0.0 
86336.12 0.35 0.0 
