705.46 0.82 0.0 
277.38 0.62 0.0 
1590.55 0.67 0.0 
6002.10 0.65 0.0 
1590.55 0.54 0.0 
6002.13 0.81 0.0 
9442.45 0.74 0.0 
9821.20 0.94 0.0 
9442.43 0.57 0.0 
8881.23 0.37 0.0 
11272.52 0.50 0.0 
14607.71 0.47 0.0 
9821.20 0.94 0.0 
10174.35 0.40 0.0 
14196.65 0.76 0.0 
10781.67 0.40 0.0 
11272.51 0.42 0.0 
13726.27 0.31 0.0 
15333.87 0.51 0.0 
19110.48 0.57 0.0 
19244.96 0.68 0.0 
22757.51 0.39 0.0 
17867.79 0.38 0.0 
21152.09 0.53 0.0 
25518.61 0.87 0.0 
21289.57 0.42 0.0 
25518.61 0.86 0.0 
25683.31 0.45 0.0 
25187.69 0.38 0.0 
27280.89 0.37 0.0 
30024.67 0.46 0.0 
25187.87 0.44 0.0 
31869.87 0.37 0.0 
26491.13 0.45 0.0 
29566.70 0.52 0.0 
34175.35 0.43 0.0 
30024.71 0.36 0.0 
37625.66 0.82 0.0 
36714.53 0.42 0.0 
34175.31 0.38 0.0 
37625.66 0.87 0.0 
37000.29 0.47 0.0 
47620.71 0.40 0.0 
47551.69 0.33 0.0 
47620.67 0.45 0.0 
48344.67 0.38 0.0 
51766.47 0.54 0.0 
74852.79 0.41 0.0 
83334.31 0.67 0.0 
83334.30 0.87 0.0 
