1750.93 0.46 0.0 
8501.78 0.78 0.0 
12017.89 0.43 0.0 
12371.06 0.91 0.0 
12382.24 0.81 0.0 
5732.48 0.78 0.0 
12017.90 0.80 0.0 
10784.95 0.35 0.0 
12382.24 0.85 0.0 
11037.25 0.78 0.0 
11258.48 0.74 0.0 
13930.25 0.77 0.0 
13712.82 0.71 0.0 
8501.76 0.82 0.0 
13896.86 0.81 0.0 
13916.64 0.46 0.0 
11037.22 0.75 0.0 
14932.00 0.60 0.0 
15916.48 0.83 0.0 
11258.49 0.57 0.0 
15930.66 0.68 0.0 
12371.07 0.92 0.0 
13067.07 0.34 0.0 
17335.83 0.51 0.0 
13377.46 0.65 0.0 
13916.78 0.64 0.0 
13930.25 0.70 0.0 
13712.81 0.55 0.0 
13896.88 0.71 0.0 
14932.00 0.63 0.0 
15916.46 0.80 0.0 
15930.66 0.62 0.0 
17335.83 0.45 0.0 
22733.02 0.87 0.0 
26441.07 0.62 0.0 
25154.58 0.82 0.0 
25154.58 0.81 0.0 
22733.02 0.85 0.0 
27220.19 0.39 0.0 
27232.17 0.50 0.0 
31218.52 0.88 0.0 
31218.52 0.83 0.0 
27232.14 0.71 0.0 
26441.07 0.34 0.0 
27220.23 0.45 0.0 
33063.91 0.57 0.0 
32150.27 0.40 0.0 
34144.52 0.54 0.0 
33063.93 0.66 0.0 
34144.51 0.37 0.0 
34159.64 0.56 0.0 
35333.03 0.91 0.0 
35566.53 0.34 0.0 
32150.26 0.80 0.0 
34159.64 0.61 0.0 
35333.03 0.88 0.0 
39091.71 0.45 0.0 
36632.41 0.68 0.0 
61908.17 0.46 0.0 
61908.21 0.52 0.0 
73603.41 0.54 0.0 
82635.84 0.33 0.0 
80696.67 0.44 0.0 
84249.04 0.51 0.0 
