2610.40 0.96 0.0 
7129.93 0.68 0.0 
9916.37 0.53 0.0 
2610.42 0.95 0.0 
7129.92 0.79 0.0 
13063.20 0.46 0.0 
12281.50 0.78 0.0 
14937.63 0.30 0.0 
12281.50 0.81 0.0 
19260.32 0.74 0.0 
19247.83 0.67 0.0 
16589.88 0.88 0.0 
17138.71 0.36 0.0 
19247.83 0.61 0.0 
19260.28 0.91 0.0 
27318.63 0.40 0.0 
31028.34 0.70 0.0 
34163.12 0.53 0.0 
31233.25 0.47 0.0 
34163.12 0.52 0.0 
35524.36 0.80 0.0 
35524.38 0.79 0.0 
31028.38 0.74 0.0 
36357.78 0.56 0.0 
37203.84 0.96 0.0 
37203.84 0.96 0.0 
39833.57 0.56 0.0 
33218.33 0.30 0.0 
37435.21 0.55 0.0 
