11053.76 0.79 0.0 
11254.79 0.57 0.0 
10757.55 0.40 0.0 
7873.52 0.39 0.0 
14204.32 0.86 0.0 
13542.90 0.93 0.0 
13920.23 0.56 0.0 
13384.04 0.47 0.0 
15014.11 0.41 0.0 
15132.13 0.48 0.0 
16576.20 0.48 0.0 
12659.40 0.57 0.0 
15333.89 0.35 0.0 
13372.51 0.90 0.0 
15317.19 0.63 0.0 
13833.09 0.33 0.0 
13846.25 0.32 0.0 
15903.13 0.96 0.0 
13372.51 0.92 0.0 
13384.01 0.41 0.0 
11254.82 0.59 0.0 
11478.01 0.52 0.0 
15903.12 0.94 0.0 
13542.88 0.95 0.0 
17339.28 0.37 0.0 
13889.88 0.47 0.0 
13920.67 0.56 0.0 
15103.48 0.71 0.0 
15317.19 0.68 0.0 
19264.04 0.43 0.0 
15149.42 0.43 0.0 
25670.12 0.61 0.0 
25150.21 0.94 0.0 
25670.12 0.31 0.0 
27875.37 0.39 0.0 
28241.63 0.32 0.0 
27833.51 0.57 0.0 
27833.53 0.59 0.0 
25150.20 0.94 0.0 
30358.23 0.55 0.0 
28520.85 0.53 0.0 
35353.51 0.33 0.0 
41278.53 0.49 0.0 
32143.09 0.54 0.0 
33812.01 0.34 0.0 
47007.87 0.35 0.0 
51182.60 0.68 0.0 
51534.37 0.33 0.0 
53867.39 0.37 0.0 
52017.60 0.59 0.0 
51534.36 0.44 0.0 
49229.04 0.66 0.0 
72762.08 0.48 0.0 
74366.44 0.34 0.0 
79094.19 0.42 0.0 
81295.28 0.56 0.0 
84078.84 0.45 0.0 
