2608.11 0.98 0.0 
2608.11 0.98 0.0 
11043.68 0.41 0.0 
11043.61 0.43 0.0 
12608.59 0.40 0.0 
12268.84 0.55 0.0 
13050.87 0.56 0.0 
17123.82 0.97 0.0 
12268.84 0.64 0.0 
17123.80 0.89 0.0 
16588.51 0.97 0.0 
17547.69 0.34 0.0 
19245.77 0.32 0.0 
16588.51 0.97 0.0 
19245.75 0.32 0.0 
19251.92 0.48 0.0 
27268.16 0.78 0.0 
27612.93 0.56 0.0 
31027.23 0.93 0.0 
30965.48 0.87 0.0 
30965.48 0.81 0.0 
34300.04 0.89 0.0 
36085.11 0.73 0.0 
35051.07 0.77 0.0 
35522.70 0.96 0.0 
35522.70 0.96 0.0 
31027.24 0.89 0.0 
36355.96 0.97 0.0 
37202.61 0.98 0.0 
37202.61 0.99 0.0 
34145.92 0.87 0.0 
39832.32 0.86 0.0 
33595.84 0.49 0.0 
36355.95 0.98 0.0 
39832.32 0.81 0.0 
42522.13 0.42 0.0 
50603.41 0.44 0.0 
47455.59 0.49 0.0 
56401.76 0.69 0.0 
57716.12 0.37 0.0 
84989.57 0.49 0.0 
