11069.46 0.71 0.0 
11269.16 0.80 0.0 
11256.44 0.82 0.0 
11269.16 0.77 0.0 
13821.15 0.34 0.0 
13936.08 0.54 0.0 
13546.89 0.41 0.0 
10236.97 0.50 0.0 
10251.21 0.66 0.0 
13546.86 0.37 0.0 
13921.35 0.34 0.0 
15496.95 0.31 0.0 
10251.20 0.61 0.0 
13385.61 0.65 0.0 
16582.05 0.59 0.0 
14222.89 0.54 0.0 
13373.89 0.85 0.0 
15318.09 0.47 0.0 
13847.61 0.56 0.0 
17773.09 0.52 0.0 
13373.88 0.83 0.0 
13385.66 0.55 0.0 
17342.61 0.73 0.0 
13735.83 0.32 0.0 
13847.57 0.70 0.0 
14222.79 0.34 0.0 
11256.46 0.81 0.0 
11069.47 0.34 0.0 
12247.95 0.34 0.0 
13636.31 0.33 0.0 
13891.04 0.31 0.0 
22743.19 0.64 0.0 
13921.29 0.47 0.0 
13936.03 0.33 0.0 
15195.59 0.52 0.0 
15318.08 0.53 0.0 
14401.10 0.54 0.0 
25151.71 0.46 0.0 
17773.13 0.58 0.0 
27837.87 0.39 0.0 
27837.89 0.55 0.0 
25151.71 0.44 0.0 
32396.71 0.45 0.0 
32157.35 0.36 0.0 
32396.68 0.33 0.0 
32412.14 0.68 0.0 
33826.79 0.31 0.0 
25163.40 0.37 0.0 
33826.77 0.63 0.0 
35557.61 0.56 0.0 
35573.12 0.46 0.0 
32412.16 0.73 0.0 
51184.14 0.84 0.0 
52200.81 0.31 0.0 
70579.11 0.36 0.0 
85489.63 0.36 0.0 
