1890.47 0.34 0.0 
4048.64 0.35 0.0 
4649.25 0.41 0.0 
7780.69 0.52 0.0 
7141.89 0.61 0.0 
7780.68 0.64 0.0 
13929.24 0.49 0.0 
15336.05 0.44 0.0 
7785.95 0.33 0.0 
18740.24 0.59 0.0 
15202.72 0.80 0.0 
15202.72 0.71 0.0 
20571.13 0.65 0.0 
20110.33 0.47 0.0 
10238.27 0.32 0.0 
16438.11 0.43 0.0 
27017.43 0.35 0.0 
17987.51 0.40 0.0 
25678.15 0.56 0.0 
25690.16 0.49 0.0 
13950.80 0.82 0.0 
31599.47 0.46 0.0 
32378.57 0.81 0.0 
25678.16 0.38 0.0 
25690.21 0.50 0.0 
20571.11 0.64 0.0 
32378.59 0.61 0.0 
37606.62 0.49 0.0 
38305.11 0.40 0.0 
43246.05 0.48 0.0 
40813.31 0.81 0.0 
47471.08 0.44 0.0 
44499.12 0.67 0.0 
38028.63 0.52 0.0 
46572.03 0.36 0.0 
50716.58 0.75 0.0 
46572.03 0.35 0.0 
53460.43 0.69 0.0 
57977.35 0.38 0.0 
56531.63 0.94 0.0 
63645.48 0.41 0.0 
60331.48 0.65 0.0 
46835.04 0.40 0.0 
56531.63 0.95 0.0 
57514.87 0.38 0.0 
73204.10 0.72 0.0 
79559.30 0.91 0.0 
77388.15 0.33 0.0 
83230.40 0.59 0.0 
79559.30 0.93 0.0 
