1153.37 0.50 0.0 
4855.13 0.37 0.0 
2850.85 0.30 0.0 
8354.37 0.66 0.0 
6958.69 0.62 0.0 
4648.64 0.41 0.0 
7587.73 0.31 0.0 
7780.13 0.53 0.0 
8159.24 0.66 0.0 
11202.71 0.79 0.0 
7140.73 0.34 0.0 
7780.12 0.83 0.0 
15615.48 0.38 0.0 
15762.04 0.44 0.0 
13926.45 0.35 0.0 
12420.48 0.32 0.0 
15335.48 0.37 0.0 
13048.72 0.68 0.0 
12463.00 0.67 0.0 
15143.64 0.62 0.0 
16436.48 0.98 0.0 
15199.45 0.43 0.0 
20567.85 0.98 0.0 
12374.59 0.81 0.0 
22244.43 0.35 0.0 
20109.84 0.62 0.0 
15132.48 0.46 0.0 
15492.81 0.65 0.0 
16436.48 0.98 0.0 
26677.54 0.56 0.0 
26923.60 0.59 0.0 
27015.27 0.69 0.0 
25677.45 0.39 0.0 
28599.39 0.42 0.0 
26068.09 0.35 0.0 
27015.27 0.83 0.0 
30039.93 0.33 0.0 
31632.17 0.56 0.0 
31598.85 0.31 0.0 
31938.27 0.59 0.0 
32322.97 0.37 0.0 
18292.56 0.46 0.0 
32133.27 0.71 0.0 
31938.29 0.36 0.0 
32376.65 0.97 0.0 
30689.49 0.41 0.0 
31179.13 0.40 0.0 
25677.45 0.38 0.0 
20567.85 0.98 0.0 
32133.24 0.35 0.0 
32222.88 0.31 0.0 
32376.66 0.97 0.0 
34312.64 0.57 0.0 
38807.65 0.35 0.0 
38830.24 0.43 0.0 
35516.20 0.97 0.0 
40754.48 0.33 0.0 
41232.25 0.35 0.0 
38304.25 0.38 0.0 
42645.64 0.45 0.0 
43245.52 0.61 0.0 
26677.52 0.34 0.0 
40808.35 0.55 0.0 
41758.40 0.41 0.0 
46026.09 0.61 0.0 
44562.65 0.31 0.0 
35516.20 0.96 0.0 
47327.19 0.45 0.0 
30515.97 0.32 0.0 
43664.33 0.33 0.0 
43288.44 0.47 0.0 
44494.25 0.70 0.0 
44520.41 0.36 0.0 
44494.25 0.51 0.0 
50594.44 0.49 0.0 
46561.03 0.80 0.0 
46026.12 0.52 0.0 
47621.48 0.42 0.0 
40813.23 0.49 0.0 
37135.76 0.37 0.0 
43572.52 0.66 0.0 
49620.04 0.31 0.0 
38190.89 0.35 0.0 
57314.00 0.49 0.0 
46561.04 0.59 0.0 
55556.36 0.55 0.0 
56528.95 0.98 0.0 
57103.60 0.36 0.0 
56848.95 0.55 0.0 
52809.16 0.35 0.0 
46831.27 0.83 0.0 
63337.68 0.70 0.0 
63343.92 0.40 0.0 
63463.64 0.54 0.0 
63504.76 0.43 0.0 
63621.16 0.36 0.0 
56171.45 0.62 0.0 
63337.68 0.71 0.0 
56528.95 0.98 0.0 
64554.84 0.80 0.0 
64645.17 0.55 0.0 
67108.73 0.38 0.0 
67424.19 0.46 0.0 
63614.49 0.39 0.0 
75788.27 0.59 0.0 
73660.36 0.43 0.0 
75994.61 0.49 0.0 
76876.33 0.43 0.0 
76901.77 0.31 0.0 
80113.80 0.50 0.0 
75685.43 0.94 0.0 
75788.27 0.32 0.0 
64258.08 0.41 0.0 
79555.92 0.97 0.0 
82197.43 0.52 0.0 
85677.41 0.84 0.0 
83845.69 0.35 0.0 
84089.40 0.87 0.0 
79555.92 0.97 0.0 
85169.20 0.77 0.0 
82094.60 0.48 0.0 
79119.97 0.33 0.0 
