317.27 0.43 0.0 
3928.55 0.44 0.0 
4048.86 0.86 0.0 
4245.63 0.40 0.0 
4088.72 0.55 0.0 
5074.11 0.35 0.0 
3955.39 0.49 0.0 
9615.55 0.39 0.0 
8492.74 0.40 0.0 
3638.83 0.44 0.0 
13067.76 0.85 0.0 
325.13 0.60 0.0 
430.31 0.30 0.0 
13067.75 0.31 0.0 
16473.71 0.36 0.0 
4048.87 0.49 0.0 
8480.73 0.36 0.0 
26234.59 0.43 0.0 
25677.24 0.68 0.0 
25688.94 0.60 0.0 
27660.76 0.63 0.0 
26872.11 0.31 0.0 
25677.23 0.45 0.0 
29939.69 0.57 0.0 
32849.86 0.79 0.0 
33611.31 0.40 0.0 
33635.19 0.33 0.0 
25589.16 0.42 0.0 
20249.21 0.37 0.0 
27736.71 0.66 0.0 
26234.59 0.47 0.0 
45438.29 0.76 0.0 
43814.75 0.36 0.0 
45153.48 0.73 0.0 
46471.36 0.67 0.0 
51556.96 0.53 0.0 
52276.85 0.40 0.0 
43700.93 0.54 0.0 
52632.23 0.48 0.0 
45153.47 0.41 0.0 
53718.77 0.35 0.0 
52233.45 0.49 0.0 
53836.45 0.66 0.0 
52351.45 0.60 0.0 
51504.71 0.44 0.0 
52979.47 0.32 0.0 
46471.33 0.35 0.0 
55276.79 0.34 0.0 
55767.74 0.71 0.0 
54877.83 0.54 0.0 
51932.97 0.51 0.0 
54859.95 0.55 0.0 
51282.93 0.54 0.0 
51504.68 0.50 0.0 
52337.48 0.50 0.0 
61036.43 0.36 0.0 
61246.50 0.74 0.0 
45438.28 0.76 0.0 
61235.96 0.59 0.0 
61246.49 0.58 0.0 
62450.61 0.49 0.0 
61332.12 0.59 0.0 
62450.63 0.30 0.0 
54859.94 0.64 0.0 
54877.81 0.67 0.0 
62884.55 0.34 0.0 
61291.55 0.38 0.0 
63611.33 0.31 0.0 
64326.15 0.30 0.0 
64548.31 0.34 0.0 
67756.87 0.41 0.0 
68003.91 0.30 0.0 
65770.75 0.42 0.0 
68382.69 0.55 0.0 
59902.59 0.37 0.0 
68076.49 0.32 0.0 
52621.83 0.39 0.0 
68212.03 0.47 0.0 
66843.45 0.33 0.0 
68333.15 0.42 0.0 
68312.33 0.41 0.0 
68566.23 0.51 0.0 
68436.35 0.53 0.0 
60978.75 0.36 0.0 
61217.01 0.31 0.0 
68911.84 0.38 0.0 
68936.33 0.55 0.0 
67680.59 0.45 0.0 
65857.37 0.44 0.0 
65871.07 0.46 0.0 
61818.53 0.50 0.0 
53942.01 0.59 0.0 
70541.33 0.42 0.0 
70147.67 0.36 0.0 
62562.15 0.35 0.0 
68410.51 0.33 0.0 
68521.05 0.56 0.0 
68527.49 0.35 0.0 
68889.55 0.51 0.0 
68986.34 0.55 0.0 
70869.49 0.57 0.0 
71599.87 0.36 0.0 
70972.83 0.37 0.0 
71206.86 0.75 0.0 
71222.61 0.41 0.0 
55767.78 0.79 0.0 
71472.15 0.31 0.0 
71579.87 0.35 0.0 
71672.63 0.31 0.0 
65182.63 0.41 0.0 
70800.58 0.45 0.0 
70800.22 0.69 0.0 
72637.13 0.51 0.0 
73399.23 0.33 0.0 
73656.21 0.44 0.0 
71271.17 0.74 0.0 
73902.93 0.59 0.0 
71388.47 0.40 0.0 
73995.91 0.30 0.0 
71625.43 0.43 0.0 
70196.11 0.41 0.0 
74369.27 0.42 0.0 
73953.76 0.67 0.0 
74097.21 0.33 0.0 
74088.05 0.43 0.0 
74458.67 0.31 0.0 
72359.65 0.63 0.0 
74672.41 0.37 0.0 
74930.39 0.32 0.0 
75580.99 0.36 0.0 
72827.17 0.67 0.0 
73588.89 0.44 0.0 
75398.33 0.36 0.0 
75769.83 0.38 0.0 
74307.79 0.53 0.0 
73684.44 0.33 0.0 
74647.38 0.52 0.0 
72597.69 0.50 0.0 
74898.41 0.40 0.0 
73173.63 0.46 0.0 
75386.49 0.33 0.0 
75480.71 0.33 0.0 
73902.71 0.36 0.0 
71175.58 0.68 0.0 
74490.65 0.66 0.0 
62467.19 0.31 0.0 
75210.57 0.59 0.0 
75580.99 0.42 0.0 
74307.79 0.40 0.0 
74898.37 0.36 0.0 
68482.41 0.54 0.0 
69542.33 0.58 0.0 
70147.69 0.40 0.0 
70523.63 0.32 0.0 
70869.54 0.58 0.0 
71222.50 0.41 0.0 
73866.55 0.36 0.0 
75554.76 0.53 0.0 
75784.27 0.44 0.0 
