100.03 0.37 0.0 
824.49 0.52 0.0 
1167.44 0.37 0.0 
1153.96 0.36 0.0 
2128.05 0.63 0.0 
1850.33 0.40 0.0 
241.44 0.47 0.0 
899.20 0.75 0.0 
1094.05 0.53 0.0 
2834.04 0.86 0.0 
3927.72 0.69 0.0 
2954.56 0.93 0.0 
1475.28 0.36 0.0 
4048.12 0.98 0.0 
3645.80 0.76 0.0 
3673.89 0.30 0.0 
1948.92 0.35 0.0 
3914.24 0.86 0.0 
4245.01 0.30 0.0 
4514.44 0.96 0.0 
4753.16 0.45 0.0 
4992.41 0.36 0.0 
3637.81 0.44 0.0 
3609.96 0.63 0.0 
692.08 0.43 0.0 
3847.56 0.33 0.0 
4088.29 0.34 0.0 
4094.12 0.85 0.0 
4109.43 0.37 0.0 
4694.40 0.42 0.0 
1919.16 0.39 0.0 
5797.44 0.39 0.0 
2879.60 0.44 0.0 
6851.72 0.31 0.0 
8744.00 0.48 0.0 
3954.76 0.78 0.0 
5011.76 0.45 0.0 
7587.55 0.67 0.0 
8772.22 0.73 0.0 
5517.25 0.52 0.0 
8937.41 0.61 0.0 
642.64 0.34 0.0 
9374.03 0.81 0.0 
9612.20 0.79 0.0 
9612.21 0.55 0.0 
1962.52 0.46 0.0 
11772.35 0.87 0.0 
3637.84 0.80 0.0 
4095.71 0.41 0.0 
4244.28 0.62 0.0 
5073.21 0.33 0.0 
15913.92 0.79 0.0 
208.53 0.39 0.0 
447.41 0.38 0.0 
17023.69 0.35 0.0 
1043.08 0.54 0.0 
1049.59 0.69 0.0 
1167.44 0.31 0.0 
2128.04 0.86 0.0 
9281.21 0.90 0.0 
3927.72 0.66 0.0 
4048.12 0.98 0.0 
22250.60 0.51 0.0 
22183.36 0.94 0.0 
22135.08 0.43 0.0 
22250.63 0.51 0.0 
22932.35 0.33 0.0 
15044.27 0.39 0.0 
9448.96 0.33 0.0 
26230.81 0.77 0.0 
9569.31 0.75 0.0 
24988.89 0.50 0.0 
25574.33 0.67 0.0 
27657.52 0.53 0.0 
26054.28 0.71 0.0 
27779.52 0.53 0.0 
27732.64 0.44 0.0 
26517.04 0.45 0.0 
29938.44 0.49 0.0 
27357.49 0.36 0.0 
32849.20 0.90 0.0 
31333.52 0.41 0.0 
33444.69 0.32 0.0 
33464.40 0.66 0.0 
34064.01 0.58 0.0 
24524.09 0.41 0.0 
33606.68 0.80 0.0 
33631.44 0.53 0.0 
34333.04 0.51 0.0 
20246.77 0.48 0.0 
38023.37 0.35 0.0 
35277.92 0.74 0.0 
38278.05 0.37 0.0 
26230.84 0.60 0.0 
39479.36 0.54 0.0 
27660.67 0.32 0.0 
32849.19 0.97 0.0 
41202.36 0.65 0.0 
50744.51 0.40 0.0 
33929.00 0.46 0.0 
51103.95 0.44 0.0 
35487.52 0.60 0.0 
52366.71 0.37 0.0 
40875.24 0.41 0.0 
59264.27 0.65 0.0 
55194.24 0.45 0.0 
61183.97 0.30 0.0 
45432.25 0.38 0.0 
61244.07 0.34 0.0 
61330.00 0.43 0.0 
55003.00 0.35 0.0 
64099.96 0.63 0.0 
64708.83 0.30 0.0 
66822.44 0.53 0.0 
58818.08 0.67 0.0 
51209.12 0.76 0.0 
68431.71 0.40 0.0 
70513.95 0.81 0.0 
63017.15 0.45 0.0 
70753.19 0.37 0.0 
71381.43 0.53 0.0 
68889.51 0.54 0.0 
70868.68 0.47 0.0 
64099.99 0.72 0.0 
71576.61 0.40 0.0 
70797.79 0.51 0.0 
74366.20 0.30 0.0 
74453.80 0.70 0.0 
74453.76 0.56 0.0 
74926.23 0.32 0.0 
73680.95 0.47 0.0 
75422.28 0.51 0.0 
68430.00 0.34 0.0 
68431.55 0.40 0.0 
73681.00 0.76 0.0 
74894.76 0.51 0.0 
74509.95 0.36 0.0 
73915.77 0.32 0.0 
83863.28 0.89 0.0 
69200.19 0.58 0.0 
69567.47 0.38 0.0 
85847.08 0.41 0.0 
83985.28 0.34 0.0 
86113.87 0.38 0.0 
70868.75 0.54 0.0 
83515.40 0.33 0.0 
85109.20 0.32 0.0 
86040.61 0.38 0.0 
72446.56 0.32 0.0 
85679.59 0.67 0.0 
84644.39 0.69 0.0 
75422.32 0.64 0.0 
75551.51 0.51 0.0 
75689.05 0.36 0.0 
83967.57 0.39 0.0 
85048.85 0.34 0.0 
