252.09 0.61 0.0 
17.13 0.34 0.0 
43.80 0.48 0.0 
1122.71 0.31 0.0 
525.33 0.30 0.0 
1829.68 0.63 0.0 
1964.23 0.47 0.0 
2996.89 0.76 0.0 
3014.58 0.37 0.0 
2443.25 0.38 0.0 
447.59 0.62 0.0 
3019.16 0.58 0.0 
1661.17 0.31 0.0 
791.44 0.39 0.0 
3019.20 0.53 0.0 
1736.24 0.62 0.0 
1287.96 0.55 0.0 
3344.53 0.52 0.0 
3454.57 0.33 0.0 
2996.88 0.50 0.0 
3118.96 0.67 0.0 
4704.00 0.40 0.0 
4703.95 0.62 0.0 
3294.87 0.38 0.0 
3454.57 0.32 0.0 
5084.15 0.90 0.0 
6709.16 0.38 0.0 
3428.25 0.58 0.0 
4255.01 0.57 0.0 
5249.71 0.43 0.0 
7574.51 0.79 0.0 
4255.17 0.49 0.0 
4857.11 0.30 0.0 
5084.15 0.60 0.0 
5099.51 0.38 0.0 
5802.69 0.33 0.0 
5473.29 0.59 0.0 
6816.84 0.48 0.0 
6824.31 0.69 0.0 
6194.16 0.80 0.0 
8560.49 0.52 0.0 
9827.04 0.47 0.0 
6793.96 0.34 0.0 
7793.68 0.42 0.0 
7897.13 0.35 0.0 
10677.49 0.36 0.0 
8609.37 0.38 0.0 
9490.31 0.38 0.0 
7846.55 0.66 0.0 
8981.60 0.77 0.0 
11145.22 0.39 0.0 
11174.28 0.46 0.0 
9222.68 0.45 0.0 
9223.33 0.33 0.0 
7846.52 0.79 0.0 
11389.37 0.40 0.0 
9463.13 0.30 0.0 
8626.00 0.63 0.0 
11516.43 0.64 0.0 
8981.60 0.69 0.0 
8999.53 0.63 0.0 
8457.56 0.59 0.0 
8474.45 0.58 0.0 
11892.73 0.46 0.0 
9359.56 0.68 0.0 
9471.36 0.53 0.0 
8369.06 0.37 0.0 
8609.39 0.76 0.0 
8728.83 0.77 0.0 
9433.41 0.83 0.0 
10558.55 0.81 0.0 
9433.41 0.52 0.0 
10797.76 0.38 0.0 
11143.15 0.95 0.0 
11038.76 0.36 0.0 
12164.28 0.55 0.0 
13441.35 0.39 0.0 
11143.15 0.95 0.0 
11157.53 0.52 0.0 
13557.45 0.77 0.0 
13572.72 0.35 0.0 
12242.20 0.32 0.0 
12268.65 0.35 0.0 
12269.48 0.31 0.0 
13694.56 0.57 0.0 
12632.03 0.64 0.0 
13810.67 0.33 0.0 
11389.36 0.44 0.0 
10259.44 0.71 0.0 
10288.93 0.69 0.0 
11516.45 0.70 0.0 
11734.07 0.55 0.0 
11231.71 0.57 0.0 
10978.20 0.77 0.0 
13050.17 0.33 0.0 
14866.62 0.93 0.0 
12888.23 0.90 0.0 
13557.45 0.69 0.0 
14775.97 0.56 0.0 
13027.83 0.44 0.0 
14775.98 0.84 0.0 
13673.73 0.35 0.0 
15973.76 0.82 0.0 
14263.63 0.73 0.0 
13789.48 0.57 0.0 
12632.06 0.56 0.0 
16185.54 0.60 0.0 
12888.23 0.94 0.0 
13029.35 0.67 0.0 
15404.42 0.73 0.0 
13120.21 0.34 0.0 
14864.58 0.90 0.0 
14864.56 0.39 0.0 
14866.61 0.52 0.0 
14877.75 0.41 0.0 
15883.97 0.36 0.0 
16930.49 0.38 0.0 
13767.57 0.77 0.0 
16364.39 0.33 0.0 
15359.08 0.72 0.0 
14689.73 0.31 0.0 
14714.57 0.35 0.0 
16801.97 0.49 0.0 
17652.16 0.65 0.0 
16185.49 0.47 0.0 
18372.93 0.34 0.0 
17652.16 0.94 0.0 
16153.89 0.57 0.0 
18044.13 0.56 0.0 
15563.91 0.77 0.0 
17491.88 0.43 0.0 
15803.17 0.30 0.0 
18985.99 0.74 0.0 
17447.00 0.42 0.0 
17447.01 0.56 0.0 
20533.96 0.68 0.0 
19703.61 0.32 0.0 
19317.09 0.79 0.0 
17967.59 0.46 0.0 
20520.07 0.38 0.0 
20896.97 0.51 0.0 
20896.96 0.40 0.0 
19246.33 0.44 0.0 
18899.57 0.45 0.0 
20501.15 0.45 0.0 
21130.29 0.37 0.0 
20602.65 0.41 0.0 
21961.61 0.43 0.0 
20744.37 0.66 0.0 
20518.68 0.59 0.0 
21880.18 0.89 0.0 
20709.68 0.84 0.0 
21961.60 0.41 0.0 
21982.00 0.34 0.0 
21839.43 0.32 0.0 
21824.58 0.46 0.0 
21073.69 0.65 0.0 
20602.03 0.37 0.0 
20709.68 0.76 0.0 
20829.01 0.71 0.0 
21433.64 0.34 0.0 
23295.32 0.90 0.0 
23306.32 0.34 0.0 
23295.30 0.91 0.0 
23319.24 0.76 0.0 
20968.85 0.30 0.0 
24118.17 0.30 0.0 
21415.37 0.31 0.0 
21880.16 0.54 0.0 
22501.48 0.55 0.0 
22017.65 0.48 0.0 
22018.58 0.34 0.0 
24269.40 0.97 0.0 
23732.61 0.47 0.0 
22476.37 0.35 0.0 
24197.21 0.48 0.0 
23234.48 0.43 0.0 
22501.47 0.87 0.0 
22519.15 0.82 0.0 
24453.65 0.36 0.0 
23008.55 0.33 0.0 
25933.95 0.33 0.0 
24716.24 0.32 0.0 
23808.11 0.39 0.0 
23831.56 0.39 0.0 
23834.46 0.58 0.0 
23234.45 0.53 0.0 
25706.49 0.55 0.0 
25543.91 0.51 0.0 
23808.12 0.30 0.0 
26637.48 0.59 0.0 
26124.01 0.51 0.0 
24300.10 0.40 0.0 
26547.87 0.62 0.0 
26637.50 0.50 0.0 
27282.83 0.84 0.0 
25870.92 0.58 0.0 
27693.84 0.63 0.0 
26592.17 0.30 0.0 
28240.97 0.40 0.0 
26124.00 0.58 0.0 
26487.36 0.49 0.0 
28652.23 0.46 0.0 
28652.15 0.39 0.0 
28760.42 0.74 0.0 
28781.09 0.31 0.0 
29533.05 0.80 0.0 
28033.73 0.35 0.0 
27328.03 0.60 0.0 
27282.87 0.82 0.0 
29665.29 0.31 0.0 
29803.77 0.48 0.0 
27807.43 0.60 0.0 
28169.00 0.46 0.0 
30329.40 0.45 0.0 
31066.19 0.37 0.0 
29005.23 0.77 0.0 
31413.45 0.54 0.0 
29488.51 0.44 0.0 
31413.43 0.84 0.0 
31548.85 0.34 0.0 
31554.95 0.44 0.0 
30285.71 0.47 0.0 
32054.41 0.43 0.0 
31935.73 0.60 0.0 
29795.99 0.40 0.0 
32245.93 0.59 0.0 
32905.25 0.30 0.0 
30329.44 0.73 0.0 
32747.61 0.43 0.0 
32773.69 0.68 0.0 
33275.56 0.95 0.0 
33091.45 0.44 0.0 
33108.36 0.33 0.0 
31288.16 0.68 0.0 
31009.04 0.46 0.0 
32470.16 0.70 0.0 
34348.20 0.62 0.0 
33060.35 0.69 0.0 
33188.72 0.35 0.0 
35292.91 0.30 0.0 
35683.09 0.51 0.0 
35788.31 0.33 0.0 
33188.67 0.38 0.0 
36016.76 0.61 0.0 
35123.61 0.79 0.0 
35237.24 0.75 0.0 
35158.40 0.71 0.0 
33275.58 0.93 0.0 
34871.31 0.52 0.0 
35515.49 0.34 0.0 
36113.85 0.62 0.0 
36316.89 0.56 0.0 
35861.25 0.32 0.0 
36508.70 0.49 0.0 
36627.05 0.49 0.0 
36114.88 0.53 0.0 
35594.03 0.74 0.0 
34768.09 0.33 0.0 
37088.35 0.66 0.0 
37472.80 0.71 0.0 
37213.29 0.35 0.0 
36823.28 0.35 0.0 
37724.15 0.44 0.0 
35942.88 0.55 0.0 
35123.60 0.92 0.0 
36073.85 0.53 0.0 
36191.27 0.41 0.0 
36192.09 0.40 0.0 
34978.93 0.40 0.0 
35237.24 0.51 0.0 
36932.84 0.44 0.0 
38324.52 0.74 0.0 
36771.29 0.47 0.0 
37031.08 0.48 0.0 
37147.28 0.45 0.0 
37917.32 0.88 0.0 
36316.93 0.31 0.0 
39227.77 0.37 0.0 
36271.64 0.43 0.0 
36298.43 0.30 0.0 
39494.43 0.46 0.0 
39739.83 0.82 0.0 
39878.29 0.43 0.0 
36771.32 0.39 0.0 
40002.92 0.40 0.0 
40124.19 0.76 0.0 
39264.80 0.69 0.0 
39956.91 0.44 0.0 
38205.89 0.65 0.0 
38218.67 0.33 0.0 
37472.85 0.67 0.0 
40477.80 0.34 0.0 
40484.41 0.60 0.0 
39739.84 0.71 0.0 
39704.32 0.34 0.0 
39956.95 0.56 0.0 
38205.89 0.33 0.0 
40468.20 0.61 0.0 
39290.17 0.36 0.0 
41272.16 0.30 0.0 
39531.13 0.55 0.0 
41777.08 0.77 0.0 
41506.45 0.30 0.0 
40948.31 0.30 0.0 
41772.48 0.77 0.0 
41016.19 0.80 0.0 
39279.03 0.33 0.0 
39290.12 0.34 0.0 
40746.44 0.40 0.0 
41205.21 0.48 0.0 
42223.83 0.69 0.0 
42707.81 0.32 0.0 
42368.19 0.39 0.0 
41247.19 0.86 0.0 
41608.13 0.32 0.0 
42072.36 0.48 0.0 
43412.35 0.38 0.0 
41337.09 0.55 0.0 
44776.76 0.39 0.0 
44375.32 0.49 0.0 
43018.92 0.32 0.0 
44375.33 0.49 0.0 
44483.60 0.63 0.0 
44622.49 0.44 0.0 
44654.49 0.34 0.0 
45762.52 0.37 0.0 
43633.52 0.72 0.0 
45237.75 0.35 0.0 
43873.05 0.52 0.0 
43018.96 0.32 0.0 
43993.28 0.42 0.0 
44111.49 0.52 0.0 
45490.73 0.32 0.0 
46949.95 0.37 0.0 
45945.27 0.52 0.0 
45945.23 0.37 0.0 
45867.26 0.69 0.0 
47662.49 0.68 0.0 
48135.93 0.82 0.0 
46891.33 0.50 0.0 
46883.37 0.52 0.0 
45647.95 0.33 0.0 
47530.64 0.63 0.0 
46006.99 0.81 0.0 
47747.41 0.62 0.0 
47747.40 0.47 0.0 
47774.19 0.75 0.0 
47188.85 0.44 0.0 
47894.54 0.58 0.0 
45647.99 0.40 0.0 
48112.53 0.84 0.0 
46488.68 0.43 0.0 
45774.01 0.38 0.0 
48112.52 0.91 0.0 
46883.41 0.42 0.0 
47530.60 0.33 0.0 
49844.07 0.32 0.0 
46007.00 0.71 0.0 
46991.96 0.33 0.0 
49962.61 0.40 0.0 
47662.48 0.76 0.0 
46618.32 0.58 0.0 
50316.40 0.52 0.0 
48135.96 0.74 0.0 
47807.79 0.79 0.0 
47829.36 0.48 0.0 
47722.60 0.40 0.0 
49304.24 0.65 0.0 
48509.01 0.32 0.0 
48086.16 0.42 0.0 
51262.80 0.85 0.0 
48663.77 0.41 0.0 
50388.84 0.79 0.0 
50388.84 0.89 0.0 
48805.97 0.63 0.0 
48179.35 0.78 0.0 
50864.48 0.52 0.0 
52123.31 0.44 0.0 
51253.64 0.54 0.0 
51078.35 0.49 0.0 
51216.76 0.45 0.0 
51216.76 0.77 0.0 
49873.12 0.75 0.0 
52063.64 0.33 0.0 
52937.72 0.31 0.0 
52094.08 0.80 0.0 
52063.69 0.30 0.0 
53071.31 0.57 0.0 
49737.40 0.33 0.0 
51262.79 0.87 0.0 
53323.88 0.84 0.0 
50969.13 0.45 0.0 
50926.16 0.93 0.0 
50943.81 0.60 0.0 
51078.35 0.42 0.0 
53543.04 0.68 0.0 
53912.73 0.76 0.0 
53130.13 0.34 0.0 
54043.65 0.51 0.0 
54044.51 0.35 0.0 
50698.87 0.60 0.0 
50912.77 0.54 0.0 
50926.16 0.95 0.0 
54524.57 0.39 0.0 
51054.28 0.43 0.0 
52469.60 0.43 0.0 
53733.23 0.67 0.0 
51295.76 0.36 0.0 
54762.88 0.46 0.0 
53715.35 0.35 0.0 
53733.23 0.84 0.0 
51538.59 0.51 0.0 
52937.39 0.33 0.0 
55103.96 0.38 0.0 
55115.87 0.36 0.0 
52847.53 0.66 0.0 
53543.01 0.37 0.0 
53089.53 0.42 0.0 
52113.25 0.31 0.0 
55937.21 0.33 0.0 
55963.62 0.67 0.0 
53818.88 0.60 0.0 
55663.07 0.43 0.0 
53071.37 0.47 0.0 
53089.48 0.62 0.0 
53099.16 0.62 0.0 
55690.49 0.59 0.0 
55108.29 0.45 0.0 
56054.33 0.70 0.0 
55227.21 0.30 0.0 
54672.19 0.46 0.0 
56118.91 0.36 0.0 
56533.37 0.52 0.0 
53818.85 0.76 0.0 
56653.35 0.88 0.0 
53912.73 0.83 0.0 
56638.64 0.59 0.0 
55523.62 0.31 0.0 
54418.07 0.44 0.0 
55514.25 0.45 0.0 
56546.48 0.81 0.0 
54771.04 0.63 0.0 
56124.96 0.78 0.0 
54896.43 0.45 0.0 
56907.68 0.34 0.0 
56226.95 0.49 0.0 
58946.52 0.55 0.0 
57944.11 0.52 0.0 
58542.75 0.35 0.0 
58542.71 0.37 0.0 
57668.60 0.67 0.0 
59037.83 0.79 0.0 
59293.61 0.42 0.0 
59142.59 0.95 0.0 
59142.60 0.58 0.0 
59256.09 0.34 0.0 
59256.09 0.49 0.0 
59309.01 0.35 0.0 
60867.12 0.86 0.0 
59668.77 0.67 0.0 
58889.12 0.80 0.0 
59239.38 0.31 0.0 
58238.39 0.52 0.0 
61938.59 0.94 0.0 
61073.89 0.64 0.0 
62202.20 0.38 0.0 
60867.11 0.95 0.0 
60195.20 0.60 0.0 
61786.95 0.42 0.0 
61806.00 0.67 0.0 
60433.53 0.40 0.0 
60434.28 0.52 0.0 
62268.84 0.48 0.0 
62268.87 0.47 0.0 
63402.87 0.38 0.0 
62502.20 0.36 0.0 
61272.29 0.30 0.0 
61805.99 0.81 0.0 
63104.09 0.42 0.0 
61513.08 0.46 0.0 
61528.54 0.90 0.0 
63852.29 0.37 0.0 
64563.68 0.75 0.0 
61607.03 0.46 0.0 
62962.44 0.41 0.0 
65312.44 0.33 0.0 
64533.65 0.47 0.0 
65536.81 0.35 0.0 
65794.84 0.47 0.0 
65479.48 0.62 0.0 
65500.76 0.33 0.0 
65774.32 0.58 0.0 
64563.68 0.54 0.0 
64946.75 0.31 0.0 
64529.31 0.68 0.0 
65065.69 0.41 0.0 
65009.01 0.89 0.0 
65546.93 0.67 0.0 
67718.80 0.32 0.0 
65479.48 0.77 0.0 
65489.51 0.70 0.0 
67422.04 0.30 0.0 
66059.93 0.64 0.0 
66168.72 0.71 0.0 
67929.72 0.79 0.0 
66507.73 0.33 0.0 
66627.83 0.58 0.0 
66329.40 0.44 0.0 
65794.84 0.89 0.0 
67266.24 0.60 0.0 
67929.73 0.42 0.0 
70353.67 0.33 0.0 
69701.63 0.33 0.0 
69834.48 0.34 0.0 
68005.83 0.33 0.0 
70695.96 0.44 0.0 
69834.48 0.85 0.0 
70834.97 0.75 0.0 
70844.33 0.42 0.0 
69004.64 0.36 0.0 
68953.85 0.49 0.0 
71144.57 0.35 0.0 
70439.48 0.32 0.0 
71922.89 0.32 0.0 
69867.09 0.53 0.0 
69790.53 0.30 0.0 
69790.51 0.51 0.0 
69909.61 0.47 0.0 
72224.60 0.50 0.0 
72134.43 0.83 0.0 
72226.26 0.41 0.0 
70626.12 0.37 0.0 
72493.48 0.35 0.0 
71294.72 0.38 0.0 
72239.29 0.33 0.0 
73304.19 0.36 0.0 
69777.27 0.38 0.0 
71807.37 0.53 0.0 
73570.28 0.33 0.0 
75042.04 0.72 0.0 
70353.68 0.35 0.0 
72909.36 0.50 0.0 
72909.42 0.43 0.0 
75759.56 0.76 0.0 
75877.16 0.54 0.0 
73408.85 0.31 0.0 
73769.53 0.34 0.0 
74290.53 0.53 0.0 
73872.13 0.34 0.0 
72178.96 0.31 0.0 
73994.65 0.42 0.0 
75806.75 0.32 0.0 
75358.93 0.66 0.0 
75706.32 0.46 0.0 
75839.03 0.34 0.0 
76411.99 0.40 0.0 
75809.11 0.70 0.0 
76109.12 0.46 0.0 
76048.99 0.36 0.0 
78403.15 0.93 0.0 
77159.51 0.39 0.0 
78865.13 0.60 0.0 
77428.47 0.41 0.0 
77365.25 0.33 0.0 
77368.95 0.32 0.0 
79364.05 0.58 0.0 
77609.39 0.33 0.0 
75759.56 0.61 0.0 
75877.13 0.42 0.0 
78479.28 0.37 0.0 
80082.05 0.47 0.0 
78628.95 0.66 0.0 
78564.64 0.32 0.0 
78689.11 0.33 0.0 
78865.11 0.85 0.0 
80032.27 0.69 0.0 
79217.44 0.47 0.0 
79677.69 0.42 0.0 
81043.30 0.62 0.0 
80032.31 0.70 0.0 
79646.22 0.37 0.0 
80429.12 0.57 0.0 
79378.44 0.35 0.0 
81689.88 0.41 0.0 
78772.31 0.47 0.0 
81149.49 0.66 0.0 
81719.17 0.80 0.0 
82776.80 0.37 0.0 
80099.51 0.61 0.0 
82553.11 0.82 0.0 
82776.79 0.30 0.0 
83596.11 0.83 0.0 
82934.63 0.40 0.0 
83633.57 0.36 0.0 
84836.41 0.39 0.0 
84224.51 0.50 0.0 
85004.36 0.42 0.0 
85363.52 0.58 0.0 
83596.05 0.40 0.0 
83205.39 0.38 0.0 
82596.44 0.63 0.0 
83565.88 0.61 0.0 
84088.60 0.31 0.0 
85661.95 0.59 0.0 
85109.33 0.50 0.0 
84186.83 0.50 0.0 
84194.35 0.89 0.0 
84566.52 0.79 0.0 
84661.96 0.61 0.0 
83805.09 0.45 0.0 
85829.37 0.63 0.0 
86159.49 0.41 0.0 
84296.95 0.34 0.0 
85889.41 0.68 0.0 
85495.93 0.56 0.0 
