4049.15 0.30 0.0 
8069.07 0.89 0.0 
6328.97 0.34 0.0 
9379.93 0.80 0.0 
9379.96 0.85 0.0 
8515.81 0.80 0.0 
8515.81 0.69 0.0 
7784.59 0.40 0.0 
7888.20 0.72 0.0 
10707.91 0.72 0.0 
11185.19 0.32 0.0 
10923.91 0.93 0.0 
11185.23 0.87 0.0 
11414.23 0.93 0.0 
11106.27 0.41 0.0 
11647.12 0.45 0.0 
11789.44 0.98 0.0 
12158.40 0.82 0.0 
12283.51 0.54 0.0 
10923.92 0.91 0.0 
12074.67 0.85 0.0 
11459.53 0.36 0.0 
11414.25 0.97 0.0 
12660.89 0.81 0.0 
11647.11 0.76 0.0 
12158.40 0.81 0.0 
12284.96 0.68 0.0 
11999.35 0.40 0.0 
13468.91 0.32 0.0 
14083.37 0.48 0.0 
14305.52 0.85 0.0 
13074.63 0.58 0.0 
13179.25 0.37 0.0 
13605.08 0.42 0.0 
14305.47 0.66 0.0 
13093.65 0.67 0.0 
14831.44 0.40 0.0 
14954.00 0.41 0.0 
15054.08 0.81 0.0 
15074.45 0.34 0.0 
12074.72 0.41 0.0 
13164.92 0.65 0.0 
14577.63 0.45 0.0 
14818.04 0.58 0.0 
12660.85 0.40 0.0 
15054.07 0.86 0.0 
15844.80 0.53 0.0 
15987.91 0.33 0.0 
13408.85 0.63 0.0 
16228.89 0.51 0.0 
15844.79 0.85 0.0 
13862.61 0.41 0.0 
17907.12 0.76 0.0 
14961.80 0.53 0.0 
14599.25 0.46 0.0 
17907.09 0.96 0.0 
17213.93 0.42 0.0 
14961.81 0.42 0.0 
15060.64 0.42 0.0 
18899.17 0.80 0.0 
18749.31 0.30 0.0 
20203.79 0.39 0.0 
18899.19 0.95 0.0 
19290.19 0.75 0.0 
17369.03 0.43 0.0 
19287.97 0.51 0.0 
18809.55 0.75 0.0 
20650.60 0.57 0.0 
21176.92 0.33 0.0 
19287.92 0.62 0.0 
19648.81 0.37 0.0 
20848.28 0.59 0.0 
24189.80 0.34 0.0 
25243.83 0.32 0.0 
25735.69 0.37 0.0 
25619.27 0.44 0.0 
25735.67 0.87 0.0 
26731.04 0.46 0.0 
27297.53 0.34 0.0 
27338.35 0.36 0.0 
28475.48 0.48 0.0 
29114.12 0.50 0.0 
27326.29 0.72 0.0 
27338.34 0.65 0.0 
27325.76 0.43 0.0 
27326.28 0.58 0.0 
29264.00 0.55 0.0 
29053.97 0.38 0.0 
31273.17 0.46 0.0 
29174.48 0.49 0.0 
31932.55 0.37 0.0 
32051.87 0.31 0.0 
32323.63 0.38 0.0 
30703.97 0.33 0.0 
32789.19 0.32 0.0 
29608.00 0.40 0.0 
33269.51 0.40 0.0 
34698.61 0.40 0.0 
32051.89 0.37 0.0 
33104.45 0.44 0.0 
35561.16 0.52 0.0 
32849.51 0.76 0.0 
38387.59 0.34 0.0 
38248.12 0.37 0.0 
43567.93 0.74 0.0 
47069.37 0.37 0.0 
45178.65 0.31 0.0 
46499.33 0.72 0.0 
49109.69 0.71 0.0 
47459.29 0.49 0.0 
50903.13 0.35 0.0 
46996.93 0.49 0.0 
51162.03 0.48 0.0 
51396.95 0.33 0.0 
50862.23 0.36 0.0 
52378.09 0.43 0.0 
52886.85 0.48 0.0 
52886.93 0.78 0.0 
53174.53 0.32 0.0 
57989.45 0.62 0.0 
58484.45 0.43 0.0 
60299.23 0.37 0.0 
62548.83 0.43 0.0 
59407.73 0.56 0.0 
62571.77 0.56 0.0 
64724.31 0.34 0.0 
62293.40 0.61 0.0 
66239.37 0.43 0.0 
68339.31 0.36 0.0 
70434.20 0.71 0.0 
71233.97 0.42 0.0 
71954.48 0.33 0.0 
76763.07 0.46 0.0 
79379.24 0.31 0.0 
79124.51 0.48 0.0 
79679.55 0.31 0.0 
79543.36 0.52 0.0 
80699.57 0.45 0.0 
81659.48 0.49 0.0 
82739.37 0.62 0.0 
82076.73 0.39 0.0 
83924.51 0.31 0.0 
84955.95 0.31 0.0 
85799.07 0.32 0.0 
86294.29 0.45 0.0 
