14488.76 0.48 0.0 
14935.33 0.52 0.0 
14935.35 0.68 0.0 
15692.28 0.35 0.0 
15729.20 0.87 0.0 
15729.18 0.91 0.0 
17087.51 0.35 0.0 
17175.49 0.49 0.0 
19261.28 0.76 0.0 
19248.40 0.54 0.0 
19261.28 0.80 0.0 
20599.31 0.42 0.0 
20296.05 0.33 0.0 
25683.96 0.55 0.0 
25700.45 0.44 0.0 
25700.51 0.37 0.0 
27243.43 0.32 0.0 
35494.27 0.32 0.0 
35552.88 0.44 0.0 
45485.10 0.91 0.0 
45485.10 0.91 0.0 
47817.07 0.39 0.0 
57527.35 0.70 0.0 
65194.91 0.52 0.0 
73554.39 0.70 0.0 
72375.91 0.31 0.0 
73554.38 0.85 0.0 
86360.43 0.33 0.0 
