1333.35 0.55 0.0 
1333.39 0.42 0.0 
1677.56 0.81 0.0 
1171.52 0.57 0.0 
2170.87 0.43 0.0 
2275.15 0.57 0.0 
2275.24 0.72 0.0 
3360.93 0.73 0.0 
2611.74 0.76 0.0 
2743.51 0.44 0.0 
3360.92 0.90 0.0 
3378.65 0.72 0.0 
2611.77 0.36 0.0 
2716.64 0.56 0.0 
2743.51 0.58 0.0 
4460.33 0.57 0.0 
4484.25 0.32 0.0 
6706.55 0.34 0.0 
6712.53 0.41 0.0 
4485.72 0.70 0.0 
4527.59 0.41 0.0 
6706.49 0.45 0.0 
7962.31 0.37 0.0 
8028.17 0.56 0.0 
7718.99 0.35 0.0 
7962.33 0.46 0.0 
7898.43 0.35 0.0 
8021.91 0.43 0.0 
8028.17 0.45 0.0 
6302.71 0.50 0.0 
8922.35 0.72 0.0 
7890.09 0.84 0.0 
7898.48 0.67 0.0 
8922.36 0.76 0.0 
8476.00 0.54 0.0 
10584.29 0.66 0.0 
10820.91 0.44 0.0 
10820.91 0.48 0.0 
8476.07 0.33 0.0 
11075.69 0.72 0.0 
10277.71 0.62 0.0 
12264.93 0.38 0.0 
9306.45 0.49 0.0 
12270.69 0.74 0.0 
12270.66 0.72 0.0 
12417.09 0.42 0.0 
12750.79 0.36 0.0 
11211.27 0.44 0.0 
13053.81 0.52 0.0 
11594.91 0.35 0.0 
13555.21 0.38 0.0 
14640.35 0.62 0.0 
13959.21 0.50 0.0 
14870.95 0.39 0.0 
13053.81 0.48 0.0 
12417.05 0.52 0.0 
11969.47 0.30 0.0 
15839.49 0.69 0.0 
13136.91 0.36 0.0 
13379.04 0.53 0.0 
13617.71 0.32 0.0 
13145.55 0.31 0.0 
15839.53 0.38 0.0 
16233.67 0.30 0.0 
15937.88 0.61 0.0 
16052.17 0.37 0.0 
16233.63 0.38 0.0 
14455.12 0.44 0.0 
16945.63 0.49 0.0 
16596.45 0.44 0.0 
16951.13 0.58 0.0 
16962.23 0.33 0.0 
15920.89 0.59 0.0 
15937.89 0.52 0.0 
16052.13 0.40 0.0 
16156.05 0.40 0.0 
15541.35 0.68 0.0 
18176.97 0.36 0.0 
15920.93 0.45 0.0 
17360.73 0.50 0.0 
18571.18 0.71 0.0 
16726.40 0.33 0.0 
19306.61 0.43 0.0 
17104.95 0.38 0.0 
19249.53 0.70 0.0 
17360.73 0.50 0.0 
18200.65 0.74 0.0 
18176.95 0.62 0.0 
18063.60 0.44 0.0 
18924.87 0.31 0.0 
18200.64 0.62 0.0 
18552.67 0.61 0.0 
18552.67 0.38 0.0 
20499.23 0.45 0.0 
19249.52 0.72 0.0 
20865.61 0.50 0.0 
20867.73 0.34 0.0 
19382.03 0.44 0.0 
20499.11 0.38 0.0 
19741.87 0.31 0.0 
21075.61 0.73 0.0 
21084.32 0.42 0.0 
23056.28 0.49 0.0 
23050.38 0.60 0.0 
22590.77 0.38 0.0 
23050.33 0.50 0.0 
21075.61 0.63 0.0 
23752.47 0.32 0.0 
23763.04 0.45 0.0 
24168.25 0.32 0.0 
25230.08 0.45 0.0 
26180.03 0.30 0.0 
24168.21 0.36 0.0 
26386.39 0.30 0.0 
26400.95 0.37 0.0 
26400.96 0.72 0.0 
26154.15 0.44 0.0 
26101.57 0.40 0.0 
27759.84 0.33 0.0 
28575.75 0.66 0.0 
27852.53 0.31 0.0 
27849.65 0.43 0.0 
26101.59 0.55 0.0 
28575.72 0.58 0.0 
28922.73 0.58 0.0 
29656.20 0.39 0.0 
27556.41 0.33 0.0 
29291.88 0.83 0.0 
27677.01 0.35 0.0 
29291.89 0.37 0.0 
30028.93 0.41 0.0 
30640.43 0.31 0.0 
31579.29 0.44 0.0 
29220.71 0.60 0.0 
30760.49 0.36 0.0 
28863.61 0.31 0.0 
29587.09 0.38 0.0 
29587.05 0.49 0.0 
32746.63 0.37 0.0 
32807.95 0.56 0.0 
31249.65 0.51 0.0 
34187.81 0.50 0.0 
34197.48 0.63 0.0 
32205.44 0.68 0.0 
32807.91 0.76 0.0 
34187.78 0.55 0.0 
34197.50 0.72 0.0 
34475.09 0.33 0.0 
34009.09 0.47 0.0 
35510.06 0.47 0.0 
36031.31 0.52 0.0 
36492.99 0.41 0.0 
37531.23 0.44 0.0 
35225.43 0.37 0.0 
37464.21 0.64 0.0 
37464.17 0.55 0.0 
36086.65 0.51 0.0 
36432.05 0.48 0.0 
37515.51 0.32 0.0 
37531.25 0.59 0.0 
37274.09 0.69 0.0 
40302.15 0.39 0.0 
41203.76 0.56 0.0 
42091.61 0.61 0.0 
40302.11 0.38 0.0 
41716.79 0.54 0.0 
47417.59 0.50 0.0 
46061.99 0.37 0.0 
47475.93 0.37 0.0 
49211.72 0.41 0.0 
49211.75 0.54 0.0 
48313.34 0.39 0.0 
55396.51 0.36 0.0 
58137.98 0.32 0.0 
64903.85 0.32 0.0 
66342.82 0.64 0.0 
64408.81 0.31 0.0 
64903.84 0.62 0.0 
67802.67 0.53 0.0 
68777.45 0.39 0.0 
66342.82 0.78 0.0 
69742.23 0.43 0.0 
70729.87 0.45 0.0 
70729.88 0.60 0.0 
73721.81 0.65 0.0 
73721.85 0.33 0.0 
77286.83 0.36 0.0 
77881.45 0.45 0.0 
75759.63 0.30 0.0 
77286.81 0.62 0.0 
79410.51 0.33 0.0 
80004.37 0.36 0.0 
81946.25 0.45 0.0 
81956.53 0.49 0.0 
81661.25 0.49 0.0 
83671.32 0.53 0.0 
84539.57 0.67 0.0 
84547.11 0.43 0.0 
82645.75 0.35 0.0 
85010.27 0.39 0.0 
84539.59 0.41 0.0 
86086.07 0.32 0.0 
