115.63 0.33 0.0 
5520.07 0.43 0.0 
10003.45 0.32 0.0 
11207.71 0.47 0.0 
11343.25 0.53 0.0 
10003.49 0.39 0.0 
12434.69 0.34 0.0 
11305.72 0.64 0.0 
10699.81 0.41 0.0 
11305.68 0.59 0.0 
10064.83 0.35 0.0 
12198.17 0.36 0.0 
10274.35 0.31 0.0 
10753.95 0.32 0.0 
10449.81 0.37 0.0 
11343.24 0.50 0.0 
11361.15 0.33 0.0 
11652.63 0.58 0.0 
18483.05 0.53 0.0 
21519.63 0.43 0.0 
18483.07 0.34 0.0 
20949.47 0.30 0.0 
36537.17 0.51 0.0 
36121.51 0.46 0.0 
39952.62 0.45 0.0 
59310.91 0.35 0.0 
71073.68 0.61 0.0 
70465.83 0.31 0.0 
81710.00 0.69 0.0 
84268.83 0.37 0.0 
