1952.29 0.44 0.0 
2936.36 0.38 0.0 
1063.91 0.86 0.0 
2834.45 0.54 0.0 
5738.01 0.73 0.0 
4786.72 0.30 0.0 
8471.55 0.52 0.0 
5738.03 0.72 0.0 
5516.99 0.40 0.0 
10001.24 0.57 0.0 
6814.41 0.43 0.0 
6733.03 0.73 0.0 
11207.67 0.58 0.0 
10064.45 0.37 0.0 
11340.00 0.50 0.0 
11952.83 0.30 0.0 
10001.24 0.38 0.0 
10002.72 0.40 0.0 
10784.51 0.52 0.0 
10122.41 0.41 0.0 
12433.09 0.44 0.0 
12671.15 0.41 0.0 
11139.87 0.50 0.0 
13031.63 0.69 0.0 
11478.85 0.62 0.0 
13002.45 0.31 0.0 
11301.88 0.38 0.0 
11561.47 0.38 0.0 
10047.84 0.39 0.0 
12463.77 0.51 0.0 
10781.82 0.34 0.0 
9954.17 0.38 0.0 
10746.09 0.58 0.0 
10453.31 0.33 0.0 
11478.81 0.54 0.0 
12358.76 0.49 0.0 
11147.45 0.43 0.0 
15415.27 0.46 0.0 
11651.80 0.40 0.0 
15365.91 0.36 0.0 
16256.44 0.58 0.0 
17445.22 0.36 0.0 
17471.21 0.50 0.0 
17068.80 0.38 0.0 
15356.29 0.31 0.0 
19240.28 0.47 0.0 
20945.21 0.71 0.0 
19240.31 0.78 0.0 
21791.29 0.31 0.0 
18478.97 0.57 0.0 
22031.77 0.68 0.0 
19439.05 0.40 0.0 
18374.51 0.71 0.0 
18478.96 0.30 0.0 
22228.13 0.75 0.0 
20250.71 0.44 0.0 
22183.37 0.33 0.0 
21879.51 0.93 0.0 
20945.19 0.64 0.0 
26474.01 0.33 0.0 
27289.85 0.42 0.0 
27295.41 0.34 0.0 
28127.89 0.46 0.0 
27389.01 0.37 0.0 
26373.59 0.53 0.0 
26373.59 0.76 0.0 
29189.05 0.43 0.0 
30418.55 0.42 0.0 
31829.43 0.75 0.0 
34948.20 0.34 0.0 
32367.17 0.72 0.0 
36535.23 0.44 0.0 
37513.87 0.83 0.0 
38079.19 0.37 0.0 
38114.37 0.33 0.0 
38204.01 0.91 0.0 
38039.59 0.50 0.0 
36119.88 0.65 0.0 
40002.20 0.39 0.0 
37331.55 0.53 0.0 
42674.40 0.45 0.0 
41383.92 0.54 0.0 
46108.80 0.71 0.0 
48434.51 0.49 0.0 
46783.69 0.52 0.0 
49198.59 0.95 0.0 
49178.09 0.38 0.0 
50189.65 0.36 0.0 
50203.85 0.46 0.0 
53112.19 0.35 0.0 
48491.85 0.34 0.0 
50009.56 0.85 0.0 
57072.51 0.75 0.0 
58873.99 0.92 0.0 
58229.51 0.77 0.0 
60359.33 0.56 0.0 
58904.31 0.90 0.0 
59083.48 0.91 0.0 
59804.56 0.83 0.0 
62610.93 0.76 0.0 
64379.29 0.61 0.0 
58167.36 0.69 0.0 
65099.33 0.60 0.0 
58694.20 0.42 0.0 
65582.89 0.51 0.0 
61405.89 0.39 0.0 
65289.65 0.47 0.0 
65900.95 0.65 0.0 
65900.92 0.65 0.0 
63062.84 0.67 0.0 
68999.48 0.65 0.0 
70618.16 0.74 0.0 
65289.69 0.46 0.0 
68666.07 0.46 0.0 
65582.88 0.36 0.0 
70463.52 0.53 0.0 
70463.52 0.46 0.0 
71187.04 0.37 0.0 
71117.67 0.39 0.0 
72699.10 0.75 0.0 
74458.83 0.49 0.0 
74458.92 0.44 0.0 
72699.09 0.81 0.0 
75912.29 0.81 0.0 
76368.13 0.32 0.0 
74309.51 0.65 0.0 
77383.55 0.35 0.0 
77083.96 0.82 0.0 
75661.69 0.32 0.0 
75912.24 0.35 0.0 
81177.97 0.35 0.0 
76522.47 0.42 0.0 
80142.11 0.69 0.0 
77127.00 0.50 0.0 
81705.08 0.82 0.0 
82318.84 0.80 0.0 
81627.12 0.53 0.0 
84267.11 0.66 0.0 
82169.16 0.63 0.0 
85882.98 0.32 0.0 
