1330.48 0.60 0.0 
1330.49 0.67 0.0 
1114.88 0.42 0.0 
2064.89 0.36 0.0 
2168.17 0.47 0.0 
2272.89 0.44 0.0 
1114.89 0.44 0.0 
1656.61 0.35 0.0 
1677.55 0.55 0.0 
2272.89 0.61 0.0 
568.26 0.93 0.0 
2435.01 0.33 0.0 
3138.58 0.35 0.0 
3360.41 0.77 0.0 
2741.59 0.75 0.0 
2434.95 0.39 0.0 
1656.60 0.58 0.0 
2681.20 0.55 0.0 
3375.68 0.68 0.0 
4085.40 0.38 0.0 
2715.07 0.69 0.0 
2741.59 0.75 0.0 
4000.33 0.30 0.0 
4458.03 0.90 0.0 
4464.41 0.31 0.0 
4000.40 0.36 0.0 
4677.64 0.33 0.0 
4524.32 0.55 0.0 
3301.85 0.34 0.0 
3329.59 0.48 0.0 
3314.28 0.64 0.0 
5578.97 0.36 0.0 
5857.89 0.35 0.0 
6298.95 0.95 0.0 
6705.98 0.82 0.0 
4524.31 0.81 0.0 
7123.03 0.75 0.0 
4967.08 0.53 0.0 
7546.03 0.96 0.0 
7843.20 0.81 0.0 
7961.64 0.86 0.0 
8026.68 0.63 0.0 
8028.10 0.38 0.0 
7546.03 0.92 0.0 
7961.68 0.79 0.0 
7890.04 0.42 0.0 
8026.68 0.54 0.0 
8028.13 0.52 0.0 
6298.96 0.93 0.0 
8393.57 0.34 0.0 
7885.92 0.38 0.0 
8919.49 0.37 0.0 
9244.45 0.32 0.0 
9168.45 0.77 0.0 
9147.20 0.41 0.0 
9628.35 0.80 0.0 
9970.17 0.82 0.0 
9970.13 0.46 0.0 
10234.32 0.33 0.0 
10582.97 0.39 0.0 
8470.61 0.68 0.0 
10583.01 0.38 0.0 
10820.24 0.39 0.0 
10820.23 0.80 0.0 
11173.45 0.34 0.0 
8470.57 0.74 0.0 
11207.60 0.86 0.0 
9168.44 0.86 0.0 
10423.29 0.89 0.0 
12236.88 0.54 0.0 
12352.21 0.62 0.0 
12262.65 0.93 0.0 
12262.65 0.96 0.0 
10012.87 0.58 0.0 
9689.40 0.89 0.0 
12750.22 0.85 0.0 
12236.96 0.84 0.0 
12352.13 0.31 0.0 
12750.21 0.48 0.0 
13550.81 0.78 0.0 
13136.92 0.42 0.0 
11969.12 0.61 0.0 
13828.45 0.44 0.0 
11207.61 0.94 0.0 
13724.09 0.37 0.0 
11590.96 0.87 0.0 
12582.24 0.35 0.0 
13550.79 0.88 0.0 
13045.41 0.42 0.0 
14328.95 0.72 0.0 
11590.99 0.77 0.0 
14455.16 0.55 0.0 
15488.97 0.35 0.0 
11969.11 0.90 0.0 
15838.88 0.85 0.0 
13142.15 0.53 0.0 
14998.29 0.62 0.0 
15092.56 0.55 0.0 
13377.12 0.49 0.0 
15476.39 0.91 0.0 
14382.00 0.72 0.0 
13142.11 0.87 0.0 
15838.86 0.91 0.0 
16233.11 0.77 0.0 
15935.11 0.40 0.0 
16233.07 0.65 0.0 
17068.04 0.86 0.0 
15092.47 0.32 0.0 
14455.19 0.52 0.0 
16959.96 0.33 0.0 
14704.76 0.39 0.0 
16959.96 0.71 0.0 
14704.75 0.35 0.0 
18040.22 0.36 0.0 
15919.84 0.58 0.0 
15935.09 0.62 0.0 
16049.40 0.30 0.0 
17450.92 0.78 0.0 
17697.96 0.70 0.0 
18611.68 0.86 0.0 
16658.13 0.40 0.0 
18738.31 0.33 0.0 
18176.33 0.92 0.0 
15919.84 0.69 0.0 
18357.29 0.36 0.0 
16155.09 0.34 0.0 
19241.59 0.87 0.0 
19223.84 0.42 0.0 
18715.69 0.36 0.0 
19574.33 0.55 0.0 
19241.54 0.56 0.0 
19375.99 0.65 0.0 
17450.89 0.82 0.0 
17353.51 0.41 0.0 
18197.77 0.55 0.0 
20158.61 0.74 0.0 
19979.17 0.52 0.0 
18176.36 0.74 0.0 
18943.09 0.41 0.0 
18197.76 0.39 0.0 
20158.62 0.67 0.0 
21238.15 0.50 0.0 
20498.53 0.78 0.0 
21608.39 0.67 0.0 
20864.92 0.92 0.0 
21960.62 0.72 0.0 
19741.39 0.85 0.0 
21238.14 0.85 0.0 
20498.52 0.60 0.0 
21960.62 0.83 0.0 
19741.39 0.96 0.0 
22346.01 0.58 0.0 
22588.04 0.56 0.0 
22694.76 0.59 0.0 
23425.12 0.31 0.0 
23049.92 0.79 0.0 
23049.92 0.59 0.0 
23802.71 0.30 0.0 
23425.12 0.78 0.0 
21072.57 0.40 0.0 
23752.42 0.44 0.0 
23752.43 0.51 0.0 
21569.45 0.35 0.0 
24523.70 0.90 0.0 
24494.28 0.46 0.0 
24167.64 0.80 0.0 
22751.01 0.43 0.0 
24864.69 0.51 0.0 
25208.57 0.71 0.0 
23234.15 0.91 0.0 
25550.97 0.79 0.0 
26083.04 0.56 0.0 
25497.57 0.32 0.0 
25919.27 0.64 0.0 
23234.20 0.46 0.0 
25551.01 0.69 0.0 
24167.64 0.73 0.0 
25919.27 0.88 0.0 
26652.07 0.80 0.0 
27281.84 0.70 0.0 
26987.27 0.49 0.0 
27281.81 0.54 0.0 
27756.65 0.61 0.0 
25163.97 0.38 0.0 
28575.70 0.31 0.0 
27849.59 0.93 0.0 
26259.37 0.62 0.0 
27849.60 0.48 0.0 
28108.34 0.83 0.0 
26101.49 0.31 0.0 
27670.18 0.88 0.0 
29291.34 0.86 0.0 
29384.47 0.52 0.0 
29291.31 0.62 0.0 
27670.17 0.45 0.0 
30759.73 0.89 0.0 
30388.60 0.79 0.0 
28862.95 0.76 0.0 
31575.55 0.83 0.0 
29220.07 0.96 0.0 
29353.48 0.63 0.0 
30759.74 0.87 0.0 
28862.95 0.74 0.0 
29586.40 0.77 0.0 
29220.08 0.82 0.0 
29384.49 0.88 0.0 
31575.52 0.73 0.0 
29586.40 0.55 0.0 
29957.17 0.47 0.0 
29957.25 0.57 0.0 
32215.33 0.30 0.0 
33395.52 0.50 0.0 
33714.87 0.65 0.0 
34195.55 0.97 0.0 
32349.26 0.88 0.0 
34795.93 0.49 0.0 
32743.14 0.76 0.0 
32349.25 0.85 0.0 
32807.27 0.50 0.0 
34195.56 0.97 0.0 
34048.77 0.30 0.0 
34412.24 0.53 0.0 
36021.69 0.53 0.0 
35224.56 0.42 0.0 
36843.96 0.52 0.0 
35224.55 0.87 0.0 
35609.43 0.85 0.0 
36843.94 0.55 0.0 
36428.59 0.91 0.0 
37682.63 0.63 0.0 
37334.16 0.53 0.0 
37682.45 0.31 0.0 
36428.60 0.80 0.0 
38522.71 0.66 0.0 
37270.77 0.84 0.0 
37530.84 0.37 0.0 
37270.79 0.80 0.0 
40298.83 0.36 0.0 
39407.76 0.56 0.0 
37889.48 0.77 0.0 
39859.25 0.50 0.0 
38104.60 0.31 0.0 
41200.49 0.49 0.0 
38964.21 0.69 0.0 
39407.77 0.85 0.0 
42090.31 0.41 0.0 
41200.59 0.33 0.0 
40298.85 0.42 0.0 
42518.88 0.74 0.0 
42026.23 0.89 0.0 
42146.45 0.36 0.0 
41653.43 0.82 0.0 
41264.44 0.61 0.0 
44250.21 0.55 0.0 
43821.62 0.56 0.0 
46061.71 0.63 0.0 
45174.83 0.32 0.0 
46531.64 0.72 0.0 
45611.40 0.76 0.0 
44701.39 0.63 0.0 
44701.36 0.39 0.0 
45611.37 0.85 0.0 
46061.72 0.78 0.0 
46531.68 0.69 0.0 
48762.22 0.91 0.0 
49673.57 0.62 0.0 
47414.50 0.90 0.0 
47859.37 0.58 0.0 
49208.52 0.84 0.0 
46970.83 0.62 0.0 
49208.48 0.45 0.0 
48313.23 0.72 0.0 
49673.55 0.42 0.0 
50144.56 0.75 0.0 
52961.44 0.83 0.0 
50654.40 0.39 0.0 
51534.71 0.53 0.0 
53443.60 0.83 0.0 
52011.33 0.38 0.0 
51060.80 0.87 0.0 
50594.48 0.85 0.0 
53896.87 0.61 0.0 
52488.64 0.95 0.0 
51060.80 0.36 0.0 
51534.71 0.35 0.0 
53896.83 0.67 0.0 
52961.45 0.76 0.0 
52011.33 0.50 0.0 
53443.61 0.34 0.0 
54827.44 0.54 0.0 
52488.63 0.89 0.0 
54366.80 0.42 0.0 
55804.37 0.69 0.0 
54827.44 0.76 0.0 
55804.37 0.72 0.0 
58604.45 0.70 0.0 
57657.33 0.60 0.0 
58137.91 0.55 0.0 
56719.75 0.67 0.0 
59537.77 0.47 0.0 
60029.64 0.48 0.0 
57670.97 0.30 0.0 
60029.59 0.63 0.0 
60514.36 0.31 0.0 
61476.72 0.53 0.0 
61967.47 0.36 0.0 
61967.45 0.68 0.0 
64901.39 0.54 0.0 
62248.87 0.75 0.0 
65382.35 0.72 0.0 
62980.61 0.74 0.0 
66339.75 0.93 0.0 
66836.05 0.57 0.0 
67318.18 0.91 0.0 
64405.96 0.60 0.0 
64901.33 0.73 0.0 
67802.28 0.73 0.0 
65382.35 0.73 0.0 
66836.09 0.58 0.0 
68774.84 0.84 0.0 
65864.56 0.71 0.0 
69248.12 0.65 0.0 
66339.75 0.94 0.0 
67802.28 0.61 0.0 
69739.69 0.55 0.0 
68248.69 0.51 0.0 
69248.11 0.77 0.0 
71254.82 0.38 0.0 
68248.57 0.36 0.0 
70729.72 0.37 0.0 
72731.01 0.52 0.0 
73229.20 0.77 0.0 
72730.96 0.77 0.0 
71254.77 0.48 0.0 
73713.76 0.70 0.0 
71742.83 0.82 0.0 
75598.76 0.66 0.0 
74227.67 0.60 0.0 
75757.13 0.46 0.0 
73408.03 0.40 0.0 
77284.05 0.70 0.0 
74227.68 0.54 0.0 
75757.11 0.88 0.0 
74726.56 0.71 0.0 
74726.56 0.44 0.0 
77284.04 0.81 0.0 
79945.21 0.66 0.0 
78879.40 0.88 0.0 
77823.89 0.47 0.0 
79945.28 0.41 0.0 
80513.80 0.85 0.0 
79407.88 0.89 0.0 
81053.12 0.66 0.0 
82120.93 0.65 0.0 
79407.88 0.82 0.0 
83668.51 0.77 0.0 
81053.13 0.80 0.0 
81206.20 0.44 0.0 
83154.05 0.57 0.0 
83668.53 0.38 0.0 
82120.93 0.40 0.0 
83054.32 0.74 0.0 
83154.01 0.51 0.0 
84758.17 0.90 0.0 
82645.54 0.72 0.0 
81916.05 0.34 0.0 
84537.21 0.53 0.0 
85364.35 0.90 0.0 
82645.57 0.52 0.0 
85008.80 0.32 0.0 
85304.32 0.74 0.0 
85391.79 0.86 0.0 
84537.24 0.41 0.0 
84758.21 0.85 0.0 
84329.44 0.34 0.0 
85852.89 0.86 0.0 
84545.65 0.30 0.0 
84218.05 0.45 0.0 
85852.88 0.67 0.0 
85304.30 0.92 0.0 
86376.08 0.42 0.0 
