1566.53 0.41 0.0 
1683.48 0.46 0.0 
2265.45 0.31 0.0 
1566.53 0.42 0.0 
2526.55 0.36 0.0 
2999.87 0.30 0.0 
2177.73 0.38 0.0 
2526.51 0.32 0.0 
1738.55 0.65 0.0 
3378.39 0.47 0.0 
1256.51 0.41 0.0 
3378.39 0.54 0.0 
4211.45 0.33 0.0 
3447.93 0.48 0.0 
2999.91 0.35 0.0 
4706.63 0.37 0.0 
3296.71 0.34 0.0 
5060.15 0.41 0.0 
5060.11 0.35 0.0 
4399.61 0.61 0.0 
4417.95 0.37 0.0 
5804.84 0.40 0.0 
6832.05 0.35 0.0 
4417.80 0.49 0.0 
4258.27 0.53 0.0 
3665.11 0.32 0.0 
5251.25 0.63 0.0 
4258.28 0.77 0.0 
4857.17 0.30 0.0 
4399.65 0.58 0.0 
5251.23 0.82 0.0 
5259.03 0.40 0.0 
5722.59 0.41 0.0 
4610.19 0.30 0.0 
5611.39 0.32 0.0 
7348.19 0.41 0.0 
7348.20 0.51 0.0 
5804.79 0.55 0.0 
6103.09 0.48 0.0 
8288.65 0.36 0.0 
7898.25 0.32 0.0 
7590.89 0.58 0.0 
8256.63 0.31 0.0 
7967.00 0.41 0.0 
11157.63 0.62 0.0 
11390.12 0.44 0.0 
11509.19 0.36 0.0 
11519.44 0.80 0.0 
7967.02 0.58 0.0 
8984.96 0.50 0.0 
8225.71 0.37 0.0 
8687.43 0.34 0.0 
9810.41 0.44 0.0 
12962.67 0.40 0.0 
10678.32 0.36 0.0 
12262.31 0.40 0.0 
12269.57 0.34 0.0 
12282.15 0.36 0.0 
11145.24 0.89 0.0 
12381.07 0.45 0.0 
13558.26 0.77 0.0 
9904.87 0.31 0.0 
12243.87 0.32 0.0 
12269.54 0.30 0.0 
12635.21 0.48 0.0 
13789.47 0.60 0.0 
11380.95 0.62 0.0 
11519.44 0.81 0.0 
10847.51 0.31 0.0 
10968.16 0.61 0.0 
10847.61 0.34 0.0 
12567.11 0.37 0.0 
11943.93 0.39 0.0 
13043.01 0.44 0.0 
14183.03 0.31 0.0 
13064.95 0.50 0.0 
11943.93 0.49 0.0 
12282.03 0.42 0.0 
12890.05 0.56 0.0 
12902.21 0.43 0.0 
13558.28 0.64 0.0 
14779.49 0.47 0.0 
13031.41 0.67 0.0 
14779.53 0.65 0.0 
15946.35 0.35 0.0 
14917.79 0.62 0.0 
16185.51 0.32 0.0 
16314.99 0.41 0.0 
12890.05 0.68 0.0 
12902.25 0.66 0.0 
13031.44 0.73 0.0 
16934.83 0.46 0.0 
13746.77 0.35 0.0 
16804.31 0.49 0.0 
16168.23 0.33 0.0 
14917.81 0.59 0.0 
18108.13 0.40 0.0 
17655.27 0.39 0.0 
17910.56 0.44 0.0 
17495.43 0.46 0.0 
15902.27 0.41 0.0 
17074.75 0.32 0.0 
18181.27 0.52 0.0 
20180.23 0.32 0.0 
20893.91 0.40 0.0 
17910.59 0.37 0.0 
19319.73 0.44 0.0 
20522.17 0.36 0.0 
18181.29 0.59 0.0 
20897.51 0.41 0.0 
20904.05 0.38 0.0 
20897.51 0.32 0.0 
18753.97 0.46 0.0 
19247.94 0.56 0.0 
19261.39 0.63 0.0 
20503.41 0.38 0.0 
20732.80 0.53 0.0 
20732.78 0.66 0.0 
21882.24 0.71 0.0 
19261.41 0.67 0.0 
19503.79 0.32 0.0 
20710.77 0.55 0.0 
21977.13 0.34 0.0 
21985.56 0.47 0.0 
23045.55 0.38 0.0 
21810.71 0.36 0.0 
21810.63 0.38 0.0 
20930.71 0.32 0.0 
20710.73 0.64 0.0 
22524.19 0.39 0.0 
20834.91 0.56 0.0 
21406.63 0.34 0.0 
23306.40 0.47 0.0 
21057.95 0.32 0.0 
24128.05 0.34 0.0 
22506.35 0.35 0.0 
22018.63 0.33 0.0 
23733.45 0.41 0.0 
22254.27 0.34 0.0 
24602.35 0.41 0.0 
24203.09 0.36 0.0 
22506.35 0.54 0.0 
22524.23 0.75 0.0 
22710.51 0.35 0.0 
24857.59 0.35 0.0 
23074.40 0.41 0.0 
24453.63 0.32 0.0 
25035.75 0.34 0.0 
24813.91 0.34 0.0 
23240.07 0.43 0.0 
26150.89 0.34 0.0 
26163.12 0.53 0.0 
24300.11 0.38 0.0 
23677.41 0.34 0.0 
25178.55 0.32 0.0 
26638.23 0.63 0.0 
26012.89 0.34 0.0 
26012.89 0.34 0.0 
26150.93 0.36 0.0 
26550.27 0.41 0.0 
24630.49 0.49 0.0 
26638.24 0.42 0.0 
27330.56 0.47 0.0 
25873.45 0.44 0.0 
27330.51 0.37 0.0 
26225.91 0.39 0.0 
27300.91 0.54 0.0 
26489.43 0.61 0.0 
28657.13 0.62 0.0 
26592.07 0.33 0.0 
28657.10 0.58 0.0 
29055.91 0.33 0.0 
28902.65 0.34 0.0 
27300.92 0.85 0.0 
27284.12 0.62 0.0 
27565.41 0.43 0.0 
30032.11 0.30 0.0 
30377.63 0.32 0.0 
30869.09 0.32 0.0 
31078.52 0.39 0.0 
28972.11 0.44 0.0 
31225.59 0.33 0.0 
29224.60 0.52 0.0 
31555.01 0.48 0.0 
31417.89 0.44 0.0 
31417.87 0.54 0.0 
30286.87 0.70 0.0 
30295.27 0.32 0.0 
31938.31 0.60 0.0 
30545.23 0.33 0.0 
32248.95 0.41 0.0 
30032.11 0.49 0.0 
32748.19 0.65 0.0 
30286.89 0.37 0.0 
30295.23 0.34 0.0 
32874.49 0.34 0.0 
33277.13 0.66 0.0 
31010.95 0.43 0.0 
34068.79 0.30 0.0 
34215.51 0.81 0.0 
32714.91 0.30 0.0 
34174.87 0.36 0.0 
32470.16 0.45 0.0 
34174.77 0.37 0.0 
34668.15 0.31 0.0 
32431.57 0.51 0.0 
34410.91 0.32 0.0 
34537.28 0.42 0.0 
35896.39 0.40 0.0 
35904.31 0.37 0.0 
35124.15 0.68 0.0 
35238.36 0.58 0.0 
34487.65 0.50 0.0 
33277.11 0.37 0.0 
34873.39 0.53 0.0 
36114.87 0.33 0.0 
36508.77 0.40 0.0 
37483.09 0.30 0.0 
35944.63 0.75 0.0 
35124.15 0.74 0.0 
37552.08 0.46 0.0 
36814.85 0.34 0.0 
37919.41 0.36 0.0 
38769.28 0.52 0.0 
37919.44 0.56 0.0 
38492.39 0.32 0.0 
39230.63 0.32 0.0 
38260.13 0.35 0.0 
36395.15 0.38 0.0 
39741.33 0.73 0.0 
38208.27 0.33 0.0 
38224.58 0.51 0.0 
37747.59 0.33 0.0 
39741.32 0.79 0.0 
37837.91 0.68 0.0 
39975.75 0.32 0.0 
39819.07 0.35 0.0 
40675.59 0.34 0.0 
40942.85 0.48 0.0 
38224.59 0.36 0.0 
39291.67 0.77 0.0 
40412.03 0.30 0.0 
41275.97 0.62 0.0 
39525.55 0.46 0.0 
39533.42 0.57 0.0 
41673.93 0.44 0.0 
41396.85 0.39 0.0 
41508.17 0.66 0.0 
41921.09 0.42 0.0 
40942.84 0.41 0.0 
41043.97 0.34 0.0 
41275.95 0.32 0.0 
39291.66 0.82 0.0 
41874.73 0.42 0.0 
39751.95 0.36 0.0 
39878.31 0.60 0.0 
42094.20 0.35 0.0 
42981.60 0.36 0.0 
42003.04 0.56 0.0 
41091.51 0.36 0.0 
41576.24 0.57 0.0 
42920.60 0.39 0.0 
41249.61 0.44 0.0 
41951.11 0.31 0.0 
42073.13 0.45 0.0 
43421.25 0.44 0.0 
41091.55 0.39 0.0 
41722.39 0.42 0.0 
41205.22 0.68 0.0 
41338.80 0.46 0.0 
41430.97 0.60 0.0 
41576.23 0.83 0.0 
42657.71 0.32 0.0 
42548.27 0.39 0.0 
41673.91 0.42 0.0 
44378.45 0.41 0.0 
44383.51 0.32 0.0 
44396.95 0.36 0.0 
41921.08 0.50 0.0 
44378.43 0.40 0.0 
42920.63 0.36 0.0 
43148.33 0.53 0.0 
46336.85 0.63 0.0 
44086.21 0.37 0.0 
44904.84 0.51 0.0 
44909.75 0.37 0.0 
47056.19 0.30 0.0 
45946.93 0.73 0.0 
44191.33 0.49 0.0 
47667.00 0.64 0.0 
48140.51 0.52 0.0 
46336.86 0.49 0.0 
45669.67 0.36 0.0 
47132.79 0.37 0.0 
44933.77 0.30 0.0 
46125.99 0.40 0.0 
45395.97 0.38 0.0 
47596.61 0.48 0.0 
46505.19 0.51 0.0 
45779.75 0.49 0.0 
48116.15 0.39 0.0 
46012.12 0.35 0.0 
48570.76 0.44 0.0 
46995.63 0.53 0.0 
47667.03 0.81 0.0 
48140.54 0.61 0.0 
47575.49 0.55 0.0 
47830.11 0.42 0.0 
47722.55 0.37 0.0 
48089.27 0.48 0.0 
49538.24 0.50 0.0 
50902.23 0.36 0.0 
50916.75 0.36 0.0 
47575.53 0.32 0.0 
51263.90 0.45 0.0 
50145.77 0.41 0.0 
48885.59 0.59 0.0 
51082.88 0.35 0.0 
51223.67 0.35 0.0 
51198.91 0.43 0.0 
51321.59 0.30 0.0 
51599.19 0.30 0.0 
52593.96 0.45 0.0 
50118.69 0.38 0.0 
52938.59 0.35 0.0 
52064.92 0.62 0.0 
52186.53 0.47 0.0 
53076.51 0.62 0.0 
49714.77 0.40 0.0 
49737.35 0.41 0.0 
51263.87 0.54 0.0 
52315.14 0.39 0.0 
50577.77 0.36 0.0 
49951.93 0.32 0.0 
49971.80 0.33 0.0 
50931.44 0.57 0.0 
51082.95 0.43 0.0 
51198.89 0.41 0.0 
53279.95 0.38 0.0 
53914.65 0.68 0.0 
53130.60 0.76 0.0 
50577.75 0.32 0.0 
53123.71 0.33 0.0 
54044.59 0.51 0.0 
50916.83 0.50 0.0 
50931.45 0.66 0.0 
53757.39 0.51 0.0 
53734.81 0.69 0.0 
53734.84 0.77 0.0 
52151.23 0.30 0.0 
53845.45 0.32 0.0 
52609.87 0.37 0.0 
52938.53 0.45 0.0 
51755.08 0.61 0.0 
54586.91 0.37 0.0 
53123.71 0.32 0.0 
55695.47 0.37 0.0 
52593.96 0.54 0.0 
53460.39 0.46 0.0 
53808.47 0.49 0.0 
53819.96 0.71 0.0 
55402.61 0.44 0.0 
56308.57 0.45 0.0 
52950.70 0.69 0.0 
53076.49 0.51 0.0 
53091.21 0.54 0.0 
56663.01 0.58 0.0 
56795.23 0.34 0.0 
55875.92 0.46 0.0 
55228.95 0.47 0.0 
56273.97 0.47 0.0 
54785.79 0.32 0.0 
54929.65 0.32 0.0 
56379.45 0.57 0.0 
53914.36 0.68 0.0 
57860.03 0.30 0.0 
55260.01 0.40 0.0 
55507.87 0.32 0.0 
56847.65 0.45 0.0 
57250.89 0.37 0.0 
56663.01 0.48 0.0 
56909.87 0.31 0.0 
56090.47 0.44 0.0 
58831.11 0.33 0.0 
56847.65 0.32 0.0 
56572.33 0.57 0.0 
58435.09 0.33 0.0 
58401.85 0.45 0.0 
57860.03 0.31 0.0 
57182.75 0.30 0.0 
58435.07 0.35 0.0 
56572.31 0.47 0.0 
59130.93 0.50 0.0 
59235.57 0.49 0.0 
59256.75 0.38 0.0 
58018.09 0.45 0.0 
56931.73 0.41 0.0 
59504.79 0.32 0.0 
58151.21 0.32 0.0 
58252.87 0.30 0.0 
60869.56 0.63 0.0 
61103.65 0.49 0.0 
60197.91 0.88 0.0 
60675.85 0.50 0.0 
60796.35 0.51 0.0 
59240.72 0.33 0.0 
60700.63 0.36 0.0 
61941.47 0.57 0.0 
61041.11 0.37 0.0 
59329.72 0.73 0.0 
61069.39 0.33 0.0 
61289.07 0.39 0.0 
58477.85 0.43 0.0 
61515.93 0.54 0.0 
60869.67 0.34 0.0 
60197.91 0.49 0.0 
61787.63 0.56 0.0 
63155.51 0.41 0.0 
63262.79 0.30 0.0 
61327.15 0.37 0.0 
62259.77 0.41 0.0 
62271.19 0.56 0.0 
60675.81 0.59 0.0 
59683.15 0.42 0.0 
63951.64 0.55 0.0 
63464.43 0.37 0.0 
63824.53 0.39 0.0 
63586.39 0.37 0.0 
61230.87 0.37 0.0 
63951.67 0.35 0.0 
64553.27 0.38 0.0 
64565.01 0.72 0.0 
61481.87 0.41 0.0 
63728.56 0.38 0.0 
64536.84 0.65 0.0 
65546.91 0.55 0.0 
65119.33 0.47 0.0 
65800.21 0.57 0.0 
65481.27 0.49 0.0 
66136.81 0.32 0.0 
62683.45 0.30 0.0 
64134.35 0.39 0.0 
66269.15 0.45 0.0 
64565.00 0.53 0.0 
64575.37 0.33 0.0 
64150.03 0.31 0.0 
65502.89 0.45 0.0 
64497.84 0.31 0.0 
63155.55 0.33 0.0 
64509.96 0.41 0.0 
64966.99 0.36 0.0 
63522.91 0.34 0.0 
67099.43 0.41 0.0 
63631.83 0.31 0.0 
66843.31 0.31 0.0 
66948.29 0.51 0.0 
64002.91 0.31 0.0 
64019.71 0.44 0.0 
67597.69 0.50 0.0 
65481.28 0.76 0.0 
66136.88 0.32 0.0 
66145.79 0.31 0.0 
67933.03 0.51 0.0 
64841.95 0.32 0.0 
66253.99 0.34 0.0 
67424.57 0.45 0.0 
64966.99 0.34 0.0 
68684.23 0.36 0.0 
66646.03 0.47 0.0 
65800.23 0.46 0.0 
67099.43 0.36 0.0 
67149.33 0.37 0.0 
69975.49 0.40 0.0 
70336.96 0.55 0.0 
70360.77 0.55 0.0 
69829.20 0.32 0.0 
69583.47 0.39 0.0 
70277.49 0.63 0.0 
70838.39 0.42 0.0 
70399.09 0.51 0.0 
70064.27 0.35 0.0 
67597.69 0.43 0.0 
69013.13 0.44 0.0 
70883.71 0.32 0.0 
71789.35 0.41 0.0 
69286.99 0.42 0.0 
71268.32 0.34 0.0 
68684.20 0.39 0.0 
70136.24 0.32 0.0 
70277.45 0.55 0.0 
72226.38 0.41 0.0 
72239.18 0.48 0.0 
73457.25 0.47 0.0 
70626.25 0.48 0.0 
72226.38 0.66 0.0 
71571.09 0.40 0.0 
71817.67 0.33 0.0 
70136.31 0.33 0.0 
71948.51 0.37 0.0 
73884.71 0.31 0.0 
74292.51 0.43 0.0 
72912.57 0.48 0.0 
72912.59 0.34 0.0 
74885.81 0.44 0.0 
73514.51 0.46 0.0 
74736.79 0.38 0.0 
73861.79 0.36 0.0 
76457.79 0.31 0.0 
76578.24 0.51 0.0 
75847.79 0.32 0.0 
75336.59 0.37 0.0 
74453.43 0.42 0.0 
74707.63 0.31 0.0 
74885.81 0.64 0.0 
73110.75 0.34 0.0 
75801.82 0.62 0.0 
78282.07 0.38 0.0 
76143.69 0.36 0.0 
76578.25 0.43 0.0 
76143.67 0.31 0.0 
77159.57 0.35 0.0 
79702.77 0.51 0.0 
79691.01 0.46 0.0 
80041.25 0.57 0.0 
79419.79 0.31 0.0 
79662.45 0.43 0.0 
79625.05 0.65 0.0 
80041.25 0.66 0.0 
79992.23 0.47 0.0 
78273.43 0.41 0.0 
80429.87 0.48 0.0 
79385.02 0.54 0.0 
81836.25 0.31 0.0 
78636.09 0.33 0.0 
79488.49 0.32 0.0 
78997.91 0.42 0.0 
82335.39 0.33 0.0 
79846.85 0.43 0.0 
82596.46 0.31 0.0 
79373.47 0.41 0.0 
79479.89 0.43 0.0 
79488.53 0.42 0.0 
82673.99 0.48 0.0 
80345.51 0.30 0.0 
81939.87 0.33 0.0 
79846.89 0.66 0.0 
83635.91 0.34 0.0 
82333.32 0.37 0.0 
82555.19 0.41 0.0 
82673.95 0.33 0.0 
84151.24 0.42 0.0 
83598.13 0.81 0.0 
82151.21 0.41 0.0 
84591.00 0.36 0.0 
81510.83 0.37 0.0 
85355.67 0.39 0.0 
85364.13 0.30 0.0 
85581.95 0.36 0.0 
83598.15 0.58 0.0 
82478.97 0.39 0.0 
83708.92 0.45 0.0 
84837.47 0.30 0.0 
83446.31 0.38 0.0 
83708.93 0.43 0.0 
83443.07 0.30 0.0 
84568.91 0.63 0.0 
84664.77 0.56 0.0 
85581.95 0.50 0.0 
85684.20 0.36 0.0 
84664.75 0.56 0.0 
84151.25 0.49 0.0 
85492.74 0.55 0.0 
85732.23 0.33 0.0 
