448.75 0.38 0.0 
1949.39 0.73 0.0 
4118.93 0.35 0.0 
4118.89 0.34 0.0 
5771.20 0.50 0.0 
9016.33 0.31 0.0 
10154.08 0.56 0.0 
10813.59 0.46 0.0 
11352.23 0.35 0.0 
12066.97 0.32 0.0 
12892.28 0.57 0.0 
14613.36 0.42 0.0 
17053.83 0.50 0.0 
17892.83 0.36 0.0 
18392.76 0.51 0.0 
21447.35 0.46 0.0 
21969.63 0.78 0.0 
22108.45 0.38 0.0 
23291.99 0.40 0.0 
23358.76 0.39 0.0 
24235.80 0.35 0.0 
25560.47 0.40 0.0 
25764.88 0.88 0.0 
26411.87 0.74 0.0 
28433.95 0.31 0.0 
31267.27 0.75 0.0 
31267.28 0.78 0.0 
32118.47 0.30 0.0 
33103.51 0.79 0.0 
33854.11 0.73 0.0 
34608.64 0.33 0.0 
34608.64 0.30 0.0 
34567.20 0.52 0.0 
36455.27 0.37 0.0 
36911.81 0.33 0.0 
39189.42 0.40 0.0 
39494.48 0.72 0.0 
40346.51 0.91 0.0 
40944.31 0.46 0.0 
41007.36 0.41 0.0 
44519.00 0.64 0.0 
45435.51 0.59 0.0 
46957.40 0.48 0.0 
47092.27 0.52 0.0 
47920.54 0.70 0.0 
48697.35 0.30 0.0 
48495.57 0.41 0.0 
48495.60 0.60 0.0 
49062.23 0.31 0.0 
49490.74 0.35 0.0 
50726.52 0.46 0.0 
51340.72 0.48 0.0 
51557.89 0.30 0.0 
51309.33 0.34 0.0 
51557.84 0.68 0.0 
51747.51 0.83 0.0 
52284.43 0.58 0.0 
53310.48 0.57 0.0 
53550.29 0.33 0.0 
53589.91 0.32 0.0 
55899.71 0.37 0.0 
55938.88 0.32 0.0 
80879.64 0.64 0.0 
80879.65 0.70 0.0 
83588.27 0.85 0.0 
84643.03 0.61 0.0 
84781.25 0.34 0.0 
85647.98 0.81 0.0 
86305.36 0.85 0.0 
