1679.51 0.51 0.0 
4047.87 0.34 0.0 
9414.64 0.42 0.0 
9523.89 0.31 0.0 
10679.36 0.33 0.0 
16032.24 0.54 0.0 
17532.90 0.88 0.0 
17984.31 0.66 0.0 
18373.71 0.51 0.0 
18701.96 0.41 0.0 
25193.20 0.57 0.0 
25193.20 0.54 0.0 
26129.15 0.30 0.0 
31252.40 0.46 0.0 
31254.61 0.32 0.0 
31269.69 0.62 0.0 
31252.40 0.40 0.0 
31254.61 0.44 0.0 
31269.65 0.58 0.0 
31946.83 0.72 0.0 
31648.23 0.70 0.0 
32162.29 0.48 0.0 
33841.04 0.76 0.0 
33855.83 0.32 0.0 
33840.92 0.77 0.0 
33793.12 0.55 0.0 
36178.79 0.48 0.0 
40919.35 0.38 0.0 
47578.73 0.37 0.0 
48314.12 0.51 0.0 
51539.51 0.76 0.0 
58873.95 0.57 0.0 
59474.56 0.56 0.0 
64212.67 0.41 0.0 
64034.04 0.45 0.0 
64424.08 0.40 0.0 
67436.35 0.45 0.0 
73829.49 0.47 0.0 
78149.44 0.51 0.0 
78779.56 0.61 0.0 
79379.33 0.42 0.0 
79184.21 0.37 0.0 
80803.24 0.51 0.0 
