163.72 0.51 0.0 
777.89 0.31 0.0 
1485.88 0.52 0.0 
2173.92 0.35 0.0 
2429.42 0.78 0.0 
2672.72 0.63 0.0 
2672.72 0.46 0.0 
3509.57 0.34 0.0 
3929.32 0.41 0.0 
4484.12 0.58 0.0 
5130.03 0.34 0.0 
5463.84 0.34 0.0 
6029.24 0.31 0.0 
5864.49 0.41 0.0 
5997.80 0.69 0.0 
9420.69 0.40 0.0 
9653.73 0.31 0.0 
9599.60 0.42 0.0 
9959.49 0.44 0.0 
12959.56 0.37 0.0 
16753.24 0.55 0.0 
16994.15 0.42 0.0 
17353.99 0.72 0.0 
18189.92 0.45 0.0 
21179.05 0.31 0.0 
21852.92 0.85 0.0 
22199.21 0.37 0.0 
22678.09 0.30 0.0 
23399.17 0.48 0.0 
26789.14 0.70 0.0 
28138.63 0.55 0.0 
29939.56 0.81 0.0 
30464.20 0.91 0.0 
31231.90 0.98 0.0 
31231.89 0.98 0.0 
31338.32 0.65 0.0 
31338.84 0.55 0.0 
31338.23 0.44 0.0 
31338.81 0.66 0.0 
32123.76 0.97 0.0 
31905.62 0.98 0.0 
31905.61 0.98 0.0 
32123.76 0.97 0.0 
33818.36 0.98 0.0 
33818.36 0.99 0.0 
33824.50 0.75 0.0 
34373.80 0.72 0.0 
33971.99 0.55 0.0 
34373.80 0.70 0.0 
36297.71 0.32 0.0 
36764.17 0.31 0.0 
36903.15 0.84 0.0 
36903.13 0.63 0.0 
37877.49 0.57 0.0 
38171.66 0.97 0.0 
38023.32 0.52 0.0 
38157.85 0.32 0.0 
38171.66 0.98 0.0 
38712.02 0.97 0.0 
38712.02 0.97 0.0 
40469.16 0.62 0.0 
42449.37 0.59 0.0 
43278.53 0.43 0.0 
44593.71 0.52 0.0 
44638.52 0.38 0.0 
48673.93 0.33 0.0 
48719.37 0.30 0.0 
55226.40 0.45 0.0 
56233.96 0.45 0.0 
57343.99 0.35 0.0 
58151.34 0.89 0.0 
58151.34 0.92 0.0 
58680.20 0.89 0.0 
58534.64 0.78 0.0 
58534.60 0.67 0.0 
58680.20 0.30 0.0 
61129.73 0.32 0.0 
61963.21 0.63 0.0 
62384.45 0.75 0.0 
64475.74 0.98 0.0 
64475.74 0.98 0.0 
64554.00 0.43 0.0 
65592.56 0.65 0.0 
66943.79 0.36 0.0 
67212.92 0.70 0.0 
69359.21 0.30 0.0 
72961.60 0.97 0.0 
72961.60 0.97 0.0 
82272.25 0.45 0.0 
82886.21 0.53 0.0 
83740.72 0.44 0.0 
83982.60 0.38 0.0 
84794.28 0.64 0.0 
84882.48 0.68 0.0 
85289.52 0.44 0.0 
85799.56 0.34 0.0 
86084.33 0.65 0.0 
86143.80 0.55 0.0 
