127.52 0.33 0.0 
127.48 0.35 0.0 
3555.59 0.58 0.0 
3555.61 0.87 0.0 
4891.04 0.42 0.0 
6577.99 0.68 0.0 
6577.98 0.45 0.0 
7245.36 0.42 0.0 
8652.99 0.49 0.0 
8652.99 0.85 0.0 
9381.36 0.35 0.0 
9762.81 0.42 0.0 
10050.47 0.84 0.0 
10660.13 0.52 0.0 
10604.71 0.44 0.0 
11898.84 0.54 0.0 
12240.70 0.84 0.0 
12557.27 0.46 0.0 
13146.68 0.32 0.0 
13780.07 0.69 0.0 
13780.07 0.74 0.0 
14810.80 0.62 0.0 
14840.32 0.47 0.0 
16170.53 0.36 0.0 
16170.49 0.38 0.0 
16756.32 0.40 0.0 
16600.18 0.44 0.0 
17303.80 0.34 0.0 
17303.80 0.33 0.0 
19144.43 0.46 0.0 
22053.31 0.59 0.0 
25069.52 0.34 0.0 
26086.66 0.48 0.0 
27766.15 0.70 0.0 
31282.09 0.38 0.0 
31290.45 0.37 0.0 
31282.06 0.54 0.0 
31260.22 0.66 0.0 
32476.65 0.39 0.0 
34572.72 0.59 0.0 
34572.73 0.80 0.0 
36317.40 0.35 0.0 
35993.53 0.54 0.0 
36317.40 0.74 0.0 
37406.60 0.81 0.0 
37406.59 0.72 0.0 
42479.66 0.37 0.0 
45679.20 0.63 0.0 
46324.83 0.63 0.0 
46324.83 0.30 0.0 
47502.47 0.37 0.0 
47612.42 0.91 0.0 
47612.43 0.89 0.0 
50091.27 0.76 0.0 
50091.26 0.41 0.0 
53731.17 0.55 0.0 
54110.24 0.33 0.0 
54110.25 0.35 0.0 
56770.40 0.82 0.0 
56770.41 0.77 0.0 
59034.24 0.50 0.0 
59034.23 0.62 0.0 
59938.50 0.89 0.0 
60061.12 0.58 0.0 
60583.79 0.88 0.0 
60583.80 0.95 0.0 
62077.99 0.83 0.0 
62078.00 0.83 0.0 
62563.56 0.55 0.0 
63447.11 0.76 0.0 
65055.42 0.86 0.0 
65055.44 0.92 0.0 
65370.68 0.41 0.0 
65305.47 0.43 0.0 
65305.48 0.74 0.0 
65817.77 0.36 0.0 
66395.31 0.81 0.0 
66472.91 0.48 0.0 
66437.67 0.48 0.0 
66635.79 0.67 0.0 
66395.34 0.33 0.0 
66472.88 0.66 0.0 
66635.80 0.53 0.0 
68202.64 0.91 0.0 
68202.66 0.64 0.0 
68978.52 0.35 0.0 
68978.52 0.44 0.0 
69471.52 0.41 0.0 
69471.51 0.44 0.0 
69958.32 0.49 0.0 
70067.87 0.43 0.0 
70067.89 0.61 0.0 
72425.39 0.81 0.0 
72425.36 0.44 0.0 
73304.37 0.71 0.0 
73616.05 0.87 0.0 
73616.03 0.73 0.0 
74105.28 0.56 0.0 
74129.22 0.47 0.0 
75268.51 0.45 0.0 
78839.90 0.39 0.0 
83327.64 0.70 0.0 
83541.80 0.72 0.0 
83541.80 0.78 0.0 
