311.40 0.35 0.0 
568.37 0.72 0.0 
127.50 0.46 0.0 
1168.17 0.81 0.0 
6577.96 0.35 0.0 
7261.12 0.54 0.0 
7288.75 0.89 0.0 
7604.33 0.55 0.0 
8652.67 0.49 0.0 
8652.64 0.82 0.0 
9420.53 0.48 0.0 
9359.00 0.57 0.0 
9762.77 0.51 0.0 
10313.81 0.45 0.0 
10604.55 0.31 0.0 
11214.37 0.43 0.0 
11265.16 0.82 0.0 
11564.42 0.47 0.0 
11909.56 0.42 0.0 
11897.96 0.30 0.0 
12473.97 0.39 0.0 
12240.65 0.49 0.0 
12246.27 0.32 0.0 
12557.22 0.38 0.0 
12899.57 0.50 0.0 
13169.36 0.80 0.0 
13108.85 0.49 0.0 
14755.23 0.87 0.0 
14809.44 0.76 0.0 
14839.69 0.31 0.0 
14832.91 0.91 0.0 
14953.27 0.53 0.0 
15074.57 0.67 0.0 
16170.46 0.63 0.0 
16096.48 0.41 0.0 
16469.15 0.92 0.0 
16632.87 0.48 0.0 
16600.11 0.39 0.0 
17302.88 0.52 0.0 
17404.60 0.69 0.0 
18223.12 0.44 0.0 
18689.08 0.34 0.0 
18433.39 0.97 0.0 
18807.96 0.47 0.0 
18899.42 0.43 0.0 
18792.75 0.96 0.0 
18764.51 0.66 0.0 
19259.40 0.41 0.0 
19858.63 0.64 0.0 
20548.27 0.33 0.0 
22027.84 0.40 0.0 
21613.92 0.64 0.0 
22027.85 0.53 0.0 
22258.99 0.69 0.0 
22633.67 0.40 0.0 
23098.38 0.96 0.0 
24388.95 0.43 0.0 
25109.44 0.54 0.0 
25348.70 0.74 0.0 
25346.99 0.44 0.0 
26086.61 0.39 0.0 
26324.44 0.45 0.0 
26819.56 0.69 0.0 
27479.21 0.47 0.0 
30330.15 0.81 0.0 
31256.44 0.70 0.0 
32476.59 0.53 0.0 
33642.00 0.67 0.0 
37406.01 0.61 0.0 
37649.16 0.73 0.0 
42192.56 0.55 0.0 
42479.59 0.89 0.0 
43557.91 0.40 0.0 
47611.93 0.38 0.0 
48413.52 0.36 0.0 
49229.47 0.31 0.0 
50560.48 0.42 0.0 
51553.99 0.31 0.0 
52573.79 0.70 0.0 
54837.66 0.86 0.0 
54837.66 0.71 0.0 
55919.19 0.85 0.0 
56768.99 0.40 0.0 
58468.47 0.74 0.0 
59593.55 0.88 0.0 
59936.11 0.69 0.0 
60060.53 0.47 0.0 
60583.15 0.84 0.0 
60583.14 0.91 0.0 
61593.24 0.39 0.0 
62563.46 0.34 0.0 
64093.97 0.48 0.0 
64664.37 0.65 0.0 
65129.52 0.73 0.0 
65054.59 0.47 0.0 
65932.24 0.31 0.0 
65903.29 0.43 0.0 
66393.35 0.37 0.0 
66634.82 0.96 0.0 
66395.30 0.34 0.0 
66634.82 0.95 0.0 
68198.39 0.31 0.0 
68202.60 0.33 0.0 
68978.51 0.38 0.0 
68799.00 0.70 0.0 
69956.11 0.63 0.0 
70067.86 0.31 0.0 
73319.12 0.74 0.0 
73303.85 0.51 0.0 
73393.03 0.34 0.0 
74067.36 0.66 0.0 
75267.97 0.49 0.0 
78299.05 0.31 0.0 
78839.86 0.37 0.0 
83398.31 0.83 0.0 
83722.22 0.53 0.0 
83597.52 0.54 0.0 
83413.28 0.38 0.0 
84224.32 0.56 0.0 
84448.04 0.36 0.0 
84797.60 0.31 0.0 
85379.08 0.85 0.0 
85545.64 0.58 0.0 
