868.02 0.35 0.0 
1478.17 0.48 0.0 
1346.89 0.63 0.0 
1478.21 0.46 0.0 
1449.16 0.31 0.0 
1573.97 0.35 0.0 
1705.33 0.36 0.0 
2657.25 0.57 0.0 
2657.28 0.45 0.0 
3119.32 0.62 0.0 
3503.15 0.32 0.0 
4244.48 0.31 0.0 
4184.48 0.31 0.0 
4333.79 0.78 0.0 
4333.80 0.72 0.0 
4493.09 0.53 0.0 
5041.04 0.43 0.0 
5713.56 0.49 0.0 
5713.55 0.71 0.0 
6231.48 0.36 0.0 
6237.27 0.34 0.0 
6854.30 0.89 0.0 
7049.33 0.35 0.0 
7089.68 0.72 0.0 
7274.51 0.59 0.0 
8084.36 0.84 0.0 
8084.36 0.38 0.0 
8820.09 0.49 0.0 
9419.01 0.59 0.0 
9897.25 0.43 0.0 
10109.51 0.53 0.0 
10212.59 0.38 0.0 
10700.60 0.39 0.0 
11706.44 0.38 0.0 
11787.63 0.47 0.0 
12269.49 0.61 0.0 
12282.85 0.41 0.0 
12269.45 0.45 0.0 
13880.16 0.53 0.0 
13880.17 0.35 0.0 
14877.60 0.69 0.0 
15048.01 0.72 0.0 
15059.53 0.35 0.0 
15104.45 0.34 0.0 
15048.01 0.77 0.0 
16304.12 0.37 0.0 
17187.01 0.37 0.0 
17142.49 0.58 0.0 
17147.69 0.35 0.0 
17413.28 0.63 0.0 
17789.33 0.33 0.0 
17771.96 0.43 0.0 
18403.85 0.42 0.0 
18130.80 0.70 0.0 
18508.65 0.41 0.0 
18312.84 0.49 0.0 
18310.19 0.46 0.0 
18414.12 0.79 0.0 
18414.12 0.86 0.0 
18553.79 0.52 0.0 
18612.13 0.56 0.0 
18713.12 0.53 0.0 
18713.07 0.45 0.0 
19330.97 0.51 0.0 
19557.84 0.34 0.0 
19586.85 0.40 0.0 
20364.87 0.50 0.0 
22308.07 0.55 0.0 
23905.81 0.69 0.0 
26174.28 0.32 0.0 
29002.15 0.48 0.0 
29383.68 0.56 0.0 
29574.89 0.30 0.0 
31471.80 0.52 0.0 
31479.85 0.76 0.0 
31285.49 0.38 0.0 
31268.88 0.72 0.0 
31268.89 0.87 0.0 
31471.85 0.43 0.0 
32186.89 0.33 0.0 
32186.93 0.45 0.0 
32697.96 0.51 0.0 
37139.05 0.47 0.0 
37400.83 0.58 0.0 
37385.12 0.38 0.0 
37385.13 0.64 0.0 
37861.44 0.38 0.0 
37861.45 0.41 0.0 
38112.56 0.37 0.0 
38661.24 0.74 0.0 
38661.25 0.62 0.0 
38964.16 0.62 0.0 
39300.14 0.53 0.0 
39854.23 0.46 0.0 
39748.87 0.80 0.0 
40093.00 0.55 0.0 
40767.73 0.65 0.0 
40859.22 0.77 0.0 
40859.20 0.60 0.0 
41417.15 0.46 0.0 
41622.88 0.48 0.0 
41417.03 0.39 0.0 
41780.75 0.47 0.0 
43657.57 0.52 0.0 
43589.38 0.48 0.0 
44219.43 0.70 0.0 
45672.59 0.35 0.0 
46498.20 0.39 0.0 
46412.33 0.38 0.0 
46633.00 0.34 0.0 
47237.76 0.35 0.0 
47267.95 0.40 0.0 
47366.48 0.37 0.0 
47496.92 0.30 0.0 
47546.85 0.65 0.0 
48279.04 0.58 0.0 
48279.03 0.65 0.0 
48206.31 0.34 0.0 
48762.11 0.42 0.0 
48762.16 0.47 0.0 
48726.57 0.54 0.0 
48817.19 0.56 0.0 
48817.20 0.45 0.0 
48946.96 0.56 0.0 
48948.13 0.46 0.0 
48946.95 0.46 0.0 
48948.09 0.65 0.0 
50686.89 0.48 0.0 
50686.85 0.45 0.0 
50849.56 0.39 0.0 
52001.13 0.47 0.0 
51835.83 0.33 0.0 
51911.20 0.31 0.0 
52586.60 0.66 0.0 
52990.28 0.42 0.0 
53102.49 0.64 0.0 
53253.80 0.44 0.0 
53186.89 0.71 0.0 
54069.35 0.42 0.0 
54236.72 0.60 0.0 
54374.00 0.39 0.0 
55077.85 0.40 0.0 
55079.29 0.32 0.0 
55694.09 0.31 0.0 
56444.16 0.35 0.0 
56799.85 0.49 0.0 
56925.84 0.32 0.0 
57961.56 0.33 0.0 
58137.52 0.42 0.0 
58440.04 0.55 0.0 
58729.59 0.35 0.0 
61574.17 0.35 0.0 
62011.00 0.33 0.0 
62314.73 0.54 0.0 
63162.84 0.59 0.0 
62847.56 0.57 0.0 
62905.12 0.72 0.0 
63094.73 0.42 0.0 
63230.95 0.34 0.0 
63334.80 0.65 0.0 
63334.80 0.43 0.0 
63656.21 0.39 0.0 
63628.44 0.65 0.0 
64331.23 0.48 0.0 
64603.47 0.54 0.0 
64331.41 0.47 0.0 
66236.84 0.34 0.0 
66236.88 0.43 0.0 
67162.79 0.37 0.0 
67332.16 0.76 0.0 
67854.80 0.55 0.0 
68293.52 0.30 0.0 
68564.17 0.39 0.0 
68957.43 0.49 0.0 
68983.03 0.43 0.0 
68957.47 0.53 0.0 
68908.01 0.58 0.0 
69177.77 0.55 0.0 
69402.45 0.65 0.0 
69461.91 0.40 0.0 
69583.79 0.69 0.0 
69826.59 0.67 0.0 
69958.65 0.59 0.0 
69958.68 0.39 0.0 
70723.21 0.34 0.0 
70662.85 0.47 0.0 
71423.43 0.53 0.0 
71423.49 0.34 0.0 
71626.69 0.35 0.0 
72133.01 0.57 0.0 
72404.43 0.74 0.0 
72624.68 0.71 0.0 
73097.88 0.40 0.0 
73289.01 0.48 0.0 
73211.04 0.57 0.0 
73431.01 0.35 0.0 
73451.07 0.31 0.0 
73583.73 0.52 0.0 
73811.88 0.48 0.0 
74037.07 0.55 0.0 
74127.01 0.34 0.0 
74392.29 0.45 0.0 
74511.71 0.38 0.0 
74996.72 0.65 0.0 
75013.07 0.60 0.0 
74999.21 0.51 0.0 
76101.84 0.40 0.0 
76039.00 0.44 0.0 
76171.48 0.33 0.0 
76455.99 0.50 0.0 
76101.81 0.44 0.0 
77002.73 0.37 0.0 
77021.12 0.56 0.0 
77051.28 0.85 0.0 
77051.28 0.87 0.0 
77546.85 0.59 0.0 
77774.37 0.33 0.0 
77728.96 0.34 0.0 
78143.20 0.54 0.0 
78012.08 0.33 0.0 
78463.85 0.51 0.0 
79261.23 0.35 0.0 
79261.25 0.43 0.0 
79223.71 0.46 0.0 
79696.88 0.40 0.0 
79733.77 0.39 0.0 
79733.81 0.37 0.0 
79976.13 0.37 0.0 
79917.63 0.37 0.0 
80046.56 0.41 0.0 
80284.79 0.38 0.0 
80545.85 0.58 0.0 
80576.63 0.51 0.0 
80489.39 0.42 0.0 
80593.33 0.35 0.0 
80576.73 0.32 0.0 
80593.37 0.45 0.0 
80594.56 0.37 0.0 
80549.59 0.51 0.0 
81192.20 0.31 0.0 
81329.35 0.70 0.0 
81794.25 0.35 0.0 
82222.79 0.42 0.0 
83309.12 0.72 0.0 
83566.60 0.65 0.0 
83730.95 0.70 0.0 
83861.51 0.38 0.0 
83891.89 0.57 0.0 
84162.81 0.46 0.0 
83891.93 0.61 0.0 
84102.83 0.36 0.0 
84224.36 0.77 0.0 
84314.00 0.34 0.0 
85618.93 0.57 0.0 
85653.19 0.32 0.0 
85633.85 0.37 0.0 
86325.85 0.42 0.0 
86337.81 0.51 0.0 
86325.89 0.44 0.0 
