1018.83 0.32 0.0 
2324.51 0.43 0.0 
5639.15 0.47 0.0 
7543.25 0.42 0.0 
9359.56 0.41 0.0 
10683.55 0.55 0.0 
10699.91 0.78 0.0 
10683.53 0.63 0.0 
10643.80 0.57 0.0 
10661.36 0.46 0.0 
10699.92 0.78 0.0 
10712.65 0.37 0.0 
10661.40 0.71 0.0 
11042.92 0.37 0.0 
11294.17 0.95 0.0 
11294.17 0.94 0.0 
11262.49 0.50 0.0 
16304.23 0.36 0.0 
16453.66 0.73 0.0 
16408.75 0.32 0.0 
16559.47 0.54 0.0 
23609.57 0.41 0.0 
23937.59 0.36 0.0 
25690.12 0.30 0.0 
28378.67 0.33 0.0 
30343.25 0.50 0.0 
30733.87 0.35 0.0 
31337.43 0.49 0.0 
31337.25 0.47 0.0 
31367.17 0.53 0.0 
31588.92 0.75 0.0 
31422.69 0.32 0.0 
32231.77 0.47 0.0 
34309.99 0.33 0.0 
35249.13 0.53 0.0 
37333.39 0.49 0.0 
44235.65 0.36 0.0 
48359.45 0.44 0.0 
48762.20 0.43 0.0 
49514.32 0.71 0.0 
52304.32 0.39 0.0 
55229.37 0.44 0.0 
55258.60 0.30 0.0 
58409.19 0.48 0.0 
59488.97 0.31 0.0 
60523.75 0.31 0.0 
66344.55 0.37 0.0 
69389.27 0.44 0.0 
71114.01 0.45 0.0 
73004.05 0.37 0.0 
74007.75 0.51 0.0 
74879.31 0.59 0.0 
76619.47 0.44 0.0 
77637.21 0.49 0.0 
77864.13 0.52 0.0 
79949.17 0.31 0.0 
81133.63 0.33 0.0 
81114.01 0.48 0.0 
83789.17 0.32 0.0 
83819.48 0.38 0.0 
