407.27 0.36 0.0 
1479.41 0.33 0.0 
1740.55 0.39 0.0 
1953.69 0.31 0.0 
2025.59 0.35 0.0 
3002.31 0.52 0.0 
4337.02 0.43 0.0 
4566.15 0.48 0.0 
5775.79 0.34 0.0 
6338.49 0.45 0.0 
6392.55 0.40 0.0 
6338.51 0.30 0.0 
6479.91 0.32 0.0 
6525.71 0.31 0.0 
7065.67 0.44 0.0 
8178.51 0.41 0.0 
7905.51 0.38 0.0 
8521.63 0.30 0.0 
8822.56 0.62 0.0 
9138.37 0.41 0.0 
9032.60 0.67 0.0 
9200.11 0.41 0.0 
10141.08 0.62 0.0 
11315.68 0.36 0.0 
12270.73 0.56 0.0 
12270.73 0.57 0.0 
13099.15 0.37 0.0 
13883.07 0.51 0.0 
13883.08 0.62 0.0 
14462.92 0.60 0.0 
15050.35 0.65 0.0 
15050.35 0.57 0.0 
15244.23 0.35 0.0 
15519.71 0.32 0.0 
15647.89 0.36 0.0 
17190.79 0.33 0.0 
17190.81 0.70 0.0 
17142.53 0.36 0.0 
17150.02 0.79 0.0 
17150.03 0.80 0.0 
17686.63 0.39 0.0 
17792.03 0.32 0.0 
18392.96 0.64 0.0 
18513.87 0.30 0.0 
18312.81 0.43 0.0 
18392.97 0.77 0.0 
18417.69 0.57 0.0 
18417.68 0.59 0.0 
18513.88 0.65 0.0 
20235.89 0.51 0.0 
20241.35 0.44 0.0 
22310.57 0.44 0.0 
22587.73 0.46 0.0 
23450.60 0.46 0.0 
23776.74 0.69 0.0 
23450.65 0.40 0.0 
23845.01 0.30 0.0 
23853.96 0.61 0.0 
24692.11 0.30 0.0 
26174.29 0.32 0.0 
26523.81 0.41 0.0 
27391.95 0.80 0.0 
29008.31 0.33 0.0 
30015.65 0.35 0.0 
31111.37 0.44 0.0 
31475.89 0.52 0.0 
31296.27 0.61 0.0 
31296.28 0.61 0.0 
32700.73 0.61 0.0 
32700.71 0.45 0.0 
34198.29 0.38 0.0 
34502.95 0.30 0.0 
37161.19 0.31 0.0 
37397.06 0.89 0.0 
37402.13 0.52 0.0 
37391.59 0.51 0.0 
37391.62 0.87 0.0 
38295.67 0.40 0.0 
38662.75 0.56 0.0 
38662.79 0.39 0.0 
38761.61 0.44 0.0 
39302.67 0.35 0.0 
39607.83 0.47 0.0 
40616.41 0.60 0.0 
41177.84 0.68 0.0 
41012.95 0.50 0.0 
41423.63 0.31 0.0 
45799.57 0.44 0.0 
46417.61 0.44 0.0 
46620.87 0.34 0.0 
46727.71 0.41 0.0 
47146.69 0.44 0.0 
47132.92 0.47 0.0 
47367.79 0.48 0.0 
47500.95 0.34 0.0 
47514.87 0.34 0.0 
47798.15 0.53 0.0 
47748.56 0.62 0.0 
47756.01 0.72 0.0 
47755.99 0.49 0.0 
48281.80 0.70 0.0 
48281.80 0.58 0.0 
48225.71 0.83 0.0 
48208.55 0.41 0.0 
48874.19 0.41 0.0 
48950.28 0.71 0.0 
48930.54 0.80 0.0 
48950.26 0.69 0.0 
49621.43 0.33 0.0 
50688.78 0.53 0.0 
51871.61 0.42 0.0 
51912.97 0.39 0.0 
53176.85 0.58 0.0 
53107.27 0.46 0.0 
53341.51 0.33 0.0 
53352.99 0.44 0.0 
53352.99 0.44 0.0 
55079.35 0.32 0.0 
56328.97 0.50 0.0 
56523.81 0.35 0.0 
58121.15 0.36 0.0 
58440.13 0.34 0.0 
58446.13 0.39 0.0 
58592.63 0.93 0.0 
59536.41 0.34 0.0 
59374.95 0.52 0.0 
59609.84 0.81 0.0 
63095.13 0.51 0.0 
63773.43 0.37 0.0 
64367.81 0.63 0.0 
64603.44 0.52 0.0 
65273.55 0.64 0.0 
66929.15 0.34 0.0 
67866.11 0.35 0.0 
68279.87 0.37 0.0 
68367.98 0.69 0.0 
68962.24 0.82 0.0 
68962.23 0.42 0.0 
69227.27 0.34 0.0 
69828.62 0.66 0.0 
69846.63 0.30 0.0 
69828.63 0.40 0.0 
69946.59 0.37 0.0 
69963.31 0.65 0.0 
69886.36 0.44 0.0 
69846.60 0.50 0.0 
69963.29 0.62 0.0 
70274.15 0.72 0.0 
70396.43 0.48 0.0 
70396.43 0.37 0.0 
71175.87 0.58 0.0 
71427.52 0.52 0.0 
71313.59 0.45 0.0 
71569.97 0.59 0.0 
71879.89 0.41 0.0 
72693.27 0.51 0.0 
72934.23 0.46 0.0 
73214.48 0.43 0.0 
73425.70 0.78 0.0 
73757.16 0.70 0.0 
74266.75 0.33 0.0 
74335.35 0.33 0.0 
74351.99 0.33 0.0 
74514.21 0.44 0.0 
74611.95 0.39 0.0 
74702.24 0.57 0.0 
74699.95 0.39 0.0 
75257.46 0.66 0.0 
75618.11 0.40 0.0 
76109.60 0.43 0.0 
76460.53 0.40 0.0 
77059.23 0.35 0.0 
77005.23 0.41 0.0 
77059.20 0.47 0.0 
77265.68 0.61 0.0 
77785.63 0.39 0.0 
77586.87 0.33 0.0 
78041.47 0.36 0.0 
77976.11 0.30 0.0 
78316.65 0.50 0.0 
78392.79 0.36 0.0 
78782.57 0.52 0.0 
79171.48 0.76 0.0 
79264.41 0.74 0.0 
79264.45 0.64 0.0 
79697.80 0.69 0.0 
79367.11 0.41 0.0 
79716.91 0.40 0.0 
79736.97 0.38 0.0 
80048.71 0.36 0.0 
80549.63 0.54 0.0 
80594.55 0.36 0.0 
80925.56 0.52 0.0 
82096.39 0.39 0.0 
82875.47 0.45 0.0 
82897.47 0.35 0.0 
82897.43 0.45 0.0 
83734.88 0.62 0.0 
83741.91 0.30 0.0 
83894.45 0.32 0.0 
83894.48 0.66 0.0 
84094.72 0.73 0.0 
84618.25 0.36 0.0 
