705.07 0.39 0.0 
1274.40 0.33 0.0 
2142.76 0.41 0.0 
2264.48 0.32 0.0 
3102.17 0.68 0.0 
3102.21 0.71 0.0 
3551.04 0.45 0.0 
3942.77 0.36 0.0 
4183.41 0.51 0.0 
5677.81 0.33 0.0 
6198.81 0.35 0.0 
7018.25 0.33 0.0 
7235.15 0.35 0.0 
7443.47 0.32 0.0 
8665.45 0.30 0.0 
9575.61 0.33 0.0 
9548.16 0.37 0.0 
10099.20 0.36 0.0 
11695.35 0.36 0.0 
13087.48 0.35 0.0 
13986.05 0.37 0.0 
17609.12 0.45 0.0 
17637.75 0.37 0.0 
18546.05 0.32 0.0 
18937.52 0.42 0.0 
18805.21 0.69 0.0 
19540.88 0.33 0.0 
19776.99 0.38 0.0 
20156.16 0.44 0.0 
24283.09 0.43 0.0 
25060.20 0.53 0.0 
25060.23 0.30 0.0 
26368.81 0.61 0.0 
26874.67 0.38 0.0 
27264.47 0.50 0.0 
27264.48 0.58 0.0 
28181.61 0.55 0.0 
28408.67 0.37 0.0 
29964.37 0.55 0.0 
30514.88 0.44 0.0 
32075.09 0.38 0.0 
32504.21 0.36 0.0 
34378.80 0.38 0.0 
34678.15 0.33 0.0 
35338.69 0.68 0.0 
36629.11 0.83 0.0 
36763.80 0.49 0.0 
38218.87 0.65 0.0 
38575.33 0.64 0.0 
38714.20 0.38 0.0 
41827.44 0.35 0.0 
42476.11 0.33 0.0 
43194.89 0.41 0.0 
44049.15 0.69 0.0 
44412.05 0.54 0.0 
44533.28 0.34 0.0 
45133.53 0.36 0.0 
46689.24 0.46 0.0 
48803.43 0.50 0.0 
49629.57 0.35 0.0 
49570.75 0.42 0.0 
52328.84 0.31 0.0 
52453.57 0.34 0.0 
53516.73 0.58 0.0 
53894.40 0.36 0.0 
54358.65 0.33 0.0 
54549.93 0.33 0.0 
56076.55 0.81 0.0 
56076.53 0.82 0.0 
56531.08 0.50 0.0 
57702.65 0.78 0.0 
57788.52 0.54 0.0 
58422.52 0.39 0.0 
58328.33 0.36 0.0 
58784.37 0.43 0.0 
59233.07 0.57 0.0 
59051.13 0.73 0.0 
59951.88 0.41 0.0 
60194.41 0.44 0.0 
61660.73 0.77 0.0 
61466.88 0.50 0.0 
61748.96 0.51 0.0 
61660.71 0.44 0.0 
63733.68 0.32 0.0 
64034.57 0.56 0.0 
64453.39 0.70 0.0 
66251.73 0.53 0.0 
68788.21 0.74 0.0 
68949.72 0.38 0.0 
68906.21 0.31 0.0 
70298.93 0.35 0.0 
70798.57 0.50 0.0 
70790.59 0.34 0.0 
71378.13 0.31 0.0 
71472.65 0.54 0.0 
72318.24 0.75 0.0 
72356.52 0.76 0.0 
72318.20 0.82 0.0 
72455.12 0.31 0.0 
72356.48 0.82 0.0 
72728.93 0.39 0.0 
73539.88 0.30 0.0 
75665.37 0.35 0.0 
75786.45 0.45 0.0 
75665.44 0.79 0.0 
75733.89 0.30 0.0 
76578.59 0.36 0.0 
76958.40 0.72 0.0 
77538.64 0.34 0.0 
78222.17 0.64 0.0 
78582.61 0.41 0.0 
79389.48 0.33 0.0 
80832.52 0.69 0.0 
81099.89 0.41 0.0 
81024.13 0.58 0.0 
81534.53 0.32 0.0 
81820.33 0.85 0.0 
81820.33 0.37 0.0 
82091.61 0.50 0.0 
82483.97 0.30 0.0 
82617.77 0.43 0.0 
83982.44 0.46 0.0 
84519.56 0.31 0.0 
84791.41 0.39 0.0 
85059.19 0.34 0.0 
85243.79 0.65 0.0 
86260.67 0.86 0.0 
