20.63 0.39 0.0 
285.07 0.43 0.0 
453.36 0.64 0.0 
390.77 0.31 0.0 
453.33 0.65 0.0 
510.21 0.67 0.0 
523.33 0.37 0.0 
828.77 0.63 0.0 
932.75 0.33 0.0 
1309.79 0.32 0.0 
1321.51 0.36 0.0 
1761.05 0.53 0.0 
1761.03 0.36 0.0 
1803.79 0.37 0.0 
2095.47 0.40 0.0 
2194.59 0.42 0.0 
2595.67 0.50 0.0 
2546.13 0.52 0.0 
3468.85 0.41 0.0 
3792.49 0.57 0.0 
3873.80 0.45 0.0 
4984.87 0.38 0.0 
5071.99 0.48 0.0 
5632.83 0.57 0.0 
6162.95 0.35 0.0 
7338.55 0.40 0.0 
7765.21 0.43 0.0 
8556.24 0.42 0.0 
11439.41 0.31 0.0 
11930.03 0.64 0.0 
11930.07 0.56 0.0 
13080.35 0.41 0.0 
14791.65 0.48 0.0 
14791.61 0.62 0.0 
14956.83 0.44 0.0 
14921.27 0.49 0.0 
16384.20 0.48 0.0 
16592.79 0.39 0.0 
17533.83 0.34 0.0 
17790.81 0.46 0.0 
19708.59 0.36 0.0 
21438.13 0.43 0.0 
22528.65 0.50 0.0 
22987.86 0.43 0.0 
22926.03 0.31 0.0 
24036.85 0.57 0.0 
24660.87 0.34 0.0 
25008.01 0.52 0.0 
25250.05 0.46 0.0 
25578.66 0.65 0.0 
26066.25 0.50 0.0 
26417.17 0.47 0.0 
27662.73 0.55 0.0 
28036.81 0.35 0.0 
28036.71 0.32 0.0 
28575.51 0.30 0.0 
28818.04 0.39 0.0 
28925.32 0.59 0.0 
29106.99 0.44 0.0 
29107.03 0.33 0.0 
29062.11 0.37 0.0 
29504.57 0.54 0.0 
29752.56 0.35 0.0 
30929.19 0.30 0.0 
31053.59 0.32 0.0 
31294.40 0.50 0.0 
31294.44 0.49 0.0 
31626.09 0.37 0.0 
32192.81 0.35 0.0 
32583.74 0.53 0.0 
32948.85 0.35 0.0 
32948.85 0.40 0.0 
32925.08 0.37 0.0 
33300.53 0.50 0.0 
33656.03 0.34 0.0 
33885.94 0.60 0.0 
34526.89 0.56 0.0 
34992.55 0.33 0.0 
35476.04 0.31 0.0 
35416.55 0.34 0.0 
36024.95 0.41 0.0 
36024.89 0.39 0.0 
36099.99 0.44 0.0 
36410.64 0.59 0.0 
36593.83 0.42 0.0 
36767.15 0.40 0.0 
36958.92 0.56 0.0 
37660.35 0.31 0.0 
37660.27 0.31 0.0 
37874.11 0.42 0.0 
38402.09 0.33 0.0 
38790.37 0.61 0.0 
38957.27 0.34 0.0 
38915.15 0.42 0.0 
39180.49 0.45 0.0 
39143.21 0.61 0.0 
39506.59 0.39 0.0 
39616.19 0.42 0.0 
41995.89 0.59 0.0 
41995.93 0.59 0.0 
42768.76 0.42 0.0 
43300.64 0.53 0.0 
43300.63 0.33 0.0 
44235.97 0.39 0.0 
44256.79 0.38 0.0 
44523.35 0.42 0.0 
45322.71 0.31 0.0 
47716.35 0.36 0.0 
49160.51 0.48 0.0 
51581.39 0.31 0.0 
52181.63 0.45 0.0 
52263.95 0.33 0.0 
52263.93 0.58 0.0 
52305.55 0.36 0.0 
53492.82 0.47 0.0 
54980.07 0.32 0.0 
56584.63 0.37 0.0 
57456.19 0.34 0.0 
57621.96 0.42 0.0 
58187.81 0.52 0.0 
58515.47 0.32 0.0 
58641.71 0.32 0.0 
58817.55 0.60 0.0 
58934.13 0.37 0.0 
59069.23 0.30 0.0 
60231.04 0.36 0.0 
60902.99 0.40 0.0 
60902.97 0.35 0.0 
61037.11 0.30 0.0 
61382.45 0.51 0.0 
61578.59 0.36 0.0 
61587.65 0.45 0.0 
62948.72 0.38 0.0 
63466.67 0.43 0.0 
63662.47 0.36 0.0 
63684.65 0.50 0.0 
63621.01 0.57 0.0 
63621.11 0.35 0.0 
63872.11 0.31 0.0 
63872.09 0.60 0.0 
64412.79 0.40 0.0 
64412.80 0.59 0.0 
64470.85 0.34 0.0 
64613.65 0.41 0.0 
64776.99 0.36 0.0 
64844.19 0.33 0.0 
65111.31 0.40 0.0 
65041.05 0.56 0.0 
65331.21 0.37 0.0 
65331.21 0.60 0.0 
65425.17 0.58 0.0 
65728.57 0.56 0.0 
66002.49 0.58 0.0 
66511.11 0.35 0.0 
66755.87 0.51 0.0 
66755.88 0.58 0.0 
67387.91 0.40 0.0 
67358.95 0.31 0.0 
67441.65 0.61 0.0 
67441.67 0.37 0.0 
67557.75 0.34 0.0 
68230.25 0.45 0.0 
68186.55 0.53 0.0 
68715.95 0.31 0.0 
68696.27 0.31 0.0 
69013.09 0.43 0.0 
69400.13 0.53 0.0 
69400.11 0.46 0.0 
69763.87 0.70 0.0 
70218.83 0.33 0.0 
70567.77 0.61 0.0 
70678.03 0.37 0.0 
71191.58 0.57 0.0 
71277.79 0.40 0.0 
71351.41 0.42 0.0 
71910.71 0.44 0.0 
71910.70 0.57 0.0 
72122.15 0.34 0.0 
72041.85 0.61 0.0 
72176.33 0.53 0.0 
72176.33 0.50 0.0 
72122.01 0.52 0.0 
72768.28 0.43 0.0 
72768.35 0.33 0.0 
73027.00 0.46 0.0 
73137.15 0.31 0.0 
73548.91 0.39 0.0 
73669.35 0.42 0.0 
73873.55 0.35 0.0 
73981.55 0.42 0.0 
73981.67 0.54 0.0 
74000.89 0.49 0.0 
75283.67 0.31 0.0 
75351.75 0.41 0.0 
75409.95 0.30 0.0 
75886.59 0.46 0.0 
75886.57 0.50 0.0 
76424.31 0.32 0.0 
76638.77 0.52 0.0 
77311.81 0.40 0.0 
77648.81 0.66 0.0 
77843.01 0.56 0.0 
78262.91 0.34 0.0 
78303.03 0.33 0.0 
78556.15 0.31 0.0 
78491.91 0.41 0.0 
78618.83 0.35 0.0 
79317.23 0.30 0.0 
79781.19 0.51 0.0 
79781.21 0.42 0.0 
80044.53 0.54 0.0 
80251.51 0.31 0.0 
80570.48 0.41 0.0 
80623.59 0.56 0.0 
80643.21 0.45 0.0 
80825.43 0.65 0.0 
81169.19 0.40 0.0 
81262.40 0.43 0.0 
81993.55 0.42 0.0 
82518.07 0.45 0.0 
83831.07 0.32 0.0 
84587.15 0.44 0.0 
84709.63 0.38 0.0 
85008.93 0.41 0.0 
85038.71 0.39 0.0 
85369.23 0.40 0.0 
85458.69 0.47 0.0 
85524.23 0.32 0.0 
