118.79 0.42 0.0 
358.07 0.52 0.0 
3401.29 0.45 0.0 
3464.05 0.41 0.0 
4437.39 0.36 0.0 
5248.84 0.37 0.0 
5786.68 0.30 0.0 
6710.13 0.31 0.0 
6941.24 0.41 0.0 
6928.81 0.42 0.0 
7154.32 0.37 0.0 
7903.40 0.31 0.0 
8624.51 0.68 0.0 
9238.68 0.63 0.0 
10311.73 0.39 0.0 
10288.77 0.31 0.0 
10311.77 0.58 0.0 
10349.43 0.32 0.0 
10550.21 0.49 0.0 
10550.25 0.57 0.0 
10929.95 0.31 0.0 
11172.73 0.70 0.0 
11458.13 0.55 0.0 
11639.16 0.35 0.0 
11652.25 0.56 0.0 
12432.32 0.43 0.0 
12898.73 0.66 0.0 
13193.91 0.39 0.0 
13462.36 0.62 0.0 
13462.33 0.41 0.0 
14684.91 0.53 0.0 
14909.00 0.37 0.0 
15026.95 0.33 0.0 
15313.12 0.88 0.0 
15935.84 0.63 0.0 
16469.57 0.54 0.0 
17760.71 0.42 0.0 
18209.04 0.68 0.0 
18209.04 0.96 0.0 
18293.60 0.61 0.0 
18719.57 0.68 0.0 
19845.71 0.44 0.0 
19845.73 0.52 0.0 
20429.51 0.33 0.0 
20997.55 0.34 0.0 
21040.44 0.40 0.0 
21958.83 0.33 0.0 
21959.51 0.40 0.0 
22514.22 0.61 0.0 
22708.19 0.37 0.0 
22708.20 0.95 0.0 
23296.93 0.36 0.0 
23399.55 0.93 0.0 
23609.72 0.51 0.0 
23609.72 0.36 0.0 
24101.37 0.45 0.0 
24146.00 0.51 0.0 
24146.01 0.36 0.0 
24298.37 0.43 0.0 
24746.24 0.34 0.0 
24760.60 0.55 0.0 
25543.83 0.33 0.0 
25573.45 0.59 0.0 
25675.55 0.43 0.0 
25754.69 0.42 0.0 
25916.84 0.33 0.0 
26084.07 0.51 0.0 
26474.52 0.90 0.0 
26578.21 0.59 0.0 
27805.64 0.74 0.0 
28024.77 0.37 0.0 
29579.13 0.41 0.0 
29975.12 0.57 0.0 
31063.19 0.31 0.0 
31300.91 0.77 0.0 
31270.64 0.37 0.0 
31514.27 0.61 0.0 
31647.88 0.33 0.0 
31844.59 0.62 0.0 
31916.24 0.69 0.0 
31889.56 0.39 0.0 
31916.25 0.47 0.0 
32099.15 0.43 0.0 
32099.27 0.73 0.0 
32276.88 0.44 0.0 
32381.24 0.47 0.0 
32443.55 0.38 0.0 
32982.80 0.45 0.0 
33119.08 0.41 0.0 
33238.72 0.66 0.0 
33289.48 0.37 0.0 
33289.53 0.37 0.0 
33886.80 0.31 0.0 
34309.39 0.32 0.0 
35758.61 0.44 0.0 
35699.37 0.71 0.0 
36222.59 0.36 0.0 
36585.59 0.30 0.0 
37379.20 0.59 0.0 
37618.36 0.63 0.0 
37783.16 0.55 0.0 
37887.16 0.86 0.0 
38383.21 0.52 0.0 
40468.49 0.38 0.0 
41443.80 0.64 0.0 
41532.67 0.45 0.0 
43694.37 0.34 0.0 
45012.96 0.31 0.0 
46568.01 0.41 0.0 
47938.87 0.33 0.0 
48104.51 0.76 0.0 
48423.36 0.40 0.0 
50099.48 0.48 0.0 
50173.83 0.53 0.0 
50818.64 0.61 0.0 
56278.92 0.39 0.0 
56668.99 0.50 0.0 
56872.88 0.39 0.0 
57554.03 0.59 0.0 
57793.67 0.64 0.0 
58016.28 0.37 0.0 
58437.07 0.82 0.0 
58784.01 0.50 0.0 
58894.04 0.37 0.0 
58894.00 0.46 0.0 
59399.23 0.46 0.0 
60434.48 0.47 0.0 
66929.28 0.34 0.0 
67302.41 0.31 0.0 
71293.16 0.38 0.0 
73407.60 0.65 0.0 
74305.99 0.53 0.0 
74293.32 0.42 0.0 
74564.37 0.32 0.0 
75942.92 0.53 0.0 
78388.51 0.41 0.0 
78944.16 0.31 0.0 
79559.56 0.53 0.0 
80157.71 0.35 0.0 
80984.13 0.34 0.0 
81524.28 0.35 0.0 
81686.61 0.75 0.0 
81688.94 0.34 0.0 
83623.73 0.34 0.0 
84536.21 0.49 0.0 
85993.97 0.71 0.0 
