179.36 0.84 0.0 
808.67 0.80 0.0 
1079.45 0.37 0.0 
2232.48 0.38 0.0 
2203.76 0.61 0.0 
2279.14 0.87 0.0 
4544.58 0.94 0.0 
5656.28 0.33 0.0 
6659.16 0.45 0.0 
13273.48 0.76 0.0 
14418.97 0.55 0.0 
14664.47 0.56 0.0 
14835.87 0.82 0.0 
15088.93 0.35 0.0 
14998.84 0.47 0.0 
15328.00 0.35 0.0 
15328.95 0.46 0.0 
15906.32 0.32 0.0 
15734.08 0.93 0.0 
15906.32 0.73 0.0 
15779.37 0.33 0.0 
16304.51 0.32 0.0 
17110.96 0.53 0.0 
16917.73 0.68 0.0 
17243.20 0.76 0.0 
17243.21 0.55 0.0 
17949.25 0.43 0.0 
17981.57 0.54 0.0 
19109.48 0.36 0.0 
20909.26 0.97 0.0 
21832.97 0.67 0.0 
21832.93 0.46 0.0 
22271.53 0.55 0.0 
21922.56 0.44 0.0 
22123.28 0.35 0.0 
21990.39 0.37 0.0 
22790.83 0.35 0.0 
22790.79 0.76 0.0 
23006.72 0.33 0.0 
23129.33 0.93 0.0 
23068.47 0.84 0.0 
23249.17 0.33 0.0 
23274.23 0.32 0.0 
23279.44 0.60 0.0 
23536.87 0.30 0.0 
23699.49 0.44 0.0 
24749.05 0.85 0.0 
25222.17 0.44 0.0 
25233.33 0.41 0.0 
25478.41 0.40 0.0 
26353.23 0.39 0.0 
27371.06 0.78 0.0 
27371.06 0.49 0.0 
27603.11 0.87 0.0 
27643.33 0.79 0.0 
27914.35 0.80 0.0 
27539.27 0.87 0.0 
27651.35 0.72 0.0 
27839.29 0.81 0.0 
28393.69 0.72 0.0 
28503.18 0.40 0.0 
28694.05 0.38 0.0 
28787.86 0.30 0.0 
28889.51 0.56 0.0 
28834.20 0.38 0.0 
29008.24 0.45 0.0 
28918.24 0.57 0.0 
28904.24 0.69 0.0 
28834.20 0.42 0.0 
29204.60 0.87 0.0 
29663.16 0.48 0.0 
30222.29 0.47 0.0 
30497.20 0.36 0.0 
30852.98 0.88 0.0 
30659.40 0.89 0.0 
30868.77 0.58 0.0 
31153.55 0.45 0.0 
31003.77 0.85 0.0 
31184.16 0.91 0.0 
31304.13 0.73 0.0 
31304.19 0.86 0.0 
33017.21 0.53 0.0 
33041.36 0.70 0.0 
32999.20 0.87 0.0 
32959.37 0.43 0.0 
33208.32 0.37 0.0 
33209.09 0.37 0.0 
33426.48 0.35 0.0 
33099.85 0.33 0.0 
33041.36 0.73 0.0 
33262.72 0.40 0.0 
33152.24 0.72 0.0 
33173.20 0.33 0.0 
33426.48 0.53 0.0 
33659.19 0.80 0.0 
36448.92 0.55 0.0 
36388.20 0.51 0.0 
37153.93 0.48 0.0 
36944.57 0.52 0.0 
37485.85 0.55 0.0 
37184.17 0.37 0.0 
37934.51 0.49 0.0 
38276.87 0.59 0.0 
38308.81 0.35 0.0 
38323.93 0.93 0.0 
38259.93 0.74 0.0 
38276.93 0.61 0.0 
38323.95 0.79 0.0 
38716.93 0.38 0.0 
38746.00 0.81 0.0 
38865.94 0.31 0.0 
39209.37 0.61 0.0 
39524.15 0.64 0.0 
39476.94 0.82 0.0 
40439.51 0.41 0.0 
40662.80 0.38 0.0 
40860.32 0.39 0.0 
40799.41 0.69 0.0 
41128.64 0.66 0.0 
41144.48 0.67 0.0 
41958.28 0.31 0.0 
41958.27 0.38 0.0 
42208.64 0.67 0.0 
42598.96 0.39 0.0 
44083.84 0.43 0.0 
44137.48 0.87 0.0 
44137.43 0.61 0.0 
45025.35 0.67 0.0 
45403.92 0.38 0.0 
45614.56 0.32 0.0 
45702.82 0.85 0.0 
47263.21 0.56 0.0 
47581.35 0.42 0.0 
48161.63 0.55 0.0 
48614.09 0.35 0.0 
48537.83 0.94 0.0 
48729.29 0.52 0.0 
48748.76 0.54 0.0 
48704.24 0.45 0.0 
48881.80 0.35 0.0 
48882.36 0.49 0.0 
48824.56 0.71 0.0 
49004.12 0.72 0.0 
49243.86 0.96 0.0 
49348.77 0.41 0.0 
49399.84 0.85 0.0 
49285.21 0.32 0.0 
49243.80 0.45 0.0 
49399.84 0.75 0.0 
49649.30 0.96 0.0 
49681.89 0.33 0.0 
50382.57 0.62 0.0 
52166.40 0.69 0.0 
52724.13 0.40 0.0 
52766.84 0.37 0.0 
52769.33 0.34 0.0 
52864.62 0.72 0.0 
52945.15 0.88 0.0 
52895.87 0.65 0.0 
52856.60 0.67 0.0 
52895.85 0.57 0.0 
53013.29 0.43 0.0 
53013.25 0.39 0.0 
55063.92 0.33 0.0 
56063.45 0.49 0.0 
56039.13 0.40 0.0 
56425.48 0.46 0.0 
56954.25 0.61 0.0 
57808.55 0.74 0.0 
58441.92 0.55 0.0 
58435.93 0.38 0.0 
62159.41 0.39 0.0 
62907.48 0.32 0.0 
62908.68 0.68 0.0 
62908.69 0.34 0.0 
63153.57 0.60 0.0 
64138.13 0.47 0.0 
64420.61 0.55 0.0 
64420.67 0.31 0.0 
65768.49 0.46 0.0 
65909.17 0.67 0.0 
66268.12 0.78 0.0 
66268.09 0.32 0.0 
66300.40 0.32 0.0 
66292.03 0.84 0.0 
66809.12 0.51 0.0 
67965.89 0.57 0.0 
67949.56 0.34 0.0 
67963.07 0.82 0.0 
68013.50 0.33 0.0 
68293.56 0.30 0.0 
68341.24 0.33 0.0 
68999.51 0.31 0.0 
69254.48 0.49 0.0 
69044.90 0.55 0.0 
69358.00 0.65 0.0 
70003.89 0.36 0.0 
70094.51 0.92 0.0 
70113.76 0.58 0.0 
70408.05 0.82 0.0 
70428.04 0.40 0.0 
70366.13 0.30 0.0 
70705.65 0.60 0.0 
70705.61 0.47 0.0 
70595.28 0.35 0.0 
71098.35 0.50 0.0 
71308.45 0.56 0.0 
72341.29 0.41 0.0 
73153.64 0.82 0.0 
73074.61 0.43 0.0 
73166.93 0.80 0.0 
73187.77 0.34 0.0 
73074.68 0.52 0.0 
75342.38 0.64 0.0 
75476.47 0.31 0.0 
76767.75 0.45 0.0 
77820.36 0.51 0.0 
77623.37 0.58 0.0 
77638.16 0.31 0.0 
77751.65 0.52 0.0 
78654.99 0.54 0.0 
78568.48 0.54 0.0 
78606.37 0.44 0.0 
78576.01 0.41 0.0 
78655.01 0.60 0.0 
79529.55 0.85 0.0 
79497.49 0.64 0.0 
79828.50 0.85 0.0 
80084.01 0.52 0.0 
79978.89 0.73 0.0 
80156.17 0.31 0.0 
80907.49 0.71 0.0 
81044.33 0.43 0.0 
82258.37 0.49 0.0 
82848.55 0.39 0.0 
82694.48 0.42 0.0 
82829.01 0.38 0.0 
82843.52 0.52 0.0 
82961.77 0.67 0.0 
82848.57 0.55 0.0 
83188.93 0.57 0.0 
83038.20 0.72 0.0 
83404.52 0.61 0.0 
83404.53 0.48 0.0 
84147.77 0.33 0.0 
84431.93 0.59 0.0 
84294.13 0.47 0.0 
