5971.59 0.45 0.0 
6132.87 0.38 0.0 
6221.47 0.47 0.0 
6209.48 0.46 0.0 
6325.67 0.36 0.0 
6256.76 0.53 0.0 
6448.51 0.35 0.0 
6376.49 0.51 0.0 
11339.33 0.86 0.0 
11711.93 0.42 0.0 
13771.85 0.53 0.0 
13771.83 0.52 0.0 
14773.39 0.58 0.0 
22347.41 0.38 0.0 
22617.83 0.32 0.0 
22853.67 0.40 0.0 
23652.77 0.37 0.0 
23813.69 0.49 0.0 
23968.52 0.32 0.0 
23998.55 0.57 0.0 
24327.87 0.36 0.0 
27422.44 0.78 0.0 
34694.43 0.41 0.0 
34781.80 0.51 0.0 
38023.40 0.73 0.0 
38023.52 0.34 0.0 
39128.32 0.72 0.0 
43406.93 0.51 0.0 
44288.87 0.33 0.0 
46128.57 0.72 0.0 
46128.56 0.71 0.0 
48811.79 0.47 0.0 
49015.89 0.36 0.0 
49078.83 0.51 0.0 
54056.79 0.65 0.0 
54283.24 0.83 0.0 
54384.57 0.31 0.0 
58516.36 0.40 0.0 
60702.83 0.30 0.0 
76633.92 0.41 0.0 
