1722.05 0.32 0.0 
3853.81 0.43 0.0 
4377.45 0.31 0.0 
6514.64 0.96 0.0 
6514.62 0.96 0.0 
8497.08 0.76 0.0 
8497.07 0.96 0.0 
9022.43 0.97 0.0 
9022.43 0.96 0.0 
10722.24 0.40 0.0 
11052.84 0.75 0.0 
11367.43 0.81 0.0 
11367.44 0.68 0.0 
11892.32 0.72 0.0 
12331.91 0.34 0.0 
12941.36 0.55 0.0 
14528.59 0.37 0.0 
14570.12 0.39 0.0 
15190.68 0.61 0.0 
15190.63 0.36 0.0 
21253.25 0.75 0.0 
30322.57 0.55 0.0 
30569.25 0.54 0.0 
30704.56 0.33 0.0 
32128.72 0.35 0.0 
32795.80 0.43 0.0 
33456.84 0.46 0.0 
33477.47 0.33 0.0 
33456.80 0.55 0.0 
34682.43 0.74 0.0 
34682.44 0.58 0.0 
35316.57 0.42 0.0 
36149.15 0.97 0.0 
36149.14 0.98 0.0 
36959.33 0.46 0.0 
37561.36 0.54 0.0 
37561.45 0.75 0.0 
37888.09 0.39 0.0 
37888.04 0.42 0.0 
38490.91 0.38 0.0 
40286.45 0.36 0.0 
41382.61 0.31 0.0 
41337.37 0.51 0.0 
41472.37 0.35 0.0 
42432.23 0.52 0.0 
46896.56 0.30 0.0 
49379.08 0.53 0.0 
49379.08 0.53 0.0 
50039.15 0.59 0.0 
50252.17 0.38 0.0 
50456.16 0.48 0.0 
56009.00 0.37 0.0 
57341.89 0.60 0.0 
58484.05 0.31 0.0 
58683.61 0.44 0.0 
58655.41 0.35 0.0 
59997.28 0.34 0.0 
62994.69 0.32 0.0 
64379.45 0.43 0.0 
67855.32 0.46 0.0 
79795.68 0.31 0.0 
80428.65 0.44 0.0 
80456.25 0.30 0.0 
81808.33 0.49 0.0 
81928.68 0.46 0.0 
83823.63 0.40 0.0 
86069.32 0.40 0.0 
