11040.74 0.84 0.0 
11040.72 0.79 0.0 
11387.03 0.49 0.0 
11371.28 0.76 0.0 
11371.25 0.32 0.0 
11868.27 0.40 0.0 
11854.96 0.62 0.0 
11854.96 0.79 0.0 
12335.53 0.67 0.0 
12335.51 0.34 0.0 
13097.23 0.34 0.0 
13108.99 0.51 0.0 
14004.05 0.55 0.0 
14004.08 0.34 0.0 
33332.51 0.91 0.0 
33332.52 0.90 0.0 
34490.45 0.31 0.0 
34712.50 0.73 0.0 
36489.89 0.57 0.0 
36508.03 0.45 0.0 
36489.87 0.62 0.0 
37507.92 0.70 0.0 
37507.91 0.63 0.0 
39057.00 0.59 0.0 
39056.99 0.47 0.0 
43116.34 0.56 0.0 
83505.98 0.74 0.0 
