910.28 0.91 0.0 
910.28 0.94 0.0 
1560.99 0.36 0.0 
2654.05 0.36 0.0 
2818.32 0.46 0.0 
2953.09 0.36 0.0 
3228.42 0.96 0.0 
3228.42 0.96 0.0 
10378.11 0.60 0.0 
10678.60 0.56 0.0 
11365.75 0.71 0.0 
11365.74 0.55 0.0 
11744.32 0.58 0.0 
11892.24 0.73 0.0 
12343.47 0.67 0.0 
13266.60 0.95 0.0 
13266.60 0.97 0.0 
13794.72 0.76 0.0 
13794.71 0.70 0.0 
20564.04 0.57 0.0 
22648.55 0.44 0.0 
25829.11 0.31 0.0 
27554.43 0.78 0.0 
28223.16 0.41 0.0 
28243.67 0.61 0.0 
28377.41 0.40 0.0 
29096.33 0.39 0.0 
29707.64 0.39 0.0 
36085.31 0.99 0.0 
36085.31 0.99 0.0 
37274.16 0.31 0.0 
37869.77 0.33 0.0 
40633.05 0.66 0.0 
43094.17 0.32 0.0 
45159.70 0.97 0.0 
45159.70 0.97 0.0 
59471.30 0.97 0.0 
59471.30 0.97 0.0 
63274.35 0.99 0.0 
63274.35 0.99 0.0 
63915.53 0.73 0.0 
63915.55 0.82 0.0 
74361.96 0.71 0.0 
74530.60 0.93 0.0 
74530.60 0.90 0.0 
80068.10 0.99 0.0 
80068.10 0.99 0.0 
