911.51 0.62 0.0 
911.52 0.82 0.0 
814.35 0.54 0.0 
1350.91 0.40 0.0 
1566.65 0.50 0.0 
1577.23 0.37 0.0 
2018.09 0.60 0.0 
2397.10 0.50 0.0 
2397.05 0.48 0.0 
2637.23 0.31 0.0 
2881.75 0.45 0.0 
3229.39 0.96 0.0 
3229.38 0.95 0.0 
9907.79 0.70 0.0 
9907.83 0.35 0.0 
10681.76 0.68 0.0 
10681.78 0.72 0.0 
11377.81 0.60 0.0 
11377.85 0.57 0.0 
11547.24 0.63 0.0 
12330.95 0.51 0.0 
12330.94 0.83 0.0 
13268.27 0.58 0.0 
13268.30 0.77 0.0 
14611.47 0.33 0.0 
14622.28 0.48 0.0 
20580.48 0.68 0.0 
24317.95 0.30 0.0 
29280.13 0.42 0.0 
33484.31 0.37 0.0 
33484.30 0.54 0.0 
36086.24 0.96 0.0 
36086.25 0.96 0.0 
38447.01 0.67 0.0 
45160.73 0.92 0.0 
45160.74 0.92 0.0 
49193.89 0.32 0.0 
59472.22 0.94 0.0 
59472.23 0.93 0.0 
61886.51 0.36 0.0 
63275.27 0.95 0.0 
63275.27 0.96 0.0 
63916.55 0.51 0.0 
63916.52 0.79 0.0 
74363.21 0.48 0.0 
74531.84 0.81 0.0 
74531.84 0.83 0.0 
80069.03 0.95 0.0 
80069.02 0.95 0.0 
86146.69 0.36 0.0 
