373.40 0.67 0.0 
2098.60 0.69 0.0 
3899.49 0.43 0.0 
5427.93 0.87 0.0 
5684.28 0.32 0.0 
5880.28 0.98 0.0 
5880.29 0.98 0.0 
6284.44 0.76 0.0 
6237.27 0.34 0.0 
6611.85 0.73 0.0 
9884.25 0.34 0.0 
10589.56 0.77 0.0 
11128.88 0.35 0.0 
11247.89 0.62 0.0 
12118.12 0.74 0.0 
12554.58 0.63 0.0 
12644.19 0.49 0.0 
12884.04 0.91 0.0 
14384.53 0.32 0.0 
14795.60 0.52 0.0 
14771.32 0.76 0.0 
14795.60 0.77 0.0 
15404.25 0.42 0.0 
16695.88 0.49 0.0 
16689.57 0.34 0.0 
16782.88 0.48 0.0 
16889.56 0.41 0.0 
17878.96 0.68 0.0 
18073.32 0.47 0.0 
19528.16 0.62 0.0 
21373.99 0.41 0.0 
21430.72 0.37 0.0 
22932.67 0.36 0.0 
22932.66 0.42 0.0 
24904.96 0.52 0.0 
24904.96 0.78 0.0 
28963.89 0.31 0.0 
32169.56 0.71 0.0 
32169.52 0.65 0.0 
33926.20 0.65 0.0 
35474.12 0.40 0.0 
35954.33 0.53 0.0 
36446.61 0.45 0.0 
36466.62 0.97 0.0 
36466.62 0.98 0.0 
37495.99 0.46 0.0 
37739.52 0.52 0.0 
38534.17 0.39 0.0 
38985.85 0.44 0.0 
40412.24 0.45 0.0 
40949.48 0.50 0.0 
41309.11 0.47 0.0 
42089.53 0.34 0.0 
42329.52 0.56 0.0 
42388.96 0.68 0.0 
42374.36 0.91 0.0 
42824.49 0.65 0.0 
43153.92 0.88 0.0 
43169.28 0.35 0.0 
43572.89 0.34 0.0 
43766.48 0.49 0.0 
43766.52 0.30 0.0 
43932.77 0.41 0.0 
44347.52 0.91 0.0 
44347.52 0.66 0.0 
44967.60 0.41 0.0 
44971.14 0.86 0.0 
45373.32 0.56 0.0 
47982.61 0.44 0.0 
48291.23 0.97 0.0 
48291.23 0.97 0.0 
49003.60 0.72 0.0 
49137.84 0.75 0.0 
49214.28 0.33 0.0 
49137.85 0.92 0.0 
49766.12 0.54 0.0 
50294.35 0.40 0.0 
52792.16 0.86 0.0 
53833.29 0.33 0.0 
55243.39 0.50 0.0 
56292.84 0.56 0.0 
57736.59 0.40 0.0 
57769.00 0.61 0.0 
58720.36 0.78 0.0 
58743.77 0.37 0.0 
58743.73 0.39 0.0 
60734.49 0.39 0.0 
63972.59 0.52 0.0 
67378.09 0.63 0.0 
75418.13 0.39 0.0 
77338.83 0.33 0.0 
82169.48 0.74 0.0 
82829.49 0.50 0.0 
83010.29 0.93 0.0 
83010.28 0.46 0.0 
82979.23 0.43 0.0 
83324.51 0.30 0.0 
83534.53 0.66 0.0 
84389.03 0.36 0.0 
85004.05 0.31 0.0 
85034.16 0.33 0.0 
85764.00 0.34 0.0 
