5884.38 0.91 0.0 
5884.38 0.91 0.0 
12119.19 0.34 0.0 
14798.08 0.69 0.0 
14798.10 0.72 0.0 
16696.44 0.52 0.0 
24906.27 0.56 0.0 
35374.55 0.54 0.0 
36469.43 0.46 0.0 
36469.43 0.33 0.0 
37497.36 0.48 0.0 
37497.43 0.40 0.0 
38986.28 0.65 0.0 
40414.48 0.68 0.0 
43767.09 0.66 0.0 
43767.13 0.32 0.0 
44351.17 0.58 0.0 
44351.16 0.55 0.0 
44972.00 0.81 0.0 
48294.89 0.96 0.0 
48294.88 0.96 0.0 
57769.96 0.57 0.0 
59323.07 0.42 0.0 
62010.48 0.72 0.0 
62003.23 0.34 0.0 
62090.03 0.46 0.0 
83015.91 0.51 0.0 
