1764.07 0.77 0.0 
1764.08 0.75 0.0 
2805.62 0.93 0.0 
2805.63 0.82 0.0 
3102.38 0.85 0.0 
3683.40 0.53 0.0 
3729.56 0.71 0.0 
6240.74 0.49 0.0 
6246.33 0.63 0.0 
6648.52 0.57 0.0 
7147.62 0.55 0.0 
8277.99 0.79 0.0 
8278.00 0.38 0.0 
9852.58 0.69 0.0 
9852.58 0.75 0.0 
11090.48 0.87 0.0 
11090.52 0.48 0.0 
12662.91 0.41 0.0 
12640.07 0.77 0.0 
12662.91 0.75 0.0 
14225.31 0.48 0.0 
14580.68 0.56 0.0 
14781.59 0.38 0.0 
15035.80 0.49 0.0 
15035.84 0.68 0.0 
16276.32 0.73 0.0 
16276.35 0.62 0.0 
16393.70 0.48 0.0 
17335.43 0.63 0.0 
18971.95 0.45 0.0 
19292.43 0.83 0.0 
20372.67 0.89 0.0 
20372.67 0.81 0.0 
20418.07 0.79 0.0 
23895.90 0.42 0.0 
25995.17 0.36 0.0 
26806.23 0.40 0.0 
27518.84 0.42 0.0 
27518.86 0.41 0.0 
29689.07 0.71 0.0 
33950.96 0.57 0.0 
33950.95 0.86 0.0 
34068.68 0.83 0.0 
36178.16 0.53 0.0 
41813.88 0.34 0.0 
41813.87 0.40 0.0 
42641.72 0.89 0.0 
42641.73 0.90 0.0 
42977.06 0.85 0.0 
44209.60 0.83 0.0 
44209.60 0.54 0.0 
44460.35 0.36 0.0 
44479.27 0.30 0.0 
44515.07 0.34 0.0 
44917.03 0.46 0.0 
46383.35 0.32 0.0 
46607.73 0.36 0.0 
47136.07 0.53 0.0 
47136.09 0.47 0.0 
47215.09 0.33 0.0 
47435.58 0.78 0.0 
48365.33 0.37 0.0 
48510.89 0.55 0.0 
48717.07 0.37 0.0 
48914.35 0.30 0.0 
48923.99 0.41 0.0 
49069.10 0.69 0.0 
49262.42 0.57 0.0 
49876.21 0.65 0.0 
49876.15 0.37 0.0 
50253.58 0.51 0.0 
50521.55 0.33 0.0 
50628.11 0.35 0.0 
50706.78 0.47 0.0 
50714.21 0.40 0.0 
50656.15 0.33 0.0 
50662.91 0.31 0.0 
50734.51 0.39 0.0 
50777.59 0.54 0.0 
51208.78 0.80 0.0 
51208.77 0.44 0.0 
51744.38 0.36 0.0 
51744.43 0.46 0.0 
51714.06 0.64 0.0 
52295.39 0.32 0.0 
52332.91 0.36 0.0 
52436.99 0.62 0.0 
52436.99 0.45 0.0 
52605.51 0.45 0.0 
53925.48 0.62 0.0 
53881.75 0.48 0.0 
54020.21 0.40 0.0 
54020.27 0.35 0.0 
53986.71 0.47 0.0 
54354.54 0.44 0.0 
54557.82 0.54 0.0 
54580.36 0.52 0.0 
54580.35 0.34 0.0 
54645.50 0.56 0.0 
54652.93 0.47 0.0 
54652.89 0.55 0.0 
54619.63 0.35 0.0 
54612.03 0.41 0.0 
54612.03 0.51 0.0 
54754.57 0.35 0.0 
54726.80 0.51 0.0 
54707.22 0.69 0.0 
54726.85 0.45 0.0 
54681.31 0.35 0.0 
54855.49 0.69 0.0 
55123.01 0.36 0.0 
55258.26 0.40 0.0 
55287.63 0.37 0.0 
55740.97 0.52 0.0 
55895.68 0.54 0.0 
55978.65 0.33 0.0 
55995.82 0.65 0.0 
56418.85 0.34 0.0 
56386.19 0.46 0.0 
56489.71 0.32 0.0 
56674.03 0.43 0.0 
56645.63 0.36 0.0 
56653.93 0.45 0.0 
56645.67 0.43 0.0 
56734.91 0.37 0.0 
56701.98 0.70 0.0 
56958.67 0.51 0.0 
57183.63 0.32 0.0 
57458.37 0.32 0.0 
57458.26 0.43 0.0 
57515.79 0.78 0.0 
57497.35 0.34 0.0 
57515.79 0.85 0.0 
57489.54 0.53 0.0 
57497.39 0.63 0.0 
57588.83 0.38 0.0 
57588.81 0.39 0.0 
57927.51 0.34 0.0 
58275.89 0.47 0.0 
58294.17 0.41 0.0 
58664.16 0.57 0.0 
58664.16 0.50 0.0 
58682.79 0.43 0.0 
58767.74 0.91 0.0 
58830.81 0.75 0.0 
58839.05 0.39 0.0 
58830.82 0.59 0.0 
58829.59 0.46 0.0 
58744.17 0.32 0.0 
58767.72 0.90 0.0 
58996.05 0.58 0.0 
59114.54 0.32 0.0 
59277.55 0.49 0.0 
59268.30 0.53 0.0 
59246.33 0.43 0.0 
59432.10 0.57 0.0 
59441.63 0.60 0.0 
59462.73 0.57 0.0 
59637.21 0.52 0.0 
59678.23 0.41 0.0 
59625.53 0.46 0.0 
59637.25 0.41 0.0 
59720.21 0.34 0.0 
59778.11 0.37 0.0 
59778.12 0.49 0.0 
59908.27 0.54 0.0 
59868.95 0.33 0.0 
59940.59 0.63 0.0 
60286.13 0.66 0.0 
60257.57 0.45 0.0 
60241.13 0.55 0.0 
60257.53 0.42 0.0 
60403.21 0.33 0.0 
60403.19 0.51 0.0 
60388.49 0.51 0.0 
60373.39 0.43 0.0 
60436.10 0.43 0.0 
60446.15 0.60 0.0 
60518.27 0.51 0.0 
60518.31 0.42 0.0 
60481.99 0.49 0.0 
60446.19 0.70 0.0 
60556.39 0.36 0.0 
60804.37 0.40 0.0 
60833.39 0.32 0.0 
60895.49 0.53 0.0 
60871.05 0.39 0.0 
60895.54 0.45 0.0 
60841.21 0.35 0.0 
60921.71 0.42 0.0 
61001.92 0.34 0.0 
60947.09 0.46 0.0 
60921.71 0.34 0.0 
61035.45 0.57 0.0 
61041.59 0.30 0.0 
61070.09 0.55 0.0 
61077.54 0.74 0.0 
61100.84 0.32 0.0 
61070.07 0.46 0.0 
61077.57 0.42 0.0 
61035.23 0.39 0.0 
61366.45 0.43 0.0 
61509.75 0.41 0.0 
61620.75 0.34 0.0 
61770.89 0.77 0.0 
61776.11 0.42 0.0 
61800.43 0.39 0.0 
61744.26 0.38 0.0 
61905.97 0.62 0.0 
62091.41 0.59 0.0 
62091.47 0.50 0.0 
62227.03 0.42 0.0 
62175.91 0.36 0.0 
62175.95 0.35 0.0 
62312.25 0.58 0.0 
62266.56 0.56 0.0 
62226.99 0.40 0.0 
62546.28 0.49 0.0 
62673.83 0.58 0.0 
62810.35 0.30 0.0 
62820.69 0.35 0.0 
62793.24 0.62 0.0 
62810.26 0.36 0.0 
62855.21 0.47 0.0 
62820.70 0.67 0.0 
62982.77 0.52 0.0 
63018.21 0.62 0.0 
62960.09 0.42 0.0 
63247.05 0.45 0.0 
63631.70 0.48 0.0 
63638.99 0.48 0.0 
63638.95 0.54 0.0 
63710.79 0.31 0.0 
63837.85 0.34 0.0 
63887.95 0.34 0.0 
63871.55 0.66 0.0 
63942.67 0.39 0.0 
63942.64 0.32 0.0 
63992.31 0.40 0.0 
63987.23 0.34 0.0 
64139.37 0.32 0.0 
64185.75 0.32 0.0 
64569.95 0.34 0.0 
65090.77 0.41 0.0 
65168.29 0.55 0.0 
65438.10 0.39 0.0 
65438.13 0.35 0.0 
65350.11 0.33 0.0 
65599.90 0.32 0.0 
66127.07 0.47 0.0 
66107.03 0.62 0.0 
66127.09 0.63 0.0 
66182.33 0.37 0.0 
66304.83 0.38 0.0 
66436.62 0.46 0.0 
66497.42 0.46 0.0 
66436.63 0.46 0.0 
66602.84 0.53 0.0 
66916.32 0.40 0.0 
66999.87 0.33 0.0 
67425.21 0.53 0.0 
67658.05 0.34 0.0 
67827.09 0.49 0.0 
67791.91 0.41 0.0 
67992.90 0.36 0.0 
67911.07 0.37 0.0 
68224.63 0.47 0.0 
68454.05 0.48 0.0 
68454.09 0.32 0.0 
68708.51 0.39 0.0 
68643.40 0.62 0.0 
68643.41 0.45 0.0 
68708.55 0.38 0.0 
84169.95 0.77 0.0 
