1107.72 0.76 0.0 
1763.03 0.57 0.0 
1763.12 0.73 0.0 
2293.83 0.34 0.0 
3101.43 0.82 0.0 
3683.38 0.35 0.0 
6973.80 0.74 0.0 
7147.56 0.40 0.0 
7131.48 0.55 0.0 
8277.55 0.31 0.0 
8638.93 0.55 0.0 
9127.71 0.50 0.0 
9851.96 0.96 0.0 
9851.96 0.95 0.0 
11087.12 0.89 0.0 
11087.15 0.82 0.0 
12638.48 0.72 0.0 
15035.17 0.30 0.0 
15035.16 0.59 0.0 
15189.40 0.32 0.0 
15060.56 0.36 0.0 
15189.44 0.31 0.0 
16393.68 0.92 0.0 
16274.88 0.53 0.0 
16739.08 0.41 0.0 
16798.09 0.60 0.0 
18314.31 0.80 0.0 
18494.35 0.45 0.0 
20372.37 0.51 0.0 
20372.35 0.54 0.0 
20416.44 0.68 0.0 
20953.92 0.91 0.0 
20938.87 0.86 0.0 
21434.39 0.39 0.0 
23518.41 0.45 0.0 
23895.86 0.55 0.0 
27749.26 0.82 0.0 
29685.21 0.30 0.0 
31649.04 0.32 0.0 
33677.01 0.33 0.0 
33949.79 0.71 0.0 
34064.08 0.56 0.0 
36176.36 0.44 0.0 
36178.14 0.64 0.0 
42641.13 0.46 0.0 
42641.03 0.43 0.0 
45284.32 0.42 0.0 
46153.21 0.61 0.0 
46428.84 0.49 0.0 
46408.99 0.41 0.0 
46634.16 0.37 0.0 
46736.84 0.71 0.0 
46736.83 0.92 0.0 
46781.72 0.52 0.0 
47702.44 0.57 0.0 
48357.27 0.34 0.0 
48384.04 0.36 0.0 
48362.41 0.32 0.0 
48715.17 0.30 0.0 
48941.25 0.40 0.0 
49123.89 0.37 0.0 
49177.88 0.37 0.0 
49603.73 0.31 0.0 
49866.49 0.37 0.0 
49883.55 0.31 0.0 
50251.08 0.40 0.0 
50652.77 0.33 0.0 
50667.97 0.44 0.0 
50742.35 0.52 0.0 
51046.72 0.57 0.0 
51012.17 0.35 0.0 
51208.73 0.51 0.0 
51740.23 0.85 0.0 
51740.24 0.76 0.0 
52199.44 0.51 0.0 
52292.17 0.34 0.0 
52382.97 0.45 0.0 
52431.67 0.30 0.0 
52408.56 0.65 0.0 
52876.64 0.35 0.0 
53514.69 0.36 0.0 
53530.92 0.50 0.0 
54354.49 0.38 0.0 
54476.63 0.38 0.0 
54650.60 0.35 0.0 
54673.92 0.52 0.0 
54732.96 0.80 0.0 
54673.91 0.70 0.0 
55200.47 0.43 0.0 
55798.97 0.59 0.0 
56653.89 0.60 0.0 
56731.15 0.49 0.0 
56955.73 0.42 0.0 
56955.73 0.68 0.0 
57495.51 0.35 0.0 
57448.01 0.34 0.0 
57586.91 0.43 0.0 
57978.89 0.59 0.0 
58657.97 0.36 0.0 
58741.73 0.31 0.0 
58693.68 0.38 0.0 
58767.19 0.67 0.0 
58741.71 0.64 0.0 
58767.20 0.71 0.0 
59309.33 0.37 0.0 
59441.64 0.73 0.0 
60200.15 0.36 0.0 
60383.47 0.42 0.0 
60479.17 0.34 0.0 
60480.51 0.40 0.0 
60479.28 0.49 0.0 
60655.75 0.43 0.0 
60674.17 0.59 0.0 
60650.65 0.61 0.0 
60655.76 0.65 0.0 
60553.39 0.34 0.0 
60747.32 0.42 0.0 
60830.33 0.48 0.0 
60891.00 0.70 0.0 
61244.21 0.51 0.0 
61615.36 0.32 0.0 
62094.92 0.31 0.0 
62276.81 0.37 0.0 
62246.17 0.42 0.0 
62741.47 0.62 0.0 
62802.21 0.38 0.0 
62854.12 0.43 0.0 
62917.08 0.44 0.0 
63026.99 0.50 0.0 
63201.83 0.71 0.0 
63201.92 0.45 0.0 
63637.36 0.43 0.0 
63763.41 0.75 0.0 
63733.56 0.52 0.0 
63835.31 0.73 0.0 
64059.04 0.41 0.0 
64258.27 0.51 0.0 
64408.28 0.33 0.0 
64842.93 0.32 0.0 
65216.25 0.46 0.0 
65165.21 0.41 0.0 
65165.20 0.62 0.0 
65171.72 0.42 0.0 
65472.99 0.33 0.0 
65443.85 0.36 0.0 
65532.45 0.44 0.0 
65592.20 0.38 0.0 
65829.73 0.36 0.0 
65996.03 0.59 0.0 
65996.03 0.46 0.0 
66123.25 0.42 0.0 
66123.31 0.48 0.0 
66131.23 0.38 0.0 
66363.23 0.32 0.0 
66300.91 0.32 0.0 
66595.03 0.61 0.0 
66999.79 0.42 0.0 
67257.96 0.35 0.0 
67257.89 0.37 0.0 
67599.27 0.31 0.0 
67992.86 0.68 0.0 
68024.27 0.62 0.0 
68449.35 0.46 0.0 
68487.83 0.49 0.0 
68705.11 0.70 0.0 
68705.03 0.52 0.0 
81146.36 0.34 0.0 
