453.73 0.36 0.0 
1503.59 0.36 0.0 
1817.44 0.39 0.0 
2278.19 0.30 0.0 
2780.52 0.50 0.0 
3709.81 0.47 0.0 
3817.92 0.47 0.0 
4393.95 0.86 0.0 
5552.11 0.49 0.0 
5771.16 0.35 0.0 
7392.33 0.45 0.0 
8263.80 0.63 0.0 
9927.56 0.36 0.0 
11989.56 0.34 0.0 
12326.81 0.39 0.0 
12326.77 0.34 0.0 
13346.04 0.31 0.0 
13977.40 0.39 0.0 
14073.01 0.46 0.0 
15924.35 0.30 0.0 
16062.77 0.36 0.0 
20264.57 0.45 0.0 
21034.10 0.46 0.0 
21034.21 0.31 0.0 
21475.23 0.36 0.0 
22945.68 0.58 0.0 
24332.81 0.33 0.0 
24718.00 0.33 0.0 
24752.75 0.35 0.0 
25048.09 0.37 0.0 
25953.84 0.33 0.0 
26368.25 0.54 0.0 
27013.45 0.37 0.0 
27438.77 0.38 0.0 
28026.73 0.35 0.0 
28231.39 0.52 0.0 
28606.67 0.39 0.0 
28932.57 0.39 0.0 
29810.12 0.32 0.0 
29911.43 0.48 0.0 
31199.41 0.37 0.0 
31480.64 0.70 0.0 
31784.12 0.76 0.0 
31986.35 0.45 0.0 
31885.35 0.90 0.0 
32024.15 0.50 0.0 
32088.25 0.59 0.0 
32088.29 0.80 0.0 
32068.53 0.44 0.0 
32187.37 0.49 0.0 
32187.41 0.62 0.0 
32255.57 0.58 0.0 
32549.00 0.73 0.0 
32638.79 0.94 0.0 
33147.56 0.68 0.0 
34273.89 0.44 0.0 
34394.45 0.32 0.0 
34334.16 0.31 0.0 
35671.32 0.37 0.0 
35709.14 0.42 0.0 
38339.35 0.79 0.0 
39283.55 0.41 0.0 
41204.57 0.55 0.0 
41515.00 0.54 0.0 
41811.19 0.35 0.0 
42865.03 0.66 0.0 
43378.81 0.48 0.0 
43649.61 0.38 0.0 
43649.57 0.47 0.0 
43913.03 0.30 0.0 
44383.41 0.41 0.0 
45414.80 0.32 0.0 
46188.60 0.33 0.0 
46637.56 0.36 0.0 
47028.95 0.32 0.0 
47609.00 0.30 0.0 
48317.08 0.31 0.0 
49197.88 0.32 0.0 
49994.28 0.46 0.0 
50613.29 0.32 0.0 
51321.19 0.35 0.0 
52145.44 0.35 0.0 
52423.48 0.44 0.0 
52465.60 0.55 0.0 
52577.05 0.36 0.0 
52702.91 0.48 0.0 
52919.40 0.83 0.0 
53107.37 0.33 0.0 
53892.29 0.73 0.0 
54110.53 0.43 0.0 
54434.33 0.62 0.0 
55578.73 0.58 0.0 
57543.36 0.57 0.0 
57898.81 0.64 0.0 
58287.48 0.69 0.0 
58453.65 0.53 0.0 
58518.77 0.36 0.0 
58663.99 0.47 0.0 
59105.87 0.36 0.0 
59597.72 0.53 0.0 
60382.84 0.35 0.0 
60689.39 0.34 0.0 
61858.60 0.62 0.0 
62098.69 0.61 0.0 
62332.20 0.51 0.0 
63093.17 0.33 0.0 
63093.12 0.61 0.0 
63201.47 0.35 0.0 
63230.71 0.42 0.0 
63433.95 0.36 0.0 
63508.61 0.56 0.0 
64188.37 0.57 0.0 
64371.71 0.37 0.0 
64588.01 0.40 0.0 
64922.00 0.33 0.0 
65241.48 0.32 0.0 
65433.43 0.43 0.0 
65934.71 0.42 0.0 
65997.52 0.78 0.0 
66498.49 0.31 0.0 
68028.31 0.41 0.0 
68334.32 0.43 0.0 
68388.35 0.51 0.0 
68863.64 0.33 0.0 
69183.59 0.56 0.0 
70221.15 0.33 0.0 
70573.46 0.85 0.0 
70638.93 0.35 0.0 
70932.87 0.74 0.0 
71210.67 0.35 0.0 
71128.80 0.31 0.0 
71658.47 0.45 0.0 
72264.00 0.33 0.0 
72548.41 0.51 0.0 
72548.37 0.59 0.0 
73783.08 0.56 0.0 
74430.28 0.40 0.0 
75122.83 0.34 0.0 
75748.71 0.66 0.0 
76439.48 0.62 0.0 
76439.41 0.30 0.0 
76537.88 0.35 0.0 
76603.96 0.46 0.0 
76604.05 0.36 0.0 
77298.27 0.49 0.0 
77855.36 0.37 0.0 
78293.27 0.33 0.0 
78499.07 0.46 0.0 
78779.05 0.58 0.0 
79416.67 0.43 0.0 
80482.21 0.44 0.0 
80482.24 0.67 0.0 
81149.51 0.38 0.0 
81760.40 0.40 0.0 
82844.65 0.31 0.0 
83352.93 0.32 0.0 
84076.53 0.56 0.0 
84464.35 0.87 0.0 
84773.47 0.47 0.0 
84773.49 0.34 0.0 
84777.97 0.33 0.0 
84868.97 0.65 0.0 
85244.51 0.50 0.0 
86158.48 0.60 0.0 
