674.13 0.42 0.0 
3206.44 0.73 0.0 
4201.14 0.61 0.0 
4782.99 0.50 0.0 
5144.51 0.65 0.0 
6202.76 0.58 0.0 
6202.77 0.79 0.0 
6584.51 0.69 0.0 
6658.91 0.42 0.0 
6612.73 0.32 0.0 
7272.87 0.53 0.0 
8187.77 0.36 0.0 
9749.24 0.54 0.0 
9974.56 0.38 0.0 
10061.77 0.59 0.0 
10291.05 0.83 0.0 
10291.00 0.55 0.0 
11099.11 0.71 0.0 
11083.09 0.70 0.0 
11008.37 0.39 0.0 
11384.23 0.92 0.0 
11384.21 0.65 0.0 
11395.81 0.45 0.0 
11396.61 0.33 0.0 
11386.01 0.59 0.0 
11395.81 0.32 0.0 
11396.57 0.46 0.0 
12348.47 0.86 0.0 
12348.44 0.74 0.0 
12492.73 0.82 0.0 
13387.56 0.98 0.0 
13424.20 0.97 0.0 
13424.21 0.96 0.0 
13387.56 0.98 0.0 
13827.89 0.40 0.0 
14122.09 0.30 0.0 
14131.71 0.73 0.0 
14122.05 0.70 0.0 
14455.79 0.38 0.0 
14427.91 0.69 0.0 
14412.71 0.31 0.0 
14505.69 0.37 0.0 
14635.35 0.31 0.0 
14635.31 0.40 0.0 
14718.22 0.76 0.0 
14755.48 0.83 0.0 
14755.47 0.70 0.0 
14718.21 0.79 0.0 
15176.24 0.47 0.0 
15223.85 0.55 0.0 
15504.82 0.41 0.0 
15504.83 0.68 0.0 
15736.93 0.36 0.0 
15989.51 0.44 0.0 
15928.33 0.54 0.0 
16168.83 0.37 0.0 
16393.27 0.89 0.0 
16398.19 0.34 0.0 
17817.99 0.54 0.0 
17983.74 0.84 0.0 
18208.01 0.44 0.0 
20816.52 0.41 0.0 
21448.32 0.58 0.0 
21736.46 0.35 0.0 
24344.48 0.75 0.0 
25907.65 0.34 0.0 
25907.65 0.39 0.0 
26338.15 0.44 0.0 
26642.88 0.36 0.0 
27330.23 0.50 0.0 
30284.17 0.48 0.0 
31469.25 0.55 0.0 
31753.60 0.31 0.0 
32159.39 0.32 0.0 
32683.13 0.37 0.0 
33501.73 0.56 0.0 
33501.75 0.44 0.0 
33580.61 0.50 0.0 
33641.88 0.51 0.0 
37439.41 0.70 0.0 
38984.30 0.37 0.0 
40104.91 0.35 0.0 
40109.12 0.50 0.0 
41038.08 0.75 0.0 
41277.96 0.51 0.0 
42523.27 0.33 0.0 
42839.21 0.52 0.0 
46874.19 0.30 0.0 
49124.48 0.50 0.0 
51914.59 0.34 0.0 
52107.88 0.45 0.0 
57083.75 0.31 0.0 
57794.13 0.31 0.0 
61724.35 0.58 0.0 
63283.99 0.32 0.0 
65399.51 0.30 0.0 
65578.81 0.36 0.0 
65818.29 0.54 0.0 
67708.99 0.38 0.0 
68472.29 0.36 0.0 
68497.57 0.35 0.0 
69077.40 0.42 0.0 
69492.57 0.36 0.0 
70270.31 0.45 0.0 
73262.91 0.33 0.0 
78613.64 0.31 0.0 
78987.84 0.39 0.0 
79080.39 0.36 0.0 
79304.04 0.40 0.0 
79570.93 0.30 0.0 
79693.45 0.53 0.0 
80034.67 0.34 0.0 
80848.83 0.51 0.0 
81714.35 0.35 0.0 
82003.45 0.52 0.0 
85188.21 0.45 0.0 
85724.23 0.37 0.0 
86113.29 0.70 0.0 
