75.56 0.79 0.0 
175.23 0.37 0.0 
315.83 0.31 0.0 
315.88 0.41 0.0 
451.35 0.35 0.0 
1036.03 0.42 0.0 
2764.09 0.50 0.0 
2805.51 0.32 0.0 
3329.15 0.44 0.0 
3351.40 0.72 0.0 
3351.39 0.51 0.0 
3315.77 0.31 0.0 
3329.15 0.62 0.0 
3273.49 0.73 0.0 
3737.99 0.32 0.0 
4545.45 0.83 0.0 
4591.43 0.34 0.0 
4595.71 0.39 0.0 
4804.16 0.63 0.0 
5161.57 0.38 0.0 
5945.80 0.57 0.0 
5912.31 0.41 0.0 
6703.67 0.32 0.0 
6703.63 0.54 0.0 
7388.84 0.41 0.0 
8323.35 0.35 0.0 
8323.35 0.58 0.0 
8776.96 0.88 0.0 
8776.97 0.72 0.0 
8854.08 0.77 0.0 
9031.16 0.48 0.0 
9115.15 0.41 0.0 
9031.19 0.84 0.0 
9388.01 0.34 0.0 
9435.43 0.38 0.0 
9435.49 0.73 0.0 
11368.65 0.64 0.0 
11368.61 0.62 0.0 
11462.47 0.32 0.0 
12182.99 0.41 0.0 
12327.25 0.73 0.0 
12331.35 0.54 0.0 
12331.33 0.53 0.0 
13792.79 0.32 0.0 
13792.82 0.63 0.0 
13711.28 0.64 0.0 
14102.07 0.90 0.0 
14498.55 0.34 0.0 
14498.55 0.38 0.0 
14625.49 0.76 0.0 
14640.37 0.39 0.0 
14625.27 0.34 0.0 
15150.43 0.57 0.0 
15213.46 0.63 0.0 
15213.51 0.43 0.0 
15150.47 0.44 0.0 
15542.75 0.56 0.0 
16076.92 0.49 0.0 
16683.67 0.47 0.0 
16668.56 0.82 0.0 
16683.67 0.32 0.0 
17069.15 0.34 0.0 
17363.59 0.34 0.0 
17678.56 0.45 0.0 
17745.79 0.75 0.0 
17678.51 0.34 0.0 
18121.91 0.34 0.0 
18465.81 0.65 0.0 
18882.99 0.36 0.0 
18886.83 0.61 0.0 
19818.51 0.72 0.0 
19818.53 0.53 0.0 
19785.87 0.55 0.0 
19785.95 0.33 0.0 
20013.37 0.48 0.0 
20011.22 0.36 0.0 
20013.36 0.62 0.0 
20636.95 0.34 0.0 
21225.53 0.31 0.0 
22905.81 0.67 0.0 
23301.15 0.36 0.0 
23301.13 0.35 0.0 
24527.25 0.59 0.0 
24961.39 0.35 0.0 
25050.49 0.68 0.0 
25222.15 0.43 0.0 
25291.13 0.50 0.0 
27677.95 0.47 0.0 
27917.87 0.36 0.0 
28936.67 0.39 0.0 
29289.52 0.41 0.0 
29289.52 0.44 0.0 
29940.99 0.34 0.0 
30356.25 0.31 0.0 
30585.55 0.43 0.0 
31143.80 0.42 0.0 
31560.95 0.46 0.0 
32857.35 0.35 0.0 
33391.35 0.64 0.0 
33684.79 0.40 0.0 
33781.38 0.83 0.0 
33781.38 0.80 0.0 
34727.17 0.44 0.0 
34788.23 0.56 0.0 
34788.19 0.59 0.0 
34893.43 0.48 0.0 
34893.51 0.31 0.0 
35250.52 0.66 0.0 
35617.89 0.32 0.0 
35914.37 0.38 0.0 
35914.35 0.45 0.0 
38386.71 0.36 0.0 
39837.43 0.31 0.0 
40403.51 0.42 0.0 
41327.83 0.33 0.0 
42022.01 0.53 0.0 
42022.01 0.63 0.0 
43347.53 0.68 0.0 
43347.50 0.76 0.0 
43799.35 0.34 0.0 
44028.59 0.36 0.0 
43996.43 0.36 0.0 
45412.71 0.34 0.0 
46321.71 0.39 0.0 
47597.72 0.48 0.0 
47746.47 0.46 0.0 
48211.33 0.66 0.0 
48399.39 0.60 0.0 
49286.93 0.57 0.0 
49286.87 0.35 0.0 
50536.29 0.31 0.0 
52799.17 0.55 0.0 
53072.27 0.33 0.0 
53320.03 0.34 0.0 
53483.51 0.39 0.0 
53819.91 0.34 0.0 
58278.35 0.42 0.0 
60257.47 0.52 0.0 
61367.57 0.50 0.0 
61667.51 0.46 0.0 
62037.89 0.38 0.0 
62073.73 0.54 0.0 
62717.67 0.32 0.0 
62728.63 0.42 0.0 
63001.37 0.62 0.0 
63001.41 0.33 0.0 
62955.65 0.46 0.0 
63615.71 0.34 0.0 
64093.68 0.31 0.0 
64247.35 0.35 0.0 
64905.54 0.58 0.0 
65254.73 0.37 0.0 
65865.77 0.38 0.0 
66016.01 0.76 0.0 
66300.47 0.32 0.0 
66480.55 0.54 0.0 
66688.51 0.31 0.0 
67411.62 0.84 0.0 
67411.61 0.34 0.0 
67939.31 0.34 0.0 
68044.43 0.66 0.0 
68044.45 0.61 0.0 
69434.71 0.35 0.0 
69541.77 0.45 0.0 
69661.88 0.69 0.0 
69672.20 0.60 0.0 
70637.13 0.30 0.0 
71017.83 0.42 0.0 
71418.67 0.38 0.0 
72557.36 0.72 0.0 
72738.67 0.31 0.0 
73237.79 0.31 0.0 
73681.29 0.70 0.0 
74406.83 0.32 0.0 
74986.49 0.51 0.0 
75856.95 0.39 0.0 
78495.63 0.82 0.0 
80625.37 0.33 0.0 
81061.97 0.44 0.0 
81918.47 0.57 0.0 
81918.51 0.66 0.0 
82216.69 0.78 0.0 
82216.63 0.50 0.0 
82329.76 0.76 0.0 
83255.69 0.68 0.0 
83255.71 0.57 0.0 
83411.16 0.86 0.0 
83405.99 0.40 0.0 
83411.14 0.39 0.0 
83447.49 0.64 0.0 
83447.47 0.39 0.0 
83619.69 0.45 0.0 
84307.81 0.62 0.0 
84307.83 0.91 0.0 
84362.82 0.85 0.0 
84358.79 0.31 0.0 
84362.80 0.56 0.0 
84334.98 0.67 0.0 
84326.63 0.44 0.0 
84334.98 0.62 0.0 
84645.47 0.51 0.0 
84652.45 0.78 0.0 
84699.67 0.51 0.0 
84699.63 0.31 0.0 
85769.91 0.35 0.0 
85839.38 0.81 0.0 
85847.39 0.68 0.0 
85872.08 0.75 0.0 
85872.08 0.84 0.0 
85883.03 0.35 0.0 
85931.62 0.82 0.0 
85944.39 0.50 0.0 
85931.61 0.68 0.0 
85839.40 0.90 0.0 
85847.37 0.56 0.0 
86075.92 0.69 0.0 
86018.87 0.40 0.0 
86104.27 0.34 0.0 
86104.27 0.66 0.0 
86156.19 0.38 0.0 
86075.93 0.68 0.0 
86220.07 0.42 0.0 
86237.15 0.35 0.0 
86268.54 0.80 0.0 
86268.54 0.72 0.0 
86237.17 0.56 0.0 
86242.53 0.47 0.0 
86381.67 0.63 0.0 
