44.43 0.73 0.0 
102.35 0.61 0.0 
55.35 0.59 0.0 
262.93 0.31 0.0 
310.51 0.36 0.0 
450.62 0.79 0.0 
729.57 0.48 0.0 
688.17 0.42 0.0 
943.63 0.86 0.0 
1180.96 0.58 0.0 
1272.18 0.54 0.0 
1272.21 0.46 0.0 
2170.59 0.46 0.0 
2217.94 0.35 0.0 
2258.43 0.31 0.0 
2217.92 0.39 0.0 
2363.76 0.41 0.0 
2443.13 0.44 0.0 
2548.84 0.54 0.0 
2732.28 0.31 0.0 
3014.96 0.31 0.0 
3135.28 0.76 0.0 
3135.25 0.84 0.0 
3329.19 0.44 0.0 
3384.48 0.35 0.0 
3323.84 0.71 0.0 
3867.27 0.38 0.0 
3851.15 0.72 0.0 
4047.91 0.32 0.0 
4633.04 0.38 0.0 
4897.29 0.40 0.0 
5161.55 0.50 0.0 
5161.52 0.41 0.0 
5367.37 0.38 0.0 
5399.48 0.40 0.0 
5786.33 0.61 0.0 
5943.08 0.37 0.0 
5943.09 0.69 0.0 
6404.40 0.56 0.0 
6638.77 0.40 0.0 
6628.64 0.35 0.0 
6687.09 0.52 0.0 
6701.29 0.32 0.0 
6701.29 0.70 0.0 
7554.15 0.58 0.0 
7934.04 0.31 0.0 
8323.33 0.38 0.0 
8350.47 0.85 0.0 
8350.45 0.77 0.0 
8503.16 0.45 0.0 
8776.37 0.32 0.0 
8741.23 0.48 0.0 
8741.16 0.70 0.0 
9031.23 0.38 0.0 
9115.16 0.72 0.0 
9119.60 0.53 0.0 
9381.23 0.81 0.0 
9401.65 0.42 0.0 
9381.26 0.73 0.0 
9505.77 0.41 0.0 
9505.73 0.87 0.0 
9878.49 0.87 0.0 
9878.48 0.78 0.0 
10265.37 0.64 0.0 
11098.76 0.86 0.0 
11098.75 0.96 0.0 
11360.25 0.67 0.0 
11360.21 0.43 0.0 
11462.17 0.80 0.0 
11462.22 0.54 0.0 
11839.32 0.41 0.0 
11989.28 0.59 0.0 
12206.65 0.95 0.0 
12206.68 0.50 0.0 
12324.43 0.97 0.0 
12324.42 0.97 0.0 
12270.12 0.68 0.0 
12541.77 0.88 0.0 
12541.78 0.84 0.0 
12895.93 0.70 0.0 
13259.40 0.80 0.0 
13259.39 0.96 0.0 
13641.36 0.79 0.0 
13641.32 0.66 0.0 
13804.96 0.61 0.0 
13791.95 0.70 0.0 
13804.91 0.58 0.0 
13791.97 0.86 0.0 
13799.48 0.72 0.0 
13782.69 0.45 0.0 
13901.44 0.76 0.0 
13982.54 0.39 0.0 
14032.16 0.79 0.0 
14032.15 0.79 0.0 
14274.17 0.38 0.0 
14274.20 0.43 0.0 
14216.72 0.39 0.0 
14417.31 0.70 0.0 
14399.04 0.82 0.0 
14399.03 0.97 0.0 
14496.23 0.82 0.0 
14496.21 0.79 0.0 
14636.89 0.52 0.0 
14652.17 0.58 0.0 
14623.83 0.53 0.0 
14623.90 0.35 0.0 
14710.37 0.34 0.0 
14785.95 0.66 0.0 
15140.60 0.64 0.0 
15148.60 0.83 0.0 
15140.60 0.69 0.0 
15148.60 0.77 0.0 
15092.40 0.31 0.0 
15210.44 0.76 0.0 
15211.97 0.34 0.0 
15210.41 0.37 0.0 
15357.21 0.36 0.0 
15510.33 0.53 0.0 
15860.09 0.32 0.0 
16167.64 0.33 0.0 
16211.36 0.80 0.0 
16667.59 0.43 0.0 
16947.56 0.75 0.0 
17068.04 0.33 0.0 
17096.19 0.32 0.0 
17678.36 0.75 0.0 
17678.36 0.60 0.0 
18054.49 0.71 0.0 
18054.47 0.85 0.0 
18398.41 0.33 0.0 
18762.60 0.68 0.0 
18880.48 0.40 0.0 
18776.04 0.32 0.0 
19143.36 0.68 0.0 
19143.36 0.82 0.0 
19502.44 0.35 0.0 
19790.49 0.34 0.0 
20011.16 0.73 0.0 
20011.14 0.55 0.0 
20636.70 0.41 0.0 
20636.67 0.81 0.0 
21093.84 0.36 0.0 
21031.37 0.57 0.0 
21239.52 0.86 0.0 
21409.03 0.54 0.0 
21409.04 0.71 0.0 
21786.63 0.81 0.0 
22136.87 0.95 0.0 
22136.86 0.90 0.0 
22835.92 0.89 0.0 
22905.25 0.34 0.0 
22835.92 0.74 0.0 
23175.44 0.74 0.0 
23175.41 0.81 0.0 
23516.38 0.76 0.0 
23516.37 0.89 0.0 
23850.04 0.82 0.0 
24193.43 0.92 0.0 
24193.46 0.43 0.0 
24532.48 0.86 0.0 
24551.56 0.40 0.0 
24599.40 0.74 0.0 
24532.47 0.92 0.0 
24874.41 0.80 0.0 
25002.04 0.68 0.0 
24958.80 0.39 0.0 
24942.36 0.46 0.0 
24874.40 0.64 0.0 
25002.05 0.35 0.0 
25221.75 0.78 0.0 
25221.77 0.78 0.0 
25585.68 0.68 0.0 
25585.69 0.91 0.0 
25930.53 0.72 0.0 
25930.48 0.84 0.0 
26269.08 0.69 0.0 
26269.08 0.94 0.0 
27000.39 0.88 0.0 
27000.36 0.83 0.0 
27202.79 0.36 0.0 
27312.73 0.47 0.0 
27378.45 0.53 0.0 
27378.45 0.58 0.0 
27714.56 0.72 0.0 
27714.53 0.84 0.0 
27704.37 0.34 0.0 
27779.49 0.44 0.0 
28069.69 0.60 0.0 
28069.68 0.50 0.0 
28140.03 0.81 0.0 
28680.91 0.30 0.0 
29022.13 0.34 0.0 
29141.42 0.88 0.0 
29141.43 0.92 0.0 
29492.68 0.57 0.0 
29492.69 0.37 0.0 
29831.69 0.71 0.0 
29831.73 0.54 0.0 
30179.48 0.70 0.0 
30179.50 0.96 0.0 
30466.80 0.81 0.0 
30466.80 0.70 0.0 
30540.02 0.75 0.0 
30882.42 0.86 0.0 
30882.45 0.59 0.0 
31221.45 0.83 0.0 
31221.44 0.89 0.0 
31284.71 0.53 0.0 
31485.85 0.47 0.0 
31560.45 0.62 0.0 
31560.44 0.61 0.0 
31926.81 0.39 0.0 
31926.80 0.76 0.0 
32284.89 0.80 0.0 
32284.89 0.86 0.0 
32352.81 0.41 0.0 
32631.73 0.34 0.0 
32631.67 0.76 0.0 
32854.13 0.48 0.0 
32854.17 0.65 0.0 
32972.24 0.87 0.0 
32972.24 0.84 0.0 
33323.44 0.88 0.0 
33323.43 0.72 0.0 
33462.49 0.54 0.0 
33684.44 0.50 0.0 
33778.95 0.73 0.0 
33778.91 0.53 0.0 
34049.31 0.91 0.0 
34049.36 0.32 0.0 
34409.35 0.95 0.0 
34409.36 0.87 0.0 
34705.87 0.54 0.0 
34705.91 0.68 0.0 
34800.16 0.45 0.0 
34797.25 0.45 0.0 
34892.27 0.42 0.0 
34892.37 0.31 0.0 
35549.50 0.93 0.0 
35549.50 0.96 0.0 
35913.97 0.58 0.0 
35920.27 0.84 0.0 
35913.96 0.62 0.0 
35920.26 0.85 0.0 
36289.56 0.90 0.0 
36289.56 0.75 0.0 
37038.92 0.90 0.0 
37038.92 0.92 0.0 
37414.09 0.67 0.0 
37414.07 0.86 0.0 
38176.10 0.84 0.0 
38176.12 0.87 0.0 
38519.43 0.64 0.0 
38593.94 0.30 0.0 
38863.88 0.54 0.0 
38975.87 0.33 0.0 
38936.03 0.36 0.0 
39733.37 0.60 0.0 
39829.52 0.39 0.0 
40091.04 0.40 0.0 
40374.28 0.30 0.0 
40408.25 0.41 0.0 
40403.53 0.55 0.0 
40573.87 0.57 0.0 
40782.91 0.42 0.0 
40739.56 0.64 0.0 
40870.88 0.61 0.0 
41094.73 0.33 0.0 
41382.93 0.31 0.0 
42019.97 0.68 0.0 
42019.97 0.68 0.0 
42027.51 0.31 0.0 
42749.44 0.59 0.0 
42808.05 0.48 0.0 
42865.47 0.35 0.0 
42778.89 0.35 0.0 
42992.39 0.31 0.0 
43344.76 0.69 0.0 
43344.75 0.87 0.0 
44001.73 0.31 0.0 
44026.37 0.37 0.0 
44444.40 0.42 0.0 
44804.05 0.45 0.0 
45020.87 0.54 0.0 
45409.55 0.35 0.0 
45448.67 0.45 0.0 
46409.27 0.80 0.0 
46443.23 0.67 0.0 
46443.27 0.39 0.0 
46839.89 0.58 0.0 
46839.94 0.33 0.0 
46981.00 0.39 0.0 
47082.69 0.63 0.0 
46968.16 0.48 0.0 
48064.01 0.52 0.0 
48064.05 0.42 0.0 
48313.95 0.31 0.0 
48395.41 0.35 0.0 
48403.53 0.33 0.0 
48388.05 0.60 0.0 
48431.63 0.42 0.0 
48395.43 0.72 0.0 
48914.45 0.57 0.0 
49124.07 0.50 0.0 
49286.70 0.71 0.0 
49286.73 0.45 0.0 
49454.28 0.68 0.0 
49582.77 0.41 0.0 
50890.93 0.33 0.0 
50864.21 0.59 0.0 
52121.41 0.30 0.0 
52798.03 0.55 0.0 
52799.13 0.34 0.0 
53319.35 0.31 0.0 
53479.97 0.47 0.0 
53488.96 0.50 0.0 
53789.53 0.57 0.0 
54103.12 0.33 0.0 
54371.08 0.49 0.0 
55739.33 0.45 0.0 
56806.97 0.40 0.0 
57058.53 0.32 0.0 
57493.89 0.33 0.0 
58632.00 0.62 0.0 
61468.97 0.79 0.0 
61840.33 0.54 0.0 
61856.52 0.60 0.0 
61856.52 0.80 0.0 
62030.57 0.59 0.0 
62318.84 0.51 0.0 
62713.43 0.33 0.0 
62763.87 0.58 0.0 
63284.58 0.67 0.0 
63993.95 0.34 0.0 
64093.19 0.41 0.0 
63993.98 0.51 0.0 
64377.71 0.72 0.0 
64514.09 0.73 0.0 
65430.01 0.71 0.0 
65774.19 0.92 0.0 
66158.77 0.45 0.0 
66566.96 0.60 0.0 
66624.51 0.56 0.0 
66566.89 0.33 0.0 
66688.30 0.86 0.0 
66688.33 0.46 0.0 
67318.31 0.36 0.0 
67420.59 0.43 0.0 
67557.41 0.30 0.0 
67497.69 0.43 0.0 
67937.12 0.36 0.0 
68042.33 0.71 0.0 
68156.76 0.53 0.0 
68364.19 0.47 0.0 
68419.93 0.60 0.0 
68647.08 0.37 0.0 
68982.67 0.73 0.0 
69178.24 0.53 0.0 
69298.73 0.31 0.0 
69298.73 0.92 0.0 
69433.19 0.34 0.0 
69672.15 0.63 0.0 
69958.44 0.33 0.0 
70156.53 0.49 0.0 
70156.53 0.57 0.0 
70580.03 0.32 0.0 
71017.63 0.54 0.0 
71188.37 0.32 0.0 
71428.32 0.51 0.0 
72325.81 0.51 0.0 
72358.28 0.70 0.0 
72453.47 0.36 0.0 
73081.89 0.30 0.0 
73092.76 0.31 0.0 
73622.72 0.45 0.0 
74073.04 0.53 0.0 
74073.02 0.65 0.0 
74262.64 0.56 0.0 
75367.45 0.65 0.0 
76216.49 0.40 0.0 
77073.23 0.38 0.0 
77990.05 0.37 0.0 
78439.44 0.32 0.0 
79269.32 0.83 0.0 
79320.09 0.39 0.0 
79704.05 0.31 0.0 
81006.81 0.31 0.0 
81006.76 0.57 0.0 
82325.71 0.86 0.0 
83218.97 0.39 0.0 
83218.93 0.88 0.0 
83403.05 0.48 0.0 
83406.03 0.69 0.0 
83403.03 0.45 0.0 
83411.16 0.34 0.0 
83438.99 0.66 0.0 
83668.40 0.66 0.0 
84149.56 0.61 0.0 
84290.14 0.80 0.0 
84305.75 0.32 0.0 
84334.93 0.33 0.0 
84290.15 0.89 0.0 
84543.74 0.32 0.0 
84634.95 0.97 0.0 
84645.30 0.31 0.0 
84651.37 0.48 0.0 
84634.96 0.89 0.0 
85017.57 0.31 0.0 
85210.04 0.70 0.0 
85393.60 0.78 0.0 
85766.31 0.81 0.0 
85837.95 0.44 0.0 
85766.32 0.73 0.0 
85870.33 0.38 0.0 
85870.35 0.34 0.0 
85882.97 0.48 0.0 
85940.91 0.40 0.0 
85948.79 0.74 0.0 
85838.00 0.64 0.0 
85843.31 0.33 0.0 
86009.56 0.60 0.0 
86073.07 0.91 0.0 
86035.04 0.36 0.0 
86175.31 0.35 0.0 
86156.22 0.52 0.0 
86156.21 0.88 0.0 
86073.07 0.90 0.0 
86219.98 0.46 0.0 
86231.49 0.55 0.0 
86231.53 0.31 0.0 
86323.73 0.96 0.0 
86262.05 0.49 0.0 
86237.10 0.38 0.0 
86262.03 0.42 0.0 
86381.04 0.70 0.0 
