11367.11 0.58 0.0 
11379.91 0.60 0.0 
11367.12 0.70 0.0 
11379.94 0.56 0.0 
11758.47 0.32 0.0 
12225.78 0.84 0.0 
12225.75 0.52 0.0 
12381.35 0.33 0.0 
12331.48 0.72 0.0 
12344.27 0.36 0.0 
12330.71 0.33 0.0 
12331.45 0.59 0.0 
12700.76 0.76 0.0 
12700.77 0.53 0.0 
12831.35 0.40 0.0 
12893.90 0.45 0.0 
13296.95 0.35 0.0 
13296.93 0.39 0.0 
13516.67 0.33 0.0 
13809.35 0.41 0.0 
13809.35 0.34 0.0 
13952.51 0.39 0.0 
14100.43 0.79 0.0 
14111.96 0.83 0.0 
14100.44 0.92 0.0 
14111.96 0.88 0.0 
14229.55 0.35 0.0 
14412.73 0.49 0.0 
14482.89 0.34 0.0 
14581.45 0.31 0.0 
14629.15 0.49 0.0 
14615.30 0.70 0.0 
14629.17 0.47 0.0 
14615.30 0.74 0.0 
14782.41 0.55 0.0 
14798.84 0.34 0.0 
14733.31 0.35 0.0 
14733.35 0.38 0.0 
14925.37 0.43 0.0 
15061.51 0.41 0.0 
15200.92 0.75 0.0 
15653.19 0.31 0.0 
16462.21 0.42 0.0 
17423.04 0.41 0.0 
17637.59 0.38 0.0 
17629.23 0.46 0.0 
17637.61 0.36 0.0 
18929.83 0.63 0.0 
19125.15 0.31 0.0 
19803.53 0.48 0.0 
20199.83 0.33 0.0 
20416.23 0.40 0.0 
21047.83 0.39 0.0 
21546.29 0.35 0.0 
21546.30 0.34 0.0 
22046.41 0.44 0.0 
22299.11 0.34 0.0 
23632.37 0.37 0.0 
24856.03 0.45 0.0 
25326.47 0.54 0.0 
25326.45 0.50 0.0 
26273.24 0.40 0.0 
26831.75 0.30 0.0 
26949.29 0.33 0.0 
26977.79 0.31 0.0 
27676.41 0.62 0.0 
27684.44 0.41 0.0 
27826.51 0.31 0.0 
27795.57 0.48 0.0 
28218.91 0.31 0.0 
28529.26 0.56 0.0 
28578.23 0.40 0.0 
28597.73 0.34 0.0 
28714.55 0.37 0.0 
28918.49 0.31 0.0 
28899.92 0.62 0.0 
29234.91 0.50 0.0 
29273.04 0.47 0.0 
29273.05 0.43 0.0 
29508.27 0.42 0.0 
29639.83 0.33 0.0 
30013.91 0.31 0.0 
29987.32 0.45 0.0 
31248.73 0.41 0.0 
31890.43 0.40 0.0 
32115.51 0.35 0.0 
33359.16 0.40 0.0 
33458.45 0.42 0.0 
33708.93 0.37 0.0 
33799.03 0.31 0.0 
38349.63 0.30 0.0 
39963.39 0.37 0.0 
39963.41 0.35 0.0 
44316.99 0.31 0.0 
59627.15 0.33 0.0 
63247.91 0.43 0.0 
65631.03 0.35 0.0 
67010.77 0.64 0.0 
67580.97 0.36 0.0 
67978.89 0.43 0.0 
71217.19 0.36 0.0 
85334.41 0.40 0.0 
85397.65 0.37 0.0 
85540.49 0.63 0.0 
85540.47 0.30 0.0 
86145.65 0.74 0.0 
86145.63 0.33 0.0 
