72.16 0.66 0.0 
72.12 0.70 0.0 
223.69 0.37 0.0 
658.16 0.47 0.0 
658.13 0.65 0.0 
753.03 0.33 0.0 
753.08 0.31 0.0 
1589.24 0.52 0.0 
1732.65 0.31 0.0 
1898.36 0.50 0.0 
2006.49 0.59 0.0 
2577.89 0.43 0.0 
3262.52 0.38 0.0 
3491.91 0.70 0.0 
4972.53 0.36 0.0 
5498.83 0.70 0.0 
5943.39 0.38 0.0 
6463.68 0.37 0.0 
6684.49 0.32 0.0 
7271.83 0.47 0.0 
7435.33 0.57 0.0 
7692.55 0.38 0.0 
7788.12 0.39 0.0 
8898.85 0.44 0.0 
9599.12 0.53 0.0 
9644.16 0.45 0.0 
9954.81 0.56 0.0 
9954.83 0.33 0.0 
10003.57 0.48 0.0 
10003.51 0.55 0.0 
14393.64 0.36 0.0 
14393.68 0.64 0.0 
14774.18 0.33 0.0 
14869.59 0.32 0.0 
15688.60 0.31 0.0 
15984.21 0.34 0.0 
16126.28 0.45 0.0 
16857.61 0.33 0.0 
17443.03 0.36 0.0 
18004.53 0.44 0.0 
19168.69 0.38 0.0 
19825.27 0.31 0.0 
20141.80 0.41 0.0 
20432.77 0.37 0.0 
21521.76 0.41 0.0 
22011.05 0.34 0.0 
22011.05 0.31 0.0 
22888.83 0.32 0.0 
23324.28 0.77 0.0 
24464.68 0.48 0.0 
25498.35 0.40 0.0 
26639.16 0.43 0.0 
26729.21 0.33 0.0 
27439.48 0.71 0.0 
27439.51 0.61 0.0 
29395.31 0.54 0.0 
30022.17 0.50 0.0 
33701.92 0.41 0.0 
34197.15 0.31 0.0 
36503.26 0.34 0.0 
38187.67 0.40 0.0 
41548.32 0.45 0.0 
43702.52 0.33 0.0 
45448.27 0.35 0.0 
46502.53 0.52 0.0 
46502.57 0.57 0.0 
47923.69 0.51 0.0 
48981.95 0.33 0.0 
49267.56 0.32 0.0 
49453.27 0.43 0.0 
49702.40 0.79 0.0 
50089.07 0.40 0.0 
51492.56 0.50 0.0 
51492.55 0.39 0.0 
52104.28 0.31 0.0 
53173.21 0.32 0.0 
54040.69 0.53 0.0 
54829.16 0.40 0.0 
54829.17 0.61 0.0 
55270.32 0.33 0.0 
55777.12 0.60 0.0 
59818.17 0.66 0.0 
61707.99 0.38 0.0 
66719.19 0.51 0.0 
74377.25 0.51 0.0 
74982.91 0.47 0.0 
80461.00 0.31 0.0 
85949.28 0.45 0.0 
