481.42 0.90 0.0 
481.43 0.75 0.0 
2742.89 0.33 0.0 
2851.40 0.33 0.0 
3475.09 0.59 0.0 
5772.41 0.33 0.0 
5758.07 0.34 0.0 
6505.81 0.67 0.0 
6892.08 0.34 0.0 
7603.39 0.78 0.0 
8548.23 0.81 0.0 
8570.69 0.53 0.0 
8570.69 0.62 0.0 
8561.81 0.76 0.0 
9490.29 0.40 0.0 
9880.76 0.30 0.0 
11338.25 0.40 0.0 
11512.72 0.49 0.0 
15661.73 0.59 0.0 
16319.05 0.36 0.0 
17075.48 0.54 0.0 
18178.57 0.37 0.0 
20500.68 0.64 0.0 
21962.25 0.54 0.0 
23114.56 0.31 0.0 
23743.05 0.34 0.0 
23786.77 0.59 0.0 
25406.36 0.35 0.0 
25424.26 0.44 0.0 
25406.40 0.74 0.0 
25618.73 0.35 0.0 
25828.61 0.39 0.0 
25988.64 0.33 0.0 
26834.44 0.59 0.0 
27363.96 0.39 0.0 
29503.97 0.50 0.0 
30609.44 0.61 0.0 
32094.87 0.34 0.0 
32999.12 0.34 0.0 
35084.51 0.44 0.0 
35547.69 0.46 0.0 
36059.49 0.64 0.0 
36628.48 0.35 0.0 
37585.21 0.33 0.0 
37942.81 0.32 0.0 
39204.79 0.49 0.0 
39583.29 0.34 0.0 
40093.02 0.35 0.0 
40191.13 0.45 0.0 
40574.37 0.37 0.0 
41773.77 0.30 0.0 
42252.48 0.74 0.0 
45847.17 0.45 0.0 
46094.33 0.37 0.0 
46391.29 0.35 0.0 
46565.05 0.61 0.0 
47391.25 0.75 0.0 
48493.65 0.51 0.0 
49469.09 0.62 0.0 
49782.38 0.31 0.0 
50798.57 0.32 0.0 
51046.65 0.50 0.0 
51148.29 0.59 0.0 
51702.49 0.37 0.0 
53247.11 0.32 0.0 
53502.13 0.76 0.0 
55783.15 0.34 0.0 
57239.25 0.34 0.0 
58288.37 0.46 0.0 
59274.89 0.33 0.0 
60988.96 0.51 0.0 
61064.24 0.71 0.0 
62336.68 0.35 0.0 
64859.51 0.46 0.0 
66024.84 0.46 0.0 
67813.05 0.40 0.0 
69448.03 0.35 0.0 
70745.61 0.31 0.0 
70750.45 0.58 0.0 
76019.11 0.31 0.0 
77030.41 0.47 0.0 
78058.77 0.49 0.0 
78162.40 0.41 0.0 
78434.14 0.59 0.0 
79196.77 0.57 0.0 
81164.23 0.32 0.0 
82347.91 0.41 0.0 
82454.40 0.41 0.0 
83409.71 0.56 0.0 
83876.86 0.66 0.0 
85634.19 0.42 0.0 
85704.65 0.51 0.0 
