1941.79 0.43 0.0 
1890.95 0.47 0.0 
2822.61 0.33 0.0 
4501.15 0.50 0.0 
6377.19 0.35 0.0 
6706.67 0.45 0.0 
8571.81 0.32 0.0 
8571.73 0.52 0.0 
8623.53 0.47 0.0 
9922.15 0.32 0.0 
10760.79 0.31 0.0 
11436.79 0.32 0.0 
15484.25 0.36 0.0 
17760.93 0.30 0.0 
22501.11 0.39 0.0 
22650.65 0.52 0.0 
23120.41 0.45 0.0 
28201.09 0.31 0.0 
30978.43 0.34 0.0 
31847.37 0.46 0.0 
32027.51 0.35 0.0 
33335.43 0.44 0.0 
36024.49 0.34 0.0 
37534.16 0.31 0.0 
37947.93 0.48 0.0 
38654.31 0.56 0.0 
42356.57 0.31 0.0 
43023.37 0.64 0.0 
43743.60 0.31 0.0 
44537.80 0.38 0.0 
47385.93 0.64 0.0 
47392.01 0.75 0.0 
47880.91 0.40 0.0 
48155.01 0.37 0.0 
50640.97 0.30 0.0 
51152.69 0.41 0.0 
51152.73 0.52 0.0 
51705.39 0.41 0.0 
51705.39 0.32 0.0 
52440.97 0.31 0.0 
52959.34 0.50 0.0 
52959.33 0.45 0.0 
53670.49 0.41 0.0 
54405.67 0.37 0.0 
54465.93 0.32 0.0 
55324.69 0.37 0.0 
55324.68 0.54 0.0 
58111.75 0.31 0.0 
58715.03 0.46 0.0 
59205.47 0.44 0.0 
60259.97 0.35 0.0 
61715.21 0.56 0.0 
62379.55 0.39 0.0 
62640.49 0.40 0.0 
64050.60 0.63 0.0 
64832.15 0.30 0.0 
67725.55 0.33 0.0 
67794.64 0.51 0.0 
67794.69 0.49 0.0 
69182.85 0.52 0.0 
71251.87 0.30 0.0 
73773.43 0.31 0.0 
74805.45 0.39 0.0 
75662.05 0.35 0.0 
75767.37 0.38 0.0 
76162.92 0.43 0.0 
76162.91 0.34 0.0 
76117.69 0.42 0.0 
77970.56 0.49 0.0 
78670.51 0.31 0.0 
78785.03 0.41 0.0 
80845.25 0.34 0.0 
81048.97 0.46 0.0 
81492.45 0.41 0.0 
81571.27 0.32 0.0 
81571.26 0.42 0.0 
83302.40 0.38 0.0 
83415.49 0.31 0.0 
83438.05 0.31 0.0 
83607.65 0.54 0.0 
84455.15 0.32 0.0 
86154.24 0.37 0.0 
