2623.43 0.47 0.0 
10827.61 0.40 0.0 
11365.02 0.96 0.0 
11365.00 0.94 0.0 
11379.82 0.31 0.0 
11758.39 0.50 0.0 
11743.48 0.42 0.0 
12237.67 0.46 0.0 
12329.30 0.95 0.0 
12329.28 0.97 0.0 
12342.83 0.32 0.0 
12344.13 0.37 0.0 
12699.52 0.40 0.0 
12899.34 0.90 0.0 
13174.93 0.41 0.0 
13633.43 0.34 0.0 
13805.88 0.46 0.0 
13788.43 0.49 0.0 
13805.99 0.32 0.0 
13788.45 0.53 0.0 
14098.47 0.63 0.0 
14109.20 0.46 0.0 
14109.20 0.39 0.0 
14411.35 0.49 0.0 
14428.04 0.43 0.0 
14411.36 0.71 0.0 
14580.01 0.65 0.0 
14782.30 0.72 0.0 
14732.61 0.38 0.0 
14731.00 0.34 0.0 
14732.56 0.33 0.0 
14697.45 0.36 0.0 
16229.56 0.83 0.0 
16866.92 0.61 0.0 
16866.93 0.54 0.0 
17590.52 0.42 0.0 
17628.03 0.33 0.0 
17714.51 0.96 0.0 
18059.04 0.44 0.0 
18764.49 0.52 0.0 
18862.50 0.31 0.0 
19078.19 0.38 0.0 
19078.20 0.73 0.0 
20203.79 0.87 0.0 
20355.57 0.38 0.0 
21033.81 0.30 0.0 
21033.81 0.39 0.0 
21036.32 0.46 0.0 
21169.73 0.36 0.0 
21169.76 0.30 0.0 
21676.37 0.37 0.0 
21870.13 0.56 0.0 
22061.77 0.43 0.0 
22297.59 0.52 0.0 
22297.61 0.56 0.0 
22798.88 0.60 0.0 
23516.72 0.51 0.0 
23579.51 0.83 0.0 
23818.53 0.96 0.0 
24257.81 0.33 0.0 
25543.37 0.36 0.0 
25889.49 0.60 0.0 
27108.15 0.35 0.0 
27683.37 0.54 0.0 
27884.51 0.50 0.0 
28427.12 0.55 0.0 
28528.69 0.59 0.0 
28531.23 0.62 0.0 
28711.31 0.42 0.0 
28895.48 0.33 0.0 
29233.83 0.41 0.0 
29271.29 0.50 0.0 
29271.28 0.36 0.0 
29354.33 0.47 0.0 
29608.80 0.61 0.0 
29848.64 0.41 0.0 
30539.24 0.33 0.0 
30669.99 0.72 0.0 
32532.59 0.33 0.0 
32848.69 0.33 0.0 
33224.19 0.51 0.0 
33704.18 0.94 0.0 
33822.37 0.34 0.0 
33836.63 0.34 0.0 
33822.44 0.85 0.0 
34707.48 0.41 0.0 
34737.69 0.58 0.0 
35189.56 0.56 0.0 
35607.80 0.50 0.0 
35909.09 0.53 0.0 
35982.00 0.48 0.0 
37019.23 0.35 0.0 
37300.97 0.34 0.0 
37254.98 0.43 0.0 
38346.56 0.44 0.0 
38346.56 0.31 0.0 
39522.91 0.38 0.0 
39912.07 0.35 0.0 
41786.17 0.76 0.0 
41879.01 0.32 0.0 
43709.45 0.31 0.0 
58454.25 0.35 0.0 
59698.69 0.63 0.0 
62564.21 0.33 0.0 
63029.31 0.64 0.0 
63388.29 0.53 0.0 
65054.36 0.82 0.0 
66118.99 0.37 0.0 
69644.51 0.73 0.0 
71322.13 0.59 0.0 
85167.83 0.74 0.0 
85334.39 0.86 0.0 
85540.39 0.60 0.0 
