1602.76 0.47 0.0 
1952.27 0.45 0.0 
2451.47 0.62 0.0 
3481.59 0.72 0.0 
4385.52 0.44 0.0 
5385.56 0.57 0.0 
9332.81 0.59 0.0 
19201.13 0.91 0.0 
19201.13 0.95 0.0 
22983.65 0.41 0.0 
28857.27 0.46 0.0 
32794.59 0.35 0.0 
40607.99 0.32 0.0 
41386.39 0.31 0.0 
49891.74 0.70 0.0 
50446.87 0.45 0.0 
50730.76 0.85 0.0 
50822.28 0.52 0.0 
51212.19 0.32 0.0 
52921.07 0.35 0.0 
58860.87 0.31 0.0 
58864.77 0.44 0.0 
62707.03 0.39 0.0 
64438.32 0.89 0.0 
64442.18 0.75 0.0 
64438.30 0.91 0.0 
72301.23 0.31 0.0 
84332.31 0.37 0.0 
