1079.56 0.47 0.0 
7318.80 0.43 0.0 
7973.60 0.53 0.0 
7973.57 0.50 0.0 
8146.23 0.66 0.0 
9341.24 0.42 0.0 
9543.75 0.51 0.0 
9554.44 0.39 0.0 
9554.44 0.45 0.0 
9628.99 0.67 0.0 
13424.37 0.53 0.0 
15269.59 0.47 0.0 
17399.40 0.31 0.0 
21465.95 0.95 0.0 
21611.33 0.60 0.0 
21883.96 0.53 0.0 
21851.95 0.87 0.0 
21973.92 0.52 0.0 
22240.28 0.48 0.0 
22212.96 0.89 0.0 
22573.99 0.65 0.0 
22499.40 0.41 0.0 
22212.96 0.31 0.0 
23049.56 0.68 0.0 
23848.37 0.32 0.0 
23279.32 0.73 0.0 
24031.13 0.37 0.0 
24448.80 0.77 0.0 
23999.51 0.33 0.0 
25716.80 0.31 0.0 
25716.80 0.86 0.0 
25588.99 0.89 0.0 
26353.76 0.45 0.0 
26580.80 0.42 0.0 
26668.72 0.81 0.0 
27615.73 0.36 0.0 
27269.12 0.74 0.0 
27945.32 0.49 0.0 
27871.40 0.49 0.0 
28304.10 0.87 0.0 
30732.96 0.92 0.0 
30732.96 0.93 0.0 
39872.12 0.39 0.0 
43167.60 0.96 0.0 
43065.52 0.34 0.0 
43228.35 0.90 0.0 
43753.56 0.33 0.0 
51100.65 0.36 0.0 
56009.51 0.44 0.0 
56023.69 0.37 0.0 
60358.99 0.31 0.0 
68473.65 0.36 0.0 
69462.44 0.85 0.0 
74502.04 0.74 0.0 
77383.21 0.31 0.0 
