7975.83 0.69 0.0 
7975.83 0.76 0.0 
8148.15 0.44 0.0 
8523.76 0.40 0.0 
8523.80 0.78 0.0 
9559.00 0.74 0.0 
9350.84 0.34 0.0 
9924.52 0.34 0.0 
12805.80 0.48 0.0 
13209.47 0.47 0.0 
20853.03 0.44 0.0 
21467.87 0.82 0.0 
21646.00 0.34 0.0 
21854.53 0.85 0.0 
22204.04 0.32 0.0 
23988.68 0.47 0.0 
24031.18 0.52 0.0 
23988.64 0.34 0.0 
24586.91 0.51 0.0 
24556.23 0.43 0.0 
25721.59 0.82 0.0 
25355.92 0.39 0.0 
25721.60 0.80 0.0 
26355.36 0.79 0.0 
27226.93 0.64 0.0 
27616.42 0.76 0.0 
28107.57 0.31 0.0 
27873.79 0.47 0.0 
29328.53 0.52 0.0 
30733.70 0.94 0.0 
30699.63 0.61 0.0 
30733.70 0.94 0.0 
30699.63 0.46 0.0 
32297.11 0.55 0.0 
39931.71 0.59 0.0 
41303.25 0.31 0.0 
41565.87 0.32 0.0 
42001.79 0.37 0.0 
42825.92 0.72 0.0 
43067.72 0.41 0.0 
44944.40 0.44 0.0 
44944.43 0.37 0.0 
64486.51 0.32 0.0 
