506.01 0.39 0.0 
506.13 0.45 0.0 
2868.40 0.47 0.0 
4697.36 0.57 0.0 
4697.13 0.49 0.0 
9978.90 0.82 0.0 
10106.53 0.54 0.0 
9978.87 0.38 0.0 
12634.61 0.37 0.0 
13946.23 0.31 0.0 
21828.37 0.41 0.0 
22351.00 0.33 0.0 
30606.03 0.36 0.0 
36000.39 0.31 0.0 
35671.57 0.52 0.0 
36301.92 0.33 0.0 
38898.84 0.37 0.0 
39240.65 0.35 0.0 
43440.61 0.37 0.0 
46021.13 0.36 0.0 
47374.07 0.30 0.0 
52053.37 0.34 0.0 
53598.75 0.32 0.0 
54391.04 0.47 0.0 
55043.31 0.40 0.0 
54391.03 0.44 0.0 
55043.31 0.41 0.0 
55892.37 0.40 0.0 
57286.41 0.54 0.0 
57647.73 0.46 0.0 
59371.55 0.37 0.0 
59297.95 0.34 0.0 
60437.69 0.31 0.0 
60480.91 0.35 0.0 
61065.73 0.37 0.0 
61336.67 0.42 0.0 
61877.71 0.40 0.0 
61787.21 0.58 0.0 
64698.81 0.47 0.0 
65115.97 0.55 0.0 
66437.94 0.45 0.0 
67815.51 0.33 0.0 
69165.53 0.40 0.0 
71072.43 0.50 0.0 
75215.93 0.39 0.0 
75215.89 0.52 0.0 
75841.16 0.37 0.0 
76713.01 0.46 0.0 
78217.24 0.38 0.0 
78467.79 0.44 0.0 
78936.25 0.74 0.0 
79966.43 0.39 0.0 
80612.19 0.38 0.0 
81016.51 0.56 0.0 
81571.57 0.51 0.0 
84971.37 0.64 0.0 
85175.55 0.50 0.0 
85182.31 0.51 0.0 
85092.84 0.43 0.0 
85100.60 0.66 0.0 
85100.60 0.71 0.0 
85683.17 0.51 0.0 
85683.17 0.33 0.0 
86238.11 0.37 0.0 
85720.76 0.30 0.0 
