7324.09 0.30 0.0 
11054.59 0.55 0.0 
32246.18 0.82 0.0 
32246.17 0.49 0.0 
32332.91 0.44 0.0 
32600.51 0.40 0.0 
33172.99 0.53 0.0 
33932.49 0.71 0.0 
33932.49 0.75 0.0 
35106.09 0.54 0.0 
35106.07 0.49 0.0 
35453.35 0.42 0.0 
35660.48 0.33 0.0 
35660.48 0.64 0.0 
35846.71 0.40 0.0 
36284.53 0.61 0.0 
36719.97 0.32 0.0 
37436.39 0.54 0.0 
38264.97 0.69 0.0 
39173.49 0.31 0.0 
39173.51 0.83 0.0 
39199.04 0.47 0.0 
39199.04 0.43 0.0 
39456.37 0.47 0.0 
39456.37 0.57 0.0 
39548.43 0.44 0.0 
39787.91 0.35 0.0 
40490.89 0.59 0.0 
40695.08 0.44 0.0 
40834.59 0.56 0.0 
41366.75 0.48 0.0 
41600.19 0.34 0.0 
41824.04 0.44 0.0 
42142.63 0.31 0.0 
42857.37 0.31 0.0 
43124.43 0.31 0.0 
43829.31 0.32 0.0 
43829.33 0.44 0.0 
43958.95 0.31 0.0 
44063.75 0.43 0.0 
44063.75 0.65 0.0 
44295.39 0.34 0.0 
44504.46 0.67 0.0 
45013.51 0.42 0.0 
45344.79 0.33 0.0 
45312.27 0.55 0.0 
45500.32 0.58 0.0 
45500.32 0.50 0.0 
46233.59 0.32 0.0 
47235.51 0.32 0.0 
54105.61 0.63 0.0 
54364.04 0.41 0.0 
54628.41 0.51 0.0 
54654.11 0.40 0.0 
56301.00 0.51 0.0 
56301.01 0.39 0.0 
58477.23 0.40 0.0 
58944.87 0.58 0.0 
58944.91 0.63 0.0 
59709.31 0.33 0.0 
60856.04 0.56 0.0 
62217.33 0.59 0.0 
65857.76 0.78 0.0 
65857.76 0.52 0.0 
67559.92 0.55 0.0 
70366.16 0.31 0.0 
70366.15 0.51 0.0 
72664.37 0.32 0.0 
72676.19 0.36 0.0 
72785.41 0.52 0.0 
72803.25 0.30 0.0 
73545.59 0.43 0.0 
73877.89 0.57 0.0 
74154.75 0.32 0.0 
74517.87 0.44 0.0 
74699.27 0.38 0.0 
74699.23 0.44 0.0 
75529.35 0.65 0.0 
76019.75 0.32 0.0 
76019.76 0.58 0.0 
76947.75 0.34 0.0 
77420.47 0.37 0.0 
77512.51 0.38 0.0 
77897.73 0.45 0.0 
78015.71 0.59 0.0 
78182.63 0.53 0.0 
78313.73 0.36 0.0 
78313.71 0.37 0.0 
78595.55 0.52 0.0 
78435.47 0.37 0.0 
78595.57 0.51 0.0 
78747.19 0.33 0.0 
78730.80 0.42 0.0 
79008.41 0.42 0.0 
79008.45 0.58 0.0 
79022.24 0.78 0.0 
79026.48 0.63 0.0 
79022.27 0.62 0.0 
79026.48 0.70 0.0 
79373.35 0.69 0.0 
79533.75 0.54 0.0 
79799.95 0.35 0.0 
80130.43 0.35 0.0 
80289.26 0.33 0.0 
80441.93 0.38 0.0 
80628.12 0.64 0.0 
80628.13 0.65 0.0 
80596.01 0.52 0.0 
80620.43 0.36 0.0 
80596.01 0.53 0.0 
80908.93 0.74 0.0 
80718.85 0.66 0.0 
80705.61 0.58 0.0 
80718.83 0.46 0.0 
80900.37 0.34 0.0 
80908.95 0.65 0.0 
80929.55 0.32 0.0 
80846.57 0.74 0.0 
80846.57 0.74 0.0 
81046.75 0.51 0.0 
80929.55 0.38 0.0 
81226.73 0.52 0.0 
81046.67 0.34 0.0 
81226.67 0.45 0.0 
81205.65 0.51 0.0 
81205.67 0.43 0.0 
81384.83 0.40 0.0 
81495.77 0.35 0.0 
81587.14 0.54 0.0 
81635.45 0.39 0.0 
81587.14 0.65 0.0 
81875.15 0.37 0.0 
81999.49 0.73 0.0 
81797.17 0.36 0.0 
81935.39 0.41 0.0 
82134.41 0.31 0.0 
82456.68 0.55 0.0 
82475.03 0.30 0.0 
82456.70 0.48 0.0 
82475.04 0.46 0.0 
83289.52 0.37 0.0 
83289.51 0.33 0.0 
83631.99 0.34 0.0 
83876.57 0.44 0.0 
83687.33 0.41 0.0 
84075.80 0.67 0.0 
84072.51 0.34 0.0 
84061.52 0.40 0.0 
84075.83 0.32 0.0 
84244.87 0.67 0.0 
84816.29 0.33 0.0 
85057.79 0.36 0.0 
85279.57 0.63 0.0 
85710.88 0.76 0.0 
85749.33 0.30 0.0 
86096.80 0.51 0.0 
86086.17 0.40 0.0 
86268.31 0.41 0.0 
86249.91 0.31 0.0 
