163.55 0.90 0.0 
163.51 0.54 0.0 
29.17 0.57 0.0 
928.84 0.51 0.0 
1318.67 0.40 0.0 
3344.40 0.81 0.0 
3297.41 0.37 0.0 
3408.47 0.77 0.0 
3408.45 0.84 0.0 
3534.88 0.68 0.0 
3534.81 0.36 0.0 
3850.19 0.86 0.0 
3933.68 0.31 0.0 
3629.28 0.56 0.0 
5248.05 0.33 0.0 
4966.84 0.52 0.0 
12254.05 0.33 0.0 
13345.88 0.74 0.0 
13345.89 0.89 0.0 
13842.56 0.36 0.0 
13785.75 0.32 0.0 
14293.61 0.85 0.0 
15474.71 0.33 0.0 
16304.41 0.56 0.0 
16319.44 0.48 0.0 
20276.07 0.46 0.0 
21446.92 0.40 0.0 
22286.56 0.52 0.0 
22053.59 0.31 0.0 
22358.01 0.60 0.0 
22498.96 0.37 0.0 
23488.78 0.40 0.0 
22975.16 0.79 0.0 
23699.44 0.70 0.0 
24553.11 0.34 0.0 
24553.08 0.94 0.0 
24831.76 0.87 0.0 
24831.77 0.48 0.0 
25351.23 0.74 0.0 
25351.23 0.92 0.0 
25663.47 0.41 0.0 
25606.37 0.48 0.0 
25858.84 0.59 0.0 
26998.01 0.42 0.0 
28351.73 0.32 0.0 
28352.76 0.32 0.0 
32635.96 0.56 0.0 
33164.13 0.62 0.0 
33777.69 0.32 0.0 
33777.68 0.82 0.0 
36569.16 0.35 0.0 
36730.08 0.80 0.0 
41878.28 0.79 0.0 
42029.28 0.33 0.0 
43003.49 0.77 0.0 
43063.53 0.64 0.0 
43034.36 0.63 0.0 
43124.01 0.31 0.0 
43499.09 0.58 0.0 
44773.94 0.60 0.0 
44951.04 0.73 0.0 
45013.66 0.84 0.0 
44665.17 0.63 0.0 
47429.60 0.66 0.0 
48238.89 0.54 0.0 
48927.36 0.49 0.0 
49469.53 0.34 0.0 
51976.33 0.39 0.0 
54884.41 0.42 0.0 
54973.80 0.90 0.0 
54973.80 0.38 0.0 
56203.69 0.50 0.0 
56727.89 0.41 0.0 
56809.37 0.42 0.0 
56954.41 0.77 0.0 
56809.36 0.52 0.0 
60329.28 0.30 0.0 
60478.78 0.79 0.0 
60914.41 0.60 0.0 
63545.37 0.31 0.0 
63192.97 0.61 0.0 
63464.30 0.70 0.0 
63545.41 0.33 0.0 
63852.11 0.43 0.0 
63932.52 0.62 0.0 
64904.01 0.43 0.0 
64685.87 0.40 0.0 
65964.37 0.56 0.0 
65645.87 0.57 0.0 
65751.15 0.48 0.0 
65964.37 0.49 0.0 
65751.19 0.50 0.0 
65937.31 0.74 0.0 
65684.72 0.66 0.0 
65645.85 0.34 0.0 
65915.23 0.34 0.0 
66458.81 0.59 0.0 
66359.56 0.35 0.0 
66458.79 0.43 0.0 
66509.63 0.39 0.0 
67628.56 0.46 0.0 
68021.48 0.59 0.0 
68264.16 0.73 0.0 
68264.03 0.36 0.0 
71173.41 0.32 0.0 
72588.73 0.41 0.0 
74039.01 0.74 0.0 
73826.89 0.61 0.0 
75809.21 0.34 0.0 
76326.69 0.63 0.0 
76326.69 0.51 0.0 
77502.99 0.52 0.0 
77354.07 0.94 0.0 
78687.77 0.31 0.0 
81644.60 0.38 0.0 
81632.08 0.51 0.0 
85616.13 0.40 0.0 
85619.56 0.69 0.0 
85944.87 0.59 0.0 
