7126.21 0.56 0.0 
7126.20 0.60 0.0 
11822.46 0.88 0.0 
11822.47 0.68 0.0 
13232.56 0.47 0.0 
14731.86 0.83 0.0 
14971.19 0.48 0.0 
15210.89 0.68 0.0 
15275.54 0.50 0.0 
15275.65 0.57 0.0 
15388.24 0.46 0.0 
15510.57 0.73 0.0 
15594.74 0.86 0.0 
15607.79 0.31 0.0 
15594.71 0.32 0.0 
15622.33 0.51 0.0 
15629.29 0.44 0.0 
15665.79 0.32 0.0 
15718.69 0.33 0.0 
15622.27 0.43 0.0 
15629.21 0.36 0.0 
15779.87 0.52 0.0 
15779.87 0.61 0.0 
16172.69 0.59 0.0 
16172.66 0.87 0.0 
16410.41 0.33 0.0 
16493.47 0.38 0.0 
16493.40 0.38 0.0 
16775.19 0.33 0.0 
17927.76 0.71 0.0 
18078.83 0.32 0.0 
18090.53 0.47 0.0 
18090.51 0.75 0.0 
19227.36 0.50 0.0 
22396.23 0.33 0.0 
31501.32 0.55 0.0 
37459.71 0.31 0.0 
40397.99 0.48 0.0 
46203.57 0.43 0.0 
46203.59 0.38 0.0 
47087.07 0.32 0.0 
48360.91 0.35 0.0 
52053.37 0.52 0.0 
53101.39 0.67 0.0 
64500.57 0.58 0.0 
74787.07 0.44 0.0 
75736.29 0.42 0.0 
