1012.90 0.66 0.0 
1323.21 0.49 0.0 
3444.36 0.88 0.0 
3444.36 0.91 0.0 
5341.40 0.45 0.0 
6871.15 0.31 0.0 
13916.05 0.44 0.0 
14443.20 0.49 0.0 
15821.71 0.40 0.0 
17562.89 0.43 0.0 
18141.51 0.38 0.0 
20524.11 0.30 0.0 
22834.23 0.43 0.0 
22834.27 0.35 0.0 
23598.08 0.40 0.0 
26944.87 0.39 0.0 
28204.23 0.35 0.0 
28231.95 0.38 0.0 
29426.51 0.43 0.0 
29296.95 0.37 0.0 
29439.47 0.36 0.0 
32985.97 0.36 0.0 
33414.99 0.33 0.0 
34608.57 0.39 0.0 
34993.19 0.30 0.0 
35255.97 0.31 0.0 
35255.93 0.34 0.0 
36778.87 0.32 0.0 
36881.59 0.40 0.0 
37304.56 0.38 0.0 
38612.45 0.34 0.0 
39291.67 0.37 0.0 
40026.62 0.40 0.0 
40015.08 0.31 0.0 
40429.11 0.37 0.0 
41037.69 0.46 0.0 
42603.58 0.62 0.0 
42993.52 0.55 0.0 
45292.47 0.37 0.0 
45292.48 0.46 0.0 
45945.85 0.64 0.0 
46275.88 0.32 0.0 
46275.92 0.60 0.0 
47278.45 0.32 0.0 
47331.01 0.31 0.0 
49680.87 0.47 0.0 
49954.43 0.37 0.0 
50519.75 0.82 0.0 
54810.79 0.30 0.0 
56819.79 0.31 0.0 
59266.63 0.35 0.0 
61255.43 0.31 0.0 
61833.40 0.34 0.0 
63585.44 0.71 0.0 
63613.09 0.36 0.0 
64531.42 0.33 0.0 
64967.04 0.43 0.0 
65207.11 0.33 0.0 
68051.39 0.40 0.0 
68999.11 0.44 0.0 
69421.09 0.49 0.0 
74222.14 0.73 0.0 
74222.10 0.32 0.0 
75138.27 0.69 0.0 
75792.21 0.44 0.0 
81498.27 0.30 0.0 
83316.73 0.56 0.0 
84559.21 0.51 0.0 
84559.20 0.46 0.0 
85579.81 0.33 0.0 
