4512.11 0.52 0.0 
11050.28 0.75 0.0 
13664.25 0.39 0.0 
20322.48 0.51 0.0 
31826.72 0.35 0.0 
33495.16 0.68 0.0 
33928.72 0.63 0.0 
35277.12 0.53 0.0 
35397.81 0.54 0.0 
36134.57 0.72 0.0 
36268.69 0.61 0.0 
36523.67 0.60 0.0 
37119.71 0.42 0.0 
37332.48 0.93 0.0 
37436.36 0.55 0.0 
37994.45 0.33 0.0 
38130.68 0.59 0.0 
38684.08 0.72 0.0 
38881.96 0.37 0.0 
38864.17 0.49 0.0 
39546.25 0.30 0.0 
39553.71 0.91 0.0 
41366.76 0.30 0.0 
41677.85 0.36 0.0 
41821.81 0.58 0.0 
42238.60 0.48 0.0 
42614.51 0.44 0.0 
42947.32 0.34 0.0 
42947.32 0.41 0.0 
42972.40 0.74 0.0 
43347.43 0.42 0.0 
43289.17 0.52 0.0 
43829.26 0.41 0.0 
44061.73 0.55 0.0 
44061.76 0.61 0.0 
44504.45 0.38 0.0 
45012.36 0.40 0.0 
45119.29 0.30 0.0 
45497.33 0.61 0.0 
45497.32 0.42 0.0 
46512.61 0.41 0.0 
47021.15 0.35 0.0 
47322.97 0.92 0.0 
47366.85 0.46 0.0 
47579.15 0.48 0.0 
48438.26 0.43 0.0 
49049.15 0.32 0.0 
49978.52 0.34 0.0 
50083.23 0.36 0.0 
50232.08 0.37 0.0 
51914.44 0.43 0.0 
52079.53 0.37 0.0 
52364.45 0.34 0.0 
52303.88 0.34 0.0 
54103.07 0.35 0.0 
54389.19 0.32 0.0 
54912.01 0.81 0.0 
55664.44 0.44 0.0 
58474.39 0.53 0.0 
58941.51 0.78 0.0 
58941.54 0.31 0.0 
61289.41 0.50 0.0 
62213.96 0.43 0.0 
62213.96 0.33 0.0 
62834.04 0.41 0.0 
65857.13 0.55 0.0 
65857.09 0.46 0.0 
66959.33 0.77 0.0 
67317.84 0.71 0.0 
67589.28 0.73 0.0 
70499.12 0.63 0.0 
71292.72 0.44 0.0 
72148.87 0.48 0.0 
72086.91 0.47 0.0 
73435.28 0.83 0.0 
73451.41 0.33 0.0 
73602.22 0.84 0.0 
74144.28 0.55 0.0 
74473.71 0.42 0.0 
74699.24 0.54 0.0 
74623.11 0.50 0.0 
75013.97 0.35 0.0 
75508.25 0.30 0.0 
75778.07 0.56 0.0 
75868.73 0.50 0.0 
76378.89 0.33 0.0 
76947.75 0.32 0.0 
76934.36 0.68 0.0 
77518.89 0.36 0.0 
77938.61 0.45 0.0 
78284.16 0.56 0.0 
78104.28 0.41 0.0 
78085.20 0.85 0.0 
78599.15 0.36 0.0 
79088.41 0.45 0.0 
79005.12 0.44 0.0 
79020.23 0.59 0.0 
79587.16 0.77 0.0 
79542.91 0.60 0.0 
79791.42 0.76 0.0 
79645.24 0.44 0.0 
79645.26 0.96 0.0 
79791.44 0.36 0.0 
79919.59 0.32 0.0 
79889.17 0.47 0.0 
80009.28 0.66 0.0 
80320.53 0.33 0.0 
80127.84 0.65 0.0 
80136.33 0.64 0.0 
80127.88 0.74 0.0 
80620.40 0.64 0.0 
80636.15 0.37 0.0 
80578.51 0.34 0.0 
80583.24 0.32 0.0 
80583.25 0.76 0.0 
80592.24 0.42 0.0 
80816.68 0.83 0.0 
80877.39 0.86 0.0 
80905.16 0.40 0.0 
80917.36 0.31 0.0 
80717.29 0.38 0.0 
80717.32 0.42 0.0 
80895.27 0.47 0.0 
80907.99 0.59 0.0 
80925.98 0.36 0.0 
80844.03 0.61 0.0 
80844.05 0.68 0.0 
81134.00 0.65 0.0 
81089.28 0.63 0.0 
81205.58 0.31 0.0 
81209.51 0.56 0.0 
81342.98 0.59 0.0 
81585.35 0.31 0.0 
81758.73 0.40 0.0 
81858.84 0.31 0.0 
81932.48 0.71 0.0 
81998.84 0.77 0.0 
82123.13 0.47 0.0 
81932.49 0.41 0.0 
82082.53 0.31 0.0 
82138.37 0.69 0.0 
82472.77 0.36 0.0 
82494.63 0.35 0.0 
82603.72 0.39 0.0 
82947.55 0.34 0.0 
83338.64 0.58 0.0 
83876.49 0.50 0.0 
84001.03 0.38 0.0 
84133.23 0.54 0.0 
84071.24 0.37 0.0 
84243.73 0.32 0.0 
84253.85 0.58 0.0 
84403.80 0.64 0.0 
84524.51 0.55 0.0 
84442.45 0.45 0.0 
84772.45 0.48 0.0 
85199.31 0.33 0.0 
85244.01 0.56 0.0 
85453.48 0.41 0.0 
85511.13 0.46 0.0 
85668.88 0.69 0.0 
86037.33 0.32 0.0 
86264.33 0.30 0.0 
86248.27 0.38 0.0 
