1420.91 0.46 0.0 
2178.52 0.83 0.0 
3794.75 0.70 0.0 
3794.80 0.78 0.0 
3807.29 0.54 0.0 
5028.99 0.37 0.0 
5387.49 0.49 0.0 
5719.89 0.71 0.0 
9416.35 0.45 0.0 
9416.37 0.30 0.0 
9707.65 0.44 0.0 
9707.53 0.50 0.0 
9739.20 0.64 0.0 
9739.18 0.78 0.0 
10156.89 0.68 0.0 
10167.55 0.31 0.0 
11069.59 0.59 0.0 
10933.35 0.40 0.0 
10156.88 0.81 0.0 
11069.58 0.36 0.0 
12594.35 0.39 0.0 
13081.43 0.34 0.0 
13096.69 0.48 0.0 
12903.61 0.75 0.0 
13081.21 0.37 0.0 
13373.91 0.40 0.0 
14389.20 0.77 0.0 
13925.40 0.71 0.0 
14375.40 0.79 0.0 
14389.20 0.69 0.0 
14574.75 0.35 0.0 
14574.79 0.33 0.0 
14589.79 0.50 0.0 
14916.09 0.44 0.0 
15287.11 0.31 0.0 
14375.40 0.76 0.0 
15716.81 0.58 0.0 
15905.83 0.39 0.0 
16721.41 0.31 0.0 
18595.33 0.59 0.0 
18595.35 0.36 0.0 
19256.13 0.66 0.0 
22095.89 0.45 0.0 
25817.60 0.84 0.0 
25817.59 0.46 0.0 
26295.91 0.49 0.0 
29239.43 0.31 0.0 
29239.49 0.41 0.0 
36105.49 0.48 0.0 
36118.99 0.32 0.0 
36118.99 0.44 0.0 
36226.59 0.51 0.0 
36942.57 0.67 0.0 
36081.33 0.62 0.0 
36942.56 0.67 0.0 
39953.75 0.45 0.0 
40331.72 0.75 0.0 
47297.57 0.32 0.0 
48871.05 0.35 0.0 
50747.33 0.60 0.0 
53611.55 0.38 0.0 
54297.60 0.83 0.0 
54297.60 0.88 0.0 
54627.89 0.70 0.0 
54627.88 0.30 0.0 
56532.52 0.67 0.0 
56779.20 0.82 0.0 
56532.50 0.77 0.0 
57558.97 0.73 0.0 
58022.49 0.52 0.0 
57558.96 0.77 0.0 
62199.55 0.39 0.0 
62787.76 0.78 0.0 
63977.94 0.60 0.0 
78814.58 0.74 0.0 
78814.59 0.57 0.0 
80977.62 0.82 0.0 
84655.04 0.79 0.0 
84655.05 0.57 0.0 
83958.51 0.60 0.0 
85717.39 0.31 0.0 
85717.38 0.77 0.0 
86106.47 0.60 0.0 
86315.20 0.78 0.0 
