1420.91 0.69 0.0 
3793.04 0.93 0.0 
3793.04 0.92 0.0 
5351.60 0.69 0.0 
6629.29 0.65 0.0 
6629.28 0.48 0.0 
6461.41 0.42 0.0 
8361.17 0.34 0.0 
9611.28 0.61 0.0 
9733.18 0.95 0.0 
9701.48 0.74 0.0 
9733.16 0.92 0.0 
10165.72 0.87 0.0 
10286.61 0.66 0.0 
10349.24 0.39 0.0 
10933.25 0.48 0.0 
9701.47 0.95 0.0 
11212.16 0.58 0.0 
10165.72 0.57 0.0 
10182.09 0.32 0.0 
11058.37 0.43 0.0 
11069.54 0.37 0.0 
12759.96 0.95 0.0 
12759.95 0.92 0.0 
13080.33 0.38 0.0 
14386.93 0.39 0.0 
14216.87 0.51 0.0 
14373.88 0.59 0.0 
14374.57 0.58 0.0 
14386.89 0.56 0.0 
14615.05 0.46 0.0 
14373.89 0.34 0.0 
14374.59 0.73 0.0 
15900.95 0.91 0.0 
15900.95 0.95 0.0 
20320.17 0.30 0.0 
19904.43 0.56 0.0 
21493.24 0.78 0.0 
23489.00 0.32 0.0 
26065.68 0.35 0.0 
27867.51 0.51 0.0 
27222.19 0.59 0.0 
28797.99 0.41 0.0 
29236.30 0.42 0.0 
30939.85 0.52 0.0 
32998.26 0.70 0.0 
36104.43 0.34 0.0 
36212.57 0.31 0.0 
36081.31 0.76 0.0 
40331.71 0.58 0.0 
40738.73 0.44 0.0 
44002.75 0.32 0.0 
44626.43 0.40 0.0 
47399.03 0.41 0.0 
49543.55 0.63 0.0 
50953.35 0.33 0.0 
51747.08 0.33 0.0 
52539.49 0.63 0.0 
53336.96 0.86 0.0 
52539.43 0.81 0.0 
54297.05 0.82 0.0 
54311.89 0.55 0.0 
54297.04 0.89 0.0 
54312.03 0.45 0.0 
54883.79 0.39 0.0 
54627.75 0.45 0.0 
55508.83 0.62 0.0 
56526.68 0.40 0.0 
58947.83 0.77 0.0 
62787.75 0.58 0.0 
78809.07 0.45 0.0 
80977.60 0.69 0.0 
84652.45 0.32 0.0 
84954.21 0.49 0.0 
86315.25 0.64 0.0 
