3779.76 0.95 0.0 
3779.75 0.84 0.0 
7326.33 0.34 0.0 
7326.29 0.31 0.0 
7160.27 0.62 0.0 
7963.21 0.46 0.0 
10049.23 0.36 0.0 
11653.38 0.97 0.0 
11653.38 0.96 0.0 
12410.07 0.97 0.0 
12398.31 0.57 0.0 
12410.08 0.98 0.0 
12769.89 0.74 0.0 
12659.37 0.40 0.0 
12769.90 0.76 0.0 
12599.28 0.40 0.0 
13066.17 0.66 0.0 
12782.51 0.45 0.0 
13066.16 0.76 0.0 
13198.93 0.45 0.0 
12398.28 0.86 0.0 
14360.34 0.90 0.0 
14360.36 0.81 0.0 
15337.16 0.45 0.0 
15348.96 0.74 0.0 
15509.47 0.37 0.0 
15195.85 0.57 0.0 
15569.28 0.59 0.0 
17353.80 0.49 0.0 
16948.00 0.44 0.0 
19808.60 0.76 0.0 
19808.64 0.70 0.0 
22904.29 0.49 0.0 
26952.83 0.75 0.0 
27313.44 0.31 0.0 
27058.09 0.30 0.0 
26879.31 0.31 0.0 
29224.16 0.32 0.0 
28722.25 0.31 0.0 
30089.49 0.39 0.0 
32528.73 0.52 0.0 
32500.70 0.88 0.0 
31364.49 0.67 0.0 
32500.70 0.92 0.0 
32994.35 0.51 0.0 
33012.69 0.61 0.0 
32994.36 0.50 0.0 
34270.76 0.39 0.0 
34279.69 0.44 0.0 
34467.79 0.44 0.0 
36102.39 0.44 0.0 
36917.37 0.31 0.0 
36917.41 0.53 0.0 
38069.24 0.62 0.0 
38755.35 0.46 0.0 
41709.49 0.32 0.0 
43330.14 0.33 0.0 
41922.93 0.36 0.0 
43109.56 0.68 0.0 
45041.31 0.36 0.0 
46739.24 0.31 0.0 
45884.07 0.53 0.0 
47549.57 0.46 0.0 
54313.05 0.64 0.0 
54297.39 0.33 0.0 
53966.89 0.38 0.0 
57127.57 0.74 0.0 
57127.47 0.31 0.0 
57703.07 0.49 0.0 
59049.69 0.60 0.0 
61933.97 0.41 0.0 
60524.48 0.32 0.0 
63702.24 0.39 0.0 
63506.19 0.52 0.0 
67854.51 0.42 0.0 
69329.51 0.46 0.0 
70564.04 0.34 0.0 
73078.52 0.51 0.0 
80394.89 0.58 0.0 
83949.57 0.36 0.0 
85424.51 0.33 0.0 
86112.05 0.32 0.0 
86112.77 0.35 0.0 
