2889.17 0.39 0.0 
3781.88 0.79 0.0 
3781.85 0.68 0.0 
7213.73 0.54 0.0 
7172.31 0.38 0.0 
7339.10 0.55 0.0 
10071.47 0.43 0.0 
11072.88 0.64 0.0 
11671.45 0.79 0.0 
11656.07 0.33 0.0 
12410.37 0.77 0.0 
12348.23 0.43 0.0 
12402.27 0.41 0.0 
12410.37 0.80 0.0 
12359.31 0.49 0.0 
12784.97 0.53 0.0 
12402.26 0.63 0.0 
14364.73 0.85 0.0 
15184.45 0.70 0.0 
14364.73 0.78 0.0 
15350.58 0.85 0.0 
15338.88 0.36 0.0 
15350.60 0.72 0.0 
15184.41 0.76 0.0 
19809.64 0.63 0.0 
19809.60 0.62 0.0 
19823.76 0.78 0.0 
19823.78 0.78 0.0 
20607.39 0.36 0.0 
29218.45 0.43 0.0 
29218.45 0.35 0.0 
30089.43 0.35 0.0 
32515.55 0.45 0.0 
32502.26 0.87 0.0 
32502.26 0.88 0.0 
32515.53 0.71 0.0 
34200.93 0.75 0.0 
34200.92 0.80 0.0 
36225.89 0.33 0.0 
41400.75 0.30 0.0 
54703.30 0.48 0.0 
54314.05 0.59 0.0 
55170.91 0.41 0.0 
56266.77 0.45 0.0 
59051.18 0.45 0.0 
67514.75 0.32 0.0 
