5803.96 0.86 0.0 
5803.96 0.92 0.0 
9710.70 0.56 0.0 
9723.41 0.38 0.0 
9742.35 0.49 0.0 
9754.85 0.74 0.0 
9754.84 0.74 0.0 
9723.30 0.68 0.0 
9742.34 0.59 0.0 
10930.69 0.46 0.0 
12114.37 0.39 0.0 
12768.41 0.50 0.0 
12780.90 0.41 0.0 
12780.73 0.32 0.0 
12768.37 0.66 0.0 
13496.31 0.96 0.0 
12089.51 0.36 0.0 
13527.77 0.51 0.0 
13496.32 0.96 0.0 
15931.95 0.52 0.0 
15365.05 0.38 0.0 
18597.71 0.58 0.0 
18597.71 0.43 0.0 
24118.83 0.46 0.0 
26092.08 0.81 0.0 
26092.08 0.43 0.0 
27067.85 0.58 0.0 
27067.85 0.65 0.0 
29570.41 0.82 0.0 
29570.41 0.82 0.0 
32988.45 0.32 0.0 
39529.19 0.32 0.0 
47656.85 0.39 0.0 
52847.92 0.96 0.0 
52847.92 0.96 0.0 
54280.60 0.94 0.0 
54280.60 0.95 0.0 
54866.72 0.94 0.0 
54866.74 0.93 0.0 
56830.64 0.36 0.0 
56830.67 0.47 0.0 
57085.29 0.56 0.0 
76289.44 0.96 0.0 
76289.44 0.96 0.0 
