1390.40 0.45 0.0 
4393.25 0.47 0.0 
7518.36 0.33 0.0 
7374.41 0.74 0.0 
9117.25 0.64 0.0 
10274.39 0.63 0.0 
10079.03 0.65 0.0 
10232.31 0.53 0.0 
11045.64 0.71 0.0 
11427.52 0.57 0.0 
11486.79 0.42 0.0 
11486.77 0.36 0.0 
11045.64 0.82 0.0 
13080.51 0.34 0.0 
12892.68 0.41 0.0 
13347.20 0.52 0.0 
12892.67 0.36 0.0 
13882.64 0.54 0.0 
14373.32 0.38 0.0 
14442.80 0.79 0.0 
13882.69 0.44 0.0 
14562.74 0.96 0.0 
14373.37 0.50 0.0 
14385.41 0.64 0.0 
14399.44 0.32 0.0 
14562.74 0.96 0.0 
15676.76 0.49 0.0 
15701.68 0.67 0.0 
15701.68 0.41 0.0 
15676.77 0.50 0.0 
18594.95 0.48 0.0 
19274.51 0.60 0.0 
19796.27 0.98 0.0 
19796.28 0.92 0.0 
24521.61 0.61 0.0 
31106.63 0.56 0.0 
36095.93 0.94 0.0 
36201.82 0.97 0.0 
36095.92 0.49 0.0 
36201.84 0.97 0.0 
36936.01 0.48 0.0 
36490.23 0.33 0.0 
40994.44 0.69 0.0 
41998.48 0.31 0.0 
42854.11 0.38 0.0 
46363.69 0.46 0.0 
50973.09 0.87 0.0 
54149.16 0.32 0.0 
54326.64 0.39 0.0 
65398.60 0.33 0.0 
73316.81 0.40 0.0 
