4364.20 0.53 0.0 
3818.55 0.32 0.0 
5801.00 0.95 0.0 
5801.00 0.96 0.0 
6889.15 0.38 0.0 
6889.17 0.51 0.0 
8261.92 0.52 0.0 
9742.27 0.35 0.0 
9740.35 0.56 0.0 
12087.59 0.56 0.0 
12766.52 0.77 0.0 
12777.20 0.81 0.0 
12766.53 0.92 0.0 
12777.19 0.62 0.0 
13495.66 0.98 0.0 
13521.47 0.63 0.0 
13495.66 0.98 0.0 
13469.44 0.60 0.0 
13521.45 0.56 0.0 
26088.91 0.41 0.0 
26078.96 0.32 0.0 
26353.20 0.69 0.0 
27066.06 0.97 0.0 
27066.06 0.97 0.0 
29566.64 0.96 0.0 
29924.36 0.47 0.0 
29566.64 0.95 0.0 
30793.79 0.34 0.0 
31963.11 0.93 0.0 
31963.15 0.38 0.0 
32980.72 0.62 0.0 
32980.75 0.80 0.0 
40764.68 0.64 0.0 
52846.74 0.98 0.0 
52846.74 0.98 0.0 
54278.08 0.97 0.0 
54278.08 0.98 0.0 
54864.24 0.95 0.0 
54864.24 0.95 0.0 
56829.60 0.86 0.0 
56829.62 0.89 0.0 
60958.48 0.35 0.0 
64555.16 0.35 0.0 
66267.15 0.39 0.0 
76288.24 0.98 0.0 
76288.24 0.98 0.0 
81113.43 0.39 0.0 
85075.17 0.31 0.0 
84222.63 0.38 0.0 
