3813.97 0.39 0.0 
3813.93 0.42 0.0 
7231.51 0.35 0.0 
9747.08 0.41 0.0 
9715.39 0.35 0.0 
10922.55 0.32 0.0 
11262.27 0.45 0.0 
11282.08 0.62 0.0 
11282.05 0.42 0.0 
13096.20 0.55 0.0 
13081.36 0.31 0.0 
13096.17 0.35 0.0 
12894.03 0.40 0.0 
12893.99 0.32 0.0 
13883.36 0.66 0.0 
13897.65 0.51 0.0 
13897.66 0.51 0.0 
14374.88 0.65 0.0 
13883.37 0.48 0.0 
14564.03 0.45 0.0 
14374.88 0.60 0.0 
14389.02 0.52 0.0 
14564.13 0.75 0.0 
15678.91 0.56 0.0 
15689.19 0.63 0.0 
14389.00 0.54 0.0 
15703.87 0.30 0.0 
15678.97 0.51 0.0 
15689.19 0.41 0.0 
18613.69 0.36 0.0 
18683.41 0.42 0.0 
18662.81 0.53 0.0 
19773.53 0.72 0.0 
18613.63 0.32 0.0 
19801.07 0.35 0.0 
21541.83 0.54 0.0 
24047.57 0.51 0.0 
24062.51 0.41 0.0 
29240.19 0.61 0.0 
29228.07 0.44 0.0 
29228.07 0.34 0.0 
29240.24 0.49 0.0 
29916.48 0.39 0.0 
29916.46 0.79 0.0 
32822.75 0.33 0.0 
35531.13 0.58 0.0 
36102.63 0.38 0.0 
36206.42 0.90 0.0 
36206.42 0.88 0.0 
36939.52 0.68 0.0 
35531.12 0.58 0.0 
36939.48 0.63 0.0 
36926.67 0.40 0.0 
36107.62 0.61 0.0 
47884.89 0.36 0.0 
50976.47 0.34 0.0 
50976.49 0.71 0.0 
54332.53 0.45 0.0 
54332.55 0.46 0.0 
54309.39 0.39 0.0 
