2452.76 0.84 0.0 
2452.77 0.37 0.0 
4699.00 0.31 0.0 
6044.17 0.40 0.0 
6656.99 0.39 0.0 
7769.51 0.65 0.0 
7812.88 0.52 0.0 
7152.49 0.38 0.0 
8165.60 0.41 0.0 
8900.99 0.62 0.0 
8158.92 0.44 0.0 
8641.32 0.30 0.0 
8900.96 0.53 0.0 
13210.97 0.35 0.0 
14260.47 0.85 0.0 
14344.63 0.44 0.0 
14260.47 0.73 0.0 
15735.50 0.75 0.0 
14233.36 0.34 0.0 
14344.71 0.82 0.0 
17877.12 0.63 0.0 
17353.33 0.34 0.0 
19287.04 0.34 0.0 
18838.57 0.47 0.0 
18957.92 0.76 0.0 
19673.27 0.84 0.0 
20186.51 0.51 0.0 
21176.92 0.48 0.0 
20907.91 0.54 0.0 
22941.88 0.32 0.0 
23460.82 0.49 0.0 
23678.89 0.43 0.0 
24494.51 0.77 0.0 
25289.01 0.82 0.0 
25311.72 0.83 0.0 
25257.50 0.67 0.0 
25573.28 0.36 0.0 
25311.72 0.92 0.0 
25558.09 0.34 0.0 
25153.79 0.74 0.0 
26523.01 0.38 0.0 
27103.96 0.48 0.0 
27456.96 0.82 0.0 
27539.36 0.63 0.0 
27771.67 0.91 0.0 
27480.97 0.53 0.0 
27456.95 0.52 0.0 
27432.95 0.60 0.0 
27771.68 0.58 0.0 
28654.28 0.32 0.0 
29068.21 0.34 0.0 
31339.67 0.54 0.0 
31428.57 0.47 0.0 
31339.68 0.39 0.0 
31441.91 0.38 0.0 
32962.23 0.31 0.0 
32962.20 0.42 0.0 
33201.57 0.37 0.0 
33201.53 0.33 0.0 
33424.96 0.40 0.0 
34091.56 0.32 0.0 
38293.53 0.36 0.0 
41639.35 0.53 0.0 
51524.37 0.33 0.0 
58627.36 0.35 0.0 
58719.51 0.43 0.0 
58779.95 0.46 0.0 
58840.48 0.70 0.0 
59005.49 0.36 0.0 
58995.80 0.68 0.0 
59227.52 0.56 0.0 
59312.99 0.84 0.0 
58555.71 0.37 0.0 
59368.51 0.62 0.0 
59379.71 0.52 0.0 
57899.96 0.55 0.0 
59269.23 0.32 0.0 
58779.96 0.42 0.0 
59308.71 0.72 0.0 
59816.47 0.37 0.0 
58627.40 0.56 0.0 
59208.99 0.40 0.0 
59227.52 0.60 0.0 
60954.89 0.38 0.0 
67620.94 0.71 0.0 
67321.37 0.88 0.0 
68099.07 0.42 0.0 
68575.31 0.38 0.0 
70219.00 0.41 0.0 
74547.68 0.54 0.0 
75583.62 0.34 0.0 
74999.21 0.53 0.0 
76209.41 0.46 0.0 
76214.10 0.78 0.0 
76888.80 0.89 0.0 
77232.08 0.30 0.0 
78355.21 0.35 0.0 
81569.01 0.56 0.0 
81763.30 0.69 0.0 
81582.69 0.55 0.0 
82470.80 0.36 0.0 
82468.12 0.37 0.0 
84224.14 0.77 0.0 
84434.16 0.57 0.0 
