1143.33 0.34 0.0 
2565.01 0.64 0.0 
4385.13 0.34 0.0 
9118.33 0.42 0.0 
9525.85 0.43 0.0 
15738.21 0.37 0.0 
16457.31 0.40 0.0 
17312.27 0.32 0.0 
19472.12 0.64 0.0 
19577.15 0.32 0.0 
23490.49 0.63 0.0 
24630.51 0.49 0.0 
25983.95 0.32 0.0 
26810.67 0.42 0.0 
27879.94 0.41 0.0 
38389.25 0.35 0.0 
47373.43 0.59 0.0 
50633.29 0.31 0.0 
52445.33 0.32 0.0 
53551.68 0.37 0.0 
53973.40 0.35 0.0 
55300.31 0.31 0.0 
56957.05 0.32 0.0 
58200.39 0.31 0.0 
58452.65 0.31 0.0 
58560.63 0.35 0.0 
58637.15 0.47 0.0 
59626.67 0.56 0.0 
60070.67 0.46 0.0 
60721.09 0.38 0.0 
62236.57 0.31 0.0 
63960.47 0.35 0.0 
64579.16 0.33 0.0 
65312.85 0.43 0.0 
65646.96 0.53 0.0 
66139.20 0.32 0.0 
68907.79 0.40 0.0 
68907.77 0.50 0.0 
71327.44 0.37 0.0 
72600.84 0.46 0.0 
73419.39 0.31 0.0 
73035.87 0.46 0.0 
73720.55 0.30 0.0 
74830.60 0.56 0.0 
75540.88 0.41 0.0 
76186.04 0.38 0.0 
76456.99 0.32 0.0 
76685.85 0.46 0.0 
77626.24 0.40 0.0 
77645.39 0.42 0.0 
77324.44 0.63 0.0 
77370.58 0.94 0.0 
77324.42 0.60 0.0 
77449.25 0.36 0.0 
77370.58 0.93 0.0 
78255.65 0.40 0.0 
78570.39 0.46 0.0 
79249.13 0.49 0.0 
79339.14 0.70 0.0 
82247.28 0.50 0.0 
83346.69 0.33 0.0 
85832.57 0.78 0.0 
