2368.69 0.83 0.0 
2320.67 0.46 0.0 
2276.80 0.36 0.0 
2804.25 0.55 0.0 
3254.40 0.55 0.0 
3823.84 0.44 0.0 
3497.40 0.33 0.0 
3539.15 0.55 0.0 
4060.99 0.50 0.0 
3658.71 0.62 0.0 
3599.08 0.77 0.0 
3716.75 0.73 0.0 
4164.71 0.70 0.0 
4303.51 0.41 0.0 
3837.12 0.68 0.0 
4529.38 0.90 0.0 
4319.51 0.58 0.0 
3789.64 0.53 0.0 
4949.16 0.32 0.0 
5579.40 0.76 0.0 
5519.48 0.68 0.0 
5474.36 0.51 0.0 
6633.32 0.60 0.0 
7064.44 0.30 0.0 
6598.20 0.34 0.0 
7094.09 0.35 0.0 
7453.85 0.56 0.0 
7199.33 0.59 0.0 
7274.57 0.36 0.0 
7608.06 0.54 0.0 
7632.04 0.60 0.0 
9062.56 0.35 0.0 
10420.91 0.44 0.0 
10123.47 0.83 0.0 
11158.69 0.52 0.0 
11907.64 0.38 0.0 
11710.48 0.77 0.0 
12765.01 0.58 0.0 
13649.37 0.34 0.0 
13888.55 0.34 0.0 
13753.92 0.39 0.0 
15028.64 0.65 0.0 
14997.13 0.46 0.0 
15119.48 0.51 0.0 
16604.51 0.40 0.0 
16720.93 0.51 0.0 
16720.93 0.55 0.0 
17333.03 0.85 0.0 
17333.00 0.46 0.0 
18417.27 0.42 0.0 
20958.27 0.32 0.0 
20817.60 0.69 0.0 
20878.52 0.47 0.0 
21854.23 0.79 0.0 
26793.49 0.33 0.0 
31093.61 0.48 0.0 
32203.47 0.48 0.0 
33943.32 0.57 0.0 
33764.33 0.66 0.0 
34483.41 0.56 0.0 
36224.18 0.93 0.0 
36116.92 0.42 0.0 
39750.93 0.73 0.0 
40256.88 0.86 0.0 
39647.28 0.32 0.0 
40678.90 0.94 0.0 
41502.56 0.39 0.0 
40256.88 0.51 0.0 
41596.88 0.68 0.0 
41669.28 0.91 0.0 
42884.50 0.97 0.0 
43000.91 0.68 0.0 
45582.07 0.43 0.0 
45194.51 0.31 0.0 
46484.17 0.50 0.0 
46703.55 0.31 0.0 
47339.51 0.62 0.0 
48017.60 0.33 0.0 
48388.96 0.46 0.0 
50343.40 0.87 0.0 
50490.65 0.87 0.0 
50402.17 0.75 0.0 
50303.29 0.77 0.0 
50311.32 0.72 0.0 
50303.31 0.88 0.0 
50440.04 0.78 0.0 
50402.15 0.61 0.0 
50440.05 0.62 0.0 
50490.64 0.53 0.0 
52211.21 0.35 0.0 
52656.24 0.63 0.0 
52512.81 0.78 0.0 
53968.68 0.76 0.0 
53968.67 0.95 0.0 
54022.84 0.38 0.0 
54022.87 0.59 0.0 
54318.49 0.57 0.0 
53987.57 0.56 0.0 
54509.41 0.42 0.0 
56458.23 0.78 0.0 
57299.48 0.79 0.0 
56471.69 0.88 0.0 
57523.80 0.30 0.0 
57479.40 0.95 0.0 
58304.36 0.77 0.0 
57998.71 0.49 0.0 
58664.44 0.56 0.0 
58483.80 0.69 0.0 
57913.55 0.40 0.0 
59413.85 0.61 0.0 
60269.57 0.72 0.0 
60944.25 0.55 0.0 
62108.25 0.31 0.0 
62487.76 0.56 0.0 
62132.85 0.39 0.0 
64484.16 0.58 0.0 
64640.05 0.42 0.0 
65028.52 0.51 0.0 
65084.00 0.92 0.0 
67426.86 0.66 0.0 
67948.89 0.33 0.0 
73228.53 0.60 0.0 
74099.57 0.31 0.0 
76453.69 0.32 0.0 
82092.21 0.89 0.0 
82514.44 0.46 0.0 
83923.77 0.38 0.0 
84211.65 0.51 0.0 
85302.29 0.72 0.0 
85243.51 0.88 0.0 
85302.25 0.50 0.0 
85150.21 0.55 0.0 
