2483.36 0.39 0.0 
2519.15 0.83 0.0 
2839.74 0.38 0.0 
3668.40 0.43 0.0 
3802.13 0.72 0.0 
3802.07 0.52 0.0 
3933.84 0.53 0.0 
3399.69 0.34 0.0 
3933.84 0.72 0.0 
4201.94 0.60 0.0 
4751.13 0.31 0.0 
4466.73 0.85 0.0 
4438.11 0.68 0.0 
4990.83 0.92 0.0 
4781.45 0.39 0.0 
4668.39 0.57 0.0 
4990.84 0.74 0.0 
5133.13 0.70 0.0 
4466.73 0.49 0.0 
5133.12 0.64 0.0 
5524.72 0.75 0.0 
5524.73 0.64 0.0 
6032.25 0.46 0.0 
5891.44 0.55 0.0 
6509.40 0.86 0.0 
6629.35 0.81 0.0 
6032.31 0.43 0.0 
7000.31 0.49 0.0 
7485.60 0.46 0.0 
7401.83 0.32 0.0 
7347.88 0.33 0.0 
7000.32 0.81 0.0 
8332.64 0.57 0.0 
7476.03 0.51 0.0 
9180.22 0.80 0.0 
9180.22 0.90 0.0 
10031.11 0.76 0.0 
9597.43 0.58 0.0 
9914.83 0.66 0.0 
10031.12 0.67 0.0 
10163.59 0.45 0.0 
9735.91 0.51 0.0 
10459.45 0.44 0.0 
10589.44 0.53 0.0 
11077.27 0.62 0.0 
11340.68 0.36 0.0 
10943.95 0.50 0.0 
10906.87 0.92 0.0 
10906.88 0.68 0.0 
10459.44 0.59 0.0 
11247.47 0.32 0.0 
10587.05 0.31 0.0 
10594.50 0.32 0.0 
11340.69 0.51 0.0 
11250.16 0.30 0.0 
11796.27 0.49 0.0 
10944.00 0.38 0.0 
11077.27 0.78 0.0 
11955.16 0.36 0.0 
12096.87 0.58 0.0 
12108.73 0.30 0.0 
12096.85 0.45 0.0 
12342.09 0.51 0.0 
12236.04 0.40 0.0 
11796.31 0.61 0.0 
12762.79 0.94 0.0 
13089.60 0.67 0.0 
13089.59 0.86 0.0 
12641.99 0.88 0.0 
12762.79 0.93 0.0 
13874.65 0.31 0.0 
13460.51 0.59 0.0 
13874.69 0.60 0.0 
13676.71 0.39 0.0 
13898.77 0.51 0.0 
13898.75 0.40 0.0 
13588.48 0.32 0.0 
14367.17 0.66 0.0 
14382.77 0.65 0.0 
14729.07 0.70 0.0 
14863.12 0.44 0.0 
14973.64 0.33 0.0 
15062.07 0.41 0.0 
14973.68 0.48 0.0 
15646.40 0.55 0.0 
15646.39 0.89 0.0 
15156.17 0.40 0.0 
15163.64 0.54 0.0 
15924.29 0.64 0.0 
16389.20 0.38 0.0 
15813.31 0.33 0.0 
16172.37 0.33 0.0 
15517.45 0.32 0.0 
16407.75 0.63 0.0 
16172.39 0.59 0.0 
16407.76 0.54 0.0 
16413.88 0.44 0.0 
16755.76 0.55 0.0 
17161.52 0.53 0.0 
17554.69 0.34 0.0 
16722.76 0.40 0.0 
17831.55 0.58 0.0 
17419.79 0.48 0.0 
17744.13 0.46 0.0 
18166.07 0.32 0.0 
17554.64 0.41 0.0 
18768.00 0.66 0.0 
18235.92 0.45 0.0 
18357.27 0.43 0.0 
18768.00 0.77 0.0 
18591.09 0.39 0.0 
19184.11 0.93 0.0 
19279.47 0.48 0.0 
19184.13 0.58 0.0 
19618.95 0.89 0.0 
19812.89 0.61 0.0 
19812.87 0.59 0.0 
20023.78 0.88 0.0 
20023.81 0.57 0.0 
20423.84 0.77 0.0 
20785.73 0.63 0.0 
20423.85 0.33 0.0 
20785.75 0.59 0.0 
21614.19 0.73 0.0 
21924.85 0.68 0.0 
21924.81 0.84 0.0 
22695.31 0.87 0.0 
22801.92 0.86 0.0 
22801.91 0.90 0.0 
23061.02 0.78 0.0 
22695.32 0.67 0.0 
23833.67 0.55 0.0 
23910.09 0.63 0.0 
23833.80 0.37 0.0 
23909.51 0.67 0.0 
24177.52 0.58 0.0 
24228.49 0.34 0.0 
24564.91 0.66 0.0 
24485.53 0.70 0.0 
24916.16 0.81 0.0 
25252.71 0.86 0.0 
24916.15 0.90 0.0 
25252.68 0.83 0.0 
25613.21 0.46 0.0 
25613.22 0.83 0.0 
25578.05 0.58 0.0 
25103.32 0.48 0.0 
26331.69 0.69 0.0 
25578.03 0.53 0.0 
26680.43 0.69 0.0 
27030.41 0.38 0.0 
27027.24 0.75 0.0 
26680.44 0.75 0.0 
27027.29 0.79 0.0 
27739.39 0.55 0.0 
28104.36 0.58 0.0 
28078.84 0.51 0.0 
27739.45 0.64 0.0 
28503.38 0.83 0.0 
28866.80 0.47 0.0 
28104.31 0.75 0.0 
29228.72 0.81 0.0 
29228.71 0.89 0.0 
29592.70 0.81 0.0 
29955.09 0.63 0.0 
29955.09 0.63 0.0 
30205.43 0.72 0.0 
30334.64 0.50 0.0 
30714.60 0.47 0.0 
30714.61 0.79 0.0 
31106.83 0.81 0.0 
31528.61 0.36 0.0 
31559.47 0.37 0.0 
31106.86 0.75 0.0 
32772.87 0.44 0.0 
33185.28 0.36 0.0 
32772.92 0.90 0.0 
33185.30 0.35 0.0 
33626.75 0.93 0.0 
34076.16 0.71 0.0 
33626.77 0.33 0.0 
34528.09 0.88 0.0 
34528.09 0.78 0.0 
35001.33 0.81 0.0 
35001.32 0.69 0.0 
35127.19 0.36 0.0 
35140.53 0.34 0.0 
35478.01 0.90 0.0 
35478.01 0.88 0.0 
35962.04 0.70 0.0 
35962.04 0.76 0.0 
35442.97 0.31 0.0 
36218.37 0.60 0.0 
36110.93 0.39 0.0 
36233.19 0.42 0.0 
36218.12 0.58 0.0 
36913.03 0.89 0.0 
36913.08 0.37 0.0 
36936.19 0.86 0.0 
37379.08 0.64 0.0 
37058.29 0.52 0.0 
36936.15 0.51 0.0 
37379.07 0.96 0.0 
37753.55 0.48 0.0 
37423.66 0.85 0.0 
37423.64 0.40 0.0 
37827.43 0.91 0.0 
38309.51 0.92 0.0 
37827.44 0.43 0.0 
38803.33 0.56 0.0 
38309.49 0.83 0.0 
39283.47 0.64 0.0 
38803.28 0.88 0.0 
39741.65 0.75 0.0 
39283.43 0.76 0.0 
40693.20 0.82 0.0 
41178.31 0.50 0.0 
41178.31 0.68 0.0 
41774.57 0.38 0.0 
41893.93 0.51 0.0 
41894.21 0.55 0.0 
42518.07 0.52 0.0 
42639.60 0.70 0.0 
42464.43 0.86 0.0 
42160.44 0.58 0.0 
42518.09 0.32 0.0 
42639.57 0.66 0.0 
43591.62 0.71 0.0 
44093.21 0.58 0.0 
44093.17 0.67 0.0 
44333.05 0.66 0.0 
44144.49 0.32 0.0 
43591.57 0.30 0.0 
43600.45 0.31 0.0 
44575.81 0.70 0.0 
44401.29 0.76 0.0 
44396.81 0.56 0.0 
44401.30 0.78 0.0 
45578.07 0.67 0.0 
46076.29 0.66 0.0 
47047.01 0.42 0.0 
47047.01 0.53 0.0 
46697.56 0.54 0.0 
47548.43 0.90 0.0 
48530.73 0.50 0.0 
47548.44 0.70 0.0 
48530.69 0.63 0.0 
49021.51 0.62 0.0 
49021.47 0.54 0.0 
50309.32 0.43 0.0 
50510.54 0.45 0.0 
50991.11 0.38 0.0 
50991.05 0.49 0.0 
51478.01 0.60 0.0 
51477.99 0.91 0.0 
51995.28 0.66 0.0 
52515.47 0.83 0.0 
52515.47 0.77 0.0 
52559.08 0.31 0.0 
51995.25 0.55 0.0 
53014.64 0.33 0.0 
53530.00 0.50 0.0 
54050.65 0.42 0.0 
54301.24 0.59 0.0 
53975.01 0.47 0.0 
54527.83 0.86 0.0 
54527.83 0.74 0.0 
55505.29 0.34 0.0 
55505.28 0.54 0.0 
55985.39 0.83 0.0 
55985.40 0.51 0.0 
57014.56 0.85 0.0 
57511.80 0.77 0.0 
57511.80 0.60 0.0 
58978.23 0.87 0.0 
59533.95 0.92 0.0 
60821.33 0.39 0.0 
61569.32 0.80 0.0 
63193.87 0.92 0.0 
63193.92 0.63 0.0 
63898.68 0.40 0.0 
63731.24 0.79 0.0 
64051.61 0.58 0.0 
64064.53 0.32 0.0 
63376.92 0.58 0.0 
64051.57 0.57 0.0 
64279.73 0.58 0.0 
64279.73 0.63 0.0 
64391.43 0.68 0.0 
64800.48 0.48 0.0 
65217.36 0.50 0.0 
65344.52 0.42 0.0 
65217.36 0.33 0.0 
65344.51 0.69 0.0 
66185.03 0.80 0.0 
65064.01 0.49 0.0 
65835.32 0.31 0.0 
66185.04 0.50 0.0 
66623.19 0.31 0.0 
66928.09 0.42 0.0 
66389.84 0.90 0.0 
67168.83 0.70 0.0 
67285.76 0.48 0.0 
67852.27 0.47 0.0 
68122.24 0.47 0.0 
68122.27 0.64 0.0 
68450.37 0.40 0.0 
68541.49 0.44 0.0 
68781.39 0.31 0.0 
69118.77 0.86 0.0 
69441.97 0.35 0.0 
69625.68 0.86 0.0 
69043.37 0.54 0.0 
69916.42 0.67 0.0 
69914.29 0.30 0.0 
70162.56 0.70 0.0 
69625.68 0.85 0.0 
70739.36 0.76 0.0 
70570.56 0.43 0.0 
70908.00 0.33 0.0 
71277.43 0.33 0.0 
71283.23 0.38 0.0 
71729.13 0.35 0.0 
72406.57 0.35 0.0 
72117.00 0.68 0.0 
72237.28 0.51 0.0 
72237.25 0.43 0.0 
72918.34 0.69 0.0 
72972.83 0.36 0.0 
74927.36 0.80 0.0 
74927.35 0.64 0.0 
74706.56 0.68 0.0 
75175.28 0.38 0.0 
74300.89 0.31 0.0 
75061.51 0.81 0.0 
75083.45 0.36 0.0 
75568.21 0.86 0.0 
76139.65 0.38 0.0 
76374.07 0.34 0.0 
76333.07 0.53 0.0 
76461.32 0.60 0.0 
76683.59 0.41 0.0 
76860.48 0.36 0.0 
76461.31 0.83 0.0 
78046.00 0.32 0.0 
77441.40 0.56 0.0 
77780.24 0.41 0.0 
78704.27 0.32 0.0 
79028.84 0.32 0.0 
78852.45 0.70 0.0 
78852.50 0.61 0.0 
79028.84 0.60 0.0 
79507.49 0.63 0.0 
79482.32 0.78 0.0 
79717.00 0.35 0.0 
78761.93 0.61 0.0 
79482.32 0.79 0.0 
80547.16 0.56 0.0 
80836.53 0.47 0.0 
80944.37 0.38 0.0 
81125.16 0.49 0.0 
81125.16 0.58 0.0 
81250.69 0.34 0.0 
81983.13 0.34 0.0 
82303.21 0.36 0.0 
82305.34 0.71 0.0 
82447.71 0.51 0.0 
82676.13 0.75 0.0 
82676.15 0.45 0.0 
82995.95 0.46 0.0 
83091.65 0.35 0.0 
83469.71 0.32 0.0 
83653.68 0.61 0.0 
83469.73 0.37 0.0 
84287.16 0.69 0.0 
84287.09 0.31 0.0 
83443.77 0.45 0.0 
84462.36 0.48 0.0 
84821.32 0.78 0.0 
84745.97 0.51 0.0 
84039.47 0.48 0.0 
84817.03 0.37 0.0 
85544.51 0.61 0.0 
85318.87 0.74 0.0 
85590.31 0.47 0.0 
85464.93 0.38 0.0 
84745.97 0.34 0.0 
86052.11 0.32 0.0 
85464.97 0.40 0.0 
85590.39 0.73 0.0 
85590.99 0.43 0.0 
