475.11 0.59 0.0 
475.11 0.41 0.0 
600.50 0.89 0.0 
1110.40 0.64 0.0 
1235.71 0.41 0.0 
1699.33 0.47 0.0 
2487.88 0.36 0.0 
2554.71 0.60 0.0 
2487.89 0.57 0.0 
2650.99 0.38 0.0 
3019.47 0.64 0.0 
3047.23 0.74 0.0 
3810.35 0.45 0.0 
5913.85 0.66 0.0 
6174.95 0.58 0.0 
6174.95 0.45 0.0 
6859.53 0.34 0.0 
7110.53 0.35 0.0 
7278.40 0.57 0.0 
7505.93 0.37 0.0 
7868.43 0.30 0.0 
7923.13 0.38 0.0 
8321.92 0.65 0.0 
8321.91 0.37 0.0 
8238.45 0.41 0.0 
8468.35 0.31 0.0 
8474.02 0.81 0.0 
8468.29 0.57 0.0 
8474.01 0.43 0.0 
8664.61 0.67 0.0 
8780.04 0.31 0.0 
8763.31 0.50 0.0 
8758.31 0.56 0.0 
8917.67 0.44 0.0 
8934.45 0.44 0.0 
8938.87 0.42 0.0 
8942.57 0.49 0.0 
8938.89 0.41 0.0 
9040.91 0.32 0.0 
9166.63 0.54 0.0 
9394.76 0.70 0.0 
10505.63 0.33 0.0 
10720.38 0.89 0.0 
10720.39 0.76 0.0 
10663.53 0.41 0.0 
11186.90 0.58 0.0 
11187.05 0.55 0.0 
11436.79 0.57 0.0 
12132.90 0.83 0.0 
12119.99 0.30 0.0 
12132.91 0.73 0.0 
12258.80 0.38 0.0 
12782.47 0.44 0.0 
18596.47 0.56 0.0 
18596.51 0.41 0.0 
19257.29 0.37 0.0 
19257.32 0.54 0.0 
19945.00 0.82 0.0 
20798.39 0.45 0.0 
20798.39 0.44 0.0 
21672.71 0.41 0.0 
22137.36 0.36 0.0 
22069.76 0.84 0.0 
22069.76 0.50 0.0 
22849.59 0.32 0.0 
22849.60 0.71 0.0 
22936.45 0.30 0.0 
22936.47 0.76 0.0 
23000.71 0.54 0.0 
24845.49 0.30 0.0 
25269.67 0.48 0.0 
25989.40 0.84 0.0 
26206.39 0.36 0.0 
25989.41 0.88 0.0 
26235.73 0.38 0.0 
26199.84 0.53 0.0 
26554.59 0.57 0.0 
27539.31 0.43 0.0 
27715.52 0.37 0.0 
27918.72 0.33 0.0 
27918.76 0.37 0.0 
27871.21 0.44 0.0 
28278.11 0.42 0.0 
28344.80 0.43 0.0 
28278.17 0.53 0.0 
28505.73 0.35 0.0 
29087.15 0.36 0.0 
28983.53 0.56 0.0 
29061.09 0.43 0.0 
29361.03 0.49 0.0 
30269.87 0.44 0.0 
30366.85 0.42 0.0 
31350.35 0.38 0.0 
31361.77 0.68 0.0 
31350.23 0.55 0.0 
31361.77 0.83 0.0 
31504.49 0.31 0.0 
32221.63 0.57 0.0 
32479.17 0.35 0.0 
32610.83 0.35 0.0 
33141.63 0.31 0.0 
33246.93 0.33 0.0 
34102.29 0.37 0.0 
34554.33 0.32 0.0 
34967.59 0.41 0.0 
34998.37 0.36 0.0 
34998.36 0.46 0.0 
35161.76 0.33 0.0 
36107.93 0.79 0.0 
36022.08 0.37 0.0 
36244.24 0.76 0.0 
36138.23 0.45 0.0 
36244.25 0.51 0.0 
36709.80 0.57 0.0 
36942.42 0.62 0.0 
37422.80 0.86 0.0 
37422.78 0.70 0.0 
37727.35 0.70 0.0 
37646.25 0.39 0.0 
38351.21 0.43 0.0 
38504.19 0.44 0.0 
39149.59 0.42 0.0 
39515.71 0.33 0.0 
40167.63 0.30 0.0 
40986.43 0.31 0.0 
40879.51 0.32 0.0 
40986.39 0.44 0.0 
41252.20 0.83 0.0 
41301.35 0.33 0.0 
41523.95 0.31 0.0 
42033.08 0.75 0.0 
42033.08 0.44 0.0 
45647.24 0.57 0.0 
45735.42 0.35 0.0 
45942.63 0.49 0.0 
46112.48 0.53 0.0 
45903.99 0.36 0.0 
46112.48 0.35 0.0 
46430.21 0.50 0.0 
47430.77 0.33 0.0 
47568.71 0.39 0.0 
47720.96 0.39 0.0 
47965.32 0.30 0.0 
48393.99 0.75 0.0 
48645.67 0.34 0.0 
48566.11 0.37 0.0 
49006.15 0.36 0.0 
49914.39 0.30 0.0 
49872.75 0.37 0.0 
49939.27 0.31 0.0 
50112.58 0.33 0.0 
50375.48 0.71 0.0 
50375.47 0.61 0.0 
51242.20 0.85 0.0 
51242.19 0.47 0.0 
51396.47 0.34 0.0 
51879.47 0.44 0.0 
52143.23 0.38 0.0 
52143.24 0.68 0.0 
52370.53 0.79 0.0 
52370.54 0.71 0.0 
52786.75 0.56 0.0 
53108.69 0.35 0.0 
54305.17 0.33 0.0 
54333.36 0.44 0.0 
54326.45 0.81 0.0 
54326.47 0.62 0.0 
54659.63 0.38 0.0 
54839.45 0.46 0.0 
55292.67 0.49 0.0 
55394.35 0.45 0.0 
55292.64 0.30 0.0 
56331.83 0.40 0.0 
56351.17 0.34 0.0 
56551.41 0.57 0.0 
56958.79 0.41 0.0 
56951.21 0.48 0.0 
58199.97 0.44 0.0 
58826.31 0.39 0.0 
58826.31 0.42 0.0 
58974.47 0.32 0.0 
59013.85 0.36 0.0 
59950.19 0.37 0.0 
59950.17 0.57 0.0 
60899.58 0.38 0.0 
60854.19 0.30 0.0 
60809.97 0.49 0.0 
60901.09 0.48 0.0 
61337.15 0.35 0.0 
61649.63 0.39 0.0 
62032.03 0.47 0.0 
62431.29 0.32 0.0 
62864.15 0.31 0.0 
62878.43 0.31 0.0 
63885.05 0.34 0.0 
64726.51 0.53 0.0 
66046.57 0.46 0.0 
67130.31 0.39 0.0 
69962.20 0.31 0.0 
69962.19 0.80 0.0 
70038.63 0.36 0.0 
71508.66 0.86 0.0 
72489.92 0.70 0.0 
72669.15 0.40 0.0 
73014.59 0.63 0.0 
73014.60 0.32 0.0 
76437.39 0.31 0.0 
79223.51 0.35 0.0 
81365.64 0.49 0.0 
85293.87 0.54 0.0 
85293.89 0.69 0.0 
