2068.53 0.34 0.0 
2112.20 0.42 0.0 
5125.03 0.52 0.0 
5324.00 0.56 0.0 
5796.69 0.33 0.0 
5796.71 0.76 0.0 
7888.93 0.49 0.0 
8309.42 0.79 0.0 
8503.99 0.36 0.0 
10929.08 0.52 0.0 
11369.12 0.34 0.0 
12100.97 0.48 0.0 
12100.92 0.47 0.0 
12768.03 0.48 0.0 
13078.13 0.35 0.0 
14019.97 0.51 0.0 
14019.96 0.64 0.0 
15068.32 0.60 0.0 
18595.40 0.43 0.0 
18584.05 0.73 0.0 
18584.03 0.56 0.0 
23684.33 0.47 0.0 
31345.01 0.73 0.0 
31345.00 0.81 0.0 
31351.73 0.72 0.0 
35532.71 0.44 0.0 
35890.76 0.44 0.0 
36112.41 0.51 0.0 
36112.40 0.77 0.0 
36549.96 0.34 0.0 
36939.68 0.52 0.0 
43119.90 0.31 0.0 
48638.56 0.30 0.0 
51253.31 0.54 0.0 
51644.51 0.50 0.0 
54323.89 0.49 0.0 
54306.24 0.63 0.0 
54323.87 0.53 0.0 
54733.95 0.39 0.0 
55063.13 0.36 0.0 
59710.59 0.39 0.0 
67481.23 0.48 0.0 
68709.97 0.33 0.0 
71934.21 0.37 0.0 
72322.31 0.31 0.0 
74886.05 0.46 0.0 
75565.68 0.48 0.0 
75977.51 0.63 0.0 
75977.48 0.36 0.0 
76584.76 0.34 0.0 
76584.81 0.38 0.0 
76602.92 0.31 0.0 
77856.88 0.33 0.0 
77956.67 0.35 0.0 
78444.85 0.37 0.0 
78521.41 0.33 0.0 
78576.28 0.30 0.0 
78938.83 0.34 0.0 
79377.73 0.33 0.0 
79601.25 0.31 0.0 
80204.15 0.33 0.0 
80665.44 0.39 0.0 
80767.79 0.51 0.0 
81042.63 0.32 0.0 
81267.20 0.31 0.0 
81599.48 0.36 0.0 
82447.28 0.37 0.0 
82939.96 0.36 0.0 
82947.37 0.50 0.0 
83020.57 0.36 0.0 
83216.60 0.35 0.0 
83558.16 0.46 0.0 
83557.99 0.38 0.0 
83943.20 0.46 0.0 
83943.21 0.47 0.0 
84622.27 0.33 0.0 
85249.20 0.60 0.0 
85511.87 0.38 0.0 
86042.04 0.34 0.0 
86077.84 0.31 0.0 
