2098.79 0.35 0.0 
2159.51 0.71 0.0 
3856.67 0.38 0.0 
4738.23 0.48 0.0 
4752.04 0.36 0.0 
7229.57 0.41 0.0 
8174.09 0.53 0.0 
9329.45 0.55 0.0 
9689.57 0.44 0.0 
9757.88 0.78 0.0 
9789.64 0.60 0.0 
9757.88 0.74 0.0 
9789.64 0.54 0.0 
10497.80 0.38 0.0 
10601.85 0.65 0.0 
10543.80 0.72 0.0 
10545.26 0.81 0.0 
10552.68 0.36 0.0 
10601.89 0.47 0.0 
10978.95 0.56 0.0 
11445.09 0.44 0.0 
12147.56 0.91 0.0 
12147.60 0.70 0.0 
12283.20 0.50 0.0 
12816.41 0.89 0.0 
12816.39 0.83 0.0 
13169.03 0.60 0.0 
13169.03 0.30 0.0 
13480.99 0.36 0.0 
13598.79 0.32 0.0 
14639.03 0.63 0.0 
15357.81 0.80 0.0 
18632.11 0.40 0.0 
18643.95 0.31 0.0 
19292.92 0.53 0.0 
19994.49 0.42 0.0 
20790.51 0.46 0.0 
22859.36 0.94 0.0 
23159.32 0.38 0.0 
26532.11 0.32 0.0 
27404.47 0.41 0.0 
27388.96 0.35 0.0 
31014.37 0.37 0.0 
31401.65 0.82 0.0 
31401.65 0.79 0.0 
31841.09 0.43 0.0 
33245.43 0.33 0.0 
35222.23 0.65 0.0 
35222.19 0.72 0.0 
36168.47 0.36 0.0 
36276.05 0.35 0.0 
36899.45 0.35 0.0 
36892.71 0.40 0.0 
37064.15 0.31 0.0 
38309.51 0.44 0.0 
44303.76 0.30 0.0 
46734.38 0.96 0.0 
47173.41 0.30 0.0 
54080.09 0.94 0.0 
54025.93 0.96 0.0 
54025.93 0.77 0.0 
54044.88 0.50 0.0 
54080.10 0.93 0.0 
54353.04 0.91 0.0 
54370.13 0.54 0.0 
54353.04 0.91 0.0 
54369.97 0.57 0.0 
55454.27 0.36 0.0 
56444.43 0.43 0.0 
56504.47 0.45 0.0 
56514.93 0.76 0.0 
60119.16 0.65 0.0 
60950.15 0.85 0.0 
60950.15 0.77 0.0 
63614.24 0.50 0.0 
63674.51 0.42 0.0 
63839.60 0.42 0.0 
64034.27 0.44 0.0 
64948.87 0.48 0.0 
74399.32 0.42 0.0 
74429.00 0.37 0.0 
77954.19 0.41 0.0 
82529.49 0.32 0.0 
84298.97 0.41 0.0 
85228.89 0.36 0.0 
