7149.03 0.48 0.0 
8138.99 0.34 0.0 
8309.46 0.37 0.0 
9710.83 0.33 0.0 
9742.59 0.34 0.0 
9755.79 0.46 0.0 
10510.81 0.49 0.0 
10510.85 0.61 0.0 
12114.52 0.74 0.0 
12114.52 0.74 0.0 
12782.63 0.39 0.0 
12994.84 0.31 0.0 
14022.87 0.53 0.0 
14022.91 0.57 0.0 
14386.73 0.73 0.0 
15081.69 0.38 0.0 
15081.73 0.63 0.0 
15930.97 0.56 0.0 
15930.93 0.32 0.0 
18048.01 0.50 0.0 
18598.96 0.69 0.0 
18598.97 0.62 0.0 
19259.83 0.38 0.0 
19833.61 0.68 0.0 
31347.73 0.60 0.0 
31347.80 0.58 0.0 
31356.59 0.32 0.0 
36132.59 0.35 0.0 
36939.63 0.31 0.0 
36939.68 0.75 0.0 
36962.49 0.40 0.0 
48640.83 0.69 0.0 
54328.49 0.45 0.0 
54306.22 0.81 0.0 
54328.57 0.63 0.0 
55326.57 0.52 0.0 
61504.12 0.58 0.0 
65326.55 0.40 0.0 
69451.24 0.50 0.0 
69992.00 0.58 0.0 
70143.27 0.38 0.0 
70578.55 0.32 0.0 
70718.05 0.34 0.0 
71507.34 0.54 0.0 
71685.53 0.31 0.0 
71995.20 0.31 0.0 
72210.47 0.39 0.0 
72753.19 0.36 0.0 
73471.45 0.48 0.0 
73627.43 0.32 0.0 
74434.49 0.70 0.0 
74886.01 0.35 0.0 
75626.57 0.33 0.0 
75783.77 0.49 0.0 
76593.25 0.62 0.0 
76696.83 0.30 0.0 
77597.51 0.42 0.0 
78555.55 0.33 0.0 
78692.49 0.45 0.0 
79023.96 0.59 0.0 
79143.03 0.38 0.0 
79023.91 0.47 0.0 
79379.48 0.34 0.0 
80699.07 0.45 0.0 
81048.63 0.31 0.0 
81048.60 0.46 0.0 
81286.99 0.33 0.0 
82307.48 0.39 0.0 
82248.53 0.50 0.0 
82864.96 0.44 0.0 
82942.17 0.47 0.0 
82942.19 0.43 0.0 
83217.95 0.34 0.0 
83562.24 0.42 0.0 
83562.21 0.44 0.0 
84187.30 0.49 0.0 
84222.87 0.44 0.0 
84560.83 0.32 0.0 
85620.68 0.41 0.0 
85845.87 0.44 0.0 
