2290.57 0.35 0.0 
2472.09 0.33 0.0 
2563.83 0.31 0.0 
2563.88 0.52 0.0 
3267.48 0.58 0.0 
4043.59 0.57 0.0 
4344.01 0.45 0.0 
4514.53 0.34 0.0 
5038.59 0.50 0.0 
5038.51 0.41 0.0 
5519.49 0.51 0.0 
7483.05 0.56 0.0 
7751.04 0.37 0.0 
9105.80 0.37 0.0 
9105.81 0.74 0.0 
9563.01 0.34 0.0 
9913.96 0.43 0.0 
10754.44 0.37 0.0 
10765.03 0.38 0.0 
11381.32 0.52 0.0 
12194.55 0.95 0.0 
12914.20 0.73 0.0 
14410.37 0.36 0.0 
17320.10 0.42 0.0 
19472.09 0.33 0.0 
22309.80 0.45 0.0 
22527.27 0.66 0.0 
22779.49 0.53 0.0 
22779.48 0.72 0.0 
24527.53 0.40 0.0 
25092.41 0.68 0.0 
25244.15 0.63 0.0 
25045.09 0.41 0.0 
26996.05 0.62 0.0 
27314.49 0.68 0.0 
27879.89 0.35 0.0 
28736.37 0.31 0.0 
29084.35 0.54 0.0 
28816.93 0.37 0.0 
29457.27 0.42 0.0 
29721.97 0.32 0.0 
30943.96 0.32 0.0 
33176.49 0.31 0.0 
35289.69 0.41 0.0 
35465.60 0.57 0.0 
35590.04 0.58 0.0 
35848.57 0.35 0.0 
35982.64 0.65 0.0 
36544.85 0.66 0.0 
36689.11 0.34 0.0 
37285.92 0.35 0.0 
37762.77 0.44 0.0 
37973.88 0.48 0.0 
38114.21 0.73 0.0 
39627.45 0.32 0.0 
40925.33 0.31 0.0 
40541.65 0.32 0.0 
47352.57 0.48 0.0 
48432.39 0.48 0.0 
49032.21 0.50 0.0 
49844.44 0.48 0.0 
54433.37 0.65 0.0 
55213.68 0.48 0.0 
56174.01 0.42 0.0 
56997.16 0.32 0.0 
57955.00 0.66 0.0 
58361.49 0.58 0.0 
60162.33 0.44 0.0 
60359.29 0.40 0.0 
60522.13 0.74 0.0 
61452.61 0.39 0.0 
62051.01 0.40 0.0 
62322.72 0.72 0.0 
61781.21 0.61 0.0 
63223.55 0.38 0.0 
64158.61 0.45 0.0 
65203.13 0.57 0.0 
65234.43 0.72 0.0 
65022.64 0.39 0.0 
66642.91 0.84 0.0 
70063.49 0.47 0.0 
69580.06 0.31 0.0 
70420.33 0.48 0.0 
72013.20 0.53 0.0 
72095.61 0.41 0.0 
72804.53 0.48 0.0 
73033.51 0.40 0.0 
74453.77 0.47 0.0 
74453.81 0.41 0.0 
74830.62 0.46 0.0 
75386.57 0.30 0.0 
75536.77 0.37 0.0 
75509.37 0.67 0.0 
75953.68 0.40 0.0 
76415.73 0.31 0.0 
77641.45 0.31 0.0 
76901.01 0.40 0.0 
77322.21 0.43 0.0 
77641.43 0.47 0.0 
77366.40 0.46 0.0 
77995.61 0.67 0.0 
77954.07 0.66 0.0 
80030.47 0.46 0.0 
80112.47 0.39 0.0 
81149.49 0.47 0.0 
81312.16 0.34 0.0 
81221.04 0.33 0.0 
83231.81 0.31 0.0 
84027.88 0.30 0.0 
84549.32 0.36 0.0 
85371.30 0.31 0.0 
85888.63 0.42 0.0 
86245.17 0.37 0.0 
