651.73 0.51 0.0 
926.51 0.41 0.0 
894.81 0.44 0.0 
1088.13 0.35 0.0 
1478.55 0.34 0.0 
2227.98 0.77 0.0 
2289.31 0.92 0.0 
2289.31 0.93 0.0 
3152.42 0.79 0.0 
3213.39 0.46 0.0 
3725.87 0.45 0.0 
4336.72 0.68 0.0 
5170.69 0.70 0.0 
5058.31 0.33 0.0 
5162.27 0.47 0.0 
5170.68 0.75 0.0 
5744.27 0.50 0.0 
6385.87 0.41 0.0 
6691.56 0.75 0.0 
8198.01 0.54 0.0 
8255.37 0.36 0.0 
8809.59 0.45 0.0 
8854.11 0.33 0.0 
9374.03 0.43 0.0 
10167.99 0.43 0.0 
10081.69 0.63 0.0 
10764.29 0.65 0.0 
10764.31 0.30 0.0 
12523.95 0.38 0.0 
14592.83 0.59 0.0 
15673.07 0.58 0.0 
16502.65 0.38 0.0 
16427.83 0.44 0.0 
18525.80 0.67 0.0 
18525.79 0.47 0.0 
18924.24 0.75 0.0 
19884.55 0.48 0.0 
20850.75 0.56 0.0 
20932.99 0.47 0.0 
21108.92 0.69 0.0 
21213.71 0.55 0.0 
21423.32 0.69 0.0 
23333.98 0.80 0.0 
23334.03 0.43 0.0 
24736.46 0.69 0.0 
24842.70 0.40 0.0 
24842.70 0.84 0.0 
24969.75 0.48 0.0 
25229.99 0.53 0.0 
26596.21 0.54 0.0 
27692.05 0.36 0.0 
28272.67 0.54 0.0 
28272.66 0.85 0.0 
28628.29 0.66 0.0 
28628.26 0.61 0.0 
29640.64 0.56 0.0 
29916.55 0.46 0.0 
30531.81 0.45 0.0 
31308.65 0.37 0.0 
31308.61 0.74 0.0 
31803.62 0.78 0.0 
32808.13 0.81 0.0 
32822.41 0.33 0.0 
35584.90 0.44 0.0 
36630.52 0.74 0.0 
36630.50 0.68 0.0 
37035.13 0.54 0.0 
37664.50 0.74 0.0 
38105.20 0.69 0.0 
38105.18 0.84 0.0 
42624.52 0.49 0.0 
44931.10 0.78 0.0 
45328.29 0.62 0.0 
45328.27 0.55 0.0 
46320.99 0.40 0.0 
46320.98 0.81 0.0 
47286.57 0.46 0.0 
48340.00 0.70 0.0 
50615.71 0.44 0.0 
51283.07 0.43 0.0 
52117.61 0.56 0.0 
53267.82 0.90 0.0 
54566.82 0.42 0.0 
57901.29 0.33 0.0 
62963.07 0.30 0.0 
62963.14 0.50 0.0 
70126.29 0.38 0.0 
75620.19 0.39 0.0 
78286.18 0.84 0.0 
78286.19 0.67 0.0 
84676.66 0.53 0.0 
86249.78 0.80 0.0 
86249.75 0.72 0.0 
