430.44 0.33 0.0 
691.89 0.35 0.0 
922.43 0.51 0.0 
899.44 0.45 0.0 
1528.80 0.48 0.0 
1362.96 0.69 0.0 
1346.29 0.51 0.0 
1601.89 0.47 0.0 
2227.97 0.51 0.0 
2285.64 0.97 0.0 
2285.64 0.97 0.0 
3210.57 0.46 0.0 
3253.16 0.35 0.0 
3554.44 0.31 0.0 
3999.73 0.66 0.0 
5157.07 0.66 0.0 
5056.17 0.33 0.0 
5056.20 0.35 0.0 
7906.16 0.57 0.0 
8197.55 0.49 0.0 
9374.05 0.40 0.0 
10167.96 0.61 0.0 
10756.85 0.54 0.0 
10764.23 0.39 0.0 
13539.01 0.32 0.0 
14592.80 0.77 0.0 
18924.21 0.68 0.0 
19090.33 0.31 0.0 
21899.19 0.78 0.0 
23107.41 0.38 0.0 
23068.48 0.67 0.0 
24685.60 0.34 0.0 
24842.67 0.33 0.0 
25858.40 0.53 0.0 
28307.99 0.38 0.0 
28537.08 0.35 0.0 
28642.88 0.48 0.0 
28642.87 0.90 0.0 
29976.21 0.32 0.0 
30341.99 0.86 0.0 
30685.56 0.66 0.0 
31322.51 0.50 0.0 
31322.52 0.44 0.0 
31800.47 0.34 0.0 
32110.88 0.62 0.0 
32515.07 0.34 0.0 
32808.13 0.48 0.0 
33013.95 0.59 0.0 
37181.74 0.38 0.0 
37099.20 0.42 0.0 
37319.10 0.58 0.0 
37573.03 0.40 0.0 
38166.36 0.71 0.0 
38435.92 0.75 0.0 
38435.91 0.78 0.0 
42684.73 0.40 0.0 
42624.43 0.42 0.0 
43416.17 0.48 0.0 
45267.29 0.37 0.0 
46387.84 0.31 0.0 
46388.43 0.76 0.0 
47286.51 0.37 0.0 
48197.49 0.52 0.0 
48339.97 0.48 0.0 
48909.79 0.31 0.0 
52027.16 0.47 0.0 
53267.80 0.89 0.0 
54566.78 0.57 0.0 
54566.78 0.90 0.0 
62959.67 0.46 0.0 
62959.68 0.77 0.0 
62768.21 0.32 0.0 
72177.91 0.34 0.0 
78025.01 0.48 0.0 
83663.43 0.52 0.0 
84303.12 0.39 0.0 
84676.58 0.39 0.0 
84676.61 0.77 0.0 
84989.07 0.74 0.0 
85813.03 0.34 0.0 
86050.21 0.33 0.0 
