1633.25 0.30 0.0 
2298.84 0.81 0.0 
2298.88 0.48 0.0 
2920.68 0.37 0.0 
3029.13 0.39 0.0 
4660.37 0.36 0.0 
5186.27 0.31 0.0 
7690.79 0.39 0.0 
9059.45 0.56 0.0 
13708.67 0.50 0.0 
14912.17 0.32 0.0 
16394.19 0.85 0.0 
16394.17 0.45 0.0 
21024.76 0.32 0.0 
24117.77 0.37 0.0 
25109.51 0.38 0.0 
25554.57 0.32 0.0 
26279.47 0.32 0.0 
33959.05 0.31 0.0 
34300.32 0.54 0.0 
35052.03 0.42 0.0 
35020.32 0.37 0.0 
36327.16 0.49 0.0 
36866.95 0.43 0.0 
38434.41 0.66 0.0 
38434.41 0.71 0.0 
42763.47 0.42 0.0 
44968.47 0.42 0.0 
46777.33 0.31 0.0 
48390.85 0.33 0.0 
48776.49 0.39 0.0 
48805.76 0.36 0.0 
49769.53 0.39 0.0 
50245.40 0.36 0.0 
50941.89 0.39 0.0 
50966.68 0.31 0.0 
54396.97 0.31 0.0 
55570.36 0.59 0.0 
56515.57 0.53 0.0 
57866.41 0.37 0.0 
57866.36 0.64 0.0 
60788.57 0.42 0.0 
62101.91 0.31 0.0 
63964.49 0.32 0.0 
64276.75 0.56 0.0 
64276.83 0.53 0.0 
64277.37 0.33 0.0 
66760.81 0.37 0.0 
67439.66 0.30 0.0 
67614.72 0.43 0.0 
67678.36 0.34 0.0 
68054.07 0.31 0.0 
67997.17 0.38 0.0 
67997.20 0.71 0.0 
68420.49 0.41 0.0 
68886.65 0.55 0.0 
69929.56 0.41 0.0 
70125.13 0.34 0.0 
75328.67 0.40 0.0 
75643.41 0.42 0.0 
75688.43 0.30 0.0 
76528.65 0.55 0.0 
78031.31 0.31 0.0 
78698.95 0.64 0.0 
82815.52 0.52 0.0 
83083.52 0.53 0.0 
83357.69 0.33 0.0 
