1187.13 0.93 0.0 
2307.16 0.88 0.0 
3224.65 0.31 0.0 
3914.09 0.32 0.0 
4903.91 0.46 0.0 
9946.21 0.44 0.0 
13242.41 0.31 0.0 
15957.77 0.54 0.0 
15957.77 0.60 0.0 
16561.92 0.36 0.0 
21433.77 0.40 0.0 
24871.80 0.42 0.0 
24871.80 0.76 0.0 
25363.33 0.31 0.0 
25812.68 0.43 0.0 
28155.04 0.41 0.0 
30013.41 0.33 0.0 
29998.04 0.68 0.0 
32383.88 0.52 0.0 
37664.29 0.33 0.0 
37889.12 0.54 0.0 
38441.33 0.78 0.0 
38441.33 0.52 0.0 
45348.05 0.47 0.0 
45483.76 0.58 0.0 
45483.69 0.56 0.0 
50068.23 0.87 0.0 
53995.52 0.43 0.0 
55488.38 0.41 0.0 
55488.28 0.44 0.0 
57817.23 0.31 0.0 
58813.37 0.47 0.0 
64282.51 0.81 0.0 
64282.54 0.87 0.0 
68983.69 0.32 0.0 
73049.44 0.57 0.0 
78114.76 0.50 0.0 
78114.81 0.71 0.0 
80788.83 0.33 0.0 
84646.63 0.35 0.0 
