1714.92 0.95 0.0 
1714.92 0.95 0.0 
3248.88 0.83 0.0 
3248.86 0.84 0.0 
3835.14 0.87 0.0 
3835.14 0.86 0.0 
4179.67 0.55 0.0 
4081.03 0.94 0.0 
4179.68 0.57 0.0 
4081.04 0.89 0.0 
4539.56 0.96 0.0 
4539.55 0.97 0.0 
6698.52 0.78 0.0 
6781.95 0.40 0.0 
6962.73 0.61 0.0 
6962.72 0.75 0.0 
7242.27 0.94 0.0 
7318.72 0.90 0.0 
7242.28 0.94 0.0 
7318.72 0.96 0.0 
7508.79 0.97 0.0 
7508.79 0.97 0.0 
7442.56 0.83 0.0 
7653.31 0.95 0.0 
7551.42 0.96 0.0 
7551.40 0.96 0.0 
7442.56 0.95 0.0 
7653.32 0.96 0.0 
13591.45 0.39 0.0 
19095.81 0.38 0.0 
28528.06 0.96 0.0 
28528.08 0.92 0.0 
28656.60 0.85 0.0 
28626.44 0.97 0.0 
28626.44 0.97 0.0 
28656.58 0.96 0.0 
28992.02 0.95 0.0 
28992.02 0.96 0.0 
30008.20 0.80 0.0 
30008.20 0.63 0.0 
30786.10 0.96 0.0 
30786.10 0.96 0.0 
30893.78 0.96 0.0 
30852.26 0.92 0.0 
30871.04 0.94 0.0 
30893.78 0.94 0.0 
31024.84 0.48 0.0 
30871.03 0.97 0.0 
30852.27 0.87 0.0 
31160.92 0.96 0.0 
31160.92 0.96 0.0 
32486.12 0.95 0.0 
32486.12 0.95 0.0 
32708.71 0.92 0.0 
32708.72 0.89 0.0 
35987.04 0.96 0.0 
35987.03 0.97 0.0 
36527.04 0.70 0.0 
46681.88 0.91 0.0 
46681.88 0.93 0.0 
46996.79 0.33 0.0 
47269.95 0.42 0.0 
52626.90 0.47 0.0 
53942.63 0.61 0.0 
53942.63 0.53 0.0 
56176.21 0.56 0.0 
56835.45 0.71 0.0 
58179.03 0.44 0.0 
60298.15 0.56 0.0 
60463.60 0.91 0.0 
60463.60 0.93 0.0 
60596.48 0.36 0.0 
61164.20 0.96 0.0 
61174.48 0.92 0.0 
61164.19 0.96 0.0 
61174.47 0.97 0.0 
61203.29 0.51 0.0 
62245.80 0.96 0.0 
62245.80 0.96 0.0 
64330.79 0.35 0.0 
64330.80 0.36 0.0 
64837.50 0.95 0.0 
64837.50 0.94 0.0 
65101.87 0.62 0.0 
67868.67 0.79 0.0 
67868.64 0.78 0.0 
67858.23 0.31 0.0 
70230.88 0.94 0.0 
70316.59 0.33 0.0 
70230.87 0.97 0.0 
70316.56 0.32 0.0 
70426.22 0.96 0.0 
70426.23 0.96 0.0 
71011.53 0.51 0.0 
71344.72 0.96 0.0 
71344.72 0.96 0.0 
71370.83 0.45 0.0 
72795.73 0.33 0.0 
72807.51 0.40 0.0 
74179.11 0.36 0.0 
74507.67 0.40 0.0 
75780.99 0.35 0.0 
75951.55 0.32 0.0 
75951.47 0.30 0.0 
76501.61 0.40 0.0 
76568.63 0.46 0.0 
78247.24 0.90 0.0 
78247.23 0.93 0.0 
79308.70 0.96 0.0 
79308.70 0.96 0.0 
79936.63 0.30 0.0 
83347.84 0.94 0.0 
83347.83 0.95 0.0 
84004.72 0.34 0.0 
85189.67 0.33 0.0 
85189.71 0.37 0.0 
