1275.80 0.79 0.0 
1274.60 0.44 0.0 
1275.80 0.31 0.0 
1537.76 0.86 0.0 
1539.00 0.31 0.0 
1672.68 0.42 0.0 
1672.71 0.45 0.0 
1713.65 0.98 0.0 
1713.65 0.99 0.0 
3247.15 0.91 0.0 
3247.15 0.91 0.0 
3834.00 0.97 0.0 
3834.00 0.98 0.0 
4178.41 0.81 0.0 
4079.78 0.97 0.0 
4178.40 0.87 0.0 
4538.31 0.98 0.0 
4538.31 0.99 0.0 
5924.04 0.60 0.0 
6162.64 0.48 0.0 
6162.65 0.81 0.0 
6697.28 0.55 0.0 
6852.89 0.39 0.0 
6747.93 0.36 0.0 
6960.08 0.82 0.0 
7241.01 0.97 0.0 
7317.45 0.99 0.0 
7241.02 0.98 0.0 
7317.45 0.98 0.0 
7507.54 0.98 0.0 
7507.54 0.99 0.0 
7441.32 0.96 0.0 
7652.06 0.97 0.0 
7663.41 0.41 0.0 
7550.16 0.98 0.0 
7550.16 0.99 0.0 
7441.31 0.98 0.0 
7652.06 0.97 0.0 
8173.21 0.41 0.0 
8392.96 0.82 0.0 
8392.93 0.39 0.0 
10824.88 0.47 0.0 
11967.88 0.54 0.0 
27928.43 0.53 0.0 
27928.44 0.70 0.0 
28526.80 0.98 0.0 
28526.80 0.98 0.0 
28655.34 0.96 0.0 
28625.19 0.99 0.0 
28625.19 0.99 0.0 
28655.33 0.98 0.0 
28990.76 0.97 0.0 
28990.76 0.98 0.0 
29369.21 0.39 0.0 
30006.92 0.93 0.0 
30006.93 0.91 0.0 
30784.84 0.98 0.0 
30784.84 0.98 0.0 
30892.52 0.98 0.0 
30851.00 0.94 0.0 
30892.51 0.98 0.0 
30746.24 0.67 0.0 
31023.56 0.89 0.0 
30869.76 0.99 0.0 
30851.01 0.72 0.0 
30869.76 0.36 0.0 
31159.67 0.98 0.0 
31159.67 0.98 0.0 
31820.53 0.32 0.0 
31825.63 0.62 0.0 
32484.85 0.98 0.0 
32484.85 0.98 0.0 
32707.45 0.97 0.0 
32707.46 0.98 0.0 
35985.76 0.98 0.0 
35985.76 0.98 0.0 
36525.77 0.66 0.0 
36525.75 0.63 0.0 
38425.17 0.42 0.0 
38425.29 0.52 0.0 
46680.64 0.96 0.0 
46680.63 0.93 0.0 
53941.40 0.75 0.0 
53941.37 0.88 0.0 
55531.37 0.33 0.0 
56818.39 0.81 0.0 
57978.16 0.49 0.0 
61163.16 0.76 0.0 
61174.04 0.57 0.0 
61163.20 0.68 0.0 
61173.35 0.42 0.0 
61174.01 0.32 0.0 
62245.32 0.75 0.0 
62245.28 0.78 0.0 
64258.47 0.79 0.0 
64258.48 0.78 0.0 
64836.23 0.98 0.0 
64836.23 0.98 0.0 
65503.88 0.60 0.0 
65862.23 0.32 0.0 
65951.64 0.72 0.0 
66888.07 0.40 0.0 
67017.71 0.62 0.0 
67647.20 0.40 0.0 
67468.67 0.31 0.0 
67867.42 0.92 0.0 
67867.41 0.93 0.0 
67857.12 0.53 0.0 
68228.83 0.42 0.0 
68518.64 0.68 0.0 
68638.24 0.84 0.0 
69252.52 0.74 0.0 
69252.51 0.57 0.0 
70229.64 0.99 0.0 
70305.12 0.91 0.0 
70309.41 0.32 0.0 
70229.64 0.95 0.0 
70425.00 0.99 0.0 
70425.01 0.37 0.0 
70321.43 0.38 0.0 
70545.96 0.32 0.0 
70545.96 0.83 0.0 
71264.16 0.48 0.0 
71343.66 0.95 0.0 
71343.66 0.96 0.0 
71562.87 0.52 0.0 
72122.28 0.53 0.0 
72490.85 0.39 0.0 
72944.47 0.72 0.0 
72838.23 0.59 0.0 
73122.92 0.78 0.0 
73331.55 0.35 0.0 
73600.29 0.35 0.0 
74988.56 0.41 0.0 
75609.93 0.55 0.0 
75896.57 0.51 0.0 
75950.48 0.57 0.0 
76021.28 0.41 0.0 
75950.43 0.60 0.0 
76567.59 0.56 0.0 
77744.84 0.62 0.0 
78014.41 0.80 0.0 
78014.39 0.84 0.0 
78245.98 0.96 0.0 
78245.96 0.94 0.0 
78646.23 0.47 0.0 
79307.44 0.98 0.0 
79307.43 0.98 0.0 
79851.73 0.63 0.0 
79851.76 0.74 0.0 
80697.15 0.56 0.0 
80928.52 0.57 0.0 
81200.64 0.69 0.0 
81122.09 0.37 0.0 
81673.03 0.68 0.0 
82722.00 0.37 0.0 
82722.04 0.65 0.0 
82842.72 0.46 0.0 
83347.14 0.98 0.0 
83347.14 0.99 0.0 
83336.43 0.65 0.0 
83457.41 0.52 0.0 
83307.43 0.37 0.0 
83657.64 0.51 0.0 
83818.59 0.81 0.0 
83879.43 0.59 0.0 
83879.39 0.33 0.0 
84003.52 0.74 0.0 
85186.32 0.30 0.0 
85186.28 0.83 0.0 
85874.13 0.35 0.0 
86009.37 0.38 0.0 
86308.32 0.81 0.0 
