3191.39 0.35 0.0 
3191.40 0.57 0.0 
5925.87 0.31 0.0 
11211.12 0.58 0.0 
11211.12 0.43 0.0 
15586.99 0.34 0.0 
21536.06 0.36 0.0 
21536.04 0.58 0.0 
22152.39 0.39 0.0 
28921.24 0.53 0.0 
29483.36 0.56 0.0 
29786.59 0.39 0.0 
29582.53 0.50 0.0 
30001.07 0.52 0.0 
30361.32 0.39 0.0 
30305.28 0.49 0.0 
30447.20 0.48 0.0 
32822.00 0.92 0.0 
33713.71 0.70 0.0 
33713.71 0.77 0.0 
34469.36 0.60 0.0 
34469.35 0.55 0.0 
35133.26 0.91 0.0 
35133.23 0.54 0.0 
36545.80 0.53 0.0 
38058.05 0.41 0.0 
42777.51 0.32 0.0 
46119.89 0.43 0.0 
46368.89 0.44 0.0 
46368.89 0.49 0.0 
47405.04 0.42 0.0 
53912.17 0.56 0.0 
55465.74 0.93 0.0 
55465.75 0.93 0.0 
58081.23 0.39 0.0 
62519.27 0.32 0.0 
62837.76 0.44 0.0 
62837.76 0.57 0.0 
66420.84 0.57 0.0 
69621.35 0.46 0.0 
70338.44 0.65 0.0 
70312.47 0.40 0.0 
73467.79 0.35 0.0 
73467.75 0.48 0.0 
78332.33 0.31 0.0 
79006.35 0.34 0.0 
79314.39 0.47 0.0 
79298.65 0.77 0.0 
79298.66 0.78 0.0 
81105.67 0.39 0.0 
84628.31 0.94 0.0 
84588.84 0.87 0.0 
84597.96 0.72 0.0 
84628.31 0.95 0.0 
84588.84 0.86 0.0 
85351.76 0.49 0.0 
85264.00 0.34 0.0 
