1963.99 0.30 0.0 
3042.32 0.35 0.0 
7527.88 0.33 0.0 
17890.88 0.36 0.0 
23669.53 0.32 0.0 
25318.31 0.31 0.0 
32492.95 0.30 0.0 
34258.55 0.81 0.0 
35399.21 0.30 0.0 
38440.21 0.41 0.0 
38440.16 0.37 0.0 
40464.79 0.44 0.0 
42899.51 0.54 0.0 
44114.08 0.75 0.0 
44307.13 0.54 0.0 
45430.17 0.81 0.0 
45839.21 0.37 0.0 
59128.43 0.57 0.0 
64277.05 0.65 0.0 
64277.01 0.42 0.0 
65278.39 0.62 0.0 
66434.57 0.36 0.0 
70431.51 0.36 0.0 
70431.48 0.89 0.0 
70794.40 0.42 0.0 
70794.37 0.67 0.0 
71279.31 0.42 0.0 
78027.03 0.37 0.0 
78027.07 0.52 0.0 
80333.32 0.70 0.0 
80333.29 0.36 0.0 
80741.34 0.81 0.0 
81491.20 0.34 0.0 
81974.19 0.71 0.0 
