493.49 0.70 0.0 
493.53 0.41 0.0 
2301.85 0.52 0.0 
2309.06 0.38 0.0 
2440.80 0.51 0.0 
2380.44 0.41 0.0 
2922.55 0.57 0.0 
3087.70 0.34 0.0 
3452.19 0.59 0.0 
3452.71 0.38 0.0 
3437.85 0.45 0.0 
3452.73 0.39 0.0 
3646.89 0.45 0.0 
3646.93 0.44 0.0 
3996.77 0.38 0.0 
4128.40 0.54 0.0 
4128.34 0.30 0.0 
4048.68 0.44 0.0 
4167.91 0.39 0.0 
4479.63 0.47 0.0 
4479.64 0.60 0.0 
4395.84 0.85 0.0 
4395.81 0.45 0.0 
4645.40 0.73 0.0 
4645.41 0.52 0.0 
5053.57 0.39 0.0 
5045.06 0.30 0.0 
5171.53 0.33 0.0 
5140.93 0.38 0.0 
5109.69 0.31 0.0 
5127.72 0.31 0.0 
5394.57 0.38 0.0 
5671.40 0.87 0.0 
5654.25 0.84 0.0 
5671.40 0.94 0.0 
5937.51 0.31 0.0 
5953.13 0.45 0.0 
5953.12 0.86 0.0 
6276.99 0.62 0.0 
6276.97 0.76 0.0 
6331.91 0.59 0.0 
6331.92 0.51 0.0 
6314.99 0.45 0.0 
6719.57 0.35 0.0 
6567.93 0.56 0.0 
6868.48 0.83 0.0 
6888.79 0.38 0.0 
6888.75 0.46 0.0 
7099.21 0.49 0.0 
7119.95 0.82 0.0 
7336.47 0.61 0.0 
7326.23 0.88 0.0 
7326.24 0.65 0.0 
7392.27 0.45 0.0 
7693.37 0.55 0.0 
8439.41 0.32 0.0 
8422.14 0.85 0.0 
8439.33 0.84 0.0 
8665.39 0.38 0.0 
8665.42 0.74 0.0 
8924.55 0.93 0.0 
9826.76 0.34 0.0 
9826.76 0.55 0.0 
9988.40 0.42 0.0 
10388.07 0.91 0.0 
10437.32 0.31 0.0 
10402.68 0.96 0.0 
10388.07 0.88 0.0 
10402.68 0.96 0.0 
10880.49 0.38 0.0 
11186.60 0.66 0.0 
11413.20 0.44 0.0 
11679.01 0.61 0.0 
11502.19 0.39 0.0 
11678.98 0.47 0.0 
11759.11 0.77 0.0 
12701.29 0.34 0.0 
13510.03 0.79 0.0 
13510.00 0.81 0.0 
13735.31 0.75 0.0 
13735.29 0.44 0.0 
13740.94 0.65 0.0 
13875.21 0.32 0.0 
14220.67 0.38 0.0 
14530.01 0.45 0.0 
14830.36 0.80 0.0 
14859.55 0.56 0.0 
14994.43 0.40 0.0 
14830.35 0.86 0.0 
15216.60 0.57 0.0 
15087.61 0.88 0.0 
15209.28 0.54 0.0 
15216.64 0.63 0.0 
15718.45 0.32 0.0 
16113.23 0.44 0.0 
15996.57 0.45 0.0 
16113.19 0.51 0.0 
16168.37 0.56 0.0 
17193.85 0.58 0.0 
17204.39 0.51 0.0 
17383.97 0.42 0.0 
17223.91 0.32 0.0 
17383.98 0.95 0.0 
17742.64 0.37 0.0 
18282.24 0.64 0.0 
18282.26 0.31 0.0 
18883.98 0.95 0.0 
18868.00 0.47 0.0 
18868.53 0.40 0.0 
18890.07 0.33 0.0 
19995.21 0.34 0.0 
20436.92 0.86 0.0 
20380.24 0.54 0.0 
20538.20 0.37 0.0 
20436.90 0.89 0.0 
20380.25 0.31 0.0 
20503.65 0.40 0.0 
21033.52 0.35 0.0 
23174.49 0.46 0.0 
23789.19 0.44 0.0 
24015.35 0.92 0.0 
24015.36 0.97 0.0 
25024.51 0.78 0.0 
25055.15 0.33 0.0 
25024.51 0.50 0.0 
25165.90 0.41 0.0 
25568.88 0.40 0.0 
25574.48 0.42 0.0 
25745.23 0.40 0.0 
25877.87 0.39 0.0 
25994.38 0.95 0.0 
26272.95 0.58 0.0 
26272.92 0.33 0.0 
26239.00 0.46 0.0 
27935.84 0.62 0.0 
27935.85 0.79 0.0 
28468.05 0.32 0.0 
28485.05 0.47 0.0 
29226.01 0.58 0.0 
29226.01 0.36 0.0 
29513.98 0.61 0.0 
29513.98 0.87 0.0 
29660.43 0.50 0.0 
29935.72 0.49 0.0 
30062.80 0.32 0.0 
30074.54 0.77 0.0 
30492.16 0.72 0.0 
30552.63 0.95 0.0 
30639.09 0.53 0.0 
30552.66 0.60 0.0 
30567.09 0.38 0.0 
31445.05 0.42 0.0 
31575.49 0.40 0.0 
32035.93 0.57 0.0 
33127.74 0.49 0.0 
33127.73 0.40 0.0 
33175.77 0.47 0.0 
33165.83 0.37 0.0 
33176.06 0.68 0.0 
34093.88 0.84 0.0 
34240.37 0.55 0.0 
34474.48 0.30 0.0 
34554.78 0.85 0.0 
34646.88 0.68 0.0 
34913.06 0.64 0.0 
34913.06 0.76 0.0 
35321.01 0.37 0.0 
35284.68 0.51 0.0 
35277.09 0.36 0.0 
35523.00 0.34 0.0 
35726.20 0.67 0.0 
35877.08 0.51 0.0 
35700.04 0.39 0.0 
35726.17 0.52 0.0 
35952.96 0.68 0.0 
35953.01 0.36 0.0 
36363.96 0.34 0.0 
36209.51 0.31 0.0 
36759.11 0.77 0.0 
36752.93 0.42 0.0 
36759.11 0.36 0.0 
36868.68 0.88 0.0 
36794.33 0.34 0.0 
36900.11 0.33 0.0 
37005.01 0.79 0.0 
37135.97 0.30 0.0 
37151.87 0.93 0.0 
37309.21 0.64 0.0 
37151.85 0.70 0.0 
39704.59 0.38 0.0 
39962.12 0.32 0.0 
41785.03 0.45 0.0 
44743.64 0.55 0.0 
46483.05 0.39 0.0 
47769.40 0.51 0.0 
48758.99 0.52 0.0 
49717.10 0.44 0.0 
49717.07 0.35 0.0 
50732.11 0.31 0.0 
50983.27 0.75 0.0 
50983.25 0.42 0.0 
51076.09 0.85 0.0 
54669.40 0.77 0.0 
56170.49 0.52 0.0 
56170.49 0.33 0.0 
56159.01 0.56 0.0 
56508.05 0.63 0.0 
56737.10 0.40 0.0 
58811.45 0.77 0.0 
58811.54 0.46 0.0 
59517.89 0.50 0.0 
61315.68 0.68 0.0 
62320.99 0.41 0.0 
64271.27 0.33 0.0 
64653.89 0.62 0.0 
64653.91 0.72 0.0 
65757.82 0.47 0.0 
65757.77 0.38 0.0 
67047.19 0.38 0.0 
70317.12 0.53 0.0 
70701.88 0.66 0.0 
71041.88 0.51 0.0 
71327.01 0.38 0.0 
71326.95 0.65 0.0 
71871.24 0.78 0.0 
71871.24 0.68 0.0 
72039.69 0.61 0.0 
72039.67 0.62 0.0 
72828.78 0.93 0.0 
72828.78 0.97 0.0 
73089.28 0.41 0.0 
73083.91 0.52 0.0 
73052.40 0.61 0.0 
73052.43 0.58 0.0 
73479.05 0.37 0.0 
73480.11 0.31 0.0 
73518.97 0.52 0.0 
73518.98 0.76 0.0 
74200.61 0.32 0.0 
74261.24 0.58 0.0 
75747.68 0.71 0.0 
75747.65 0.38 0.0 
75568.77 0.80 0.0 
75852.29 0.84 0.0 
76136.29 0.35 0.0 
76332.00 0.33 0.0 
76377.32 0.77 0.0 
76439.59 0.40 0.0 
76919.42 0.53 0.0 
76919.37 0.89 0.0 
78021.33 0.75 0.0 
78021.28 0.77 0.0 
78268.49 0.35 0.0 
78268.50 0.84 0.0 
79483.74 0.89 0.0 
79858.37 0.92 0.0 
79858.35 0.89 0.0 
80848.53 0.39 0.0 
81225.85 0.33 0.0 
81960.77 0.54 0.0 
82199.58 0.60 0.0 
82450.01 0.33 0.0 
82617.94 0.91 0.0 
82617.96 0.76 0.0 
83079.53 0.44 0.0 
83079.43 0.51 0.0 
83101.19 0.95 0.0 
83009.11 0.72 0.0 
83296.33 0.75 0.0 
83190.87 0.86 0.0 
83200.95 0.36 0.0 
83289.85 0.85 0.0 
83101.19 0.95 0.0 
83324.08 0.32 0.0 
83541.08 0.41 0.0 
83532.48 0.36 0.0 
83498.89 0.31 0.0 
83743.55 0.81 0.0 
83592.87 0.51 0.0 
83743.57 0.85 0.0 
84349.85 0.45 0.0 
84196.37 0.36 0.0 
86174.56 0.95 0.0 
