885.39 0.31 0.0 
903.97 0.37 0.0 
884.49 0.33 0.0 
2148.41 0.51 0.0 
6693.67 0.37 0.0 
6693.64 0.44 0.0 
7711.32 0.73 0.0 
8011.00 0.55 0.0 
8401.79 0.43 0.0 
8401.81 0.56 0.0 
8627.83 0.35 0.0 
11582.12 0.54 0.0 
11640.57 0.45 0.0 
13212.44 0.33 0.0 
14672.37 0.32 0.0 
14886.20 0.44 0.0 
14886.21 0.49 0.0 
15416.13 0.38 0.0 
17104.87 0.36 0.0 
21592.12 0.54 0.0 
21631.99 0.31 0.0 
22036.99 0.30 0.0 
21978.55 0.33 0.0 
22776.06 0.53 0.0 
25842.24 0.43 0.0 
26131.25 0.53 0.0 
31590.57 0.50 0.0 
32977.39 0.38 0.0 
33330.39 0.51 0.0 
33517.77 0.38 0.0 
33517.81 0.42 0.0 
34119.29 0.62 0.0 
34119.33 0.43 0.0 
39258.29 0.34 0.0 
39258.23 0.41 0.0 
41983.69 0.32 0.0 
44941.73 0.37 0.0 
49504.75 0.32 0.0 
50919.01 0.34 0.0 
51501.21 0.54 0.0 
51501.25 0.43 0.0 
52096.68 0.42 0.0 
52096.65 0.50 0.0 
52697.21 0.40 0.0 
54766.36 0.48 0.0 
55380.85 0.33 0.0 
56733.37 0.32 0.0 
60437.10 0.87 0.0 
60437.09 0.37 0.0 
61260.79 0.30 0.0 
62947.89 0.31 0.0 
63775.48 0.39 0.0 
65687.49 0.43 0.0 
65736.20 0.42 0.0 
66468.93 0.37 0.0 
66826.53 0.73 0.0 
67900.87 0.32 0.0 
70256.05 0.32 0.0 
70899.89 0.76 0.0 
70899.83 0.79 0.0 
72751.05 0.40 0.0 
73908.69 0.61 0.0 
74266.84 0.47 0.0 
74496.85 0.35 0.0 
74897.21 0.40 0.0 
77325.43 0.55 0.0 
77416.55 0.32 0.0 
77611.20 0.49 0.0 
77957.67 0.32 0.0 
77922.75 0.32 0.0 
78136.25 0.71 0.0 
78566.94 0.30 0.0 
78750.83 0.43 0.0 
79145.24 0.34 0.0 
80606.63 0.31 0.0 
81265.65 0.51 0.0 
84491.04 0.33 0.0 
84917.01 0.30 0.0 
85695.53 0.30 0.0 
