2312.73 0.75 0.0 
4406.29 0.33 0.0 
4786.29 0.45 0.0 
4993.07 0.37 0.0 
5177.62 0.39 0.0 
5322.31 0.32 0.0 
5751.29 0.39 0.0 
5730.48 0.44 0.0 
6128.81 0.40 0.0 
6411.52 0.75 0.0 
6411.51 0.30 0.0 
6648.29 0.59 0.0 
7361.21 0.40 0.0 
7361.21 0.51 0.0 
7365.39 0.48 0.0 
7610.22 0.78 0.0 
8386.81 0.43 0.0 
8505.89 0.52 0.0 
8931.77 0.49 0.0 
9460.21 0.38 0.0 
9869.81 0.40 0.0 
10052.79 0.36 0.0 
10341.55 0.30 0.0 
10363.07 0.42 0.0 
10858.97 0.38 0.0 
10962.91 0.34 0.0 
11779.03 0.34 0.0 
12818.75 0.41 0.0 
12792.07 0.53 0.0 
13409.53 0.30 0.0 
13820.89 0.53 0.0 
13820.89 0.57 0.0 
13825.01 0.37 0.0 
14038.79 0.40 0.0 
14038.81 0.44 0.0 
13968.60 0.38 0.0 
14121.75 0.41 0.0 
14106.35 0.38 0.0 
14284.39 0.32 0.0 
14331.15 0.39 0.0 
14487.61 0.34 0.0 
14749.55 0.39 0.0 
14734.25 0.50 0.0 
14738.63 0.92 0.0 
14734.29 0.48 0.0 
14738.64 0.75 0.0 
14749.56 0.52 0.0 
15489.29 0.31 0.0 
15489.27 0.32 0.0 
16288.93 0.31 0.0 
16487.41 0.69 0.0 
16689.83 0.33 0.0 
16689.87 0.30 0.0 
16737.13 0.30 0.0 
16951.49 0.55 0.0 
17370.51 0.45 0.0 
17664.77 0.39 0.0 
17761.51 0.33 0.0 
17862.85 0.48 0.0 
17805.82 0.54 0.0 
17923.83 0.46 0.0 
17931.23 0.36 0.0 
18007.08 0.40 0.0 
18122.80 0.34 0.0 
18122.82 0.81 0.0 
18485.55 0.31 0.0 
18493.83 0.53 0.0 
18398.31 0.34 0.0 
18398.40 0.45 0.0 
18607.37 0.56 0.0 
18613.55 0.71 0.0 
18810.55 0.31 0.0 
18787.47 0.37 0.0 
18793.57 0.30 0.0 
19330.00 0.40 0.0 
19333.21 0.65 0.0 
19412.31 0.32 0.0 
19425.12 0.67 0.0 
19387.27 0.36 0.0 
19468.28 0.61 0.0 
19562.57 0.53 0.0 
19470.56 0.45 0.0 
19562.56 0.72 0.0 
19566.96 0.36 0.0 
19645.86 0.88 0.0 
19645.87 0.86 0.0 
19831.03 0.35 0.0 
19958.75 0.33 0.0 
19985.96 0.68 0.0 
20004.39 0.32 0.0 
19962.49 0.36 0.0 
19985.99 0.43 0.0 
20115.44 0.75 0.0 
20137.25 0.32 0.0 
20137.21 0.48 0.0 
20248.28 0.58 0.0 
20343.49 0.33 0.0 
20639.91 0.65 0.0 
20815.85 0.35 0.0 
20815.79 0.37 0.0 
20828.15 0.33 0.0 
21418.03 0.36 0.0 
21781.63 0.68 0.0 
21781.63 0.79 0.0 
21793.67 0.61 0.0 
21840.93 0.39 0.0 
21862.79 0.50 0.0 
21966.69 0.51 0.0 
21902.98 0.63 0.0 
21902.99 0.60 0.0 
21966.66 0.89 0.0 
22113.15 0.33 0.0 
23744.98 0.80 0.0 
23793.61 0.55 0.0 
23807.13 0.55 0.0 
23807.13 0.67 0.0 
23818.47 0.30 0.0 
24085.89 0.92 0.0 
24085.89 0.84 0.0 
24146.25 0.34 0.0 
24135.41 0.41 0.0 
24146.24 0.77 0.0 
27936.01 0.55 0.0 
38442.47 0.30 0.0 
38442.43 0.38 0.0 
72667.44 0.55 0.0 
72931.43 0.31 0.0 
73049.88 0.55 0.0 
72989.17 0.63 0.0 
73049.91 0.56 0.0 
73106.31 0.50 0.0 
73195.85 0.60 0.0 
73195.83 0.45 0.0 
73106.27 0.49 0.0 
73319.13 0.95 0.0 
73469.80 0.68 0.0 
73568.63 0.56 0.0 
73477.71 0.37 0.0 
73650.46 0.77 0.0 
73877.95 0.42 0.0 
74114.91 0.36 0.0 
74247.49 0.34 0.0 
74363.57 0.49 0.0 
74400.87 0.45 0.0 
74648.39 0.43 0.0 
74559.65 0.55 0.0 
74559.61 0.49 0.0 
74569.27 0.40 0.0 
74648.40 0.38 0.0 
74869.90 0.89 0.0 
74869.88 0.78 0.0 
75089.72 0.71 0.0 
75092.82 0.64 0.0 
75068.41 0.42 0.0 
75174.03 0.41 0.0 
75291.11 0.31 0.0 
75884.39 0.40 0.0 
76006.93 0.53 0.0 
78028.15 0.34 0.0 
78096.51 0.31 0.0 
84689.41 0.55 0.0 
85999.28 0.62 0.0 
