41.25 0.30 0.0 
545.15 0.79 0.0 
404.24 0.38 0.0 
491.77 0.31 0.0 
823.49 0.31 0.0 
958.80 0.41 0.0 
3084.81 0.63 0.0 
3687.41 0.48 0.0 
4769.13 0.63 0.0 
5697.60 0.49 0.0 
6995.96 0.38 0.0 
7272.61 0.57 0.0 
7449.61 0.31 0.0 
7716.73 0.31 0.0 
8094.05 0.35 0.0 
8400.43 0.48 0.0 
8400.43 0.52 0.0 
9011.07 0.82 0.0 
9611.41 0.37 0.0 
9866.20 0.32 0.0 
10125.16 0.32 0.0 
10496.65 0.74 0.0 
10563.88 0.32 0.0 
11090.89 0.37 0.0 
12732.53 0.39 0.0 
14999.45 0.33 0.0 
17856.27 0.58 0.0 
18417.55 0.33 0.0 
20459.15 0.64 0.0 
21131.89 0.40 0.0 
21131.85 0.48 0.0 
22271.05 0.78 0.0 
23432.81 0.49 0.0 
24125.73 0.34 0.0 
24599.51 0.60 0.0 
24776.88 0.30 0.0 
24872.28 0.49 0.0 
25826.36 0.59 0.0 
26473.37 0.34 0.0 
28461.32 0.32 0.0 
29021.61 0.60 0.0 
29436.19 0.58 0.0 
29741.52 0.45 0.0 
30730.61 0.54 0.0 
30858.21 0.54 0.0 
31538.18 0.36 0.0 
32895.84 0.47 0.0 
33026.89 0.33 0.0 
33492.19 0.34 0.0 
33792.89 0.30 0.0 
33974.44 0.44 0.0 
34517.29 0.33 0.0 
35023.51 0.56 0.0 
35350.13 0.35 0.0 
37387.57 0.31 0.0 
39072.48 0.44 0.0 
39072.48 0.52 0.0 
39595.37 0.37 0.0 
39787.66 0.42 0.0 
40828.13 0.47 0.0 
41653.09 0.39 0.0 
42734.33 0.63 0.0 
43318.01 0.38 0.0 
45578.69 0.31 0.0 
48760.05 0.50 0.0 
49720.83 0.42 0.0 
50534.49 0.38 0.0 
50428.80 0.35 0.0 
51045.04 0.45 0.0 
51737.13 0.31 0.0 
52599.25 0.46 0.0 
53202.99 0.30 0.0 
53736.83 0.59 0.0 
53683.69 0.46 0.0 
54228.53 0.33 0.0 
54688.21 0.71 0.0 
56083.12 0.41 0.0 
56756.13 0.34 0.0 
58948.98 0.38 0.0 
60433.55 0.65 0.0 
60611.21 0.41 0.0 
60942.48 0.32 0.0 
60865.12 0.44 0.0 
61769.57 0.58 0.0 
62953.63 0.43 0.0 
63326.73 0.48 0.0 
64387.97 0.51 0.0 
65535.55 0.51 0.0 
66790.61 0.52 0.0 
66928.60 0.45 0.0 
68954.07 0.38 0.0 
70899.62 0.80 0.0 
70899.61 0.70 0.0 
71037.37 0.65 0.0 
73208.09 0.51 0.0 
78022.61 0.54 0.0 
78022.64 0.58 0.0 
78357.45 0.33 0.0 
78566.87 0.55 0.0 
79588.99 0.35 0.0 
82548.04 0.38 0.0 
83068.25 0.36 0.0 
84442.37 0.37 0.0 
86217.89 0.45 0.0 
