193.48 0.31 0.0 
670.17 0.36 0.0 
791.13 0.51 0.0 
1125.56 0.38 0.0 
1192.24 0.38 0.0 
1588.68 0.72 0.0 
1544.57 0.44 0.0 
1624.84 0.30 0.0 
1661.72 0.70 0.0 
1904.56 0.74 0.0 
1975.96 0.80 0.0 
2384.05 0.45 0.0 
2732.76 0.44 0.0 
3343.32 0.60 0.0 
3674.32 0.67 0.0 
3716.37 0.49 0.0 
3702.35 0.58 0.0 
4114.41 0.50 0.0 
4114.44 0.51 0.0 
4289.56 0.63 0.0 
4667.72 0.63 0.0 
4872.01 0.32 0.0 
5202.39 0.89 0.0 
5295.73 0.52 0.0 
5319.31 0.34 0.0 
6254.16 0.77 0.0 
6718.71 0.71 0.0 
6867.85 0.42 0.0 
7346.20 0.72 0.0 
7346.21 0.77 0.0 
7691.84 0.37 0.0 
8067.24 0.33 0.0 
8383.64 0.36 0.0 
8668.51 0.66 0.0 
8786.08 0.31 0.0 
8982.81 0.60 0.0 
9063.76 0.39 0.0 
9063.73 0.77 0.0 
9521.11 0.32 0.0 
9644.76 0.30 0.0 
9807.32 0.53 0.0 
9807.29 0.33 0.0 
9999.00 0.37 0.0 
10454.44 0.85 0.0 
10499.39 0.90 0.0 
10839.72 0.30 0.0 
10960.91 0.33 0.0 
12149.51 0.33 0.0 
12599.04 0.55 0.0 
13424.48 0.33 0.0 
14049.93 0.69 0.0 
14487.53 0.75 0.0 
14673.27 0.50 0.0 
15382.55 0.93 0.0 
15382.56 0.67 0.0 
16514.49 0.31 0.0 
17158.29 0.31 0.0 
17698.03 0.40 0.0 
18282.52 0.82 0.0 
18282.52 0.59 0.0 
19844.31 0.37 0.0 
20938.55 0.42 0.0 
22735.09 0.42 0.0 
25617.17 0.33 0.0 
27932.86 0.84 0.0 
27932.86 0.84 0.0 
33402.39 0.43 0.0 
33402.36 0.35 0.0 
36779.56 0.83 0.0 
37092.64 0.32 0.0 
37244.16 0.37 0.0 
38437.35 0.37 0.0 
39944.37 0.49 0.0 
43739.48 0.37 0.0 
46874.51 0.31 0.0 
47264.44 0.56 0.0 
51389.48 0.32 0.0 
52542.33 0.45 0.0 
53457.68 0.46 0.0 
53609.48 0.52 0.0 
54066.93 0.56 0.0 
54117.60 0.76 0.0 
54066.93 0.40 0.0 
55348.84 0.35 0.0 
56443.85 0.46 0.0 
56354.37 0.34 0.0 
57419.44 0.65 0.0 
57492.68 0.30 0.0 
58048.09 0.36 0.0 
58379.51 0.37 0.0 
59052.89 0.57 0.0 
60448.53 0.42 0.0 
63004.52 0.69 0.0 
63004.56 0.77 0.0 
64977.73 0.40 0.0 
68129.29 0.31 0.0 
69086.91 0.45 0.0 
69869.51 0.56 0.0 
70408.85 0.46 0.0 
71887.75 0.32 0.0 
71834.51 0.52 0.0 
73608.16 0.70 0.0 
73687.56 0.48 0.0 
73608.13 0.38 0.0 
73799.44 0.38 0.0 
74207.79 0.38 0.0 
74899.44 0.31 0.0 
75029.58 0.37 0.0 
75777.81 0.41 0.0 
76467.48 0.38 0.0 
78017.96 0.75 0.0 
78017.96 0.75 0.0 
79855.24 0.61 0.0 
79855.21 0.59 0.0 
81673.85 0.63 0.0 
82258.99 0.66 0.0 
82258.99 0.37 0.0 
83264.09 0.65 0.0 
83743.44 0.57 0.0 
84613.61 0.84 0.0 
84734.54 0.86 0.0 
86382.12 0.42 0.0 
