1192.64 0.45 0.0 
2084.91 0.31 0.0 
3994.17 0.34 0.0 
4037.15 0.31 0.0 
4115.77 0.75 0.0 
4668.33 0.79 0.0 
5299.43 0.47 0.0 
7142.43 0.33 0.0 
7346.87 0.87 0.0 
7346.86 0.93 0.0 
7595.31 0.31 0.0 
8067.22 0.76 0.0 
8067.20 0.46 0.0 
8595.55 0.33 0.0 
9065.47 0.34 0.0 
9647.23 0.44 0.0 
9807.99 0.59 0.0 
9807.99 0.31 0.0 
9995.03 0.37 0.0 
11400.73 0.51 0.0 
12121.55 0.36 0.0 
12727.27 0.31 0.0 
13595.03 0.33 0.0 
14796.03 0.40 0.0 
14897.33 0.33 0.0 
15142.13 0.48 0.0 
15142.15 0.70 0.0 
15384.44 0.60 0.0 
16797.57 0.55 0.0 
17796.03 0.30 0.0 
17851.63 0.31 0.0 
18283.37 0.39 0.0 
18996.05 0.50 0.0 
20795.92 0.41 0.0 
20795.95 0.45 0.0 
20939.87 0.48 0.0 
20941.41 0.57 0.0 
21570.99 0.31 0.0 
23589.09 0.37 0.0 
24395.09 0.31 0.0 
26017.31 0.36 0.0 
27171.76 0.37 0.0 
27938.82 0.67 0.0 
27938.82 0.64 0.0 
30995.81 0.30 0.0 
32435.86 0.65 0.0 
32473.89 0.38 0.0 
32473.87 0.45 0.0 
32476.25 0.35 0.0 
33044.25 0.31 0.0 
33404.59 0.57 0.0 
34159.55 0.37 0.0 
34835.77 0.40 0.0 
36119.57 0.48 0.0 
37594.23 0.32 0.0 
38441.07 0.34 0.0 
39830.20 0.49 0.0 
39918.43 0.42 0.0 
40178.43 0.33 0.0 
40797.33 0.34 0.0 
40929.35 0.31 0.0 
41431.53 0.37 0.0 
41796.03 0.32 0.0 
42404.55 0.30 0.0 
43234.87 0.34 0.0 
43709.33 0.59 0.0 
43953.73 0.36 0.0 
43953.71 0.37 0.0 
45395.67 0.46 0.0 
48396.09 0.48 0.0 
51389.58 0.40 0.0 
54394.97 0.35 0.0 
54656.40 0.50 0.0 
55124.15 0.34 0.0 
56796.07 0.32 0.0 
57396.03 0.45 0.0 
58738.79 0.60 0.0 
59238.95 0.40 0.0 
59796.07 0.37 0.0 
60996.07 0.35 0.0 
60996.09 0.37 0.0 
63996.09 0.31 0.0 
66095.01 0.31 0.0 
68195.58 0.32 0.0 
70404.25 0.38 0.0 
70404.23 0.38 0.0 
71954.45 0.44 0.0 
72395.51 0.33 0.0 
72395.47 0.32 0.0 
73596.05 0.39 0.0 
73596.01 0.37 0.0 
73688.23 0.54 0.0 
74098.77 0.48 0.0 
74219.31 0.34 0.0 
74900.51 0.40 0.0 
76593.67 0.32 0.0 
76593.71 0.35 0.0 
78025.47 0.30 0.0 
78091.65 0.30 0.0 
78393.11 0.46 0.0 
78393.11 0.35 0.0 
83035.68 0.37 0.0 
83796.03 0.41 0.0 
83796.05 0.38 0.0 
84996.05 0.32 0.0 
85355.83 0.35 0.0 
