2218.85 0.36 0.0 
4178.65 0.48 0.0 
4406.23 0.47 0.0 
5164.93 0.34 0.0 
5114.19 0.30 0.0 
5177.65 0.47 0.0 
5177.63 0.40 0.0 
5321.29 0.35 0.0 
5322.34 0.79 0.0 
5321.28 0.84 0.0 
5322.37 0.65 0.0 
5331.02 0.82 0.0 
5330.99 0.84 0.0 
5554.12 0.38 0.0 
5918.88 0.48 0.0 
6123.00 0.73 0.0 
6122.99 0.87 0.0 
6234.20 0.41 0.0 
6324.71 0.44 0.0 
6444.12 0.85 0.0 
6444.12 0.97 0.0 
6410.80 0.67 0.0 
6410.81 0.70 0.0 
6587.81 0.43 0.0 
6587.83 0.75 0.0 
6532.65 0.34 0.0 
7068.39 0.57 0.0 
7224.52 0.91 0.0 
7224.52 0.86 0.0 
7448.51 0.53 0.0 
7361.16 0.31 0.0 
7510.57 0.32 0.0 
8380.05 0.70 0.0 
8518.68 0.47 0.0 
8620.00 0.30 0.0 
8809.07 0.60 0.0 
8809.08 0.51 0.0 
9084.85 0.43 0.0 
9209.37 0.75 0.0 
9265.51 0.40 0.0 
9458.40 0.36 0.0 
9564.65 0.54 0.0 
9564.67 0.84 0.0 
9873.45 0.90 0.0 
9873.45 0.53 0.0 
10856.05 0.43 0.0 
11020.88 0.35 0.0 
11665.79 0.37 0.0 
12851.63 0.36 0.0 
13429.96 0.57 0.0 
13435.32 0.34 0.0 
13406.31 0.48 0.0 
13510.81 0.63 0.0 
13634.45 0.55 0.0 
13824.33 0.31 0.0 
13963.52 0.52 0.0 
13963.49 0.56 0.0 
14366.81 0.42 0.0 
14331.04 0.49 0.0 
14498.57 0.80 0.0 
14727.24 0.76 0.0 
14737.89 0.49 0.0 
14742.67 0.89 0.0 
14737.71 0.37 0.0 
14742.69 0.61 0.0 
15899.51 0.76 0.0 
16288.89 0.33 0.0 
16268.01 0.34 0.0 
16737.08 0.58 0.0 
17098.07 0.86 0.0 
17189.01 0.35 0.0 
17663.04 0.78 0.0 
17663.00 0.58 0.0 
17866.92 0.30 0.0 
17930.01 0.34 0.0 
18000.80 0.61 0.0 
18126.97 0.41 0.0 
18122.25 0.59 0.0 
18126.97 0.37 0.0 
18491.55 0.49 0.0 
18396.97 0.37 0.0 
18396.95 0.56 0.0 
18599.59 0.35 0.0 
18611.15 0.67 0.0 
18615.17 0.42 0.0 
18825.04 0.60 0.0 
18814.09 0.34 0.0 
18838.36 0.74 0.0 
18747.84 0.30 0.0 
18792.83 0.76 0.0 
19017.81 0.59 0.0 
19333.15 0.78 0.0 
19418.75 0.44 0.0 
19423.97 0.31 0.0 
19435.80 0.46 0.0 
19364.08 0.73 0.0 
19384.61 0.70 0.0 
19384.59 0.58 0.0 
19557.32 0.62 0.0 
19485.69 0.62 0.0 
19643.98 0.93 0.0 
19643.98 0.83 0.0 
19610.00 0.82 0.0 
19610.00 0.45 0.0 
19848.85 0.56 0.0 
19848.84 0.40 0.0 
19947.27 0.57 0.0 
20012.95 0.40 0.0 
19958.48 0.35 0.0 
19962.35 0.67 0.0 
19980.08 0.79 0.0 
19958.46 0.44 0.0 
19980.09 0.38 0.0 
20158.03 0.36 0.0 
20340.78 0.53 0.0 
20625.57 0.41 0.0 
20638.40 0.57 0.0 
20592.20 0.85 0.0 
20824.91 0.66 0.0 
20833.95 0.90 0.0 
20905.56 0.51 0.0 
21414.84 0.74 0.0 
21408.39 0.33 0.0 
21414.81 0.64 0.0 
21773.54 0.56 0.0 
21966.61 0.37 0.0 
21901.94 0.84 0.0 
21901.93 0.70 0.0 
22758.33 0.39 0.0 
22758.36 0.67 0.0 
22977.16 0.85 0.0 
23293.20 0.69 0.0 
23533.32 0.41 0.0 
23611.41 0.39 0.0 
23740.33 0.45 0.0 
23740.36 0.83 0.0 
23758.55 0.46 0.0 
24085.26 0.89 0.0 
24085.25 0.84 0.0 
24135.33 0.32 0.0 
24135.32 0.64 0.0 
24144.73 0.47 0.0 
24374.17 0.31 0.0 
27935.97 0.63 0.0 
34932.73 0.59 0.0 
35502.51 0.50 0.0 
37363.67 0.37 0.0 
38438.61 0.46 0.0 
38438.61 0.47 0.0 
42839.19 0.32 0.0 
47849.31 0.86 0.0 
53589.13 0.35 0.0 
61182.17 0.63 0.0 
67784.05 0.35 0.0 
72086.21 0.33 0.0 
72835.69 0.32 0.0 
72835.73 0.46 0.0 
72935.80 0.38 0.0 
72989.11 0.78 0.0 
73043.36 0.72 0.0 
73043.34 0.76 0.0 
73105.91 0.85 0.0 
73193.32 0.77 0.0 
73193.32 0.77 0.0 
73199.53 0.32 0.0 
73105.87 0.65 0.0 
73318.12 0.96 0.0 
73239.23 0.47 0.0 
73242.96 0.38 0.0 
73239.24 0.36 0.0 
73568.12 0.51 0.0 
73476.65 0.30 0.0 
73612.05 0.39 0.0 
73934.00 0.59 0.0 
73899.85 0.60 0.0 
73917.99 0.70 0.0 
73877.94 0.44 0.0 
74009.58 0.36 0.0 
74114.37 0.54 0.0 
74195.99 0.41 0.0 
74234.11 0.54 0.0 
74392.75 0.37 0.0 
74472.81 0.68 0.0 
74653.08 0.39 0.0 
74563.11 0.46 0.0 
74855.96 0.61 0.0 
74803.85 0.38 0.0 
75089.27 0.56 0.0 
75089.32 0.92 0.0 
75144.69 0.44 0.0 
75174.03 0.61 0.0 
75410.64 0.34 0.0 
76678.17 0.41 0.0 
78021.47 0.63 0.0 
78021.39 0.74 0.0 
79033.84 0.31 0.0 
79858.61 0.46 0.0 
