376.33 0.43 0.0 
3047.91 0.54 0.0 
3612.61 0.75 0.0 
3677.88 0.31 0.0 
4607.47 0.74 0.0 
4630.28 0.34 0.0 
4630.25 0.64 0.0 
4836.00 0.41 0.0 
5706.49 0.37 0.0 
6808.99 0.96 0.0 
6808.95 0.45 0.0 
7767.52 0.48 0.0 
8669.28 0.45 0.0 
8516.08 0.37 0.0 
9402.75 0.41 0.0 
9807.91 0.30 0.0 
11803.71 0.69 0.0 
12809.27 0.86 0.0 
16993.69 0.57 0.0 
17457.16 0.31 0.0 
21429.60 0.32 0.0 
21763.61 0.30 0.0 
23721.59 0.41 0.0 
25109.17 0.50 0.0 
25882.29 0.43 0.0 
25877.57 0.36 0.0 
27931.71 0.87 0.0 
27931.69 0.63 0.0 
30127.61 0.55 0.0 
31154.19 0.57 0.0 
32197.69 0.30 0.0 
33153.27 0.43 0.0 
45378.07 0.38 0.0 
45977.71 0.33 0.0 
47624.58 0.59 0.0 
48779.44 0.39 0.0 
50477.19 0.32 0.0 
53742.39 0.30 0.0 
54093.36 0.40 0.0 
54703.76 0.46 0.0 
59429.26 0.44 0.0 
59596.08 0.35 0.0 
59793.34 0.33 0.0 
59909.37 0.79 0.0 
60390.24 0.88 0.0 
60374.06 0.96 0.0 
61064.37 0.54 0.0 
61213.60 0.75 0.0 
61756.12 0.31 0.0 
61782.57 0.32 0.0 
61999.93 0.68 0.0 
61999.94 0.64 0.0 
62038.88 0.78 0.0 
62277.72 0.32 0.0 
64139.01 0.88 0.0 
64064.40 0.80 0.0 
64266.77 0.57 0.0 
64266.75 0.52 0.0 
64908.84 0.48 0.0 
65807.74 0.40 0.0 
65834.23 0.49 0.0 
66433.39 0.50 0.0 
67078.21 0.74 0.0 
69643.99 0.59 0.0 
69620.44 0.57 0.0 
69660.89 0.34 0.0 
69678.92 0.31 0.0 
69879.28 0.49 0.0 
69823.21 0.91 0.0 
69823.17 0.60 0.0 
71128.89 0.31 0.0 
71983.53 0.36 0.0 
71877.29 0.81 0.0 
72942.83 0.63 0.0 
73304.59 0.92 0.0 
74402.53 0.52 0.0 
74428.37 0.32 0.0 
74570.57 0.36 0.0 
74764.17 0.48 0.0 
74764.20 0.67 0.0 
75025.59 0.42 0.0 
77289.37 0.55 0.0 
77655.23 0.36 0.0 
78017.01 0.59 0.0 
78017.04 0.74 0.0 
78312.88 0.64 0.0 
78224.45 0.81 0.0 
78435.84 0.56 0.0 
78435.84 0.95 0.0 
78569.51 0.63 0.0 
78583.53 0.82 0.0 
79132.56 0.42 0.0 
79484.51 0.84 0.0 
79484.53 0.33 0.0 
79469.12 0.49 0.0 
79589.47 0.59 0.0 
79724.51 0.89 0.0 
79971.20 0.54 0.0 
81190.96 0.38 0.0 
81552.52 0.32 0.0 
81648.91 0.52 0.0 
81649.01 0.57 0.0 
81790.25 0.61 0.0 
82423.20 0.43 0.0 
83758.80 0.39 0.0 
83890.95 0.52 0.0 
83758.83 0.87 0.0 
83891.01 0.88 0.0 
85042.93 0.40 0.0 
85123.24 0.43 0.0 
85042.98 0.39 0.0 
85708.13 0.69 0.0 
