493.67 0.45 0.0 
540.45 0.57 0.0 
2305.61 0.39 0.0 
2281.51 0.34 0.0 
2305.61 0.37 0.0 
2313.83 0.49 0.0 
2385.52 0.66 0.0 
2767.91 0.36 0.0 
2767.87 0.41 0.0 
3454.20 0.83 0.0 
3454.19 0.55 0.0 
3646.99 0.42 0.0 
3693.35 0.36 0.0 
4396.44 0.64 0.0 
4396.43 0.32 0.0 
4651.24 0.74 0.0 
4651.23 0.71 0.0 
5049.17 0.31 0.0 
5049.16 0.35 0.0 
5071.13 0.54 0.0 
5117.82 0.39 0.0 
5394.61 0.33 0.0 
5671.81 0.54 0.0 
5679.68 0.50 0.0 
5671.83 0.73 0.0 
5686.27 0.88 0.0 
5956.85 0.52 0.0 
5956.89 0.71 0.0 
5962.87 0.58 0.0 
6280.08 0.79 0.0 
6226.77 0.36 0.0 
6083.09 0.32 0.0 
6280.08 0.89 0.0 
6482.95 0.36 0.0 
6461.71 0.41 0.0 
6317.27 0.45 0.0 
6608.45 0.47 0.0 
6461.72 0.68 0.0 
6530.37 0.36 0.0 
6563.39 0.63 0.0 
6893.32 0.63 0.0 
6893.31 0.73 0.0 
7336.87 0.71 0.0 
7230.67 0.72 0.0 
7330.15 0.31 0.0 
7182.84 0.68 0.0 
7921.08 0.32 0.0 
7921.07 0.30 0.0 
8422.87 0.37 0.0 
8422.85 0.75 0.0 
8440.33 0.39 0.0 
8777.88 0.85 0.0 
8777.85 0.51 0.0 
8884.19 0.49 0.0 
8970.99 0.66 0.0 
9871.24 0.76 0.0 
10437.37 0.76 0.0 
10389.60 0.78 0.0 
10437.35 0.45 0.0 
10405.00 0.87 0.0 
10488.53 0.49 0.0 
10382.19 0.35 0.0 
10389.60 0.62 0.0 
10405.00 0.88 0.0 
10883.11 0.36 0.0 
11416.89 0.57 0.0 
11710.55 0.34 0.0 
13426.62 0.80 0.0 
13512.72 0.78 0.0 
13512.72 0.60 0.0 
13737.05 0.32 0.0 
13743.13 0.45 0.0 
13740.98 0.80 0.0 
13748.11 0.33 0.0 
13876.10 0.72 0.0 
13876.10 0.71 0.0 
14145.43 0.61 0.0 
14145.34 0.73 0.0 
14667.11 0.33 0.0 
14584.31 0.80 0.0 
14596.83 0.39 0.0 
14832.80 0.84 0.0 
14859.59 0.54 0.0 
14839.36 0.64 0.0 
14996.65 0.36 0.0 
14832.80 0.81 0.0 
14839.39 0.61 0.0 
15087.64 0.84 0.0 
15221.46 0.79 0.0 
15221.48 0.79 0.0 
15693.59 0.55 0.0 
16123.05 0.51 0.0 
15991.16 0.62 0.0 
15999.98 0.63 0.0 
16148.21 0.54 0.0 
16169.60 0.34 0.0 
17179.01 0.68 0.0 
17199.60 0.52 0.0 
17179.01 0.48 0.0 
17269.19 0.50 0.0 
17220.47 0.34 0.0 
17384.25 0.43 0.0 
18884.72 0.66 0.0 
18679.60 0.40 0.0 
18883.97 0.48 0.0 
18892.79 0.44 0.0 
18892.81 0.48 0.0 
19998.88 0.49 0.0 
20440.07 0.55 0.0 
20381.03 0.42 0.0 
20540.29 0.59 0.0 
20440.09 0.46 0.0 
20506.61 0.55 0.0 
20540.29 0.38 0.0 
20381.03 0.53 0.0 
20499.81 0.46 0.0 
21033.55 0.72 0.0 
21033.53 0.54 0.0 
24017.05 0.64 0.0 
24017.08 0.62 0.0 
25025.64 0.76 0.0 
25055.31 0.32 0.0 
25025.63 0.78 0.0 
25306.55 0.42 0.0 
25300.35 0.55 0.0 
25568.90 0.42 0.0 
25568.88 0.65 0.0 
25747.20 0.74 0.0 
25747.22 0.79 0.0 
26235.44 0.92 0.0 
26235.43 0.61 0.0 
29226.16 0.30 0.0 
29514.02 0.42 0.0 
29667.17 0.57 0.0 
29667.13 0.48 0.0 
30070.96 0.57 0.0 
30392.50 0.51 0.0 
30552.61 0.35 0.0 
30680.03 0.72 0.0 
31575.51 0.57 0.0 
32039.75 0.34 0.0 
33164.05 0.32 0.0 
33170.20 0.76 0.0 
33176.19 0.61 0.0 
33170.20 0.84 0.0 
33176.21 0.39 0.0 
33180.49 0.48 0.0 
34157.79 0.33 0.0 
34637.40 0.67 0.0 
34913.19 0.37 0.0 
34913.23 0.32 0.0 
35524.20 0.66 0.0 
35727.09 0.47 0.0 
36001.40 0.68 0.0 
36712.63 0.31 0.0 
36916.73 0.32 0.0 
37036.76 0.30 0.0 
37152.59 0.39 0.0 
37151.94 0.31 0.0 
37439.83 0.33 0.0 
38406.83 0.61 0.0 
38406.81 0.41 0.0 
40368.07 0.38 0.0 
44791.52 0.47 0.0 
47896.15 0.68 0.0 
50983.29 0.32 0.0 
51076.15 0.48 0.0 
51076.83 0.31 0.0 
51076.90 0.48 0.0 
56176.87 0.44 0.0 
56172.23 0.52 0.0 
56190.59 0.37 0.0 
57812.13 0.46 0.0 
61174.06 0.37 0.0 
61169.83 0.68 0.0 
64696.41 0.52 0.0 
69541.35 0.72 0.0 
71042.45 0.47 0.0 
71328.07 0.67 0.0 
72211.83 0.37 0.0 
72348.69 0.49 0.0 
72840.59 0.60 0.0 
72833.69 0.37 0.0 
73089.27 0.72 0.0 
73058.69 0.54 0.0 
73058.71 0.52 0.0 
73480.15 0.34 0.0 
73531.32 0.62 0.0 
73520.64 0.72 0.0 
73520.63 0.64 0.0 
73953.56 0.43 0.0 
75951.15 0.39 0.0 
75930.92 0.80 0.0 
75930.91 0.35 0.0 
75901.86 0.77 0.0 
76919.59 0.34 0.0 
76966.80 0.69 0.0 
78030.93 0.38 0.0 
79483.99 0.38 0.0 
80895.94 0.82 0.0 
81226.52 0.85 0.0 
81226.52 0.81 0.0 
81964.23 0.48 0.0 
81964.23 0.42 0.0 
82619.74 0.56 0.0 
82619.71 0.40 0.0 
82638.09 0.56 0.0 
83083.51 0.55 0.0 
83027.79 0.51 0.0 
83035.55 0.35 0.0 
83108.87 0.61 0.0 
83299.07 0.54 0.0 
83194.67 0.61 0.0 
83296.35 0.36 0.0 
83299.07 0.43 0.0 
83108.87 0.72 0.0 
83401.51 0.31 0.0 
83325.59 0.52 0.0 
83542.33 0.60 0.0 
83506.45 0.44 0.0 
83752.48 0.52 0.0 
83752.49 0.59 0.0 
83595.02 0.82 0.0 
83987.44 0.68 0.0 
83987.47 0.33 0.0 
86220.60 0.87 0.0 
