360.47 0.32 0.0 
4425.41 0.32 0.0 
4937.11 0.34 0.0 
5010.39 0.48 0.0 
6499.55 0.31 0.0 
7227.48 0.31 0.0 
7561.29 0.46 0.0 
12375.09 0.40 0.0 
12511.41 0.40 0.0 
13260.97 0.59 0.0 
13635.50 0.53 0.0 
16980.59 0.42 0.0 
18976.29 0.39 0.0 
18847.39 0.32 0.0 
19224.15 0.47 0.0 
19065.36 0.39 0.0 
19392.55 0.34 0.0 
19281.55 0.31 0.0 
19392.55 0.42 0.0 
19463.83 0.38 0.0 
19444.83 0.31 0.0 
20180.11 0.43 0.0 
20317.31 0.30 0.0 
20408.99 0.32 0.0 
20581.36 0.45 0.0 
20409.09 0.61 0.0 
20853.52 0.57 0.0 
22102.59 0.39 0.0 
22239.80 0.41 0.0 
22571.85 0.45 0.0 
22571.89 0.30 0.0 
23119.39 0.31 0.0 
23268.29 0.41 0.0 
23268.27 0.40 0.0 
23731.04 0.48 0.0 
23862.16 0.32 0.0 
26475.31 0.33 0.0 
28016.09 0.73 0.0 
28016.08 0.67 0.0 
28410.37 0.55 0.0 
28647.93 0.39 0.0 
28549.80 0.31 0.0 
29065.73 0.44 0.0 
28912.88 0.46 0.0 
29065.75 0.37 0.0 
28912.89 0.50 0.0 
29320.77 0.34 0.0 
29320.73 0.45 0.0 
29149.07 0.31 0.0 
30285.49 0.44 0.0 
31530.17 0.32 0.0 
35430.09 0.33 0.0 
36163.75 0.53 0.0 
36354.95 0.64 0.0 
37321.20 0.42 0.0 
38371.14 0.63 0.0 
44971.34 0.34 0.0 
46666.79 0.33 0.0 
47402.97 0.54 0.0 
50055.24 0.33 0.0 
50115.49 0.79 0.0 
50325.64 0.33 0.0 
50793.12 0.39 0.0 
51231.47 0.37 0.0 
51946.11 0.48 0.0 
52981.28 0.48 0.0 
55920.43 0.33 0.0 
56745.35 0.42 0.0 
64290.87 0.34 0.0 
67080.75 0.47 0.0 
67769.29 0.31 0.0 
68265.49 0.41 0.0 
69780.11 0.30 0.0 
71161.15 0.31 0.0 
72541.05 0.57 0.0 
72842.09 0.44 0.0 
73189.15 0.45 0.0 
74206.51 0.39 0.0 
74010.77 0.33 0.0 
75015.48 0.33 0.0 
75766.19 0.37 0.0 
75825.49 0.34 0.0 
76125.19 0.34 0.0 
77310.91 0.41 0.0 
78102.39 0.45 0.0 
78102.41 0.55 0.0 
78826.51 0.62 0.0 
79545.11 0.50 0.0 
79683.67 0.41 0.0 
80655.33 0.36 0.0 
80898.33 0.46 0.0 
82458.59 0.39 0.0 
82620.32 0.48 0.0 
82785.48 0.47 0.0 
83041.71 0.32 0.0 
83867.31 0.31 0.0 
