394.25 0.37 0.0 
658.59 0.56 0.0 
1506.28 0.37 0.0 
1510.72 0.48 0.0 
2593.09 0.31 0.0 
2533.43 0.88 0.0 
4186.55 0.89 0.0 
4061.16 0.87 0.0 
4186.51 0.80 0.0 
6388.53 0.32 0.0 
8184.59 0.85 0.0 
10113.63 0.87 0.0 
11271.23 0.89 0.0 
11008.17 0.31 0.0 
11689.19 0.72 0.0 
11689.16 0.49 0.0 
12909.28 0.73 0.0 
13412.71 0.60 0.0 
13412.69 0.42 0.0 
13900.30 0.85 0.0 
14604.25 0.34 0.0 
15682.52 0.34 0.0 
16015.05 0.44 0.0 
16734.79 0.86 0.0 
16734.75 0.65 0.0 
17947.44 0.38 0.0 
18534.07 0.82 0.0 
18534.03 0.88 0.0 
19958.72 0.37 0.0 
22018.27 0.59 0.0 
22973.51 0.49 0.0 
22973.40 0.43 0.0 
26846.96 0.45 0.0 
27204.31 0.43 0.0 
30920.44 0.32 0.0 
31969.39 0.59 0.0 
34542.23 0.77 0.0 
35352.63 0.39 0.0 
35578.39 0.52 0.0 
37046.65 0.34 0.0 
36733.44 0.38 0.0 
39564.12 0.65 0.0 
40276.07 0.31 0.0 
44498.08 0.88 0.0 
48597.91 0.63 0.0 
48461.48 0.50 0.0 
49072.59 0.45 0.0 
49136.84 0.46 0.0 
50586.19 0.62 0.0 
53303.12 0.41 0.0 
53440.47 0.60 0.0 
53263.00 0.35 0.0 
54355.51 0.74 0.0 
54760.07 0.79 0.0 
54395.91 0.37 0.0 
55194.90 0.36 0.0 
56037.39 0.79 0.0 
57484.48 0.88 0.0 
58089.12 0.77 0.0 
60955.17 0.34 0.0 
60954.73 0.34 0.0 
61782.13 0.31 0.0 
64341.33 0.33 0.0 
64300.35 0.81 0.0 
67556.85 0.38 0.0 
73357.96 0.33 0.0 
78802.23 0.91 0.0 
80090.46 0.68 0.0 
80085.85 0.32 0.0 
80858.29 0.35 0.0 
82586.59 0.66 0.0 
82567.36 0.38 0.0 
83355.14 0.52 0.0 
84770.17 0.44 0.0 
85653.20 0.68 0.0 
86303.68 0.80 0.0 
