3458.03 0.53 0.0 
4018.71 0.93 0.0 
4036.48 0.53 0.0 
4036.39 0.33 0.0 
4018.72 0.82 0.0 
4677.13 0.49 0.0 
8443.41 0.34 0.0 
10976.84 0.91 0.0 
10976.84 0.77 0.0 
16433.68 0.30 0.0 
17278.92 0.43 0.0 
18178.91 0.55 0.0 
27419.28 0.44 0.0 
30614.51 0.30 0.0 
31842.07 0.42 0.0 
33937.76 0.49 0.0 
34469.29 0.40 0.0 
39716.59 0.37 0.0 
40240.69 0.33 0.0 
40132.96 0.33 0.0 
41429.24 0.67 0.0 
45929.41 0.34 0.0 
52490.00 0.51 0.0 
52490.00 0.76 0.0 
65309.05 0.34 0.0 
72135.33 0.32 0.0 
72654.95 0.34 0.0 
74937.08 0.51 0.0 
78491.67 0.38 0.0 
81702.56 0.66 0.0 
84568.09 0.34 0.0 
85898.17 0.64 0.0 
85898.16 0.43 0.0 
