4056.59 0.38 0.0 
4650.48 0.36 0.0 
5984.04 0.45 0.0 
7438.96 0.58 0.0 
9060.63 0.31 0.0 
10453.68 0.69 0.0 
13587.83 0.52 0.0 
14332.41 0.31 0.0 
14332.45 0.34 0.0 
16776.56 0.32 0.0 
17051.93 0.46 0.0 
18567.03 0.40 0.0 
18608.76 0.62 0.0 
18403.32 0.63 0.0 
20097.29 0.32 0.0 
22747.19 0.40 0.0 
23772.47 0.33 0.0 
24476.00 0.87 0.0 
24715.91 0.37 0.0 
24757.63 0.33 0.0 
26228.95 0.72 0.0 
26587.44 0.52 0.0 
27236.96 0.30 0.0 
30748.41 0.33 0.0 
30238.55 0.38 0.0 
30235.15 0.43 0.0 
30280.28 0.69 0.0 
31376.48 0.88 0.0 
31769.48 0.69 0.0 
31418.48 0.79 0.0 
32966.04 0.41 0.0 
51117.49 0.39 0.0 
52274.24 0.34 0.0 
52588.24 0.41 0.0 
53549.37 0.66 0.0 
53159.36 0.45 0.0 
57582.84 0.32 0.0 
78722.89 0.59 0.0 
