5024.04 0.90 0.0 
5255.47 0.35 0.0 
6208.72 0.51 0.0 
5533.64 0.52 0.0 
7257.09 0.36 0.0 
7379.24 0.37 0.0 
7889.48 0.54 0.0 
7574.56 0.45 0.0 
9928.16 0.59 0.0 
10828.21 0.43 0.0 
11844.14 0.85 0.0 
12103.96 0.34 0.0 
11787.49 0.59 0.0 
13138.88 0.86 0.0 
12928.87 0.49 0.0 
13108.05 0.38 0.0 
13798.45 0.49 0.0 
14307.64 0.86 0.0 
15749.03 0.46 0.0 
17864.41 0.33 0.0 
18716.22 0.91 0.0 
20654.57 0.56 0.0 
22649.53 0.43 0.0 
23923.93 0.47 0.0 
28701.88 0.33 0.0 
29578.05 0.32 0.0 
29069.59 0.49 0.0 
29985.92 0.46 0.0 
30507.89 0.75 0.0 
31343.21 0.42 0.0 
34379.12 0.62 0.0 
34300.32 0.80 0.0 
34300.31 0.82 0.0 
39059.32 0.71 0.0 
39914.28 0.50 0.0 
41050.21 0.32 0.0 
41050.17 0.45 0.0 
42839.21 0.32 0.0 
44172.45 0.33 0.0 
45748.79 0.58 0.0 
46647.44 0.49 0.0 
48632.91 0.79 0.0 
48627.29 0.55 0.0 
48632.91 0.83 0.0 
49452.28 0.34 0.0 
55109.51 0.35 0.0 
56204.20 0.87 0.0 
56538.00 0.54 0.0 
58499.57 0.70 0.0 
58299.92 0.49 0.0 
59939.52 0.61 0.0 
60933.80 0.61 0.0 
60225.33 0.46 0.0 
61183.89 0.50 0.0 
60628.19 0.63 0.0 
65819.16 0.37 0.0 
66088.25 0.38 0.0 
68112.03 0.94 0.0 
68112.04 0.85 0.0 
71712.48 0.34 0.0 
72603.40 0.95 0.0 
72603.40 0.97 0.0 
74440.84 0.31 0.0 
76137.39 0.89 0.0 
76993.25 0.41 0.0 
77668.64 0.41 0.0 
79498.20 0.30 0.0 
81403.41 0.37 0.0 
81642.32 0.80 0.0 
81969.24 0.31 0.0 
82843.25 0.77 0.0 
84061.72 0.64 0.0 
83759.44 0.76 0.0 
84958.85 0.34 0.0 
85920.88 0.89 0.0 
