437.69 0.31 0.0 
424.09 0.41 0.0 
1549.44 0.32 0.0 
1910.92 0.69 0.0 
1910.95 0.64 0.0 
1920.01 0.56 0.0 
1953.80 0.32 0.0 
2539.35 0.31 0.0 
2539.35 0.39 0.0 
2790.11 0.44 0.0 
2858.88 0.68 0.0 
3053.24 0.53 0.0 
3198.53 0.35 0.0 
3399.07 0.32 0.0 
3642.99 0.30 0.0 
4151.15 0.36 0.0 
4439.21 0.55 0.0 
4359.23 0.41 0.0 
4632.45 0.35 0.0 
4632.43 0.50 0.0 
4715.83 0.73 0.0 
4715.80 0.65 0.0 
4994.64 0.49 0.0 
5168.68 0.66 0.0 
5168.67 0.47 0.0 
5509.59 0.40 0.0 
6111.53 0.37 0.0 
6801.95 0.33 0.0 
6808.47 0.41 0.0 
6729.29 0.35 0.0 
7134.24 0.34 0.0 
7613.51 0.35 0.0 
7588.48 0.47 0.0 
7709.53 0.34 0.0 
7832.64 0.60 0.0 
8216.91 0.51 0.0 
8480.87 0.39 0.0 
8489.31 0.52 0.0 
8480.90 0.62 0.0 
8851.05 0.54 0.0 
8851.05 0.39 0.0 
9184.27 0.34 0.0 
9120.73 0.50 0.0 
9431.74 0.54 0.0 
9620.97 0.57 0.0 
9696.31 0.51 0.0 
9771.99 0.42 0.0 
9772.11 0.36 0.0 
10124.39 0.33 0.0 
10415.31 0.30 0.0 
11312.16 0.37 0.0 
11397.38 0.51 0.0 
11397.39 0.53 0.0 
11312.19 0.38 0.0 
11607.32 0.71 0.0 
12818.29 0.64 0.0 
13364.18 0.35 0.0 
13478.05 0.43 0.0 
13780.66 0.77 0.0 
13605.87 0.39 0.0 
13780.67 0.67 0.0 
13910.15 0.40 0.0 
14116.39 0.42 0.0 
15089.84 0.74 0.0 
15112.65 0.51 0.0 
15212.03 0.59 0.0 
15212.63 0.72 0.0 
15292.37 0.32 0.0 
15623.87 0.35 0.0 
15623.83 0.47 0.0 
15810.59 0.37 0.0 
15779.57 0.38 0.0 
15779.63 0.38 0.0 
15956.15 0.44 0.0 
15996.97 0.56 0.0 
15898.89 0.35 0.0 
16106.71 0.42 0.0 
15996.97 0.83 0.0 
16251.95 0.35 0.0 
16541.87 0.30 0.0 
17375.80 0.58 0.0 
17877.17 0.56 0.0 
18405.51 0.36 0.0 
19294.23 0.41 0.0 
19504.91 0.38 0.0 
19504.84 0.70 0.0 
19643.21 0.31 0.0 
19723.45 0.39 0.0 
19862.96 0.66 0.0 
20269.09 0.46 0.0 
20510.08 0.51 0.0 
20536.85 0.39 0.0 
20536.85 0.43 0.0 
20814.00 0.42 0.0 
20999.91 0.46 0.0 
21472.73 0.32 0.0 
21472.69 0.39 0.0 
21785.09 0.32 0.0 
21841.35 0.48 0.0 
22091.97 0.50 0.0 
22091.99 0.41 0.0 
22273.07 0.34 0.0 
22377.24 0.46 0.0 
22556.11 0.52 0.0 
22655.23 0.38 0.0 
22459.87 0.37 0.0 
22714.59 0.33 0.0 
23427.49 0.40 0.0 
23956.41 0.66 0.0 
23956.39 0.43 0.0 
24352.11 0.31 0.0 
24735.76 0.84 0.0 
24735.77 0.38 0.0 
24974.60 0.63 0.0 
25046.85 0.61 0.0 
25046.87 0.50 0.0 
24974.59 0.60 0.0 
25221.57 0.59 0.0 
25244.05 0.71 0.0 
25422.56 0.47 0.0 
25325.61 0.43 0.0 
25422.56 0.33 0.0 
25402.03 0.33 0.0 
25221.61 0.72 0.0 
25429.39 0.37 0.0 
25325.64 0.40 0.0 
25936.21 0.42 0.0 
26074.53 0.42 0.0 
25936.23 0.38 0.0 
26208.09 0.44 0.0 
26649.17 0.81 0.0 
26871.35 0.55 0.0 
26649.19 0.37 0.0 
26871.32 0.84 0.0 
27271.73 0.65 0.0 
27468.27 0.34 0.0 
27468.24 0.35 0.0 
28053.07 0.51 0.0 
28101.43 0.30 0.0 
28472.92 0.45 0.0 
28556.29 0.47 0.0 
29134.23 0.40 0.0 
29134.16 0.50 0.0 
29558.35 0.62 0.0 
30151.19 0.33 0.0 
30134.91 0.40 0.0 
30134.84 0.37 0.0 
30151.19 0.35 0.0 
30448.07 0.40 0.0 
30241.45 0.50 0.0 
30493.85 0.32 0.0 
30858.48 0.72 0.0 
30922.37 0.37 0.0 
30751.79 0.30 0.0 
31682.51 0.49 0.0 
31983.63 0.31 0.0 
31966.87 0.48 0.0 
32085.79 0.43 0.0 
32416.87 0.36 0.0 
32623.42 0.53 0.0 
32529.80 0.52 0.0 
32657.51 0.70 0.0 
33241.35 0.30 0.0 
33661.19 0.42 0.0 
33790.28 0.38 0.0 
33894.28 0.40 0.0 
34050.50 0.59 0.0 
34043.95 0.30 0.0 
34062.91 0.34 0.0 
34192.32 0.90 0.0 
34157.99 0.33 0.0 
34192.32 0.86 0.0 
34906.17 0.56 0.0 
34906.13 0.58 0.0 
35380.05 0.36 0.0 
35542.11 0.33 0.0 
35514.93 0.34 0.0 
35868.63 0.52 0.0 
35781.64 0.62 0.0 
35868.61 0.43 0.0 
35800.66 0.33 0.0 
36199.59 0.33 0.0 
36199.55 0.40 0.0 
36835.18 0.38 0.0 
37704.71 0.35 0.0 
37683.79 0.38 0.0 
37889.87 0.37 0.0 
37889.81 0.60 0.0 
37683.81 0.61 0.0 
37937.89 0.35 0.0 
38485.07 0.47 0.0 
38485.05 0.56 0.0 
38644.39 0.32 0.0 
38686.19 0.37 0.0 
38997.51 0.54 0.0 
38644.39 0.42 0.0 
39195.95 0.33 0.0 
39173.95 0.47 0.0 
39698.68 0.65 0.0 
39698.65 0.63 0.0 
39628.57 0.48 0.0 
39914.04 0.36 0.0 
40216.41 0.65 0.0 
40327.41 0.79 0.0 
40527.95 0.41 0.0 
40327.40 0.73 0.0 
40916.95 0.45 0.0 
40725.15 0.44 0.0 
41522.69 0.34 0.0 
42020.31 0.42 0.0 
42069.39 0.39 0.0 
43045.37 0.53 0.0 
42872.09 0.53 0.0 
43150.43 0.33 0.0 
42843.57 0.34 0.0 
43150.47 0.58 0.0 
43278.19 0.39 0.0 
43285.75 0.31 0.0 
43111.48 0.75 0.0 
43125.67 0.31 0.0 
43338.95 0.32 0.0 
43244.28 0.42 0.0 
43729.20 0.71 0.0 
43901.77 0.32 0.0 
43845.53 0.47 0.0 
43729.17 0.73 0.0 
44045.67 0.32 0.0 
44052.27 0.59 0.0 
43930.48 0.38 0.0 
44052.27 0.49 0.0 
44061.21 0.46 0.0 
44518.07 0.41 0.0 
44531.15 0.48 0.0 
44581.05 0.32 0.0 
44591.42 0.79 0.0 
44591.42 0.80 0.0 
44779.43 0.32 0.0 
44839.71 0.42 0.0 
45093.81 0.47 0.0 
45093.81 0.53 0.0 
45415.50 0.33 0.0 
45548.35 0.35 0.0 
45657.23 0.41 0.0 
47876.19 0.31 0.0 
47950.19 0.34 0.0 
47925.14 0.47 0.0 
48228.77 0.38 0.0 
48238.64 0.82 0.0 
48135.81 0.41 0.0 
48228.69 0.36 0.0 
48658.87 0.31 0.0 
49055.99 0.64 0.0 
49423.95 0.40 0.0 
49503.23 0.35 0.0 
49751.15 0.35 0.0 
50349.26 0.51 0.0 
50489.65 0.43 0.0 
50480.07 0.30 0.0 
50934.45 0.39 0.0 
51387.43 0.40 0.0 
51672.45 0.60 0.0 
51761.91 0.33 0.0 
51933.62 0.34 0.0 
52178.85 0.59 0.0 
52178.85 0.72 0.0 
53206.97 0.32 0.0 
53815.57 0.53 0.0 
53815.57 0.57 0.0 
54497.34 0.45 0.0 
54549.83 0.42 0.0 
54805.77 0.59 0.0 
54917.20 0.52 0.0 
55049.91 0.37 0.0 
54846.51 0.36 0.0 
55218.31 0.38 0.0 
55658.93 0.50 0.0 
55606.19 0.41 0.0 
55877.95 0.45 0.0 
55877.99 0.32 0.0 
56701.39 0.54 0.0 
56534.66 0.56 0.0 
56911.66 0.40 0.0 
57149.85 0.62 0.0 
57048.60 0.40 0.0 
57384.81 0.48 0.0 
57567.43 0.33 0.0 
57384.82 0.89 0.0 
57655.77 0.32 0.0 
57915.97 0.35 0.0 
57913.93 0.47 0.0 
57746.99 0.30 0.0 
58113.53 0.37 0.0 
58247.85 0.54 0.0 
58113.53 0.44 0.0 
58238.52 0.35 0.0 
58844.13 0.33 0.0 
58917.23 0.33 0.0 
59229.79 0.33 0.0 
59247.29 0.47 0.0 
59315.39 0.35 0.0 
59456.69 0.56 0.0 
59315.41 0.50 0.0 
60440.60 0.49 0.0 
60440.59 0.35 0.0 
60519.79 0.47 0.0 
60597.17 0.55 0.0 
60638.39 0.37 0.0 
61366.61 0.83 0.0 
61561.59 0.35 0.0 
61795.89 0.49 0.0 
61730.21 0.49 0.0 
61736.09 0.48 0.0 
61795.80 0.37 0.0 
61561.67 0.30 0.0 
62351.18 0.38 0.0 
62436.89 0.40 0.0 
63383.01 0.33 0.0 
63146.93 0.47 0.0 
63550.99 0.38 0.0 
63581.92 0.44 0.0 
63581.92 0.47 0.0 
63649.15 0.49 0.0 
63735.92 0.34 0.0 
63890.07 0.33 0.0 
63890.03 0.38 0.0 
64274.47 0.38 0.0 
64274.53 0.49 0.0 
64519.91 0.51 0.0 
64530.71 0.40 0.0 
65479.87 0.42 0.0 
65688.15 0.41 0.0 
65902.37 0.32 0.0 
65801.91 0.34 0.0 
66546.99 0.37 0.0 
66546.99 0.37 0.0 
67489.53 0.46 0.0 
67489.47 0.30 0.0 
67904.22 0.44 0.0 
68351.23 0.35 0.0 
68147.97 0.62 0.0 
68442.07 0.33 0.0 
69102.17 0.36 0.0 
69216.73 0.44 0.0 
69625.25 0.32 0.0 
69640.75 0.38 0.0 
69933.61 0.39 0.0 
69895.63 0.35 0.0 
70348.32 0.46 0.0 
70239.97 0.52 0.0 
70751.21 0.48 0.0 
70619.97 0.58 0.0 
70982.85 0.34 0.0 
70968.59 0.58 0.0 
71239.39 0.31 0.0 
71188.64 0.42 0.0 
70968.57 0.50 0.0 
70982.83 0.34 0.0 
71347.45 0.77 0.0 
71278.25 0.35 0.0 
71347.41 0.62 0.0 
71950.92 0.38 0.0 
72084.51 0.41 0.0 
71917.43 0.31 0.0 
72174.47 0.32 0.0 
72242.95 0.33 0.0 
72630.39 0.47 0.0 
73025.29 0.81 0.0 
72831.29 0.48 0.0 
72967.39 0.41 0.0 
73025.23 0.50 0.0 
73530.39 0.31 0.0 
73635.51 0.34 0.0 
73530.41 0.34 0.0 
73741.60 0.35 0.0 
73713.20 0.66 0.0 
73563.41 0.34 0.0 
73844.15 0.50 0.0 
73713.21 0.44 0.0 
73996.67 0.40 0.0 
73741.59 0.35 0.0 
74073.51 0.43 0.0 
74247.07 0.30 0.0 
74073.43 0.36 0.0 
74447.83 0.32 0.0 
74686.83 0.30 0.0 
75215.51 0.32 0.0 
75215.51 0.41 0.0 
75631.53 0.46 0.0 
76061.65 0.57 0.0 
76022.27 0.36 0.0 
76149.77 0.38 0.0 
76061.60 0.42 0.0 
76299.69 0.37 0.0 
76771.47 0.31 0.0 
77314.65 0.44 0.0 
77724.32 0.33 0.0 
77782.96 0.30 0.0 
77783.23 0.31 0.0 
78078.85 0.34 0.0 
78310.35 0.33 0.0 
78135.53 0.73 0.0 
78556.67 0.34 0.0 
78364.01 0.40 0.0 
78859.09 0.57 0.0 
78650.35 0.31 0.0 
78845.57 0.35 0.0 
78859.11 0.54 0.0 
79009.55 0.32 0.0 
79317.33 0.42 0.0 
79372.63 0.39 0.0 
79896.09 0.37 0.0 
80744.37 0.63 0.0 
80548.60 0.57 0.0 
80763.23 0.46 0.0 
81184.97 0.32 0.0 
81944.66 0.72 0.0 
81944.63 0.43 0.0 
82072.03 0.36 0.0 
82603.52 0.47 0.0 
82443.44 0.37 0.0 
82443.46 0.68 0.0 
82824.07 0.43 0.0 
82854.05 0.52 0.0 
83605.35 0.35 0.0 
83709.47 0.36 0.0 
83863.99 0.52 0.0 
84228.33 0.42 0.0 
84414.16 0.55 0.0 
84702.41 0.48 0.0 
84979.17 0.40 0.0 
85148.27 0.39 0.0 
84955.89 0.35 0.0 
84964.11 0.44 0.0 
84979.13 0.34 0.0 
85546.51 0.31 0.0 
85591.77 0.37 0.0 
85563.87 0.31 0.0 
86015.49 0.35 0.0 
86359.14 0.90 0.0 
86359.14 0.88 0.0 
86161.71 0.32 0.0 
86161.73 0.58 0.0 
