507.65 0.43 0.0 
516.01 0.45 0.0 
2000.67 0.34 0.0 
3363.23 0.34 0.0 
3206.59 0.65 0.0 
3878.80 0.68 0.0 
4556.08 0.33 0.0 
6871.12 0.56 0.0 
9935.39 0.32 0.0 
9230.83 0.33 0.0 
11074.27 0.30 0.0 
13321.01 0.59 0.0 
14116.00 0.52 0.0 
17152.89 0.40 0.0 
17152.93 0.33 0.0 
19070.51 0.33 0.0 
20477.83 0.42 0.0 
23300.39 0.32 0.0 
24675.59 0.38 0.0 
26762.33 0.46 0.0 
27996.93 0.64 0.0 
27996.92 0.51 0.0 
28261.67 0.42 0.0 
28864.85 0.37 0.0 
30024.37 0.32 0.0 
30397.12 0.42 0.0 
30397.17 0.41 0.0 
35702.39 0.44 0.0 
37864.55 0.51 0.0 
41552.39 0.46 0.0 
45320.61 0.35 0.0 
47940.53 0.53 0.0 
55184.73 0.60 0.0 
55622.53 0.31 0.0 
57360.45 0.55 0.0 
56989.81 0.52 0.0 
59265.47 0.30 0.0 
60241.91 0.76 0.0 
60615.75 0.36 0.0 
60797.60 0.32 0.0 
60238.24 0.48 0.0 
63121.43 0.32 0.0 
65267.73 0.52 0.0 
66443.56 0.49 0.0 
66443.57 0.32 0.0 
67725.65 0.43 0.0 
68972.63 0.34 0.0 
70366.01 0.69 0.0 
70715.25 0.48 0.0 
71340.88 0.46 0.0 
71895.74 0.40 0.0 
72572.40 0.46 0.0 
73125.49 0.40 0.0 
73406.29 0.92 0.0 
73406.29 0.92 0.0 
73940.25 0.32 0.0 
74102.45 0.45 0.0 
74856.80 0.48 0.0 
75376.19 0.71 0.0 
75376.20 0.51 0.0 
77974.04 0.55 0.0 
79415.03 0.35 0.0 
80396.47 0.31 0.0 
81184.79 0.43 0.0 
81855.49 0.47 0.0 
82007.79 0.39 0.0 
82151.15 0.33 0.0 
83272.59 0.30 0.0 
83357.63 0.31 0.0 
83272.56 0.48 0.0 
83857.59 0.38 0.0 
85151.05 0.33 0.0 
85633.39 0.36 0.0 
