406.53 0.68 0.0 
410.92 0.83 0.0 
3010.33 0.52 0.0 
4075.67 0.44 0.0 
4423.16 0.85 0.0 
4080.39 0.59 0.0 
4423.15 0.63 0.0 
5177.88 0.39 0.0 
5705.19 0.60 0.0 
5791.69 0.64 0.0 
5662.33 0.59 0.0 
7261.67 0.53 0.0 
7391.23 0.34 0.0 
8014.03 0.30 0.0 
9033.85 0.42 0.0 
9033.85 0.54 0.0 
9789.70 0.84 0.0 
9789.70 0.85 0.0 
11461.83 0.45 0.0 
11300.71 0.55 0.0 
11446.35 0.30 0.0 
11971.87 0.35 0.0 
11947.03 0.41 0.0 
12999.67 0.34 0.0 
13756.37 0.56 0.0 
13761.01 0.36 0.0 
13712.79 0.39 0.0 
13859.71 0.89 0.0 
13800.77 0.34 0.0 
13893.27 0.33 0.0 
14191.46 0.60 0.0 
14273.36 0.30 0.0 
14590.19 0.46 0.0 
14273.40 0.78 0.0 
14279.93 0.33 0.0 
14524.57 0.58 0.0 
14630.11 0.34 0.0 
14885.91 0.38 0.0 
14590.15 0.36 0.0 
17703.67 0.50 0.0 
18043.64 0.65 0.0 
18300.46 0.84 0.0 
18377.11 0.43 0.0 
19159.55 0.41 0.0 
19261.77 0.32 0.0 
19323.75 0.44 0.0 
19323.71 0.45 0.0 
19367.39 0.51 0.0 
21376.32 0.61 0.0 
21623.28 0.51 0.0 
21636.96 0.63 0.0 
21631.93 0.59 0.0 
21636.98 0.64 0.0 
22034.31 0.33 0.0 
22622.55 0.61 0.0 
23145.96 0.61 0.0 
23434.83 0.33 0.0 
23754.95 0.37 0.0 
25752.88 0.63 0.0 
25710.59 0.52 0.0 
25816.86 0.68 0.0 
25752.87 0.58 0.0 
26476.11 0.32 0.0 
26774.16 0.47 0.0 
27234.73 0.33 0.0 
27722.99 0.30 0.0 
28755.72 0.42 0.0 
29269.63 0.68 0.0 
29536.89 0.38 0.0 
29605.40 0.57 0.0 
29605.41 0.57 0.0 
29269.64 0.53 0.0 
29666.91 0.46 0.0 
29533.89 0.44 0.0 
29794.84 0.55 0.0 
29610.46 0.62 0.0 
29988.11 0.33 0.0 
29971.92 0.48 0.0 
29988.17 0.50 0.0 
31287.43 0.44 0.0 
31523.59 0.33 0.0 
31523.59 0.35 0.0 
32101.83 0.35 0.0 
32249.79 0.33 0.0 
31903.05 0.48 0.0 
32948.07 0.35 0.0 
33043.35 0.53 0.0 
32933.27 0.47 0.0 
33574.22 0.53 0.0 
33046.35 0.51 0.0 
33857.09 0.48 0.0 
33574.20 0.50 0.0 
33536.79 0.32 0.0 
33890.71 0.31 0.0 
34515.38 0.44 0.0 
34627.49 0.43 0.0 
34717.67 0.43 0.0 
34717.70 0.70 0.0 
34247.17 0.36 0.0 
34877.93 0.38 0.0 
34627.57 0.32 0.0 
34872.27 0.35 0.0 
35401.96 0.45 0.0 
35852.73 0.74 0.0 
35852.73 0.76 0.0 
36720.45 0.58 0.0 
36534.29 0.42 0.0 
37351.45 0.37 0.0 
37996.54 0.35 0.0 
37616.23 0.34 0.0 
38160.81 0.35 0.0 
39496.05 0.73 0.0 
40492.79 0.40 0.0 
41638.23 0.41 0.0 
41685.67 0.43 0.0 
42114.53 0.33 0.0 
42604.95 0.31 0.0 
42604.99 0.36 0.0 
44169.75 0.40 0.0 
57647.70 0.58 0.0 
76438.69 0.59 0.0 
78796.61 0.38 0.0 
81653.01 0.61 0.0 
81706.57 0.63 0.0 
81652.99 0.51 0.0 
82768.87 0.53 0.0 
83400.75 0.47 0.0 
85213.87 0.37 0.0 
85213.89 0.40 0.0 
85890.81 0.33 0.0 
