1811.34 0.79 0.0 
1828.20 0.64 0.0 
6597.81 0.34 0.0 
9238.04 0.42 0.0 
9312.32 0.77 0.0 
9283.82 0.67 0.0 
9731.84 0.67 0.0 
9928.79 0.93 0.0 
10019.70 0.49 0.0 
10379.58 0.71 0.0 
10862.97 0.38 0.0 
10843.00 0.31 0.0 
10989.32 0.33 0.0 
10989.36 0.66 0.0 
11009.38 0.92 0.0 
11123.00 0.49 0.0 
11123.00 0.53 0.0 
11192.12 0.84 0.0 
11206.37 0.64 0.0 
11192.12 0.71 0.0 
11445.46 0.95 0.0 
11448.91 0.54 0.0 
11463.47 0.54 0.0 
11463.49 0.45 0.0 
11443.04 0.41 0.0 
11664.12 0.81 0.0 
11655.12 0.45 0.0 
12033.09 0.39 0.0 
12104.57 0.46 0.0 
12026.12 0.52 0.0 
12202.04 0.42 0.0 
12202.05 0.33 0.0 
12152.56 0.74 0.0 
12163.73 0.33 0.0 
12344.26 0.33 0.0 
12687.80 0.42 0.0 
12793.17 0.44 0.0 
12824.40 0.50 0.0 
12736.32 0.50 0.0 
12808.28 0.42 0.0 
12910.24 0.31 0.0 
13029.55 0.75 0.0 
13029.59 0.31 0.0 
13046.61 0.86 0.0 
13087.97 0.72 0.0 
13182.71 0.44 0.0 
13095.32 0.52 0.0 
13289.27 0.66 0.0 
13365.94 0.68 0.0 
13390.73 0.37 0.0 
13353.77 0.44 0.0 
13361.00 0.97 0.0 
13406.39 0.95 0.0 
13337.90 0.31 0.0 
13360.99 0.90 0.0 
13514.28 0.32 0.0 
13498.93 0.62 0.0 
13465.32 0.72 0.0 
13603.37 0.57 0.0 
13773.56 0.57 0.0 
13773.56 0.85 0.0 
13778.21 0.57 0.0 
13852.73 0.83 0.0 
13852.72 0.35 0.0 
13917.94 0.93 0.0 
13965.71 0.46 0.0 
13980.80 0.67 0.0 
13965.75 0.34 0.0 
13945.03 0.41 0.0 
13949.01 0.39 0.0 
13997.83 0.42 0.0 
14007.59 0.49 0.0 
14026.09 0.49 0.0 
14151.76 0.62 0.0 
14151.76 0.76 0.0 
14214.72 0.43 0.0 
14294.48 0.71 0.0 
14396.65 0.41 0.0 
14455.64 0.51 0.0 
14477.40 0.85 0.0 
14477.37 0.48 0.0 
14481.92 0.48 0.0 
14532.73 0.37 0.0 
14701.12 0.57 0.0 
14712.03 0.75 0.0 
14701.12 0.81 0.0 
14841.36 0.64 0.0 
14860.75 0.46 0.0 
14841.33 0.31 0.0 
15002.40 0.54 0.0 
15099.69 0.91 0.0 
15002.37 0.56 0.0 
15027.41 0.51 0.0 
15027.39 0.78 0.0 
15093.97 0.34 0.0 
15099.69 0.94 0.0 
15191.62 0.92 0.0 
15457.17 0.32 0.0 
15461.83 0.73 0.0 
15461.84 0.75 0.0 
15538.97 0.48 0.0 
15553.92 0.31 0.0 
15527.16 0.43 0.0 
15806.45 0.56 0.0 
15928.23 0.80 0.0 
16113.77 0.42 0.0 
16113.71 0.60 0.0 
16450.17 0.46 0.0 
16438.76 0.37 0.0 
16450.31 0.43 0.0 
16597.52 0.36 0.0 
16597.56 0.77 0.0 
16934.43 0.94 0.0 
16994.49 0.37 0.0 
17000.43 0.50 0.0 
16920.96 0.36 0.0 
16934.45 0.39 0.0 
16937.25 0.36 0.0 
16936.83 0.68 0.0 
17128.37 0.65 0.0 
17503.92 0.55 0.0 
17528.00 0.61 0.0 
17548.05 0.52 0.0 
17863.20 0.51 0.0 
18818.97 0.35 0.0 
19817.52 0.87 0.0 
19864.55 0.39 0.0 
20083.28 0.33 0.0 
21059.15 0.39 0.0 
23652.59 0.82 0.0 
23652.60 0.71 0.0 
23791.61 0.45 0.0 
26564.51 0.73 0.0 
27062.44 0.35 0.0 
27284.52 0.45 0.0 
28978.07 0.54 0.0 
32729.51 0.60 0.0 
38294.59 0.57 0.0 
40344.51 0.39 0.0 
41263.87 0.53 0.0 
41424.05 0.30 0.0 
44549.39 0.43 0.0 
52483.27 0.74 0.0 
52483.24 0.81 0.0 
57284.35 0.87 0.0 
