254.25 0.44 0.0 
3749.16 0.37 0.0 
3869.51 0.43 0.0 
4137.53 0.32 0.0 
5189.47 0.32 0.0 
10679.16 0.53 0.0 
12134.37 0.57 0.0 
14035.84 0.35 0.0 
14234.45 0.37 0.0 
14324.19 0.35 0.0 
14845.83 0.33 0.0 
17639.23 0.39 0.0 
17729.15 0.50 0.0 
20484.00 0.32 0.0 
20484.00 0.39 0.0 
21041.50 0.98 0.0 
21041.50 0.98 0.0 
21284.33 0.67 0.0 
21344.51 0.58 0.0 
21839.47 0.43 0.0 
24748.33 0.31 0.0 
24737.75 0.32 0.0 
27983.83 0.49 0.0 
31934.19 0.57 0.0 
32395.68 0.43 0.0 
32395.68 0.31 0.0 
32398.60 0.72 0.0 
32629.55 0.31 0.0 
32758.17 0.65 0.0 
34572.91 0.34 0.0 
34967.95 0.42 0.0 
34948.92 0.78 0.0 
34662.88 0.55 0.0 
35242.95 0.42 0.0 
35504.08 0.40 0.0 
35624.61 0.31 0.0 
38032.72 0.35 0.0 
38507.51 0.40 0.0 
39053.71 0.41 0.0 
44174.51 0.33 0.0 
46289.57 0.77 0.0 
48960.46 0.45 0.0 
52540.53 0.41 0.0 
52540.45 0.37 0.0 
56459.08 0.54 0.0 
56906.51 0.42 0.0 
60477.71 0.65 0.0 
62759.51 0.32 0.0 
65293.89 0.58 0.0 
67034.21 0.32 0.0 
74429.37 0.41 0.0 
75177.94 0.43 0.0 
75177.91 0.65 0.0 
77984.45 0.36 0.0 
81599.43 0.33 0.0 
81659.51 0.30 0.0 
82439.36 0.44 0.0 
85034.23 0.32 0.0 
85094.45 0.43 0.0 
85154.05 0.32 0.0 
84569.99 0.41 0.0 
85679.73 0.53 0.0 
