382.08 0.77 0.0 
659.59 0.42 0.0 
1396.22 0.76 0.0 
1982.79 0.32 0.0 
2158.11 0.60 0.0 
3121.50 0.77 0.0 
4787.08 0.59 0.0 
5745.56 0.63 0.0 
6937.47 0.48 0.0 
8229.72 0.73 0.0 
8876.59 0.30 0.0 
8876.56 0.72 0.0 
10066.64 0.84 0.0 
10774.88 0.81 0.0 
11190.65 0.39 0.0 
11196.99 0.37 0.0 
11236.05 0.68 0.0 
12843.62 0.76 0.0 
13368.83 0.52 0.0 
13844.28 0.37 0.0 
14595.47 0.31 0.0 
14595.48 0.75 0.0 
15072.91 0.43 0.0 
16276.74 0.76 0.0 
16778.71 0.38 0.0 
16778.72 0.41 0.0 
18542.39 0.37 0.0 
19484.36 0.74 0.0 
19484.31 0.54 0.0 
21139.75 0.61 0.0 
21951.66 0.50 0.0 
22457.04 0.79 0.0 
23180.95 0.30 0.0 
25537.63 0.36 0.0 
26162.18 0.70 0.0 
27737.01 0.50 0.0 
28711.88 0.80 0.0 
31852.63 0.32 0.0 
32134.79 0.54 0.0 
32059.31 0.42 0.0 
32134.81 0.77 0.0 
33922.15 0.64 0.0 
34544.50 0.86 0.0 
34804.23 0.46 0.0 
34901.39 0.53 0.0 
35372.60 0.52 0.0 
35372.58 0.83 0.0 
36051.22 0.76 0.0 
36444.40 0.45 0.0 
36747.87 0.48 0.0 
39209.43 0.68 0.0 
39872.82 0.65 0.0 
39888.64 0.66 0.0 
39888.62 0.86 0.0 
41424.60 0.79 0.0 
42640.61 0.40 0.0 
44385.73 0.36 0.0 
44507.04 0.84 0.0 
45399.23 0.58 0.0 
47243.47 0.56 0.0 
47946.66 0.77 0.0 
48625.02 0.77 0.0 
49533.54 0.85 0.0 
50623.73 0.50 0.0 
50623.72 0.71 0.0 
51779.11 0.49 0.0 
52506.39 0.32 0.0 
53381.79 0.47 0.0 
54568.68 0.77 0.0 
55336.00 0.65 0.0 
55576.52 0.79 0.0 
56233.52 0.69 0.0 
57555.59 0.35 0.0 
57494.16 0.59 0.0 
58104.36 0.86 0.0 
58501.98 0.89 0.0 
58502.00 0.95 0.0 
59916.28 0.79 0.0 
61136.14 0.49 0.0 
62689.18 0.56 0.0 
62637.74 0.55 0.0 
63226.18 0.82 0.0 
64026.08 0.80 0.0 
64252.71 0.35 0.0 
64252.70 0.83 0.0 
67311.82 0.86 0.0 
69621.84 0.83 0.0 
73604.43 0.41 0.0 
78768.31 0.40 0.0 
78768.26 0.88 0.0 
79566.99 0.43 0.0 
83930.31 0.61 0.0 
83930.28 0.80 0.0 
83628.00 0.79 0.0 
84676.70 0.83 0.0 
85665.24 0.72 0.0 
86191.87 0.32 0.0 
86298.82 0.84 0.0 
86298.84 0.77 0.0 
