382.07 0.56 0.0 
2485.23 0.83 0.0 
2158.06 0.75 0.0 
4049.08 0.58 0.0 
6373.27 0.61 0.0 
8229.68 0.85 0.0 
8876.52 0.51 0.0 
9447.35 0.81 0.0 
9487.12 0.47 0.0 
10363.11 0.61 0.0 
10774.79 0.64 0.0 
11927.53 0.40 0.0 
13409.40 0.30 0.0 
13844.26 0.75 0.0 
14635.36 0.46 0.0 
15072.92 0.83 0.0 
19481.28 0.87 0.0 
19481.31 0.30 0.0 
25531.79 0.60 0.0 
25531.73 0.37 0.0 
26323.40 0.39 0.0 
28480.87 0.38 0.0 
30854.51 0.58 0.0 
33922.12 0.31 0.0 
33986.45 0.53 0.0 
34396.13 0.31 0.0 
34544.51 0.72 0.0 
34901.36 0.75 0.0 
35110.19 0.86 0.0 
35370.08 0.32 0.0 
36444.40 0.80 0.0 
36747.83 0.66 0.0 
37829.19 0.31 0.0 
39209.39 0.84 0.0 
40822.07 0.32 0.0 
41591.27 0.35 0.0 
41551.23 0.32 0.0 
41424.60 0.53 0.0 
41768.96 0.51 0.0 
45888.97 0.38 0.0 
45887.45 0.44 0.0 
47307.65 0.35 0.0 
48474.64 0.76 0.0 
49038.75 0.54 0.0 
50368.25 0.32 0.0 
52584.20 0.53 0.0 
53635.27 0.81 0.0 
53635.23 0.36 0.0 
54568.68 0.60 0.0 
54609.08 0.53 0.0 
55335.96 0.73 0.0 
55888.03 0.40 0.0 
55437.65 0.47 0.0 
56233.46 0.81 0.0 
57494.12 0.90 0.0 
58104.39 0.61 0.0 
58499.95 0.98 0.0 
59916.19 0.68 0.0 
61136.15 0.94 0.0 
62637.70 0.86 0.0 
64022.76 0.59 0.0 
64293.60 0.58 0.0 
64293.61 0.49 0.0 
66207.87 0.48 0.0 
66207.87 0.84 0.0 
67311.83 0.56 0.0 
69661.16 0.30 0.0 
69621.83 0.84 0.0 
73644.57 0.38 0.0 
73604.40 0.65 0.0 
78877.60 0.33 0.0 
81803.55 0.33 0.0 
83367.79 0.52 0.0 
83317.77 0.55 0.0 
84676.59 0.33 0.0 
86338.20 0.33 0.0 
86039.07 0.62 0.0 
