1570.83 0.39 0.0 
1577.60 0.41 0.0 
3090.75 0.33 0.0 
3837.55 0.35 0.0 
4877.97 0.45 0.0 
4592.08 0.45 0.0 
4968.07 0.57 0.0 
9236.00 0.42 0.0 
22487.77 0.37 0.0 
25803.77 0.46 0.0 
26833.32 0.56 0.0 
28201.25 0.47 0.0 
30651.60 0.37 0.0 
36931.96 0.45 0.0 
43293.18 0.68 0.0 
43293.18 0.74 0.0 
45986.75 0.87 0.0 
45986.76 0.84 0.0 
48690.53 0.51 0.0 
59159.75 0.39 0.0 
59812.71 0.48 0.0 
64762.08 0.51 0.0 
65173.64 0.92 0.0 
65173.63 0.95 0.0 
65837.00 0.92 0.0 
65837.01 0.50 0.0 
76788.45 0.38 0.0 
84678.92 0.67 0.0 
84924.35 0.41 0.0 
85080.71 0.72 0.0 
