388.56 0.38 0.0 
434.25 0.46 0.0 
1568.73 0.72 0.0 
2083.99 0.72 0.0 
2621.48 0.77 0.0 
2624.11 0.31 0.0 
3090.07 0.32 0.0 
3315.13 0.34 0.0 
3299.00 0.34 0.0 
3568.37 0.33 0.0 
3833.21 0.33 0.0 
4229.12 0.73 0.0 
4619.08 0.93 0.0 
5068.84 0.87 0.0 
4967.49 0.42 0.0 
7318.21 0.36 0.0 
9230.17 0.56 0.0 
10109.57 0.54 0.0 
10334.65 0.36 0.0 
9794.48 0.65 0.0 
10393.96 0.83 0.0 
11009.01 0.42 0.0 
11308.79 0.50 0.0 
11249.45 0.58 0.0 
13601.72 0.76 0.0 
13964.19 0.46 0.0 
14292.59 0.49 0.0 
14293.96 0.34 0.0 
14772.41 0.43 0.0 
14790.32 0.32 0.0 
15283.23 0.30 0.0 
16498.80 0.48 0.0 
16738.32 0.77 0.0 
17129.11 0.31 0.0 
17982.97 0.32 0.0 
20248.95 0.37 0.0 
20575.84 0.66 0.0 
22061.11 0.95 0.0 
22857.64 0.34 0.0 
23518.16 0.45 0.0 
26681.56 0.46 0.0 
26833.29 0.63 0.0 
28237.20 0.34 0.0 
29909.60 0.78 0.0 
30651.60 0.37 0.0 
30651.57 0.43 0.0 
34259.08 0.36 0.0 
35399.45 0.40 0.0 
35324.56 0.64 0.0 
35576.84 0.84 0.0 
36930.23 0.72 0.0 
38203.63 0.86 0.0 
38436.89 0.46 0.0 
38334.69 0.35 0.0 
39734.28 0.49 0.0 
40116.41 0.72 0.0 
40116.40 0.57 0.0 
41923.52 0.39 0.0 
42180.78 0.45 0.0 
42150.45 0.47 0.0 
43291.67 0.67 0.0 
43349.33 0.64 0.0 
43291.63 0.78 0.0 
43842.92 0.40 0.0 
44678.68 0.58 0.0 
45942.48 0.49 0.0 
45984.16 0.51 0.0 
45778.84 0.45 0.0 
46122.48 0.32 0.0 
47622.04 0.44 0.0 
47789.53 0.50 0.0 
48147.56 0.44 0.0 
47954.60 0.55 0.0 
49152.20 0.37 0.0 
49993.16 0.35 0.0 
50219.56 0.90 0.0 
51284.56 0.62 0.0 
53833.99 0.69 0.0 
53936.01 0.38 0.0 
55019.12 0.35 0.0 
58122.67 0.90 0.0 
58122.69 0.50 0.0 
59808.80 0.42 0.0 
65170.96 0.97 0.0 
65170.96 0.97 0.0 
66025.36 0.96 0.0 
65835.04 0.55 0.0 
70933.48 0.35 0.0 
73558.16 0.41 0.0 
74008.64 0.84 0.0 
73873.92 0.34 0.0 
77561.63 0.32 0.0 
77578.20 0.41 0.0 
82109.44 0.37 0.0 
82389.64 0.36 0.0 
83155.96 0.32 0.0 
84028.89 0.39 0.0 
84678.32 0.59 0.0 
85004.16 0.75 0.0 
85574.41 0.37 0.0 
85544.51 0.45 0.0 
85739.37 0.30 0.0 
