1910.72 0.57 0.0 
1910.68 0.38 0.0 
5072.79 0.76 0.0 
5306.40 0.72 0.0 
5834.63 0.58 0.0 
8561.95 0.45 0.0 
8253.07 0.49 0.0 
8522.96 0.63 0.0 
9508.32 0.48 0.0 
10824.40 0.41 0.0 
11572.13 0.31 0.0 
11606.14 0.41 0.0 
12733.68 0.90 0.0 
12733.68 0.89 0.0 
13184.87 0.39 0.0 
14157.87 0.43 0.0 
14157.86 0.78 0.0 
14922.20 0.47 0.0 
17986.71 0.56 0.0 
18911.36 0.89 0.0 
18911.35 0.78 0.0 
20594.15 0.44 0.0 
26131.60 0.88 0.0 
26131.60 0.57 0.0 
28593.71 0.38 0.0 
32662.63 0.54 0.0 
32662.62 0.43 0.0 
51959.99 0.33 0.0 
56696.24 0.33 0.0 
60372.20 0.60 0.0 
60372.20 0.36 0.0 
61795.71 0.67 0.0 
61795.71 0.84 0.0 
64208.23 0.92 0.0 
66631.43 0.36 0.0 
66631.48 0.44 0.0 
68325.42 0.61 0.0 
68298.75 0.66 0.0 
68298.76 0.30 0.0 
68472.15 0.53 0.0 
70243.54 0.45 0.0 
70829.55 0.42 0.0 
71474.71 0.84 0.0 
71553.47 0.31 0.0 
71477.05 0.73 0.0 
72227.52 0.58 0.0 
72506.84 0.40 0.0 
72646.76 0.40 0.0 
72650.16 0.55 0.0 
72737.40 0.50 0.0 
72801.75 0.46 0.0 
73196.06 0.91 0.0 
73213.49 0.41 0.0 
73064.75 0.38 0.0 
73196.08 0.80 0.0 
74194.20 0.37 0.0 
73998.56 0.61 0.0 
74649.05 0.34 0.0 
74762.12 0.32 0.0 
74649.04 0.48 0.0 
74898.79 0.49 0.0 
74762.16 0.47 0.0 
74842.44 0.57 0.0 
74842.45 0.70 0.0 
75252.33 0.34 0.0 
75481.47 0.51 0.0 
75721.00 0.91 0.0 
75720.99 0.84 0.0 
76054.79 0.48 0.0 
77019.35 0.35 0.0 
77545.92 0.36 0.0 
77019.36 0.35 0.0 
78053.20 0.46 0.0 
79977.48 0.77 0.0 
79977.48 0.60 0.0 
79740.43 0.38 0.0 
79777.23 0.83 0.0 
80813.81 0.31 0.0 
81045.39 0.57 0.0 
81014.23 0.47 0.0 
81979.28 0.44 0.0 
81979.27 0.44 0.0 
