614.59 0.47 0.0 
5070.64 0.35 0.0 
5079.92 0.45 0.0 
5304.84 0.34 0.0 
5304.85 0.63 0.0 
5831.79 0.61 0.0 
5757.64 0.57 0.0 
6194.32 0.36 0.0 
6523.94 0.75 0.0 
7301.68 0.58 0.0 
8817.28 0.43 0.0 
9073.21 0.58 0.0 
10078.96 0.57 0.0 
11606.06 0.56 0.0 
11624.19 0.75 0.0 
12732.28 0.92 0.0 
12732.28 0.75 0.0 
13184.05 0.41 0.0 
13859.07 0.41 0.0 
14155.75 0.31 0.0 
14155.72 0.78 0.0 
14922.19 0.35 0.0 
17563.93 0.68 0.0 
17788.70 0.94 0.0 
17848.16 0.37 0.0 
18372.16 0.49 0.0 
18480.00 0.56 0.0 
18910.84 0.62 0.0 
19008.01 0.47 0.0 
18910.81 0.50 0.0 
19469.28 0.84 0.0 
20593.03 0.39 0.0 
21913.48 0.89 0.0 
24869.48 0.30 0.0 
26130.87 0.30 0.0 
32662.55 0.31 0.0 
46468.64 0.34 0.0 
50878.79 0.35 0.0 
52382.95 0.30 0.0 
52738.08 0.37 0.0 
54524.56 0.33 0.0 
56696.22 0.46 0.0 
59324.48 0.96 0.0 
59457.68 0.67 0.0 
60371.40 0.88 0.0 
60371.37 0.82 0.0 
63224.47 0.69 0.0 
63689.11 0.46 0.0 
64207.60 0.83 0.0 
65159.49 0.35 0.0 
66629.91 0.59 0.0 
69404.33 0.67 0.0 
69116.12 0.34 0.0 
70243.48 0.50 0.0 
70168.48 0.77 0.0 
70859.51 0.46 0.0 
71473.60 0.85 0.0 
71553.09 0.36 0.0 
72028.72 0.95 0.0 
72388.13 0.65 0.0 
72227.24 0.47 0.0 
72646.69 0.38 0.0 
72646.72 0.64 0.0 
72227.24 0.47 0.0 
72569.51 0.37 0.0 
73109.51 0.32 0.0 
72801.42 0.33 0.0 
73393.68 0.57 0.0 
73194.91 0.93 0.0 
73212.07 0.50 0.0 
73063.16 0.76 0.0 
73194.92 0.78 0.0 
74193.45 0.32 0.0 
74174.16 0.77 0.0 
74293.51 0.85 0.0 
74760.85 0.63 0.0 
75134.63 0.53 0.0 
75480.55 0.63 0.0 
75989.56 0.41 0.0 
76557.96 0.54 0.0 
77429.41 0.76 0.0 
77024.05 0.44 0.0 
77158.61 0.49 0.0 
77818.72 0.89 0.0 
77262.68 0.72 0.0 
79137.97 0.93 0.0 
79710.57 0.36 0.0 
79289.56 0.67 0.0 
79532.63 0.57 0.0 
79775.91 0.63 0.0 
80953.96 0.34 0.0 
80654.31 0.75 0.0 
80357.77 0.35 0.0 
81045.30 0.45 0.0 
81312.75 0.57 0.0 
81013.25 0.40 0.0 
80969.03 0.39 0.0 
81352.38 0.32 0.0 
82004.56 0.75 0.0 
83667.84 0.57 0.0 
83924.48 0.34 0.0 
84134.15 0.62 0.0 
