8382.36 0.37 0.0 
8609.17 0.49 0.0 
10394.51 0.46 0.0 
10677.65 0.78 0.0 
11359.55 0.37 0.0 
11876.60 0.31 0.0 
11857.27 0.32 0.0 
11833.43 0.52 0.0 
11863.55 0.83 0.0 
12242.44 0.32 0.0 
12237.24 0.52 0.0 
12242.45 0.57 0.0 
12164.93 0.54 0.0 
12165.50 0.37 0.0 
12449.32 0.53 0.0 
12584.49 0.71 0.0 
12739.57 0.35 0.0 
12926.26 0.35 0.0 
13649.15 0.56 0.0 
14008.96 0.68 0.0 
14348.39 0.46 0.0 
14354.57 0.72 0.0 
14768.88 0.35 0.0 
14586.28 0.39 0.0 
14587.93 0.57 0.0 
14587.92 0.86 0.0 
14608.05 0.65 0.0 
15344.12 0.30 0.0 
15643.69 0.77 0.0 
15833.44 0.48 0.0 
15761.99 0.87 0.0 
15809.41 0.60 0.0 
16003.28 0.71 0.0 
15944.07 0.52 0.0 
16154.21 0.35 0.0 
16288.08 0.44 0.0 
16835.88 0.45 0.0 
16977.89 0.32 0.0 
17650.51 0.48 0.0 
17771.77 0.32 0.0 
18134.12 0.76 0.0 
18252.25 0.52 0.0 
18479.22 0.54 0.0 
18590.12 0.34 0.0 
18590.16 0.52 0.0 
18365.30 0.36 0.0 
18538.51 0.35 0.0 
18764.48 0.39 0.0 
18821.72 0.40 0.0 
19334.91 0.39 0.0 
19395.91 0.30 0.0 
19906.37 0.53 0.0 
19999.91 0.43 0.0 
19997.64 0.55 0.0 
19999.92 0.40 0.0 
20788.37 0.37 0.0 
20696.08 0.52 0.0 
21106.99 0.40 0.0 
21494.01 0.46 0.0 
21298.12 0.43 0.0 
21298.16 0.68 0.0 
21716.47 0.68 0.0 
21716.53 0.81 0.0 
21792.09 0.41 0.0 
21943.91 0.32 0.0 
22330.92 0.33 0.0 
22168.16 0.81 0.0 
22438.93 0.31 0.0 
22503.52 0.42 0.0 
23039.57 0.59 0.0 
22888.50 0.34 0.0 
22904.44 0.46 0.0 
23279.56 0.33 0.0 
23204.32 0.51 0.0 
23324.07 0.91 0.0 
23485.13 0.47 0.0 
24086.85 0.33 0.0 
24077.08 0.39 0.0 
24493.51 0.44 0.0 
24284.52 0.52 0.0 
24958.84 0.74 0.0 
24928.29 0.64 0.0 
25692.77 0.46 0.0 
25379.44 0.83 0.0 
25587.15 0.52 0.0 
26114.08 0.33 0.0 
26712.32 0.40 0.0 
26998.85 0.56 0.0 
26802.20 0.47 0.0 
27462.87 0.31 0.0 
27523.60 0.30 0.0 
27778.43 0.38 0.0 
28427.37 0.56 0.0 
28603.44 0.42 0.0 
28889.44 0.73 0.0 
29070.35 0.33 0.0 
29307.20 0.87 0.0 
29307.21 0.47 0.0 
29324.59 0.31 0.0 
29364.84 0.39 0.0 
29683.67 0.59 0.0 
30043.37 0.50 0.0 
30072.88 0.31 0.0 
30520.69 0.34 0.0 
30554.33 0.51 0.0 
30956.63 0.44 0.0 
31454.37 0.35 0.0 
31298.92 0.45 0.0 
31529.19 0.38 0.0 
31514.00 0.49 0.0 
31785.52 0.35 0.0 
31488.40 0.40 0.0 
31870.80 0.32 0.0 
32022.75 0.53 0.0 
32248.64 0.43 0.0 
32774.09 0.88 0.0 
32609.33 0.45 0.0 
32847.36 0.31 0.0 
32833.99 0.50 0.0 
32968.64 0.36 0.0 
32953.91 0.43 0.0 
33189.57 0.52 0.0 
33283.09 0.53 0.0 
33583.75 0.42 0.0 
33835.16 0.43 0.0 
33567.93 0.37 0.0 
33835.17 0.37 0.0 
33763.64 0.44 0.0 
34092.59 0.88 0.0 
33777.33 0.75 0.0 
34231.87 0.30 0.0 
34231.95 0.40 0.0 
34367.77 0.39 0.0 
34700.83 0.31 0.0 
34834.57 0.64 0.0 
35381.75 0.64 0.0 
35730.29 0.40 0.0 
35730.32 0.40 0.0 
35822.65 0.49 0.0 
36029.03 0.72 0.0 
36369.91 0.31 0.0 
36221.77 0.36 0.0 
36517.16 0.44 0.0 
36959.35 0.52 0.0 
36865.17 0.51 0.0 
36883.30 0.78 0.0 
36929.13 0.43 0.0 
37199.57 0.65 0.0 
37241.15 0.87 0.0 
37407.71 0.75 0.0 
37234.87 0.43 0.0 
37513.46 0.38 0.0 
38051.45 0.33 0.0 
37618.09 0.78 0.0 
38006.72 0.66 0.0 
38129.20 0.51 0.0 
38743.61 0.69 0.0 
39059.33 0.51 0.0 
39329.57 0.43 0.0 
39599.52 0.86 0.0 
39644.57 0.43 0.0 
39811.24 0.35 0.0 
39941.75 0.43 0.0 
40090.53 0.34 0.0 
39811.25 0.31 0.0 
40079.44 0.32 0.0 
40484.15 0.67 0.0 
41188.60 0.85 0.0 
41496.73 0.52 0.0 
41650.37 0.57 0.0 
41217.05 0.30 0.0 
41496.76 0.56 0.0 
41893.05 0.44 0.0 
41650.37 0.57 0.0 
41565.48 0.42 0.0 
42359.31 0.38 0.0 
42312.40 0.81 0.0 
42509.49 0.32 0.0 
46211.95 0.30 0.0 
46726.37 0.50 0.0 
47354.17 0.41 0.0 
47772.80 0.30 0.0 
47966.61 0.56 0.0 
49137.48 0.47 0.0 
51251.53 0.57 0.0 
53473.84 0.47 0.0 
58753.28 0.41 0.0 
62113.00 0.37 0.0 
62908.76 0.58 0.0 
64589.51 0.40 0.0 
66812.11 0.30 0.0 
68307.76 0.34 0.0 
68878.76 0.39 0.0 
68879.37 0.31 0.0 
68849.53 0.49 0.0 
69854.28 0.55 0.0 
73274.28 0.53 0.0 
73409.45 0.32 0.0 
73978.48 0.50 0.0 
74022.47 0.30 0.0 
74369.37 0.43 0.0 
75419.51 0.41 0.0 
79169.10 0.75 0.0 
80039.12 0.55 0.0 
80564.37 0.43 0.0 
80906.53 0.47 0.0 
81163.81 0.36 0.0 
83253.27 0.36 0.0 
83518.44 0.40 0.0 
84672.17 0.36 0.0 
