4783.45 0.69 0.0 
5684.09 0.42 0.0 
5711.88 0.34 0.0 
5911.47 0.32 0.0 
6374.59 0.90 0.0 
6782.40 0.54 0.0 
6927.72 0.77 0.0 
6944.12 0.68 0.0 
7803.12 0.31 0.0 
8071.03 0.41 0.0 
8184.41 0.33 0.0 
8136.95 0.46 0.0 
8248.07 0.51 0.0 
8593.24 0.84 0.0 
8834.40 0.56 0.0 
8624.45 0.31 0.0 
9179.48 0.41 0.0 
8834.31 0.37 0.0 
9554.15 0.79 0.0 
9640.72 0.36 0.0 
10487.29 0.32 0.0 
11334.64 0.34 0.0 
10995.68 0.48 0.0 
11237.23 0.31 0.0 
14474.07 0.34 0.0 
14713.08 0.82 0.0 
14727.34 0.79 0.0 
14732.45 0.48 0.0 
14732.48 0.33 0.0 
15709.60 0.42 0.0 
16889.52 0.39 0.0 
17350.44 0.33 0.0 
21467.03 0.31 0.0 
24864.35 0.36 0.0 
25638.72 0.39 0.0 
25638.72 0.81 0.0 
26701.97 0.46 0.0 
27072.87 0.62 0.0 
26983.43 0.31 0.0 
27072.81 0.30 0.0 
27886.04 0.33 0.0 
27886.01 0.69 0.0 
27662.81 0.33 0.0 
29772.77 0.34 0.0 
31423.84 0.33 0.0 
32051.05 0.39 0.0 
32683.80 0.74 0.0 
32686.97 0.59 0.0 
32844.64 0.53 0.0 
33717.41 0.62 0.0 
33717.33 0.64 0.0 
33849.95 0.81 0.0 
34107.81 0.61 0.0 
34077.88 0.36 0.0 
34156.32 0.31 0.0 
34964.60 0.92 0.0 
34986.60 0.68 0.0 
34885.72 0.31 0.0 
34986.61 0.57 0.0 
35849.31 0.88 0.0 
36329.38 0.95 0.0 
38076.77 0.60 0.0 
38218.61 0.38 0.0 
38882.72 0.57 0.0 
38882.69 0.34 0.0 
39895.56 0.39 0.0 
40034.52 0.92 0.0 
40999.57 0.33 0.0 
43591.39 0.30 0.0 
43753.96 0.39 0.0 
45719.37 0.36 0.0 
49474.07 0.37 0.0 
49474.12 0.38 0.0 
50668.40 0.94 0.0 
50714.57 0.65 0.0 
50668.40 0.44 0.0 
51045.92 0.84 0.0 
51099.69 0.69 0.0 
52407.81 0.70 0.0 
52407.77 0.34 0.0 
52808.72 0.49 0.0 
54178.48 0.72 0.0 
54263.15 0.39 0.0 
54460.92 0.31 0.0 
55033.37 0.55 0.0 
55154.10 0.36 0.0 
55726.88 0.41 0.0 
56860.39 0.56 0.0 
57761.76 0.73 0.0 
57715.92 0.31 0.0 
61246.11 0.45 0.0 
61511.79 0.48 0.0 
61956.10 0.32 0.0 
62278.55 0.54 0.0 
62951.92 0.72 0.0 
63193.63 0.96 0.0 
63134.25 0.58 0.0 
63063.17 0.35 0.0 
63370.97 0.54 0.0 
63718.21 0.35 0.0 
63718.15 0.77 0.0 
63921.85 0.33 0.0 
63921.85 0.38 0.0 
64777.36 0.53 0.0 
67244.00 0.83 0.0 
66823.69 0.88 0.0 
67339.97 0.68 0.0 
67346.07 0.31 0.0 
67339.96 0.57 0.0 
67314.76 0.40 0.0 
70577.08 0.40 0.0 
75283.80 0.42 0.0 
77443.04 0.71 0.0 
80352.82 0.44 0.0 
80008.05 0.68 0.0 
81048.20 0.30 0.0 
80996.36 0.51 0.0 
82229.16 0.50 0.0 
82664.33 0.55 0.0 
84493.36 0.35 0.0 
86082.71 0.52 0.0 
85932.47 0.43 0.0 
85890.69 0.41 0.0 
