565.64 0.40 0.0 
655.85 0.57 0.0 
655.85 0.55 0.0 
1238.75 0.41 0.0 
1219.40 0.39 0.0 
2005.35 0.63 0.0 
2706.45 0.31 0.0 
3475.93 0.49 0.0 
3744.03 0.46 0.0 
5229.69 0.32 0.0 
5427.35 0.38 0.0 
6334.44 0.30 0.0 
6437.36 0.30 0.0 
6731.08 0.72 0.0 
7148.37 0.34 0.0 
7185.84 0.39 0.0 
7344.08 0.38 0.0 
7989.01 0.50 0.0 
7988.94 0.58 0.0 
8740.70 0.31 0.0 
9576.67 0.32 0.0 
10379.33 0.53 0.0 
11039.19 0.44 0.0 
11052.97 0.62 0.0 
11951.41 0.46 0.0 
13695.55 0.31 0.0 
14708.73 0.30 0.0 
14708.69 0.50 0.0 
16105.37 0.36 0.0 
16300.49 0.66 0.0 
19128.97 0.39 0.0 
19128.97 0.43 0.0 
19660.01 0.47 0.0 
21548.97 0.37 0.0 
22002.43 0.46 0.0 
22542.97 0.62 0.0 
23291.27 0.42 0.0 
29384.19 0.43 0.0 
29968.40 0.31 0.0 
35216.32 0.45 0.0 
35171.49 0.35 0.0 
36206.16 0.31 0.0 
36383.93 0.43 0.0 
50440.99 0.32 0.0 
55603.81 0.32 0.0 
56440.79 0.40 0.0 
56516.63 0.34 0.0 
56935.35 0.33 0.0 
57926.67 0.39 0.0 
58353.21 0.48 0.0 
58498.08 0.33 0.0 
59060.92 0.60 0.0 
60514.73 0.37 0.0 
60385.15 0.45 0.0 
61219.75 0.33 0.0 
62786.29 0.63 0.0 
63341.35 0.35 0.0 
63880.60 0.36 0.0 
64196.61 0.47 0.0 
64219.69 0.51 0.0 
65118.84 0.44 0.0 
65118.88 0.52 0.0 
65156.97 0.45 0.0 
66273.87 0.31 0.0 
66273.80 0.45 0.0 
67166.61 0.64 0.0 
67880.03 0.45 0.0 
68358.36 0.62 0.0 
68358.40 0.51 0.0 
68517.13 0.30 0.0 
68997.65 0.34 0.0 
69536.60 0.40 0.0 
70278.17 0.55 0.0 
70120.80 0.31 0.0 
70448.80 0.48 0.0 
70362.24 0.35 0.0 
70827.07 0.34 0.0 
71336.77 0.37 0.0 
71426.49 0.33 0.0 
71885.00 0.30 0.0 
72341.15 0.34 0.0 
72772.40 0.63 0.0 
73490.32 0.31 0.0 
75381.48 0.38 0.0 
75401.56 0.31 0.0 
75381.51 0.34 0.0 
75769.43 0.41 0.0 
75862.97 0.68 0.0 
79166.09 0.31 0.0 
79030.48 0.54 0.0 
79267.05 0.41 0.0 
80699.00 0.49 0.0 
80889.97 0.30 0.0 
81699.87 0.30 0.0 
81604.49 0.33 0.0 
82109.29 0.45 0.0 
82305.21 0.37 0.0 
82579.29 0.54 0.0 
83145.51 0.51 0.0 
83094.96 0.77 0.0 
85354.84 0.59 0.0 
85354.84 0.43 0.0 
