9684.35 0.35 0.0 
10679.43 0.54 0.0 
10683.93 0.43 0.0 
10825.28 0.33 0.0 
11166.76 0.52 0.0 
11879.91 0.59 0.0 
12243.33 0.46 0.0 
12165.51 0.36 0.0 
12821.23 0.36 0.0 
12746.05 0.39 0.0 
12872.51 0.46 0.0 
13102.23 0.33 0.0 
13432.87 0.31 0.0 
13263.17 0.39 0.0 
13961.79 0.30 0.0 
14106.03 0.31 0.0 
14350.36 0.72 0.0 
14589.96 0.58 0.0 
14589.94 0.82 0.0 
14712.87 0.36 0.0 
14729.71 0.35 0.0 
15029.79 0.32 0.0 
15061.77 0.31 0.0 
15454.77 0.56 0.0 
15422.95 0.47 0.0 
15454.77 0.42 0.0 
15992.83 0.47 0.0 
15992.83 0.44 0.0 
16919.55 0.30 0.0 
17577.54 0.36 0.0 
17650.53 0.41 0.0 
17831.72 0.41 0.0 
17949.23 0.36 0.0 
18210.71 0.32 0.0 
18009.07 0.37 0.0 
18591.37 0.45 0.0 
18810.77 0.43 0.0 
18824.67 0.36 0.0 
19532.45 0.38 0.0 
19564.81 0.38 0.0 
19981.25 0.32 0.0 
20002.42 0.36 0.0 
20777.51 0.31 0.0 
20697.87 0.36 0.0 
21037.89 0.32 0.0 
22532.03 0.44 0.0 
22351.55 0.31 0.0 
23237.67 0.32 0.0 
23801.37 0.32 0.0 
24489.71 0.42 0.0 
24489.67 0.33 0.0 
25092.23 0.41 0.0 
24987.87 0.40 0.0 
24976.31 0.58 0.0 
25263.93 0.40 0.0 
25534.07 0.38 0.0 
25701.83 0.31 0.0 
25738.83 0.32 0.0 
26267.33 0.59 0.0 
26076.43 0.30 0.0 
27778.45 0.43 0.0 
29073.29 0.38 0.0 
29307.61 0.48 0.0 
29466.81 0.39 0.0 
29448.59 0.36 0.0 
29466.81 0.50 0.0 
29522.83 0.33 0.0 
29448.63 0.32 0.0 
30231.27 0.34 0.0 
30049.71 0.31 0.0 
30572.95 0.30 0.0 
31299.03 0.41 0.0 
31143.03 0.31 0.0 
32013.87 0.32 0.0 
31829.15 0.59 0.0 
32748.95 0.37 0.0 
32445.87 0.36 0.0 
32676.45 0.39 0.0 
33101.83 0.38 0.0 
33201.15 0.34 0.0 
33216.83 0.42 0.0 
34433.73 0.31 0.0 
34385.88 0.39 0.0 
34658.67 0.34 0.0 
34625.80 0.34 0.0 
34642.11 0.37 0.0 
34746.64 0.34 0.0 
35730.89 0.36 0.0 
36110.25 0.34 0.0 
36273.59 0.30 0.0 
36284.51 0.33 0.0 
36741.15 0.31 0.0 
36883.31 0.57 0.0 
37235.03 0.31 0.0 
37446.75 0.30 0.0 
37618.75 0.43 0.0 
37950.21 0.31 0.0 
37979.76 0.41 0.0 
38118.87 0.37 0.0 
38172.21 0.47 0.0 
38299.11 0.33 0.0 
38313.15 0.36 0.0 
38570.33 0.37 0.0 
39001.39 0.33 0.0 
38570.29 0.36 0.0 
39330.65 0.57 0.0 
39304.32 0.64 0.0 
39325.29 0.51 0.0 
39325.29 0.42 0.0 
39709.39 0.33 0.0 
39407.67 0.31 0.0 
39813.87 0.43 0.0 
41003.15 0.32 0.0 
41655.49 0.50 0.0 
41655.53 0.57 0.0 
41555.51 0.33 0.0 
41687.63 0.31 0.0 
41715.91 0.34 0.0 
41845.83 0.32 0.0 
42470.48 0.46 0.0 
42396.80 0.31 0.0 
42396.79 0.41 0.0 
44067.72 0.35 0.0 
44088.33 0.33 0.0 
45920.35 0.30 0.0 
46301.07 0.39 0.0 
46348.80 0.47 0.0 
46515.59 0.36 0.0 
46515.56 0.38 0.0 
47401.83 0.83 0.0 
47413.39 0.31 0.0 
47968.99 0.34 0.0 
48197.65 0.36 0.0 
48268.23 0.34 0.0 
49174.87 0.35 0.0 
49594.59 0.37 0.0 
49906.87 0.40 0.0 
49906.91 0.36 0.0 
49594.57 0.45 0.0 
49990.41 0.30 0.0 
50104.29 0.32 0.0 
50104.27 0.31 0.0 
53211.99 0.32 0.0 
54963.63 0.34 0.0 
56748.91 0.31 0.0 
56748.91 0.30 0.0 
60550.45 0.32 0.0 
60971.99 0.35 0.0 
61532.00 0.38 0.0 
64049.33 0.46 0.0 
65112.93 0.44 0.0 
65388.67 0.36 0.0 
65373.63 0.34 0.0 
66102.83 0.32 0.0 
66322.67 0.40 0.0 
67259.91 0.36 0.0 
67970.17 0.30 0.0 
68777.17 0.38 0.0 
68695.47 0.37 0.0 
71180.84 0.38 0.0 
72921.45 0.36 0.0 
77552.63 0.49 0.0 
78534.19 0.39 0.0 
80620.44 0.36 0.0 
80754.21 0.58 0.0 
82313.99 0.32 0.0 
82493.29 0.30 0.0 
83069.15 0.33 0.0 
82967.73 0.53 0.0 
83744.63 0.44 0.0 
84715.95 0.45 0.0 
