286.77 0.67 0.0 
658.89 0.41 0.0 
797.17 0.32 0.0 
745.55 0.30 0.0 
927.03 0.46 0.0 
1504.13 0.33 0.0 
2598.11 0.41 0.0 
4123.19 0.31 0.0 
4636.34 0.53 0.0 
5430.99 0.34 0.0 
5542.15 0.39 0.0 
5887.43 0.40 0.0 
7143.70 0.81 0.0 
7191.31 0.39 0.0 
7143.68 0.76 0.0 
7280.36 0.37 0.0 
7280.33 0.44 0.0 
7366.73 0.36 0.0 
7993.09 0.51 0.0 
7993.09 0.54 0.0 
8043.50 0.52 0.0 
10232.45 0.61 0.0 
10232.44 0.62 0.0 
10887.55 0.40 0.0 
11256.95 0.49 0.0 
14712.97 0.30 0.0 
17630.68 0.49 0.0 
19143.65 0.40 0.0 
19131.15 0.30 0.0 
38808.63 0.33 0.0 
41298.79 0.37 0.0 
50523.99 0.34 0.0 
54800.51 0.52 0.0 
54928.27 0.34 0.0 
55174.07 0.45 0.0 
55174.01 0.50 0.0 
55455.97 0.42 0.0 
55456.00 0.60 0.0 
55729.31 0.30 0.0 
56102.65 0.44 0.0 
58468.23 0.35 0.0 
59599.95 0.49 0.0 
59599.91 0.37 0.0 
59461.53 0.32 0.0 
59572.73 0.45 0.0 
60680.53 0.48 0.0 
60498.39 0.34 0.0 
61649.17 0.34 0.0 
61530.48 0.64 0.0 
61472.71 0.30 0.0 
61684.10 0.30 0.0 
62011.37 0.32 0.0 
63809.75 0.34 0.0 
63388.81 0.49 0.0 
63622.75 0.31 0.0 
64514.12 0.45 0.0 
65124.01 0.58 0.0 
65426.61 0.36 0.0 
66281.83 0.31 0.0 
67287.49 0.46 0.0 
69405.31 0.31 0.0 
70453.73 0.48 0.0 
70934.09 0.52 0.0 
70934.05 0.39 0.0 
71339.35 0.34 0.0 
71551.28 0.58 0.0 
72066.15 0.46 0.0 
72342.85 0.62 0.0 
72119.35 0.46 0.0 
72036.92 0.47 0.0 
72455.69 0.41 0.0 
73490.43 0.50 0.0 
74250.63 0.46 0.0 
74597.41 0.44 0.0 
74719.23 0.31 0.0 
74871.74 0.68 0.0 
74871.71 0.40 0.0 
74805.47 0.44 0.0 
74762.71 0.32 0.0 
75016.33 0.31 0.0 
75384.73 0.44 0.0 
75384.71 0.48 0.0 
75648.91 0.37 0.0 
75774.03 0.42 0.0 
76367.27 0.41 0.0 
76463.77 0.49 0.0 
76870.23 0.38 0.0 
76870.21 0.41 0.0 
77211.07 0.33 0.0 
77460.73 0.49 0.0 
77631.47 0.37 0.0 
77651.59 0.37 0.0 
78460.61 0.43 0.0 
81929.27 0.41 0.0 
83228.03 0.38 0.0 
84783.65 0.35 0.0 
84935.83 0.35 0.0 
85072.75 0.50 0.0 
85226.25 0.62 0.0 
85359.67 0.33 0.0 
86340.59 0.34 0.0 
