2515.28 0.42 0.0 
4323.93 0.35 0.0 
20579.45 0.33 0.0 
21935.99 0.31 0.0 
28956.57 0.31 0.0 
30763.97 0.38 0.0 
31799.08 0.33 0.0 
32640.77 0.55 0.0 
33683.39 0.36 0.0 
34289.91 0.49 0.0 
34976.83 0.33 0.0 
35371.32 0.55 0.0 
35690.63 0.43 0.0 
35582.43 0.31 0.0 
37721.97 0.42 0.0 
38813.67 0.43 0.0 
38926.87 0.40 0.0 
38926.84 0.44 0.0 
40415.63 0.30 0.0 
47848.77 0.42 0.0 
49473.31 0.31 0.0 
49635.27 0.38 0.0 
56140.78 0.32 0.0 
58591.72 0.86 0.0 
58591.70 0.82 0.0 
61096.01 0.30 0.0 
63554.47 0.34 0.0 
65017.72 0.45 0.0 
67064.79 0.37 0.0 
69818.43 0.35 0.0 
72282.55 0.30 0.0 
72557.59 0.40 0.0 
74761.31 0.33 0.0 
77594.65 0.39 0.0 
77637.09 0.37 0.0 
77637.09 0.46 0.0 
82653.99 0.51 0.0 
86286.03 0.31 0.0 
