736.52 0.55 0.0 
832.21 0.40 0.0 
406.57 0.34 0.0 
900.66 0.89 0.0 
900.64 0.85 0.0 
1567.27 0.40 0.0 
1516.22 0.65 0.0 
2105.23 0.35 0.0 
2213.07 0.49 0.0 
2213.07 0.55 0.0 
2453.15 0.47 0.0 
2453.16 0.67 0.0 
2836.85 0.59 0.0 
3634.37 0.47 0.0 
4438.16 0.58 0.0 
4158.15 0.67 0.0 
4356.15 0.39 0.0 
5065.27 0.66 0.0 
5065.27 0.84 0.0 
5362.23 0.46 0.0 
5207.49 0.43 0.0 
6226.47 0.35 0.0 
5928.10 0.67 0.0 
6852.80 0.37 0.0 
6852.91 0.34 0.0 
7177.05 0.49 0.0 
7177.02 0.54 0.0 
7279.83 0.39 0.0 
7279.87 0.61 0.0 
8044.07 0.39 0.0 
8044.11 0.48 0.0 
8116.75 0.31 0.0 
8871.07 0.41 0.0 
8790.57 0.64 0.0 
9307.20 0.78 0.0 
9290.89 0.89 0.0 
9290.90 0.89 0.0 
9307.19 0.57 0.0 
10537.25 0.48 0.0 
10537.29 0.34 0.0 
10967.45 0.77 0.0 
11232.95 0.34 0.0 
11218.37 0.34 0.0 
11744.55 0.73 0.0 
12141.19 0.45 0.0 
12398.07 0.32 0.0 
13194.81 0.41 0.0 
13320.76 0.75 0.0 
13328.87 0.51 0.0 
13412.24 0.79 0.0 
13582.92 0.38 0.0 
13412.19 0.39 0.0 
14155.61 0.57 0.0 
14155.59 0.51 0.0 
14582.30 0.86 0.0 
15001.24 0.50 0.0 
15001.23 0.54 0.0 
14576.28 0.66 0.0 
14582.31 0.58 0.0 
15333.31 0.37 0.0 
15517.72 0.88 0.0 
15309.83 0.66 0.0 
15309.84 0.72 0.0 
15517.72 0.88 0.0 
15525.40 0.39 0.0 
15525.43 0.94 0.0 
15530.53 0.44 0.0 
16182.64 0.82 0.0 
16182.64 0.67 0.0 
16928.13 0.60 0.0 
16928.16 0.76 0.0 
18216.21 0.64 0.0 
17953.88 0.50 0.0 
17953.91 0.30 0.0 
18216.21 0.54 0.0 
18870.55 0.34 0.0 
19342.28 0.50 0.0 
19410.44 0.84 0.0 
20397.32 0.31 0.0 
21495.74 0.49 0.0 
21640.97 0.51 0.0 
22538.76 0.71 0.0 
22264.07 0.32 0.0 
22538.76 0.76 0.0 
22755.51 0.51 0.0 
23912.77 0.79 0.0 
23912.76 0.80 0.0 
24920.11 0.82 0.0 
24920.09 0.78 0.0 
27085.10 0.38 0.0 
27492.99 0.46 0.0 
27637.92 0.51 0.0 
27516.03 0.32 0.0 
27637.91 0.50 0.0 
27645.51 0.32 0.0 
28461.14 0.52 0.0 
28569.97 0.55 0.0 
29537.76 0.31 0.0 
29803.87 0.30 0.0 
29803.89 0.37 0.0 
30949.79 0.46 0.0 
31210.73 0.30 0.0 
31210.69 0.42 0.0 
31215.89 0.41 0.0 
31464.73 0.65 0.0 
31159.39 0.33 0.0 
31120.31 0.47 0.0 
31516.67 0.46 0.0 
31878.75 0.32 0.0 
32305.39 0.37 0.0 
32192.43 0.39 0.0 
32642.11 0.43 0.0 
33108.31 0.54 0.0 
33108.28 0.75 0.0 
33117.58 0.46 0.0 
33129.04 0.88 0.0 
33123.17 0.64 0.0 
33129.06 0.88 0.0 
33266.36 0.59 0.0 
33266.37 0.72 0.0 
33748.63 0.40 0.0 
33810.38 0.31 0.0 
33822.96 0.68 0.0 
33442.91 0.33 0.0 
33446.27 0.60 0.0 
33810.33 0.63 0.0 
34940.63 0.41 0.0 
36450.53 0.34 0.0 
36174.23 0.41 0.0 
36590.15 0.35 0.0 
36174.23 0.43 0.0 
36976.23 0.37 0.0 
36986.07 0.38 0.0 
38505.87 0.52 0.0 
38521.27 0.42 0.0 
38612.75 0.32 0.0 
39548.27 0.37 0.0 
39553.20 0.48 0.0 
39681.51 0.36 0.0 
40572.29 0.66 0.0 
40572.28 0.67 0.0 
40583.19 0.56 0.0 
40598.01 0.40 0.0 
40926.81 0.42 0.0 
40926.80 0.66 0.0 
40598.00 0.65 0.0 
41190.35 0.79 0.0 
40981.19 0.49 0.0 
41190.36 0.59 0.0 
41332.63 0.32 0.0 
49709.13 0.70 0.0 
49523.75 0.34 0.0 
51935.27 0.59 0.0 
51940.03 0.31 0.0 
52654.83 0.48 0.0 
52817.96 0.49 0.0 
52817.97 0.70 0.0 
52729.39 0.42 0.0 
52831.79 0.45 0.0 
53206.75 0.44 0.0 
53459.45 0.49 0.0 
54002.63 0.31 0.0 
53701.92 0.71 0.0 
54121.05 0.51 0.0 
54369.33 0.47 0.0 
55097.32 0.45 0.0 
55458.95 0.42 0.0 
55458.91 0.31 0.0 
56172.03 0.46 0.0 
55889.23 0.33 0.0 
57379.49 0.41 0.0 
57495.49 0.62 0.0 
57275.51 0.38 0.0 
57440.75 0.37 0.0 
57440.69 0.36 0.0 
57945.08 0.63 0.0 
57777.03 0.59 0.0 
58426.19 0.31 0.0 
58477.07 0.44 0.0 
59436.47 0.30 0.0 
59551.15 0.36 0.0 
60137.65 0.40 0.0 
60332.50 0.34 0.0 
60491.15 0.40 0.0 
60491.11 0.33 0.0 
60615.77 0.33 0.0 
60747.25 0.67 0.0 
60747.26 0.57 0.0 
61259.87 0.31 0.0 
61542.59 0.39 0.0 
62269.87 0.38 0.0 
62266.11 0.51 0.0 
62269.91 0.51 0.0 
62610.48 0.59 0.0 
62222.82 0.69 0.0 
62600.79 0.58 0.0 
62600.80 0.83 0.0 
62610.43 0.60 0.0 
62811.95 0.39 0.0 
63541.51 0.31 0.0 
64384.39 0.38 0.0 
64622.37 0.59 0.0 
65002.85 0.43 0.0 
67458.07 0.38 0.0 
68058.97 0.45 0.0 
68283.75 0.49 0.0 
68970.94 0.68 0.0 
69143.75 0.42 0.0 
69227.62 0.76 0.0 
69596.23 0.40 0.0 
69421.99 0.55 0.0 
69439.94 0.70 0.0 
69677.00 0.49 0.0 
70387.04 0.53 0.0 
70819.87 0.35 0.0 
74038.04 0.40 0.0 
74131.63 0.37 0.0 
74158.07 0.40 0.0 
73875.03 0.38 0.0 
73877.41 0.49 0.0 
74267.31 0.53 0.0 
74143.62 0.33 0.0 
74553.76 0.61 0.0 
74553.71 0.32 0.0 
75005.44 0.68 0.0 
75453.69 0.37 0.0 
75496.83 0.43 0.0 
75287.66 0.52 0.0 
76049.75 0.31 0.0 
76177.87 0.51 0.0 
76256.55 0.35 0.0 
76681.93 0.54 0.0 
77153.17 0.68 0.0 
77153.17 0.66 0.0 
76838.75 0.37 0.0 
77520.56 0.56 0.0 
78319.91 0.50 0.0 
78319.92 0.50 0.0 
78936.59 0.33 0.0 
78984.26 0.48 0.0 
79665.21 0.33 0.0 
79371.03 0.35 0.0 
79643.19 0.36 0.0 
80254.83 0.58 0.0 
80542.19 0.31 0.0 
80656.00 0.78 0.0 
80342.82 0.57 0.0 
80342.84 0.56 0.0 
81389.27 0.35 0.0 
81426.93 0.44 0.0 
81650.71 0.47 0.0 
82549.95 0.40 0.0 
82397.49 0.77 0.0 
83080.99 0.50 0.0 
82982.31 0.31 0.0 
83080.95 0.41 0.0 
83532.87 0.35 0.0 
83564.91 0.36 0.0 
84014.86 0.74 0.0 
84014.91 0.58 0.0 
83676.20 0.62 0.0 
83910.56 0.43 0.0 
83966.91 0.31 0.0 
84036.63 0.46 0.0 
84572.82 0.71 0.0 
84596.11 0.33 0.0 
84285.44 0.75 0.0 
85054.87 0.41 0.0 
85225.35 0.41 0.0 
85891.33 0.50 0.0 
85891.33 0.43 0.0 
86240.47 0.43 0.0 
86207.81 0.42 0.0 
