658.44 0.55 0.0 
1430.19 0.85 0.0 
1850.99 0.41 0.0 
2561.37 0.51 0.0 
2632.92 0.51 0.0 
2632.89 0.61 0.0 
2641.60 0.85 0.0 
2648.41 0.30 0.0 
3163.36 0.52 0.0 
5097.72 0.33 0.0 
6134.37 0.33 0.0 
6410.31 0.71 0.0 
7601.36 0.47 0.0 
8450.81 0.84 0.0 
8450.80 0.53 0.0 
10123.59 0.85 0.0 
10123.59 0.78 0.0 
10647.15 0.83 0.0 
10647.10 0.91 0.0 
10984.55 0.39 0.0 
11684.45 0.40 0.0 
12616.81 0.30 0.0 
12714.81 0.37 0.0 
12883.24 0.41 0.0 
12850.97 0.86 0.0 
13412.92 0.83 0.0 
13412.92 0.82 0.0 
13423.80 0.31 0.0 
14623.05 0.33 0.0 
15079.82 0.35 0.0 
15928.88 0.33 0.0 
16148.84 0.79 0.0 
17183.57 0.90 0.0 
17183.60 0.73 0.0 
17951.31 0.43 0.0 
18552.59 0.86 0.0 
18552.61 0.73 0.0 
19109.67 0.35 0.0 
20240.29 0.35 0.0 
20738.24 0.39 0.0 
20632.59 0.82 0.0 
20649.69 0.43 0.0 
20632.60 0.70 0.0 
20649.65 0.49 0.0 
21130.90 0.69 0.0 
21489.56 0.72 0.0 
22482.91 0.49 0.0 
23012.40 0.48 0.0 
23012.32 0.31 0.0 
23475.73 0.57 0.0 
24940.53 0.40 0.0 
25087.16 0.36 0.0 
25087.15 0.59 0.0 
25279.08 0.55 0.0 
25542.80 0.69 0.0 
25542.72 0.39 0.0 
26428.95 0.61 0.0 
27481.45 0.39 0.0 
30081.49 0.56 0.0 
30882.96 0.35 0.0 
30910.64 0.31 0.0 
30847.19 0.46 0.0 
32398.69 0.30 0.0 
32509.43 0.54 0.0 
32770.77 0.52 0.0 
32965.79 0.45 0.0 
35092.65 0.32 0.0 
35698.33 0.39 0.0 
36024.73 0.51 0.0 
36005.79 0.60 0.0 
36793.52 0.30 0.0 
37009.48 0.72 0.0 
37009.45 0.30 0.0 
37248.29 0.50 0.0 
37829.34 0.86 0.0 
37829.31 0.78 0.0 
39233.50 0.83 0.0 
39489.77 0.46 0.0 
39508.33 0.33 0.0 
39566.33 0.40 0.0 
39489.80 0.74 0.0 
39804.03 0.37 0.0 
40275.69 0.46 0.0 
40275.73 0.62 0.0 
40286.65 0.35 0.0 
40820.35 0.45 0.0 
40878.15 0.34 0.0 
41520.18 0.30 0.0 
41758.64 0.35 0.0 
41774.05 0.43 0.0 
42948.72 0.90 0.0 
42948.71 0.96 0.0 
44992.28 0.30 0.0 
45058.76 0.56 0.0 
45058.73 0.44 0.0 
46312.09 0.55 0.0 
47179.49 0.31 0.0 
48382.95 0.77 0.0 
48985.93 0.49 0.0 
48985.97 0.37 0.0 
49093.78 0.75 0.0 
50158.93 0.34 0.0 
51752.51 0.32 0.0 
51761.00 0.43 0.0 
52149.59 0.38 0.0 
52214.26 0.30 0.0 
53368.67 0.55 0.0 
54712.23 0.87 0.0 
54712.25 0.54 0.0 
55924.25 0.35 0.0 
59849.33 0.58 0.0 
61111.29 0.31 0.0 
64586.04 0.33 0.0 
64628.92 0.40 0.0 
66056.36 0.51 0.0 
66239.49 0.44 0.0 
67859.82 0.30 0.0 
70588.99 0.44 0.0 
73841.60 0.33 0.0 
75566.17 0.43 0.0 
78069.89 0.37 0.0 
78670.53 0.47 0.0 
79385.89 0.34 0.0 
79380.85 0.48 0.0 
79385.83 0.31 0.0 
81399.44 0.38 0.0 
81434.05 0.34 0.0 
81806.01 0.34 0.0 
83321.00 0.32 0.0 
