1435.88 0.35 0.0 
2564.12 0.36 0.0 
3581.08 0.73 0.0 
3581.05 0.39 0.0 
3686.80 0.38 0.0 
5503.97 0.51 0.0 
6146.01 0.32 0.0 
6463.21 0.53 0.0 
6643.89 0.31 0.0 
7364.45 0.35 0.0 
9490.21 0.46 0.0 
10294.60 0.37 0.0 
10611.05 0.32 0.0 
10633.79 0.99 0.0 
10951.83 0.91 0.0 
10960.17 0.30 0.0 
10858.21 0.44 0.0 
10951.80 0.90 0.0 
11950.69 0.47 0.0 
13076.00 0.31 0.0 
13344.99 0.30 0.0 
13408.96 0.62 0.0 
14008.05 0.56 0.0 
14166.05 0.41 0.0 
14735.01 0.37 0.0 
15173.48 0.66 0.0 
15173.48 0.57 0.0 
15374.29 0.39 0.0 
17383.10 0.35 0.0 
19409.48 0.72 0.0 
20626.36 0.71 0.0 
20626.35 0.45 0.0 
20789.45 0.69 0.0 
22752.29 0.41 0.0 
24392.09 0.34 0.0 
24411.77 0.60 0.0 
25387.20 0.42 0.0 
26997.04 0.32 0.0 
29362.20 0.38 0.0 
30040.29 0.49 0.0 
30185.08 0.50 0.0 
30185.08 0.89 0.0 
30391.28 0.31 0.0 
31452.29 0.39 0.0 
32004.89 0.32 0.0 
32969.05 0.39 0.0 
34380.77 0.37 0.0 
34748.20 0.35 0.0 
35967.93 0.49 0.0 
36247.01 0.35 0.0 
37678.40 0.37 0.0 
38263.01 0.60 0.0 
38548.19 0.38 0.0 
39475.69 0.36 0.0 
41320.45 0.47 0.0 
41834.37 0.30 0.0 
44758.92 0.71 0.0 
44843.99 0.68 0.0 
46964.16 0.47 0.0 
46915.37 0.36 0.0 
48330.13 0.48 0.0 
48505.41 0.66 0.0 
48505.44 0.67 0.0 
49390.37 0.35 0.0 
49705.72 0.44 0.0 
49853.08 0.34 0.0 
50520.43 0.44 0.0 
51143.93 0.42 0.0 
51620.10 0.38 0.0 
53173.89 0.47 0.0 
53275.05 0.65 0.0 
56156.15 0.33 0.0 
56774.35 0.32 0.0 
57008.07 0.37 0.0 
57700.61 0.62 0.0 
57747.48 0.33 0.0 
58237.42 0.53 0.0 
60432.77 0.52 0.0 
63581.79 0.38 0.0 
65084.48 0.42 0.0 
66414.73 0.58 0.0 
67674.73 0.38 0.0 
67888.67 0.61 0.0 
68402.01 0.72 0.0 
68402.01 0.36 0.0 
69164.48 0.33 0.0 
69798.29 0.36 0.0 
70647.48 0.31 0.0 
71095.35 0.55 0.0 
72250.63 0.39 0.0 
72811.89 0.62 0.0 
72811.79 0.31 0.0 
74528.37 0.32 0.0 
74774.36 0.70 0.0 
74774.36 0.67 0.0 
75027.16 0.36 0.0 
75383.48 0.41 0.0 
77335.76 0.35 0.0 
78409.52 0.38 0.0 
80023.01 0.43 0.0 
80224.09 0.62 0.0 
81851.56 0.36 0.0 
82047.13 0.35 0.0 
82153.60 0.35 0.0 
84402.93 0.35 0.0 
84846.44 0.39 0.0 
85093.09 0.58 0.0 
