7278.85 0.37 0.0 
10672.95 0.35 0.0 
12136.85 0.41 0.0 
13418.35 0.44 0.0 
13418.32 0.62 0.0 
13432.65 0.56 0.0 
13441.91 0.61 0.0 
13455.08 0.39 0.0 
13432.61 0.44 0.0 
17940.90 0.50 0.0 
18056.89 0.96 0.0 
18056.89 0.96 0.0 
21121.52 0.35 0.0 
22692.35 0.33 0.0 
23718.55 0.35 0.0 
24872.51 0.32 0.0 
25039.11 0.32 0.0 
30465.51 0.57 0.0 
32044.02 0.82 0.0 
32044.02 0.78 0.0 
32331.35 0.38 0.0 
35375.43 0.41 0.0 
39543.83 0.34 0.0 
41071.83 0.32 0.0 
41338.09 0.38 0.0 
42991.00 0.56 0.0 
43051.92 0.63 0.0 
44071.17 0.58 0.0 
46022.40 0.84 0.0 
46022.40 0.85 0.0 
46292.03 0.44 0.0 
49503.83 0.39 0.0 
50070.47 0.31 0.0 
50374.58 0.75 0.0 
50374.60 0.82 0.0 
51660.49 0.79 0.0 
51660.50 0.92 0.0 
52147.92 0.96 0.0 
52147.92 0.96 0.0 
57620.37 0.49 0.0 
59382.92 0.96 0.0 
59382.93 0.96 0.0 
59403.96 0.77 0.0 
69189.57 0.77 0.0 
69189.55 0.39 0.0 
69348.53 0.95 0.0 
69348.52 0.95 0.0 
70189.87 0.97 0.0 
70189.87 0.97 0.0 
73842.36 0.73 0.0 
73842.35 0.85 0.0 
74116.78 0.94 0.0 
74116.80 0.95 0.0 
74186.66 0.72 0.0 
74810.75 0.96 0.0 
74810.76 0.96 0.0 
78061.91 0.39 0.0 
78061.85 0.32 0.0 
83967.13 0.31 0.0 
