10667.89 0.54 0.0 
10966.08 0.83 0.0 
10966.07 0.43 0.0 
10980.81 0.41 0.0 
13425.11 0.35 0.0 
13443.93 0.48 0.0 
14550.81 0.57 0.0 
18526.67 0.47 0.0 
20637.59 0.35 0.0 
20624.55 0.76 0.0 
20624.54 0.65 0.0 
20637.65 0.39 0.0 
24661.23 0.55 0.0 
33942.09 0.63 0.0 
33942.13 0.44 0.0 
35265.43 0.65 0.0 
36894.83 0.49 0.0 
36894.85 0.32 0.0 
36910.91 0.49 0.0 
36910.89 0.76 0.0 
39661.99 0.35 0.0 
39986.67 0.40 0.0 
45008.33 0.50 0.0 
45022.13 0.44 0.0 
50506.65 0.50 0.0 
52651.47 0.40 0.0 
54201.03 0.38 0.0 
54875.03 0.35 0.0 
54885.92 0.66 0.0 
63676.03 0.31 0.0 
63686.15 0.41 0.0 
73083.91 0.32 0.0 
82901.41 0.33 0.0 
