900.47 0.31 0.0 
2248.91 0.43 0.0 
4179.51 0.65 0.0 
4980.49 0.44 0.0 
4980.55 0.37 0.0 
6091.11 0.64 0.0 
6318.95 0.42 0.0 
6318.93 0.50 0.0 
6820.09 0.30 0.0 
7695.71 0.40 0.0 
8421.63 0.32 0.0 
8866.09 0.39 0.0 
9570.97 0.47 0.0 
10326.43 0.52 0.0 
10326.44 0.61 0.0 
11352.72 0.55 0.0 
11352.71 0.67 0.0 
12902.55 0.65 0.0 
13352.40 0.33 0.0 
14165.55 0.34 0.0 
15585.45 0.40 0.0 
15878.95 0.64 0.0 
15878.95 0.84 0.0 
15902.87 0.44 0.0 
15888.56 0.37 0.0 
17133.15 0.61 0.0 
17133.11 0.36 0.0 
18073.86 0.51 0.0 
19126.59 0.39 0.0 
19860.43 0.35 0.0 
20630.05 0.64 0.0 
24483.60 0.42 0.0 
24483.65 0.43 0.0 
26401.13 0.54 0.0 
27524.79 0.32 0.0 
29602.15 0.36 0.0 
33902.68 0.82 0.0 
33902.69 0.83 0.0 
39933.29 0.61 0.0 
41730.63 0.49 0.0 
42266.35 0.75 0.0 
42335.44 0.32 0.0 
42466.80 0.41 0.0 
42663.28 0.51 0.0 
43818.44 0.38 0.0 
43862.63 0.56 0.0 
44100.89 0.38 0.0 
46820.98 0.30 0.0 
46848.81 0.55 0.0 
47153.74 0.35 0.0 
57431.72 0.59 0.0 
63524.53 0.53 0.0 
66548.55 0.32 0.0 
66724.75 0.56 0.0 
69975.90 0.73 0.0 
72261.87 0.50 0.0 
74253.55 0.51 0.0 
74542.54 0.33 0.0 
79152.48 0.33 0.0 
82035.75 0.49 0.0 
82189.88 0.36 0.0 
82549.64 0.63 0.0 
82549.63 0.40 0.0 
84068.59 0.30 0.0 
85350.59 0.53 0.0 
