44.12 0.76 0.0 
119.19 0.49 0.0 
808.64 0.49 0.0 
1349.03 0.85 0.0 
1754.44 0.51 0.0 
2293.80 0.53 0.0 
3456.76 0.65 0.0 
3456.71 0.51 0.0 
3545.92 0.66 0.0 
3545.91 0.60 0.0 
4088.72 0.46 0.0 
4464.92 0.68 0.0 
4425.80 0.35 0.0 
4679.03 0.46 0.0 
4980.12 0.75 0.0 
4980.11 0.78 0.0 
5276.51 0.84 0.0 
6402.64 0.36 0.0 
6310.93 0.37 0.0 
6817.28 0.31 0.0 
7271.24 0.31 0.0 
8279.31 0.76 0.0 
8355.68 0.37 0.0 
8683.85 0.60 0.0 
8802.49 0.77 0.0 
8683.83 0.34 0.0 
8872.08 0.35 0.0 
8872.08 0.35 0.0 
9059.04 0.86 0.0 
9223.72 0.32 0.0 
9824.09 0.49 0.0 
10241.52 0.30 0.0 
10214.40 0.36 0.0 
10325.20 0.87 0.0 
10325.20 0.42 0.0 
10902.49 0.58 0.0 
11352.16 0.61 0.0 
11352.16 0.80 0.0 
11630.77 0.33 0.0 
12299.33 0.65 0.0 
12360.09 0.63 0.0 
12610.64 0.32 0.0 
12763.77 0.37 0.0 
12702.64 0.60 0.0 
13058.61 0.33 0.0 
13058.60 0.30 0.0 
13266.76 0.33 0.0 
14069.32 0.35 0.0 
15106.03 0.43 0.0 
15877.16 0.55 0.0 
15877.15 0.74 0.0 
15944.13 0.55 0.0 
16283.55 0.93 0.0 
17130.66 0.84 0.0 
17130.70 0.89 0.0 
17263.97 0.38 0.0 
18072.84 0.91 0.0 
18072.84 0.95 0.0 
18267.03 0.92 0.0 
19860.33 0.34 0.0 
20629.99 0.55 0.0 
21254.24 0.72 0.0 
21936.92 0.80 0.0 
21936.92 0.67 0.0 
22427.79 0.63 0.0 
22427.83 0.64 0.0 
23983.05 0.48 0.0 
23998.60 0.50 0.0 
24479.34 0.42 0.0 
24760.88 0.36 0.0 
25817.37 0.36 0.0 
26127.65 0.66 0.0 
26444.33 0.47 0.0 
27597.31 0.32 0.0 
29457.11 0.59 0.0 
31705.16 0.67 0.0 
33900.34 0.97 0.0 
33900.34 0.97 0.0 
34019.63 0.34 0.0 
37138.32 0.85 0.0 
37619.40 0.46 0.0 
40287.41 0.79 0.0 
41939.65 0.66 0.0 
42284.44 0.86 0.0 
42264.93 0.73 0.0 
42269.57 0.50 0.0 
42465.39 0.50 0.0 
42644.06 0.74 0.0 
42704.28 0.38 0.0 
42794.28 0.56 0.0 
43134.81 0.39 0.0 
44100.40 0.62 0.0 
44113.36 0.72 0.0 
45297.76 0.60 0.0 
46376.86 0.85 0.0 
46454.59 0.37 0.0 
46436.29 0.71 0.0 
46816.92 0.58 0.0 
46783.69 0.85 0.0 
46783.72 0.78 0.0 
46962.89 0.52 0.0 
46934.19 0.43 0.0 
47388.36 0.78 0.0 
47597.29 0.35 0.0 
48971.21 0.37 0.0 
49484.51 0.59 0.0 
51250.05 0.32 0.0 
57252.17 0.57 0.0 
57464.00 0.38 0.0 
57431.70 0.83 0.0 
57643.41 0.30 0.0 
58068.33 0.35 0.0 
58333.93 0.38 0.0 
58529.59 0.45 0.0 
58662.13 0.46 0.0 
59542.85 0.51 0.0 
60012.97 0.32 0.0 
60508.20 0.48 0.0 
61424.51 0.41 0.0 
61391.88 0.31 0.0 
63521.28 0.50 0.0 
65019.80 0.53 0.0 
65019.80 0.31 0.0 
65098.89 0.30 0.0 
66732.09 0.33 0.0 
66721.84 0.33 0.0 
69759.21 0.34 0.0 
72260.76 0.37 0.0 
72516.33 0.53 0.0 
72717.73 0.54 0.0 
74252.40 0.33 0.0 
74609.04 0.64 0.0 
75794.16 0.33 0.0 
75915.47 0.44 0.0 
79152.43 0.78 0.0 
79288.13 0.37 0.0 
79739.17 0.36 0.0 
81029.48 0.31 0.0 
81239.15 0.66 0.0 
81501.36 0.36 0.0 
81616.72 0.49 0.0 
82548.92 0.72 0.0 
82548.88 0.47 0.0 
83067.88 0.41 0.0 
82994.20 0.75 0.0 
83174.12 0.44 0.0 
83698.36 0.47 0.0 
84830.37 0.38 0.0 
84990.48 0.31 0.0 
85362.88 0.30 0.0 
85855.84 0.52 0.0 
86337.52 0.79 0.0 
