7468.29 0.47 0.0 
8233.65 0.39 0.0 
11489.33 0.54 0.0 
12704.25 0.31 0.0 
13219.84 0.33 0.0 
13429.68 0.47 0.0 
13429.68 0.31 0.0 
14099.05 0.33 0.0 
14129.13 0.30 0.0 
16214.19 0.42 0.0 
18028.55 0.53 0.0 
20007.97 0.34 0.0 
21209.08 0.36 0.0 
24257.49 0.40 0.0 
24265.43 0.75 0.0 
27597.93 0.58 0.0 
30644.04 0.74 0.0 
30748.55 0.63 0.0 
32427.29 0.64 0.0 
37334.31 0.33 0.0 
42057.40 0.33 0.0 
44219.43 0.30 0.0 
45209.40 0.62 0.0 
47353.47 0.55 0.0 
48569.16 0.43 0.0 
49617.61 0.41 0.0 
52752.91 0.38 0.0 
67558.83 0.59 0.0 
74789.37 0.33 0.0 
75929.56 0.76 0.0 
76239.53 0.40 0.0 
77143.00 0.74 0.0 
79064.33 0.58 0.0 
