209.38 0.64 0.0 
360.96 0.30 0.0 
1649.23 0.33 0.0 
1677.13 0.45 0.0 
2664.93 0.33 0.0 
2816.65 0.41 0.0 
3040.83 0.42 0.0 
3751.88 0.32 0.0 
4169.45 0.40 0.0 
4209.89 0.41 0.0 
4403.89 0.33 0.0 
6957.61 0.30 0.0 
8367.97 0.31 0.0 
8323.62 0.59 0.0 
8325.06 0.35 0.0 
8368.05 0.60 0.0 
8323.53 0.40 0.0 
10123.29 0.67 0.0 
10932.21 0.38 0.0 
11189.33 0.53 0.0 
12265.76 0.56 0.0 
13043.41 0.35 0.0 
13206.29 0.63 0.0 
13634.35 0.89 0.0 
13574.51 0.43 0.0 
14519.49 0.31 0.0 
14984.49 0.30 0.0 
14924.17 0.46 0.0 
15070.11 0.34 0.0 
15486.33 0.49 0.0 
15486.41 0.67 0.0 
16769.01 0.61 0.0 
17050.88 0.38 0.0 
18046.48 0.31 0.0 
19029.55 0.44 0.0 
19548.65 0.32 0.0 
20892.33 0.56 0.0 
21523.83 0.67 0.0 
21838.45 0.39 0.0 
21975.57 0.32 0.0 
22001.52 0.86 0.0 
22049.16 0.39 0.0 
22166.64 0.69 0.0 
22674.69 0.34 0.0 
22888.15 0.36 0.0 
23022.61 0.68 0.0 
22938.43 0.78 0.0 
22938.41 0.60 0.0 
23005.91 0.76 0.0 
23037.29 0.83 0.0 
23219.14 0.67 0.0 
23219.11 0.91 0.0 
23353.25 0.30 0.0 
23270.67 0.39 0.0 
23859.11 0.35 0.0 
23770.52 0.35 0.0 
23934.64 0.63 0.0 
24233.61 0.30 0.0 
24477.61 0.36 0.0 
25017.68 0.33 0.0 
25132.32 0.93 0.0 
25132.31 0.96 0.0 
25318.80 0.31 0.0 
26053.87 0.66 0.0 
26650.41 0.31 0.0 
27673.53 0.45 0.0 
28002.79 0.32 0.0 
28078.97 0.60 0.0 
28619.48 0.30 0.0 
29909.27 0.90 0.0 
30475.32 0.75 0.0 
30659.05 0.36 0.0 
30854.16 0.41 0.0 
31541.97 0.33 0.0 
32337.87 0.32 0.0 
36771.93 0.39 0.0 
36771.89 0.59 0.0 
38296.59 0.32 0.0 
38296.59 0.36 0.0 
39597.29 0.49 0.0 
39597.80 0.36 0.0 
40510.77 0.32 0.0 
40617.61 0.37 0.0 
41999.41 0.43 0.0 
42265.97 0.32 0.0 
43737.17 0.36 0.0 
44944.32 0.33 0.0 
46752.43 0.41 0.0 
48101.77 0.43 0.0 
48056.41 0.49 0.0 
51406.64 0.46 0.0 
52855.75 0.30 0.0 
53740.89 0.65 0.0 
53682.56 0.37 0.0 
53959.53 0.67 0.0 
55917.73 0.33 0.0 
56647.84 0.41 0.0 
57175.69 0.30 0.0 
58167.69 0.39 0.0 
58527.79 0.35 0.0 
58796.61 0.46 0.0 
59469.64 0.70 0.0 
59479.61 0.31 0.0 
59517.88 0.36 0.0 
59692.89 0.36 0.0 
59785.00 0.42 0.0 
59963.25 0.66 0.0 
60282.81 0.45 0.0 
62037.65 0.39 0.0 
63565.48 0.38 0.0 
63835.35 0.37 0.0 
63850.29 0.66 0.0 
64629.77 0.42 0.0 
65444.16 0.35 0.0 
71307.45 0.34 0.0 
71395.68 0.35 0.0 
72568.17 0.38 0.0 
74279.37 0.37 0.0 
74366.60 0.64 0.0 
76694.21 0.49 0.0 
76881.60 0.41 0.0 
77876.71 0.85 0.0 
78474.05 0.57 0.0 
78474.01 0.51 0.0 
79083.37 0.38 0.0 
79646.71 0.34 0.0 
80483.28 0.46 0.0 
80699.45 0.52 0.0 
83410.05 0.39 0.0 
83914.79 0.37 0.0 
84672.97 0.75 0.0 
85228.33 0.46 0.0 
85482.44 0.71 0.0 
