31.43 0.38 0.0 
192.77 0.37 0.0 
192.79 0.37 0.0 
350.77 0.33 0.0 
1722.17 0.55 0.0 
1816.67 0.41 0.0 
1722.16 0.41 0.0 
2146.03 0.37 0.0 
2370.71 0.79 0.0 
2542.52 0.52 0.0 
2509.87 0.54 0.0 
2519.99 0.53 0.0 
2542.49 0.66 0.0 
3318.91 0.31 0.0 
3389.57 0.33 0.0 
3515.20 0.66 0.0 
3484.17 0.44 0.0 
3515.19 0.78 0.0 
3869.23 0.73 0.0 
3993.29 0.40 0.0 
3944.75 0.31 0.0 
3993.29 0.47 0.0 
4013.03 0.35 0.0 
4405.67 0.41 0.0 
4405.63 0.35 0.0 
4691.15 0.36 0.0 
4666.25 0.40 0.0 
4793.71 0.38 0.0 
4966.39 0.48 0.0 
4984.40 0.72 0.0 
4997.91 0.36 0.0 
4984.39 0.57 0.0 
5179.75 0.38 0.0 
5229.80 0.30 0.0 
5237.51 0.52 0.0 
5237.57 0.64 0.0 
5206.23 0.38 0.0 
5229.77 0.31 0.0 
5418.71 0.34 0.0 
5571.43 0.34 0.0 
5837.37 0.53 0.0 
6527.19 0.36 0.0 
6555.71 0.45 0.0 
6575.87 0.50 0.0 
6715.19 0.72 0.0 
6647.81 0.69 0.0 
6715.20 0.87 0.0 
6772.59 0.30 0.0 
6929.92 0.39 0.0 
7116.82 0.31 0.0 
7068.89 0.32 0.0 
7061.45 0.37 0.0 
7198.51 0.33 0.0 
7198.45 0.34 0.0 
7343.36 0.47 0.0 
7305.87 0.31 0.0 
7343.33 0.48 0.0 
7274.33 0.37 0.0 
7378.52 0.34 0.0 
7408.27 0.45 0.0 
7428.29 0.33 0.0 
7368.27 0.38 0.0 
7521.81 0.49 0.0 
7515.39 0.50 0.0 
7521.78 0.91 0.0 
7550.10 0.36 0.0 
7550.12 0.79 0.0 
7936.67 0.36 0.0 
7830.61 0.46 0.0 
7891.39 0.70 0.0 
8057.72 0.32 0.0 
7950.43 0.39 0.0 
8014.63 0.45 0.0 
8110.92 0.73 0.0 
8110.91 0.49 0.0 
8207.39 0.52 0.0 
8640.71 0.71 0.0 
8794.23 0.33 0.0 
8809.52 0.37 0.0 
8809.51 0.49 0.0 
8810.11 0.33 0.0 
8962.95 0.35 0.0 
9026.41 0.76 0.0 
9030.55 0.37 0.0 
9421.65 0.47 0.0 
9680.63 0.39 0.0 
9879.36 0.57 0.0 
9995.89 0.34 0.0 
9900.53 0.61 0.0 
9961.55 0.40 0.0 
10049.84 0.33 0.0 
10050.64 0.73 0.0 
10056.23 0.60 0.0 
10184.91 0.32 0.0 
10252.53 0.41 0.0 
10307.25 0.37 0.0 
10456.92 0.67 0.0 
10401.99 0.30 0.0 
10741.79 0.36 0.0 
10799.93 0.32 0.0 
10965.97 0.63 0.0 
11254.17 0.33 0.0 
11445.99 0.74 0.0 
11488.55 0.39 0.0 
11500.81 0.82 0.0 
11526.73 0.35 0.0 
11445.98 0.90 0.0 
11500.81 0.93 0.0 
11607.77 0.62 0.0 
11775.46 0.89 0.0 
11775.43 0.51 0.0 
11964.55 0.33 0.0 
12145.99 0.50 0.0 
12134.57 0.59 0.0 
12134.53 0.54 0.0 
12146.57 0.41 0.0 
12396.60 0.46 0.0 
12338.81 0.35 0.0 
12344.80 0.41 0.0 
12396.59 0.71 0.0 
12535.43 0.39 0.0 
12559.04 0.64 0.0 
12592.47 0.47 0.0 
12592.43 0.30 0.0 
12714.95 0.41 0.0 
12814.61 0.40 0.0 
12837.59 0.50 0.0 
12946.06 0.78 0.0 
13358.75 0.35 0.0 
13425.65 0.40 0.0 
13412.33 0.37 0.0 
13596.09 0.47 0.0 
13755.91 0.33 0.0 
13755.91 0.44 0.0 
14195.99 0.31 0.0 
14347.37 0.38 0.0 
14509.67 0.44 0.0 
14832.91 0.34 0.0 
15370.33 0.39 0.0 
15655.29 0.32 0.0 
15832.49 0.32 0.0 
16081.99 0.33 0.0 
16081.95 0.32 0.0 
16156.27 0.37 0.0 
16349.67 0.35 0.0 
16459.11 0.45 0.0 
16887.41 0.38 0.0 
17151.15 0.40 0.0 
17337.11 0.46 0.0 
17757.87 0.41 0.0 
18615.44 0.49 0.0 
18789.17 0.36 0.0 
19039.97 0.53 0.0 
19164.29 0.41 0.0 
19336.05 0.63 0.0 
19273.51 0.63 0.0 
19273.47 0.43 0.0 
19431.35 0.48 0.0 
19410.48 0.47 0.0 
19987.13 0.54 0.0 
19987.15 0.42 0.0 
20117.80 0.34 0.0 
20157.29 0.41 0.0 
20130.84 0.52 0.0 
20351.67 0.76 0.0 
20505.59 0.31 0.0 
20810.69 0.40 0.0 
20969.01 0.61 0.0 
21058.11 0.40 0.0 
21058.11 0.49 0.0 
21321.31 0.38 0.0 
21321.31 0.37 0.0 
21411.13 0.59 0.0 
21425.79 0.40 0.0 
21411.17 0.56 0.0 
21425.75 0.31 0.0 
21872.33 0.66 0.0 
21916.53 0.44 0.0 
22312.11 0.63 0.0 
23184.77 0.33 0.0 
23201.60 0.76 0.0 
23103.90 0.63 0.0 
23172.36 0.85 0.0 
23172.35 0.80 0.0 
23088.79 0.55 0.0 
23103.91 0.31 0.0 
23315.55 0.47 0.0 
23265.39 0.58 0.0 
23403.59 0.36 0.0 
23495.67 0.38 0.0 
23604.07 0.32 0.0 
23865.20 0.73 0.0 
24076.65 0.45 0.0 
24086.07 0.33 0.0 
24076.65 0.66 0.0 
24159.76 0.63 0.0 
24496.21 0.65 0.0 
24496.17 0.52 0.0 
24538.41 0.33 0.0 
24727.55 0.45 0.0 
24673.17 0.32 0.0 
25106.25 0.62 0.0 
25110.51 0.30 0.0 
25352.43 0.63 0.0 
25596.05 0.46 0.0 
25635.55 0.37 0.0 
25739.23 0.48 0.0 
25784.73 0.37 0.0 
25985.05 0.56 0.0 
26232.87 0.55 0.0 
26232.85 0.53 0.0 
26262.16 0.70 0.0 
26385.84 0.40 0.0 
26445.39 0.56 0.0 
26783.04 0.80 0.0 
26683.95 0.79 0.0 
26783.03 0.79 0.0 
26945.99 0.64 0.0 
26956.59 0.36 0.0 
26956.57 0.61 0.0 
27137.12 0.39 0.0 
27076.55 0.35 0.0 
27137.05 0.37 0.0 
27198.76 0.31 0.0 
27198.81 0.53 0.0 
27340.73 0.32 0.0 
27471.59 0.30 0.0 
27501.60 0.58 0.0 
27701.11 0.38 0.0 
27769.45 0.63 0.0 
28343.21 0.53 0.0 
28395.67 0.32 0.0 
28450.02 0.76 0.0 
28472.25 0.44 0.0 
28844.14 0.91 0.0 
28726.67 0.83 0.0 
28799.97 0.50 0.0 
28844.15 0.92 0.0 
28875.51 0.35 0.0 
28921.67 0.52 0.0 
28848.18 0.84 0.0 
28996.03 0.35 0.0 
29073.15 0.30 0.0 
29918.07 0.44 0.0 
30015.48 0.69 0.0 
29918.09 0.47 0.0 
30119.39 0.40 0.0 
30183.91 0.41 0.0 
30522.71 0.56 0.0 
30404.45 0.71 0.0 
30522.68 0.76 0.0 
30719.89 0.68 0.0 
30705.13 0.46 0.0 
30980.63 0.40 0.0 
30930.55 0.46 0.0 
31581.76 0.48 0.0 
31548.07 0.31 0.0 
31704.11 0.37 0.0 
31621.89 0.42 0.0 
31667.87 0.58 0.0 
31677.35 0.31 0.0 
31667.85 0.43 0.0 
31788.03 0.42 0.0 
31946.21 0.42 0.0 
31899.75 0.31 0.0 
31946.21 0.52 0.0 
31899.77 0.45 0.0 
32724.97 0.31 0.0 
33265.39 0.34 0.0 
33853.19 0.35 0.0 
33853.17 0.56 0.0 
33903.11 0.40 0.0 
33924.43 0.43 0.0 
33903.15 0.33 0.0 
34315.35 0.32 0.0 
34296.15 0.43 0.0 
34757.25 0.41 0.0 
34769.02 0.43 0.0 
34757.27 0.46 0.0 
35399.29 0.31 0.0 
36110.79 0.67 0.0 
36828.59 0.50 0.0 
37543.50 0.54 0.0 
38061.63 0.31 0.0 
38520.91 0.45 0.0 
38908.09 0.45 0.0 
39329.57 0.55 0.0 
39348.43 0.38 0.0 
39706.55 0.43 0.0 
40051.17 0.40 0.0 
40073.28 0.43 0.0 
40051.19 0.50 0.0 
40201.03 0.45 0.0 
40559.83 0.32 0.0 
41099.73 0.36 0.0 
41274.71 0.32 0.0 
41274.71 0.33 0.0 
41795.67 0.37 0.0 
41946.47 0.41 0.0 
42104.60 0.66 0.0 
42225.87 0.41 0.0 
42381.53 0.61 0.0 
42381.55 0.86 0.0 
42476.09 0.35 0.0 
43640.93 0.46 0.0 
44290.95 0.41 0.0 
44380.33 0.34 0.0 
45383.13 0.31 0.0 
45333.81 0.45 0.0 
45570.59 0.50 0.0 
45570.59 0.46 0.0 
45906.46 0.61 0.0 
46228.59 0.46 0.0 
46382.69 0.41 0.0 
46553.23 0.34 0.0 
46553.27 0.32 0.0 
46656.41 0.36 0.0 
47381.04 0.54 0.0 
47396.16 0.40 0.0 
47381.03 0.46 0.0 
47551.87 0.39 0.0 
47491.64 0.42 0.0 
47551.93 0.47 0.0 
47639.09 0.32 0.0 
47816.11 0.41 0.0 
48092.29 0.50 0.0 
48282.07 0.39 0.0 
48395.11 0.31 0.0 
48282.11 0.42 0.0 
48301.55 0.45 0.0 
48395.19 0.45 0.0 
48693.16 0.54 0.0 
48693.17 0.55 0.0 
50276.04 0.78 0.0 
50293.97 0.55 0.0 
50294.02 0.44 0.0 
50307.31 0.51 0.0 
50955.71 0.38 0.0 
51105.99 0.30 0.0 
51840.79 0.54 0.0 
51853.55 0.58 0.0 
51840.75 0.38 0.0 
51853.55 0.30 0.0 
51996.07 0.37 0.0 
51918.55 0.33 0.0 
52296.83 0.36 0.0 
52596.03 0.33 0.0 
52524.77 0.31 0.0 
52879.17 0.53 0.0 
53393.71 0.30 0.0 
53680.35 0.35 0.0 
53718.78 0.63 0.0 
53718.77 0.67 0.0 
54994.68 0.54 0.0 
55233.75 0.38 0.0 
55330.83 0.37 0.0 
56054.43 0.49 0.0 
56416.87 0.37 0.0 
56804.47 0.36 0.0 
56767.21 0.41 0.0 
56936.09 0.39 0.0 
56936.08 0.40 0.0 
57094.75 0.37 0.0 
57266.31 0.33 0.0 
57251.24 0.56 0.0 
57457.72 0.58 0.0 
57763.04 0.39 0.0 
57850.12 0.40 0.0 
58129.20 0.54 0.0 
58371.31 0.30 0.0 
58596.03 0.43 0.0 
58554.71 0.34 0.0 
58596.05 0.49 0.0 
58712.94 0.56 0.0 
58913.83 0.44 0.0 
58913.87 0.34 0.0 
58952.65 0.42 0.0 
59003.39 0.36 0.0 
59052.04 0.49 0.0 
59273.65 0.31 0.0 
59328.81 0.41 0.0 
59614.21 0.48 0.0 
59816.88 0.43 0.0 
59835.63 0.53 0.0 
59835.59 0.51 0.0 
59807.21 0.46 0.0 
59960.85 0.59 0.0 
60221.49 0.30 0.0 
60221.47 0.35 0.0 
60439.21 0.32 0.0 
60439.19 0.50 0.0 
60474.09 0.45 0.0 
60474.09 0.39 0.0 
60779.21 0.43 0.0 
61596.03 0.34 0.0 
61596.05 0.37 0.0 
61769.39 0.36 0.0 
62036.29 0.56 0.0 
62401.73 0.48 0.0 
62444.65 0.31 0.0 
62750.87 0.37 0.0 
62926.59 0.37 0.0 
62954.85 0.40 0.0 
62999.92 0.42 0.0 
62926.63 0.71 0.0 
62954.90 0.77 0.0 
63183.65 0.46 0.0 
63176.63 0.36 0.0 
63996.07 0.35 0.0 
64041.77 0.42 0.0 
64041.77 0.41 0.0 
64717.79 0.41 0.0 
65077.95 0.42 0.0 
65077.93 0.51 0.0 
65384.47 0.41 0.0 
65836.29 0.36 0.0 
66498.37 0.78 0.0 
66514.27 0.37 0.0 
66498.37 0.42 0.0 
66800.96 0.48 0.0 
66766.39 0.42 0.0 
68195.35 0.33 0.0 
69359.83 0.32 0.0 
70460.57 0.51 0.0 
71105.64 0.57 0.0 
71256.16 0.36 0.0 
71256.16 0.49 0.0 
71527.87 0.42 0.0 
71709.19 0.32 0.0 
72335.83 0.31 0.0 
73816.49 0.52 0.0 
73816.48 0.46 0.0 
73978.35 0.33 0.0 
73978.35 0.38 0.0 
74449.79 0.32 0.0 
85386.03 0.59 0.0 
85410.19 0.42 0.0 
85376.27 0.53 0.0 
85410.37 0.31 0.0 
85519.71 0.43 0.0 
85782.20 0.37 0.0 
85881.84 0.44 0.0 
