639.81 0.57 0.0 
1451.11 0.80 0.0 
1451.12 0.59 0.0 
2273.22 0.53 0.0 
2474.12 0.35 0.0 
3064.01 0.83 0.0 
3500.89 0.57 0.0 
3442.09 0.40 0.0 
3442.09 0.32 0.0 
3500.92 0.43 0.0 
3678.99 0.39 0.0 
4201.62 0.89 0.0 
4201.64 0.88 0.0 
4569.41 0.86 0.0 
4569.44 0.39 0.0 
4953.41 0.42 0.0 
4953.39 0.81 0.0 
5032.40 0.35 0.0 
5318.28 0.53 0.0 
5318.29 0.53 0.0 
5605.50 0.86 0.0 
5605.51 0.79 0.0 
6027.05 0.38 0.0 
6027.04 0.91 0.0 
6372.88 0.50 0.0 
6640.06 0.93 0.0 
6640.06 0.90 0.0 
6723.10 0.74 0.0 
6723.09 0.83 0.0 
6982.19 0.57 0.0 
6982.20 0.82 0.0 
6989.48 0.43 0.0 
7064.56 0.95 0.0 
7397.69 0.60 0.0 
7397.74 0.44 0.0 
7745.97 0.40 0.0 
7745.96 0.65 0.0 
8104.98 0.74 0.0 
8104.99 0.90 0.0 
8451.81 0.90 0.0 
8479.95 0.39 0.0 
8682.17 0.49 0.0 
8798.13 0.85 0.0 
8798.18 0.49 0.0 
9151.28 0.49 0.0 
9424.76 0.49 0.0 
9504.48 0.75 0.0 
10032.17 0.63 0.0 
10251.33 0.59 0.0 
10251.33 0.35 0.0 
10908.84 0.61 0.0 
10908.89 0.62 0.0 
11247.36 0.76 0.0 
11575.58 0.78 0.0 
11575.60 0.31 0.0 
12070.11 0.50 0.0 
12146.39 0.42 0.0 
12070.10 0.78 0.0 
12273.65 0.50 0.0 
12273.64 0.62 0.0 
12342.97 0.36 0.0 
12343.01 0.63 0.0 
12654.16 0.74 0.0 
12976.61 0.58 0.0 
12898.52 0.42 0.0 
12976.56 0.66 0.0 
13402.00 0.54 0.0 
13408.89 0.58 0.0 
13683.88 0.66 0.0 
13683.88 0.83 0.0 
14012.61 0.45 0.0 
14683.30 0.93 0.0 
14661.33 0.31 0.0 
14683.32 0.71 0.0 
14997.41 0.67 0.0 
14997.40 0.94 0.0 
15331.53 0.75 0.0 
15331.53 0.72 0.0 
15649.52 0.50 0.0 
15649.53 0.39 0.0 
15884.10 0.38 0.0 
15986.14 0.36 0.0 
15986.09 0.81 0.0 
16368.62 0.33 0.0 
16691.43 0.57 0.0 
16691.41 0.68 0.0 
16739.35 0.69 0.0 
17000.69 0.58 0.0 
17204.43 0.61 0.0 
17099.00 0.61 0.0 
17371.49 0.63 0.0 
17408.13 0.31 0.0 
17371.44 0.67 0.0 
17571.88 0.33 0.0 
17693.85 0.51 0.0 
17893.05 0.43 0.0 
18253.28 0.84 0.0 
18391.40 0.36 0.0 
19048.40 0.89 0.0 
19048.47 0.55 0.0 
19347.85 0.38 0.0 
19331.93 0.47 0.0 
19347.85 0.58 0.0 
19496.15 0.33 0.0 
19541.24 0.38 0.0 
19496.15 0.40 0.0 
19513.01 0.48 0.0 
19648.25 0.90 0.0 
19648.29 0.40 0.0 
19958.45 0.50 0.0 
20159.49 0.59 0.0 
20659.36 0.31 0.0 
20570.53 0.82 0.0 
20659.40 0.48 0.0 
20570.53 0.63 0.0 
20741.99 0.31 0.0 
20769.68 0.76 0.0 
20769.69 0.55 0.0 
20917.88 0.67 0.0 
20879.49 0.53 0.0 
20917.85 0.39 0.0 
21229.28 0.62 0.0 
21229.25 0.50 0.0 
21569.59 0.54 0.0 
21663.86 0.84 0.0 
21663.87 0.87 0.0 
21838.60 0.83 0.0 
22077.65 0.46 0.0 
22142.93 0.66 0.0 
22142.94 0.61 0.0 
22371.48 0.35 0.0 
22386.52 0.50 0.0 
22437.52 0.70 0.0 
22657.27 0.41 0.0 
22742.33 0.33 0.0 
22742.33 0.33 0.0 
22917.32 0.32 0.0 
23066.17 0.81 0.0 
23066.17 0.89 0.0 
23367.05 0.86 0.0 
23367.05 0.77 0.0 
23431.49 0.33 0.0 
23488.68 0.47 0.0 
23649.52 0.32 0.0 
23616.95 0.37 0.0 
23728.34 0.53 0.0 
23716.37 0.57 0.0 
23771.99 0.48 0.0 
23771.68 0.53 0.0 
23706.60 0.77 0.0 
24152.69 0.41 0.0 
24061.81 0.34 0.0 
24152.65 0.45 0.0 
24373.95 0.33 0.0 
24671.13 0.36 0.0 
24676.75 0.35 0.0 
24692.70 0.31 0.0 
24700.64 0.94 0.0 
24700.63 0.95 0.0 
24808.80 0.40 0.0 
24988.97 0.44 0.0 
24989.00 0.60 0.0 
25059.62 0.49 0.0 
25080.71 0.69 0.0 
25337.61 0.68 0.0 
25304.19 0.37 0.0 
25406.92 0.71 0.0 
26018.09 0.69 0.0 
26018.09 0.56 0.0 
26334.12 0.77 0.0 
26334.12 0.55 0.0 
26667.81 0.36 0.0 
26667.74 0.79 0.0 
26965.72 0.78 0.0 
26965.72 0.36 0.0 
27279.80 0.84 0.0 
27279.85 0.52 0.0 
27529.12 0.48 0.0 
27604.17 0.58 0.0 
27529.07 0.42 0.0 
28251.89 0.69 0.0 
28261.83 0.41 0.0 
28429.97 0.41 0.0 
28527.40 0.64 0.0 
28527.39 0.76 0.0 
28570.43 0.54 0.0 
28570.43 0.32 0.0 
28555.17 0.44 0.0 
28937.29 0.43 0.0 
28937.30 0.61 0.0 
29030.33 0.36 0.0 
29269.41 0.60 0.0 
29269.41 0.75 0.0 
29395.04 0.33 0.0 
29556.92 0.51 0.0 
29589.36 0.69 0.0 
29653.89 0.33 0.0 
29589.35 0.92 0.0 
29907.37 0.48 0.0 
29907.36 0.80 0.0 
30153.73 0.36 0.0 
30228.80 0.78 0.0 
30228.81 0.72 0.0 
30418.80 0.34 0.0 
30551.16 0.57 0.0 
30654.76 0.32 0.0 
30880.40 0.73 0.0 
30880.40 0.71 0.0 
30981.19 0.34 0.0 
31019.47 0.93 0.0 
31019.52 0.39 0.0 
31206.71 0.91 0.0 
31206.72 0.71 0.0 
31539.88 0.85 0.0 
31539.94 0.61 0.0 
31605.13 0.30 0.0 
31891.57 0.39 0.0 
31891.60 0.49 0.0 
32221.81 0.58 0.0 
32221.80 0.61 0.0 
32547.12 0.52 0.0 
32547.12 0.83 0.0 
32890.57 0.46 0.0 
32938.23 0.43 0.0 
33011.77 0.34 0.0 
33569.03 0.97 0.0 
33569.04 0.81 0.0 
33897.74 0.84 0.0 
33897.76 0.73 0.0 
34220.17 0.47 0.0 
34220.18 0.50 0.0 
34557.69 0.39 0.0 
34557.71 0.86 0.0 
34905.04 0.70 0.0 
35260.14 0.69 0.0 
35614.81 0.54 0.0 
35614.81 0.47 0.0 
35888.83 0.34 0.0 
35950.84 0.43 0.0 
35950.85 0.32 0.0 
36254.48 0.32 0.0 
36302.13 0.39 0.0 
36460.17 0.46 0.0 
36649.34 0.34 0.0 
36649.31 0.38 0.0 
37003.04 0.84 0.0 
37093.80 0.69 0.0 
37341.56 0.69 0.0 
37341.53 0.77 0.0 
37694.23 0.97 0.0 
37694.27 0.54 0.0 
38046.40 0.68 0.0 
38046.37 0.85 0.0 
38038.36 0.60 0.0 
38396.16 0.71 0.0 
38396.15 0.94 0.0 
38744.40 0.96 0.0 
39097.12 0.73 0.0 
39097.13 0.38 0.0 
39442.48 0.85 0.0 
39442.52 0.38 0.0 
39812.78 0.33 0.0 
40172.22 0.34 0.0 
40529.31 0.94 0.0 
40897.16 0.38 0.0 
40897.21 0.38 0.0 
41239.09 0.67 0.0 
41239.09 0.52 0.0 
42746.07 0.59 0.0 
42746.09 0.76 0.0 
42810.03 0.92 0.0 
43126.09 0.44 0.0 
43126.08 0.33 0.0 
43490.01 0.61 0.0 
43853.89 0.82 0.0 
43853.88 0.82 0.0 
44158.91 0.36 0.0 
44158.95 0.93 0.0 
44221.68 0.88 0.0 
44221.70 0.94 0.0 
44937.30 0.91 0.0 
45312.00 0.57 0.0 
45692.01 0.42 0.0 
45692.04 0.68 0.0 
45972.17 0.36 0.0 
46071.56 0.78 0.0 
46071.56 0.67 0.0 
46446.69 0.52 0.0 
46803.29 0.60 0.0 
47188.77 0.58 0.0 
47188.71 0.96 0.0 
47549.26 0.50 0.0 
47549.19 0.93 0.0 
47955.13 0.62 0.0 
48679.53 0.36 0.0 
49055.65 0.38 0.0 
49429.33 0.57 0.0 
49835.31 0.69 0.0 
50226.52 0.74 0.0 
50226.52 0.56 0.0 
50993.48 0.57 0.0 
50993.45 0.63 0.0 
51371.51 0.94 0.0 
51371.51 0.86 0.0 
51755.03 0.35 0.0 
51867.01 0.59 0.0 
52140.85 0.64 0.0 
52529.65 0.69 0.0 
52904.31 0.91 0.0 
54393.74 0.58 0.0 
54393.73 0.32 0.0 
54770.83 0.68 0.0 
54770.81 0.52 0.0 
55135.72 0.68 0.0 
55520.18 0.47 0.0 
55909.93 0.44 0.0 
56938.55 0.41 0.0 
57096.94 0.70 0.0 
57477.99 0.34 0.0 
57477.93 0.49 0.0 
58271.73 0.34 0.0 
58271.72 0.65 0.0 
58670.81 0.33 0.0 
59452.84 0.48 0.0 
60610.04 0.60 0.0 
60979.41 0.40 0.0 
61362.73 0.90 0.0 
61362.76 0.52 0.0 
61752.57 0.31 0.0 
61752.51 0.83 0.0 
62139.88 0.80 0.0 
62139.94 0.39 0.0 
62530.69 0.69 0.0 
62756.97 0.37 0.0 
62911.25 0.37 0.0 
62911.30 0.57 0.0 
63283.91 0.96 0.0 
63283.89 0.88 0.0 
63670.27 0.84 0.0 
64069.41 0.60 0.0 
64069.41 0.63 0.0 
64474.88 0.49 0.0 
65286.65 0.94 0.0 
65286.68 0.60 0.0 
65691.63 0.50 0.0 
66089.19 0.93 0.0 
66089.25 0.53 0.0 
66511.34 0.52 0.0 
66511.33 0.44 0.0 
67114.77 0.48 0.0 
67114.77 0.88 0.0 
67213.84 0.47 0.0 
67313.85 0.78 0.0 
67313.87 0.81 0.0 
67439.01 0.51 0.0 
67703.68 0.49 0.0 
67703.68 0.62 0.0 
68105.69 0.35 0.0 
68515.01 0.53 0.0 
68921.91 0.81 0.0 
69779.63 0.40 0.0 
70129.88 0.55 0.0 
70540.69 0.83 0.0 
70973.00 0.74 0.0 
70973.02 0.40 0.0 
71813.65 0.43 0.0 
71813.65 0.43 0.0 
72221.99 0.39 0.0 
72386.77 0.43 0.0 
72619.20 0.30 0.0 
72619.20 0.63 0.0 
73036.33 0.49 0.0 
73036.32 0.55 0.0 
73094.44 0.39 0.0 
73459.33 0.33 0.0 
73459.38 0.43 0.0 
73892.61 0.40 0.0 
74315.21 0.32 0.0 
75224.65 0.31 0.0 
75165.53 0.30 0.0 
75595.40 0.47 0.0 
75595.40 0.88 0.0 
76031.21 0.36 0.0 
76031.13 0.85 0.0 
76492.73 0.58 0.0 
76492.73 0.57 0.0 
76924.06 0.85 0.0 
76924.05 0.52 0.0 
77766.70 0.33 0.0 
78180.89 0.35 0.0 
78596.09 0.65 0.0 
78596.10 0.82 0.0 
79027.96 0.37 0.0 
79027.90 0.67 0.0 
79443.11 0.62 0.0 
79443.09 0.71 0.0 
79783.47 0.45 0.0 
80277.87 0.50 0.0 
80277.71 0.78 0.0 
80697.96 0.72 0.0 
80697.99 0.66 0.0 
81017.88 0.51 0.0 
81508.64 0.45 0.0 
81556.21 0.45 0.0 
81545.09 0.40 0.0 
81984.13 0.34 0.0 
81983.99 0.53 0.0 
82227.89 0.51 0.0 
82227.89 0.54 0.0 
82259.17 0.39 0.0 
82412.57 0.38 0.0 
82412.58 0.30 0.0 
83084.01 0.44 0.0 
83079.77 0.69 0.0 
83271.24 0.87 0.0 
83271.25 0.84 0.0 
83447.11 0.75 0.0 
83447.09 0.47 0.0 
83585.28 0.33 0.0 
83585.28 0.40 0.0 
83708.45 0.33 0.0 
83708.36 0.37 0.0 
83882.93 0.34 0.0 
84121.69 0.55 0.0 
84054.33 0.35 0.0 
84178.92 0.32 0.0 
84538.28 0.88 0.0 
84968.25 0.45 0.0 
84968.25 0.39 0.0 
85392.17 0.64 0.0 
85392.21 0.58 0.0 
85819.69 0.32 0.0 
85819.63 0.35 0.0 
