8702.33 0.63 0.0 
10681.99 0.51 0.0 
10688.89 0.45 0.0 
12150.61 0.60 0.0 
12150.09 0.65 0.0 
12897.18 0.81 0.0 
12897.17 0.71 0.0 
13426.01 0.86 0.0 
13421.89 0.88 0.0 
13414.07 0.42 0.0 
13421.89 0.89 0.0 
13426.05 0.37 0.0 
19409.35 0.33 0.0 
21008.65 0.31 0.0 
21235.20 0.67 0.0 
21235.20 0.68 0.0 
32858.53 0.43 0.0 
33936.99 0.37 0.0 
38101.13 0.55 0.0 
55383.73 0.61 0.0 
77908.07 0.49 0.0 
77908.12 0.53 0.0 
79761.36 0.54 0.0 
79761.39 0.39 0.0 
80459.25 0.47 0.0 
80828.31 0.38 0.0 
81407.59 0.42 0.0 
82426.61 0.54 0.0 
82417.19 0.40 0.0 
83986.67 0.43 0.0 
84206.24 0.36 0.0 
86101.15 0.42 0.0 
