89.19 0.45 0.0 
149.57 0.37 0.0 
2264.07 0.34 0.0 
3160.87 0.35 0.0 
3783.11 0.32 0.0 
5699.16 0.53 0.0 
6433.83 0.45 0.0 
7409.45 0.42 0.0 
9599.51 0.44 0.0 
10668.76 0.56 0.0 
11024.37 0.54 0.0 
11564.11 0.36 0.0 
12140.96 0.74 0.0 
12147.84 0.33 0.0 
12898.99 0.42 0.0 
13107.95 0.40 0.0 
13417.74 0.97 0.0 
13417.74 0.97 0.0 
14024.59 0.42 0.0 
14637.77 0.51 0.0 
14699.51 0.43 0.0 
15044.51 0.41 0.0 
15584.49 0.49 0.0 
16619.19 0.34 0.0 
16623.31 0.39 0.0 
16675.52 0.54 0.0 
16675.56 0.59 0.0 
16723.53 0.77 0.0 
16723.53 0.45 0.0 
16901.76 0.38 0.0 
17788.28 0.38 0.0 
18178.31 0.34 0.0 
18584.47 0.54 0.0 
18703.79 0.34 0.0 
18869.29 0.59 0.0 
19138.75 0.37 0.0 
19645.12 0.41 0.0 
20174.41 0.47 0.0 
20168.97 0.56 0.0 
21415.48 0.63 0.0 
21415.47 0.90 0.0 
21478.39 0.30 0.0 
21571.67 0.40 0.0 
21629.13 0.35 0.0 
22019.51 0.38 0.0 
22679.21 0.47 0.0 
25338.19 0.45 0.0 
25633.69 0.42 0.0 
28076.43 0.45 0.0 
28799.31 0.46 0.0 
28914.91 0.34 0.0 
30104.45 0.35 0.0 
30319.23 0.34 0.0 
32142.41 0.48 0.0 
33236.53 0.56 0.0 
34150.97 0.57 0.0 
34604.37 0.54 0.0 
35729.13 0.38 0.0 
35789.31 0.36 0.0 
36598.93 0.58 0.0 
36613.95 0.35 0.0 
37017.31 0.32 0.0 
38532.27 0.33 0.0 
39088.84 0.31 0.0 
40949.37 0.38 0.0 
42764.51 0.30 0.0 
44834.37 0.58 0.0 
44923.68 0.40 0.0 
44923.77 0.39 0.0 
46267.36 0.34 0.0 
46315.72 0.42 0.0 
46408.33 0.32 0.0 
46587.79 0.36 0.0 
48203.88 0.40 0.0 
49663.68 0.45 0.0 
50369.51 0.48 0.0 
51614.31 0.43 0.0 
51887.88 0.42 0.0 
51851.80 0.43 0.0 
51851.85 0.51 0.0 
53381.13 0.50 0.0 
54688.81 0.45 0.0 
55398.51 0.53 0.0 
56669.36 0.94 0.0 
58298.08 0.33 0.0 
58903.60 0.60 0.0 
61753.99 0.50 0.0 
63823.00 0.33 0.0 
63823.03 0.64 0.0 
65398.99 0.32 0.0 
66801.83 0.39 0.0 
69269.91 0.41 0.0 
72449.48 0.33 0.0 
72476.25 0.41 0.0 
76214.16 0.34 0.0 
77519.20 0.63 0.0 
78310.03 0.71 0.0 
78358.92 0.42 0.0 
79194.83 0.35 0.0 
79319.15 0.35 0.0 
79723.87 0.39 0.0 
81432.72 0.42 0.0 
83099.47 0.34 0.0 
86381.11 0.46 0.0 
