1607.83 0.37 0.0 
1607.84 0.57 0.0 
2233.55 0.38 0.0 
3096.79 0.30 0.0 
3221.36 0.73 0.0 
3221.39 0.91 0.0 
3488.31 0.34 0.0 
5822.03 0.50 0.0 
5822.00 0.38 0.0 
6625.92 0.67 0.0 
10813.64 0.43 0.0 
11628.41 0.47 0.0 
11939.49 0.44 0.0 
12089.57 0.55 0.0 
12663.45 0.32 0.0 
12684.88 0.71 0.0 
12684.91 0.37 0.0 
13411.91 0.79 0.0 
13411.94 0.33 0.0 
14721.33 0.67 0.0 
14804.40 0.59 0.0 
15036.28 0.56 0.0 
15762.17 0.67 0.0 
15762.17 0.59 0.0 
15775.10 0.86 0.0 
15837.29 0.33 0.0 
15808.88 0.66 0.0 
15960.13 0.32 0.0 
18073.92 0.36 0.0 
17984.39 0.37 0.0 
18297.83 0.41 0.0 
19532.95 0.90 0.0 
19558.36 0.35 0.0 
19532.92 0.35 0.0 
20155.57 0.49 0.0 
20183.16 0.36 0.0 
20183.20 0.37 0.0 
23324.51 0.47 0.0 
27228.40 0.32 0.0 
27591.05 0.65 0.0 
27591.05 0.63 0.0 
27807.36 0.32 0.0 
29069.20 0.52 0.0 
29935.16 0.35 0.0 
30310.99 0.32 0.0 
30387.21 0.44 0.0 
30508.30 0.78 0.0 
30878.36 0.32 0.0 
31094.25 0.47 0.0 
31123.94 0.74 0.0 
32084.49 0.44 0.0 
32833.93 0.45 0.0 
32815.41 0.31 0.0 
32892.55 0.32 0.0 
34581.25 0.70 0.0 
34581.25 0.40 0.0 
34732.57 0.52 0.0 
34714.09 0.33 0.0 
34732.56 0.74 0.0 
34846.26 0.91 0.0 
34874.60 0.58 0.0 
34846.28 0.64 0.0 
34781.75 0.42 0.0 
35986.99 0.33 0.0 
36492.85 0.59 0.0 
38376.15 0.38 0.0 
40033.16 0.35 0.0 
40262.77 0.45 0.0 
40319.49 0.93 0.0 
42269.51 0.75 0.0 
43256.77 0.66 0.0 
45194.07 0.52 0.0 
45455.28 0.31 0.0 
47938.76 0.65 0.0 
48672.84 0.31 0.0 
49288.84 0.49 0.0 
49450.59 0.87 0.0 
49423.04 0.52 0.0 
49450.61 0.47 0.0 
49666.65 0.44 0.0 
49674.49 0.49 0.0 
49664.30 0.81 0.0 
51866.39 0.75 0.0 
53937.91 0.62 0.0 
57074.37 0.34 0.0 
57043.88 0.78 0.0 
61603.09 0.80 0.0 
62009.57 0.39 0.0 
62054.13 0.50 0.0 
62083.96 0.40 0.0 
63498.13 0.50 0.0 
63539.21 0.59 0.0 
65231.77 0.67 0.0 
66763.20 0.70 0.0 
66764.27 0.32 0.0 
68228.37 0.32 0.0 
68174.26 0.50 0.0 
68486.80 0.81 0.0 
69974.22 0.34 0.0 
70124.48 0.87 0.0 
71425.12 0.31 0.0 
72524.56 0.46 0.0 
74847.68 0.61 0.0 
79483.52 0.49 0.0 
79679.00 0.67 0.0 
80217.77 0.76 0.0 
80923.67 0.34 0.0 
81165.95 0.80 0.0 
81208.69 0.86 0.0 
81377.13 0.43 0.0 
81449.41 0.41 0.0 
81567.13 0.34 0.0 
81898.16 0.66 0.0 
81868.12 0.51 0.0 
83938.36 0.36 0.0 
83908.20 0.36 0.0 
84659.40 0.40 0.0 
85058.37 0.53 0.0 
85708.60 0.49 0.0 
85992.00 0.75 0.0 
85887.12 0.70 0.0 
86201.22 0.91 0.0 
