389.57 0.63 0.0 
348.95 0.42 0.0 
839.67 0.44 0.0 
990.04 0.35 0.0 
1102.79 0.72 0.0 
1109.56 0.84 0.0 
1455.71 0.32 0.0 
1378.92 0.44 0.0 
1721.33 0.31 0.0 
1679.51 0.80 0.0 
1816.12 0.51 0.0 
1738.93 0.32 0.0 
1964.16 0.43 0.0 
2068.12 0.60 0.0 
1977.63 0.44 0.0 
2068.09 0.42 0.0 
2145.28 0.57 0.0 
2309.33 0.73 0.0 
2232.85 0.59 0.0 
2518.81 0.79 0.0 
2692.15 0.86 0.0 
2936.69 0.59 0.0 
3437.46 0.36 0.0 
3868.64 0.53 0.0 
3869.20 0.79 0.0 
3834.05 0.56 0.0 
4011.93 0.62 0.0 
4354.07 0.44 0.0 
4680.11 0.32 0.0 
4665.23 0.79 0.0 
5083.21 0.60 0.0 
4983.39 0.38 0.0 
4995.57 0.38 0.0 
4983.41 0.46 0.0 
5178.84 0.30 0.0 
5178.88 0.60 0.0 
5228.37 0.81 0.0 
5234.79 0.64 0.0 
5228.40 0.64 0.0 
6327.41 0.34 0.0 
6643.98 0.46 0.0 
6611.33 0.44 0.0 
6574.85 0.48 0.0 
6704.12 0.86 0.0 
6714.41 0.44 0.0 
6714.39 0.75 0.0 
6779.36 0.67 0.0 
6824.01 0.47 0.0 
7002.16 0.75 0.0 
6928.84 0.63 0.0 
7106.41 0.31 0.0 
7061.43 0.46 0.0 
7106.40 0.67 0.0 
7033.46 0.58 0.0 
7196.36 0.51 0.0 
7211.63 0.56 0.0 
7196.38 0.87 0.0 
7259.33 0.34 0.0 
7266.41 0.39 0.0 
7315.99 0.58 0.0 
7395.64 0.59 0.0 
7451.69 0.49 0.0 
7520.87 0.46 0.0 
7520.85 0.63 0.0 
7548.39 0.46 0.0 
7558.96 0.75 0.0 
7641.05 0.31 0.0 
7678.09 0.31 0.0 
7771.71 0.40 0.0 
7961.47 0.50 0.0 
7834.07 0.32 0.0 
7890.81 0.57 0.0 
8013.49 0.32 0.0 
8110.24 0.61 0.0 
8148.59 0.68 0.0 
8110.24 0.83 0.0 
8190.12 0.54 0.0 
8197.19 0.34 0.0 
8219.01 0.32 0.0 
8279.56 0.37 0.0 
8474.41 0.63 0.0 
8576.60 0.34 0.0 
8577.31 0.53 0.0 
9025.76 0.34 0.0 
9239.01 0.68 0.0 
9374.37 0.42 0.0 
9418.87 0.34 0.0 
9678.59 0.62 0.0 
9732.59 0.38 0.0 
9877.40 0.42 0.0 
9975.97 0.48 0.0 
9987.71 0.34 0.0 
10002.77 0.36 0.0 
9894.55 0.88 0.0 
9987.68 0.78 0.0 
9894.55 0.87 0.0 
10183.88 0.35 0.0 
10398.93 0.50 0.0 
10405.54 0.76 0.0 
10467.39 0.56 0.0 
10602.25 0.48 0.0 
10586.84 0.46 0.0 
10557.71 0.76 0.0 
10648.87 0.69 0.0 
10634.16 0.59 0.0 
10965.31 0.90 0.0 
11249.09 0.50 0.0 
11249.05 0.51 0.0 
11292.76 0.51 0.0 
11254.20 0.38 0.0 
11485.25 0.40 0.0 
11499.88 0.68 0.0 
11549.37 0.70 0.0 
11445.21 0.53 0.0 
11499.87 0.92 0.0 
11651.63 0.41 0.0 
11696.47 0.53 0.0 
11703.08 0.45 0.0 
11744.54 0.92 0.0 
11696.49 0.33 0.0 
11712.18 0.68 0.0 
11833.85 0.73 0.0 
11954.57 0.35 0.0 
12132.88 0.45 0.0 
12132.75 0.33 0.0 
12073.77 0.69 0.0 
12395.92 0.90 0.0 
12313.37 0.50 0.0 
12359.05 0.55 0.0 
12395.92 0.93 0.0 
12490.36 0.49 0.0 
12490.37 0.50 0.0 
12534.29 0.93 0.0 
12539.34 0.88 0.0 
12558.60 0.38 0.0 
12590.67 0.52 0.0 
12599.56 0.35 0.0 
12534.30 0.58 0.0 
12590.73 0.32 0.0 
12599.55 0.97 0.0 
12833.40 0.79 0.0 
12945.10 0.84 0.0 
13409.46 0.82 0.0 
14191.01 0.56 0.0 
14293.05 0.35 0.0 
14413.73 0.32 0.0 
15506.67 0.47 0.0 
15535.44 0.82 0.0 
15535.43 0.80 0.0 
15746.91 0.72 0.0 
15764.12 0.56 0.0 
15746.93 0.30 0.0 
15808.99 0.41 0.0 
15854.11 0.33 0.0 
15928.05 0.39 0.0 
15912.09 0.71 0.0 
16155.21 0.39 0.0 
16170.40 0.31 0.0 
16284.52 0.46 0.0 
16284.49 0.48 0.0 
16347.27 0.63 0.0 
16737.36 0.59 0.0 
18071.64 0.95 0.0 
18343.71 0.67 0.0 
18389.45 0.39 0.0 
18447.75 0.49 0.0 
18860.28 0.32 0.0 
18794.40 0.93 0.0 
19169.09 0.78 0.0 
19154.37 0.47 0.0 
19272.16 0.35 0.0 
19281.69 0.50 0.0 
19316.08 0.71 0.0 
19430.37 0.40 0.0 
19367.12 0.42 0.0 
19784.39 0.43 0.0 
20079.69 0.33 0.0 
19986.28 0.38 0.0 
20159.23 0.38 0.0 
20323.66 0.92 0.0 
20232.25 0.56 0.0 
20278.92 0.89 0.0 
20366.88 0.47 0.0 
20351.17 0.36 0.0 
20497.13 0.37 0.0 
20547.39 0.51 0.0 
20548.68 0.70 0.0 
20643.85 0.39 0.0 
21057.03 0.93 0.0 
21104.00 0.34 0.0 
21233.95 0.77 0.0 
21409.36 0.95 0.0 
21409.36 0.94 0.0 
21881.72 0.85 0.0 
21881.67 0.74 0.0 
21914.39 0.36 0.0 
22439.25 0.48 0.0 
22528.17 0.73 0.0 
22738.68 0.55 0.0 
22978.13 0.61 0.0 
23037.68 0.68 0.0 
23082.00 0.31 0.0 
23171.77 0.44 0.0 
23171.80 0.61 0.0 
23184.07 0.41 0.0 
23086.39 0.35 0.0 
23239.04 0.39 0.0 
23244.27 0.81 0.0 
23338.04 0.63 0.0 
23549.01 0.53 0.0 
23564.29 0.39 0.0 
23613.77 0.33 0.0 
23613.75 0.31 0.0 
23639.17 0.87 0.0 
23865.21 0.68 0.0 
24043.25 0.79 0.0 
23950.19 0.46 0.0 
24148.17 0.34 0.0 
24085.41 0.43 0.0 
24103.23 0.57 0.0 
24134.33 0.53 0.0 
24148.21 0.60 0.0 
24533.69 0.35 0.0 
24673.09 0.34 0.0 
25000.92 0.31 0.0 
24913.77 0.52 0.0 
25137.53 0.36 0.0 
25229.28 0.39 0.0 
25351.49 0.41 0.0 
25450.35 0.41 0.0 
25450.31 0.51 0.0 
25438.13 0.72 0.0 
25596.00 0.33 0.0 
25723.93 0.37 0.0 
25632.20 0.46 0.0 
25738.65 0.52 0.0 
25912.03 0.72 0.0 
26051.90 0.36 0.0 
25984.96 0.49 0.0 
26144.43 0.87 0.0 
26144.44 0.67 0.0 
26223.43 0.33 0.0 
26262.17 0.35 0.0 
26223.45 0.66 0.0 
26260.04 0.70 0.0 
26327.28 0.43 0.0 
26385.88 0.33 0.0 
26326.12 0.65 0.0 
26515.72 0.39 0.0 
26682.68 0.40 0.0 
26782.41 0.60 0.0 
26682.69 0.41 0.0 
26698.53 0.42 0.0 
26782.40 0.42 0.0 
26816.24 0.43 0.0 
26942.08 0.65 0.0 
26955.43 0.40 0.0 
26942.01 0.38 0.0 
27080.01 0.38 0.0 
27117.64 0.63 0.0 
27500.53 0.38 0.0 
27433.21 0.91 0.0 
27598.71 0.86 0.0 
27688.95 0.59 0.0 
27704.39 0.93 0.0 
27932.67 0.31 0.0 
28060.40 0.58 0.0 
28304.57 0.39 0.0 
28407.59 0.40 0.0 
28449.00 0.86 0.0 
28453.55 0.90 0.0 
28393.84 0.39 0.0 
28471.53 0.42 0.0 
28500.54 0.47 0.0 
28724.35 0.36 0.0 
28694.32 0.73 0.0 
28709.01 0.54 0.0 
28842.71 0.98 0.0 
28783.37 0.56 0.0 
28798.21 0.64 0.0 
28842.71 0.97 0.0 
28865.49 0.33 0.0 
28865.48 0.48 0.0 
28953.57 0.42 0.0 
28991.92 0.38 0.0 
29740.67 0.41 0.0 
29698.49 0.39 0.0 
29878.57 0.30 0.0 
29878.48 0.51 0.0 
29984.36 0.86 0.0 
30005.73 0.32 0.0 
30093.43 0.33 0.0 
30170.03 0.41 0.0 
30400.44 0.31 0.0 
30521.56 0.80 0.0 
30400.40 0.70 0.0 
30499.13 0.33 0.0 
30521.57 0.87 0.0 
30531.69 0.32 0.0 
30717.92 0.85 0.0 
30717.92 0.88 0.0 
30957.40 0.73 0.0 
30957.41 0.86 0.0 
31063.97 0.31 0.0 
31660.97 0.48 0.0 
31890.37 0.43 0.0 
31992.55 0.35 0.0 
32184.53 0.45 0.0 
32285.63 0.31 0.0 
32232.75 0.87 0.0 
32878.89 0.32 0.0 
33010.55 0.31 0.0 
32953.55 0.50 0.0 
32999.08 0.69 0.0 
33239.81 0.43 0.0 
33181.48 0.42 0.0 
33388.20 0.51 0.0 
33568.00 0.38 0.0 
33703.29 0.31 0.0 
34322.96 0.59 0.0 
34754.64 0.33 0.0 
34766.05 0.60 0.0 
34766.09 0.54 0.0 
34888.87 0.46 0.0 
34943.19 0.31 0.0 
35099.16 0.43 0.0 
35248.21 0.50 0.0 
35998.05 0.32 0.0 
36059.03 0.45 0.0 
36176.15 0.61 0.0 
36327.68 0.35 0.0 
37994.51 0.31 0.0 
38347.85 0.36 0.0 
38896.87 0.36 0.0 
39322.49 0.49 0.0 
39344.29 0.32 0.0 
41435.37 0.45 0.0 
41534.48 0.51 0.0 
42103.45 0.47 0.0 
42282.80 0.81 0.0 
42380.60 0.71 0.0 
42380.60 0.84 0.0 
42855.65 0.58 0.0 
43739.01 0.48 0.0 
45254.44 0.62 0.0 
46603.27 0.70 0.0 
46655.92 0.55 0.0 
47165.52 0.72 0.0 
47379.59 0.39 0.0 
47379.76 0.41 0.0 
47879.33 0.35 0.0 
48941.08 0.31 0.0 
49387.72 0.37 0.0 
50275.44 0.68 0.0 
50293.17 0.44 0.0 
50306.09 0.31 0.0 
50275.47 0.45 0.0 
51703.93 0.59 0.0 
51863.76 0.32 0.0 
51840.37 0.36 0.0 
51851.63 0.42 0.0 
51863.75 0.49 0.0 
52286.07 0.39 0.0 
52765.74 0.64 0.0 
52933.04 0.33 0.0 
53179.31 0.33 0.0 
53292.88 0.64 0.0 
53680.35 0.32 0.0 
53714.93 0.81 0.0 
53732.75 0.35 0.0 
55688.85 0.54 0.0 
56099.50 0.57 0.0 
56336.47 0.59 0.0 
56738.24 0.54 0.0 
56770.67 0.45 0.0 
56758.89 0.37 0.0 
57251.11 0.32 0.0 
59084.42 0.88 0.0 
59052.01 0.37 0.0 
59159.48 0.40 0.0 
59797.37 0.34 0.0 
59816.56 0.53 0.0 
59835.08 0.61 0.0 
59816.57 0.52 0.0 
61933.48 0.32 0.0 
62064.27 0.46 0.0 
62950.29 0.82 0.0 
62950.31 0.93 0.0 
63446.91 0.51 0.0 
63866.21 0.39 0.0 
65037.34 0.78 0.0 
65997.23 0.33 0.0 
66495.91 0.89 0.0 
66504.68 0.50 0.0 
66520.75 0.40 0.0 
66462.82 0.55 0.0 
66520.67 0.31 0.0 
66915.61 0.37 0.0 
69837.09 0.41 0.0 
70167.61 0.46 0.0 
70259.01 0.47 0.0 
70873.80 0.70 0.0 
72103.83 0.34 0.0 
72065.29 0.32 0.0 
72898.39 0.74 0.0 
73123.95 0.37 0.0 
73967.87 0.35 0.0 
85381.08 0.32 0.0 
85382.69 0.34 0.0 
85778.38 0.51 0.0 
