1170.51 0.35 0.0 
2041.05 0.40 0.0 
2041.05 0.67 0.0 
2105.83 0.32 0.0 
2703.39 0.42 0.0 
3063.59 0.44 0.0 
3787.71 0.33 0.0 
4506.15 0.43 0.0 
5269.61 0.46 0.0 
5269.65 0.45 0.0 
5675.31 0.44 0.0 
5642.83 0.48 0.0 
6158.23 0.35 0.0 
6158.20 0.32 0.0 
7186.51 0.30 0.0 
7473.22 0.52 0.0 
7473.23 0.45 0.0 
7705.96 0.33 0.0 
9046.03 0.43 0.0 
8951.95 0.39 0.0 
9864.03 0.34 0.0 
10179.34 0.39 0.0 
10179.35 0.34 0.0 
10669.89 0.46 0.0 
10669.81 0.62 0.0 
10872.13 0.52 0.0 
10919.65 0.48 0.0 
11377.27 0.32 0.0 
11943.47 0.32 0.0 
11850.87 0.34 0.0 
11943.47 0.30 0.0 
12557.05 0.37 0.0 
13156.93 0.31 0.0 
13423.27 0.53 0.0 
13423.26 0.38 0.0 
14273.21 0.41 0.0 
14486.80 0.50 0.0 
14660.89 0.41 0.0 
15022.27 0.32 0.0 
15904.77 0.36 0.0 
16144.07 0.41 0.0 
16144.03 0.39 0.0 
16628.05 0.56 0.0 
16677.31 0.34 0.0 
17133.07 0.43 0.0 
17380.95 0.42 0.0 
17380.96 0.38 0.0 
17470.04 0.32 0.0 
17851.93 0.40 0.0 
17913.47 0.46 0.0 
17913.50 0.68 0.0 
18105.95 0.34 0.0 
18105.97 0.65 0.0 
18584.55 0.33 0.0 
18585.73 0.58 0.0 
19176.31 0.57 0.0 
19176.35 0.32 0.0 
19303.13 0.34 0.0 
19400.19 0.39 0.0 
19645.19 0.38 0.0 
20024.83 0.36 0.0 
20169.01 0.44 0.0 
20444.43 0.40 0.0 
20581.23 0.30 0.0 
20685.85 0.31 0.0 
21419.67 0.43 0.0 
21554.17 0.35 0.0 
21708.03 0.43 0.0 
22831.19 0.47 0.0 
23089.05 0.46 0.0 
23933.53 0.31 0.0 
25343.24 0.32 0.0 
25847.15 0.36 0.0 
26086.69 0.50 0.0 
26791.35 0.41 0.0 
27780.64 0.62 0.0 
28324.83 0.34 0.0 
28465.27 0.30 0.0 
28621.63 0.40 0.0 
28919.69 0.50 0.0 
30319.25 0.36 0.0 
31496.97 0.37 0.0 
31396.90 0.40 0.0 
32146.11 0.35 0.0 
33349.20 0.54 0.0 
34151.01 0.67 0.0 
34278.39 0.32 0.0 
34454.27 0.35 0.0 
35666.89 0.38 0.0 
36030.48 0.36 0.0 
36087.85 0.37 0.0 
36087.87 0.43 0.0 
36925.63 0.33 0.0 
37255.17 0.41 0.0 
37575.57 0.46 0.0 
37775.05 0.49 0.0 
37775.03 0.35 0.0 
38199.35 0.42 0.0 
38303.59 0.40 0.0 
40125.77 0.50 0.0 
40262.93 0.34 0.0 
40920.39 0.38 0.0 
41341.33 0.46 0.0 
41620.51 0.43 0.0 
41798.99 0.35 0.0 
41853.73 0.34 0.0 
42036.11 0.42 0.0 
42058.99 0.32 0.0 
42605.87 0.40 0.0 
43190.77 0.43 0.0 
43190.81 0.73 0.0 
43380.85 0.43 0.0 
43355.99 0.35 0.0 
43380.83 0.46 0.0 
43517.83 0.34 0.0 
44760.83 0.35 0.0 
45277.40 0.31 0.0 
45566.45 0.58 0.0 
45566.45 0.41 0.0 
46052.75 0.44 0.0 
46408.37 0.31 0.0 
46575.69 0.36 0.0 
46694.65 0.46 0.0 
47474.67 0.34 0.0 
48108.55 0.31 0.0 
48204.51 0.45 0.0 
48479.67 0.36 0.0 
50061.61 0.40 0.0 
50188.75 0.31 0.0 
50429.83 0.34 0.0 
51852.52 0.67 0.0 
51852.55 0.74 0.0 
52665.59 0.32 0.0 
52787.41 0.56 0.0 
52777.11 0.33 0.0 
59312.27 0.37 0.0 
60526.47 0.32 0.0 
61518.39 0.30 0.0 
61667.73 0.42 0.0 
62447.99 0.35 0.0 
63167.78 0.37 0.0 
64831.71 0.43 0.0 
65040.87 0.41 0.0 
65630.79 0.35 0.0 
65761.19 0.62 0.0 
66035.53 0.40 0.0 
66107.80 0.44 0.0 
66164.58 0.32 0.0 
67514.43 0.33 0.0 
67546.83 0.34 0.0 
69260.08 0.51 0.0 
69376.63 0.37 0.0 
69452.67 0.43 0.0 
69481.08 0.64 0.0 
69690.05 0.50 0.0 
70159.83 0.33 0.0 
70332.40 0.49 0.0 
70332.31 0.31 0.0 
70732.11 0.31 0.0 
71344.97 0.45 0.0 
71911.39 0.50 0.0 
71911.45 0.68 0.0 
71908.65 0.42 0.0 
71973.31 0.32 0.0 
72476.39 0.42 0.0 
75013.92 0.32 0.0 
76287.21 0.35 0.0 
76952.67 0.34 0.0 
78312.80 0.34 0.0 
79319.18 0.33 0.0 
80000.79 0.34 0.0 
85729.04 0.47 0.0 
85667.59 0.36 0.0 
