1693.64 0.45 0.0 
2277.92 0.53 0.0 
6568.35 0.82 0.0 
8158.57 0.46 0.0 
17532.80 0.62 0.0 
21937.36 0.36 0.0 
23180.57 0.33 0.0 
23818.55 0.60 0.0 
24840.75 0.44 0.0 
33984.01 0.49 0.0 
33973.97 0.31 0.0 
35784.95 0.39 0.0 
36755.56 0.59 0.0 
36755.53 0.74 0.0 
37093.71 0.84 0.0 
37093.72 0.47 0.0 
39785.47 0.34 0.0 
43407.63 0.38 0.0 
45328.87 0.53 0.0 
46417.87 0.82 0.0 
46417.87 0.35 0.0 
47277.29 0.58 0.0 
48308.11 0.71 0.0 
48369.41 0.39 0.0 
51734.26 0.71 0.0 
52123.79 0.34 0.0 
53278.72 0.88 0.0 
54565.81 0.43 0.0 
62042.31 0.46 0.0 
62042.28 0.70 0.0 
74952.04 0.86 0.0 
78208.48 0.31 0.0 
78654.24 0.46 0.0 
81374.48 0.32 0.0 
82586.29 0.41 0.0 
82678.32 0.39 0.0 
83918.91 0.71 0.0 
84231.37 0.30 0.0 
84359.05 0.34 0.0 
