633.94 0.79 0.0 
2277.95 0.31 0.0 
2277.95 0.62 0.0 
3727.18 0.73 0.0 
5738.60 0.72 0.0 
8521.59 0.61 0.0 
8521.60 0.83 0.0 
10151.79 0.38 0.0 
14918.74 0.67 0.0 
16523.94 0.53 0.0 
18549.11 0.43 0.0 
19444.41 0.41 0.0 
22835.11 0.31 0.0 
23176.56 0.67 0.0 
23185.67 0.44 0.0 
24852.59 0.46 0.0 
24840.79 0.55 0.0 
25817.40 0.84 0.0 
27423.72 0.69 0.0 
28561.37 0.64 0.0 
28658.16 0.69 0.0 
32485.37 0.46 0.0 
32485.35 0.36 0.0 
32822.43 0.50 0.0 
33987.17 0.74 0.0 
33987.19 0.46 0.0 
36771.26 0.92 0.0 
36771.26 0.93 0.0 
37093.75 0.37 0.0 
37802.12 0.85 0.0 
39270.74 0.85 0.0 
39270.77 0.54 0.0 
40814.67 0.49 0.0 
41472.31 0.39 0.0 
42633.12 0.81 0.0 
42633.16 0.55 0.0 
43407.59 0.32 0.0 
45328.91 0.56 0.0 
46353.44 0.84 0.0 
47277.27 0.65 0.0 
48308.12 0.82 0.0 
51272.04 0.74 0.0 
51734.28 0.76 0.0 
51860.27 0.41 0.0 
52123.91 0.55 0.0 
53278.76 0.83 0.0 
54575.63 0.49 0.0 
62043.55 0.38 0.0 
62043.56 0.72 0.0 
85957.79 0.48 0.0 
86247.55 0.44 0.0 
