983.31 0.31 0.0 
15135.91 0.31 0.0 
19650.44 0.44 0.0 
25107.47 0.31 0.0 
26904.55 0.62 0.0 
26904.54 0.84 0.0 
36847.62 0.65 0.0 
36847.63 0.46 0.0 
36774.65 0.43 0.0 
36774.68 0.47 0.0 
37012.39 0.49 0.0 
37012.39 0.32 0.0 
37024.33 0.84 0.0 
37024.34 0.87 0.0 
38721.82 0.34 0.0 
49241.51 0.37 0.0 
49759.97 0.32 0.0 
51735.47 0.38 0.0 
52703.93 0.31 0.0 
60374.39 0.36 0.0 
60678.91 0.42 0.0 
62058.01 0.58 0.0 
65822.19 0.53 0.0 
71456.51 0.59 0.0 
71456.47 0.31 0.0 
71959.07 0.31 0.0 
75798.59 0.32 0.0 
