26903.67 0.32 0.0 
33965.28 0.32 0.0 
36757.73 0.62 0.0 
36846.04 0.33 0.0 
36845.99 0.40 0.0 
36756.56 0.51 0.0 
36757.64 0.59 0.0 
36989.04 0.33 0.0 
37148.36 0.33 0.0 
40468.69 0.48 0.0 
40408.83 0.35 0.0 
43212.61 0.30 0.0 
45747.47 0.36 0.0 
49033.84 0.46 0.0 
49757.44 0.42 0.0 
52918.81 0.30 0.0 
53144.13 0.36 0.0 
57104.42 0.34 0.0 
59712.82 0.56 0.0 
61198.83 0.44 0.0 
62983.88 0.74 0.0 
67436.95 0.32 0.0 
71454.07 0.58 0.0 
71454.12 0.55 0.0 
74463.77 0.59 0.0 
85451.97 0.39 0.0 
85621.03 0.41 0.0 
