1243.52 0.40 0.0 
1303.57 0.53 0.0 
2084.43 0.45 0.0 
2202.96 0.68 0.0 
2939.24 0.34 0.0 
3179.25 0.55 0.0 
3524.26 0.86 0.0 
3674.28 0.48 0.0 
4004.64 0.83 0.0 
4274.20 0.77 0.0 
5084.01 0.40 0.0 
5175.96 0.58 0.0 
5262.61 0.40 0.0 
5262.60 0.91 0.0 
5383.72 0.66 0.0 
5474.56 0.69 0.0 
5618.75 0.89 0.0 
5618.76 0.90 0.0 
5878.21 0.53 0.0 
5951.40 0.35 0.0 
6343.92 0.64 0.0 
6808.93 0.41 0.0 
6930.85 0.43 0.0 
7034.51 0.33 0.0 
8474.57 0.31 0.0 
9493.76 0.59 0.0 
10289.53 0.40 0.0 
10573.92 0.33 0.0 
10828.76 0.37 0.0 
11068.84 0.66 0.0 
11367.96 0.52 0.0 
11653.76 0.58 0.0 
12401.24 0.45 0.0 
13664.09 0.70 0.0 
14204.20 0.48 0.0 
14280.73 0.58 0.0 
14280.76 0.48 0.0 
14431.09 0.76 0.0 
14969.56 0.30 0.0 
15162.17 0.81 0.0 
15509.08 0.91 0.0 
16769.56 0.62 0.0 
17383.28 0.33 0.0 
17490.63 0.49 0.0 
17487.25 0.31 0.0 
18941.44 0.73 0.0 
29879.36 0.35 0.0 
31960.27 0.85 0.0 
32350.76 0.74 0.0 
32350.77 0.53 0.0 
32444.21 0.77 0.0 
33039.28 0.97 0.0 
33039.29 0.97 0.0 
34075.24 0.62 0.0 
34243.48 0.33 0.0 
34679.52 0.35 0.0 
38442.44 0.48 0.0 
38487.57 0.67 0.0 
39732.02 0.53 0.0 
39698.27 0.87 0.0 
40016.85 0.67 0.0 
40132.43 0.83 0.0 
40792.60 0.55 0.0 
42537.42 0.89 0.0 
53631.25 0.43 0.0 
53631.24 0.40 0.0 
62503.71 0.81 0.0 
62818.35 0.76 0.0 
63746.56 0.63 0.0 
66314.13 0.35 0.0 
67386.58 0.99 0.0 
67386.58 0.99 0.0 
67557.71 0.95 0.0 
67911.17 0.43 0.0 
67911.16 0.93 0.0 
71998.84 0.76 0.0 
74428.91 0.61 0.0 
75223.80 0.73 0.0 
82784.37 0.58 0.0 
83912.04 0.67 0.0 
84119.09 0.50 0.0 
85290.40 0.66 0.0 
85784.48 0.46 0.0 
86286.79 0.53 0.0 
86286.80 0.32 0.0 
