3406.04 0.47 0.0 
4607.16 0.39 0.0 
5176.57 0.41 0.0 
5263.45 0.53 0.0 
5263.43 0.39 0.0 
5621.67 0.96 0.0 
5621.68 0.94 0.0 
5914.11 0.32 0.0 
14204.71 0.60 0.0 
14433.20 0.71 0.0 
16440.63 0.59 0.0 
16699.97 0.42 0.0 
32351.75 0.58 0.0 
33042.43 0.38 0.0 
39703.71 0.40 0.0 
40138.65 0.71 0.0 
40793.20 0.43 0.0 
40793.19 0.60 0.0 
53634.10 0.66 0.0 
53634.11 0.41 0.0 
59131.51 0.51 0.0 
62819.16 0.94 0.0 
62819.15 0.80 0.0 
64765.07 0.39 0.0 
67388.57 0.96 0.0 
67388.57 0.96 0.0 
67913.15 0.60 0.0 
67913.15 0.92 0.0 
83912.95 0.57 0.0 
85291.75 0.50 0.0 
86287.77 0.35 0.0 
