357.97 0.30 0.0 
630.86 0.51 0.0 
954.24 0.38 0.0 
2614.84 0.45 0.0 
2725.96 0.66 0.0 
2725.96 0.45 0.0 
2831.20 0.31 0.0 
3134.84 0.59 0.0 
3242.99 0.73 0.0 
4392.56 0.36 0.0 
4392.56 0.69 0.0 
4894.52 0.42 0.0 
5488.41 0.46 0.0 
5490.93 0.48 0.0 
5766.03 0.44 0.0 
7169.37 0.54 0.0 
7633.67 0.48 0.0 
7972.80 0.45 0.0 
7972.83 0.50 0.0 
8084.03 0.35 0.0 
8291.51 0.39 0.0 
8291.49 0.36 0.0 
8413.56 0.65 0.0 
8745.94 0.92 0.0 
8745.92 0.72 0.0 
8999.59 0.33 0.0 
10309.29 0.39 0.0 
10569.04 0.31 0.0 
10621.62 0.38 0.0 
11030.43 0.91 0.0 
11030.43 0.78 0.0 
11179.39 0.72 0.0 
11179.36 0.46 0.0 
11295.63 0.56 0.0 
11295.64 0.82 0.0 
11327.41 0.54 0.0 
11572.08 0.45 0.0 
11915.91 0.31 0.0 
11915.93 0.41 0.0 
12149.87 0.41 0.0 
12623.68 0.68 0.0 
12623.68 0.50 0.0 
12555.49 0.51 0.0 
12555.50 0.79 0.0 
13055.17 0.36 0.0 
13141.89 0.69 0.0 
13141.89 0.37 0.0 
13393.65 0.31 0.0 
14193.69 0.37 0.0 
14159.90 0.33 0.0 
14986.95 0.59 0.0 
15667.91 0.40 0.0 
15674.61 0.32 0.0 
15732.51 0.86 0.0 
15732.52 0.65 0.0 
16578.92 0.48 0.0 
18515.95 0.53 0.0 
18817.60 0.49 0.0 
20160.84 0.80 0.0 
22036.84 0.44 0.0 
22036.86 0.81 0.0 
24827.24 0.84 0.0 
26309.30 0.48 0.0 
26243.40 0.45 0.0 
36769.39 0.34 0.0 
36788.48 0.76 0.0 
53699.10 0.90 0.0 
53699.10 0.40 0.0 
54195.97 0.77 0.0 
54508.72 0.52 0.0 
54508.71 0.52 0.0 
55303.96 0.47 0.0 
55729.24 0.43 0.0 
57261.04 0.56 0.0 
57261.07 0.85 0.0 
57529.15 0.45 0.0 
64619.16 0.32 0.0 
68489.25 0.76 0.0 
68491.16 0.32 0.0 
78761.76 0.37 0.0 
85341.60 0.61 0.0 
85341.60 0.47 0.0 
