684.92 0.52 0.0 
16133.61 0.36 0.0 
17522.69 0.36 0.0 
17801.87 0.35 0.0 
18974.63 0.39 0.0 
19846.35 0.37 0.0 
21181.83 0.56 0.0 
21289.93 0.34 0.0 
21289.91 0.65 0.0 
21467.82 0.33 0.0 
21495.45 0.44 0.0 
21818.97 0.35 0.0 
21916.95 0.40 0.0 
23852.08 0.78 0.0 
24475.15 0.69 0.0 
24475.12 0.77 0.0 
24855.40 0.62 0.0 
25129.80 0.59 0.0 
25650.48 0.53 0.0 
25944.09 0.33 0.0 
26703.09 0.70 0.0 
26703.12 0.75 0.0 
26834.91 0.63 0.0 
26988.97 0.50 0.0 
27180.71 0.34 0.0 
27883.19 0.34 0.0 
27891.89 0.62 0.0 
27891.91 0.33 0.0 
28070.71 0.30 0.0 
28337.37 0.31 0.0 
28676.67 0.42 0.0 
28609.21 0.51 0.0 
29183.47 0.66 0.0 
29512.45 0.32 0.0 
29594.57 0.35 0.0 
29594.55 0.41 0.0 
30644.83 0.58 0.0 
31052.76 0.65 0.0 
32526.23 0.33 0.0 
32460.55 0.62 0.0 
32460.55 0.45 0.0 
32794.51 0.44 0.0 
33931.71 0.40 0.0 
35625.57 0.59 0.0 
35644.55 0.30 0.0 
35660.35 0.42 0.0 
36029.32 0.31 0.0 
35926.47 0.34 0.0 
35926.43 0.48 0.0 
36762.06 0.84 0.0 
36854.81 0.54 0.0 
36854.84 0.56 0.0 
36762.06 0.84 0.0 
36782.58 0.75 0.0 
36782.57 0.78 0.0 
37600.83 0.49 0.0 
37705.19 0.32 0.0 
37600.84 0.55 0.0 
38130.59 0.37 0.0 
38196.03 0.31 0.0 
38239.44 0.58 0.0 
38195.97 0.34 0.0 
38239.44 0.82 0.0 
38834.95 0.43 0.0 
38934.55 0.42 0.0 
38934.57 0.41 0.0 
39106.23 0.35 0.0 
39106.21 0.32 0.0 
39086.39 0.34 0.0 
39196.71 0.33 0.0 
39502.63 0.64 0.0 
39882.91 0.36 0.0 
40465.57 0.31 0.0 
40433.11 0.32 0.0 
40399.66 0.54 0.0 
40399.67 0.36 0.0 
40559.59 0.30 0.0 
41028.45 0.55 0.0 
40978.23 0.36 0.0 
40978.21 0.30 0.0 
41147.51 0.45 0.0 
41478.58 0.74 0.0 
42520.43 0.42 0.0 
42520.44 0.63 0.0 
43003.26 0.44 0.0 
43393.55 0.41 0.0 
43556.49 0.32 0.0 
43832.91 0.36 0.0 
44011.84 0.59 0.0 
43987.51 0.31 0.0 
44282.18 0.53 0.0 
44723.99 0.69 0.0 
44723.97 0.81 0.0 
44839.19 0.62 0.0 
44839.19 0.51 0.0 
46186.43 0.46 0.0 
46604.17 0.55 0.0 
47194.79 0.42 0.0 
47382.23 0.32 0.0 
47477.31 0.35 0.0 
48450.79 0.40 0.0 
48450.76 0.31 0.0 
48792.12 0.76 0.0 
48893.67 0.41 0.0 
49936.79 0.52 0.0 
49936.78 0.70 0.0 
50067.23 0.37 0.0 
50401.52 0.49 0.0 
50401.51 0.36 0.0 
50383.67 0.50 0.0 
50522.40 0.48 0.0 
52128.43 0.33 0.0 
53172.85 0.40 0.0 
57139.00 0.49 0.0 
57221.85 0.37 0.0 
57710.01 0.31 0.0 
61349.84 0.78 0.0 
61351.09 0.32 0.0 
61351.09 0.31 0.0 
62551.62 0.32 0.0 
62637.95 0.33 0.0 
63007.49 0.59 0.0 
63029.47 0.57 0.0 
63007.51 0.61 0.0 
63012.83 0.55 0.0 
62953.77 0.45 0.0 
62953.82 0.56 0.0 
63029.52 0.60 0.0 
63040.67 0.48 0.0 
63076.42 0.58 0.0 
63511.35 0.54 0.0 
63703.59 0.54 0.0 
63703.59 0.32 0.0 
63859.24 0.70 0.0 
63929.22 0.36 0.0 
64001.89 0.35 0.0 
64224.87 0.40 0.0 
64189.95 0.45 0.0 
69670.25 0.37 0.0 
69670.28 0.55 0.0 
73265.64 0.64 0.0 
73548.08 0.54 0.0 
74399.91 0.50 0.0 
80025.51 0.87 0.0 
80252.49 0.70 0.0 
80252.53 0.73 0.0 
80388.67 0.42 0.0 
80369.14 0.84 0.0 
80324.21 0.32 0.0 
83984.32 0.33 0.0 
85146.23 0.47 0.0 
85473.11 0.38 0.0 
85490.07 0.37 0.0 
85948.15 0.55 0.0 
