1131.19 0.35 0.0 
2087.96 0.34 0.0 
2894.20 0.53 0.0 
3106.77 0.63 0.0 
3134.15 0.42 0.0 
3551.85 0.48 0.0 
6607.11 0.30 0.0 
7245.91 0.36 0.0 
9123.07 0.49 0.0 
10503.07 0.32 0.0 
11518.49 0.49 0.0 
12227.92 0.31 0.0 
12627.21 0.34 0.0 
12627.17 0.35 0.0 
13045.15 0.59 0.0 
13242.77 0.42 0.0 
13364.17 0.57 0.0 
13692.23 0.43 0.0 
13663.72 0.96 0.0 
13663.72 0.72 0.0 
14444.48 0.37 0.0 
14778.39 0.33 0.0 
14871.27 0.46 0.0 
14871.27 0.40 0.0 
15059.35 0.40 0.0 
15124.88 0.46 0.0 
15119.57 0.58 0.0 
16364.15 0.48 0.0 
16918.73 0.33 0.0 
18299.19 0.53 0.0 
18371.00 0.33 0.0 
19948.89 0.42 0.0 
20698.23 0.30 0.0 
22868.01 0.40 0.0 
23384.51 0.52 0.0 
24852.77 0.42 0.0 
25764.93 0.30 0.0 
25994.51 0.60 0.0 
27264.15 0.38 0.0 
28859.15 0.44 0.0 
31498.79 0.33 0.0 
31889.16 0.36 0.0 
32743.41 0.31 0.0 
33133.59 0.54 0.0 
34183.11 0.30 0.0 
35638.87 0.43 0.0 
36532.88 0.63 0.0 
36759.06 0.95 0.0 
36759.05 0.94 0.0 
36849.41 0.40 0.0 
36807.40 0.48 0.0 
37389.31 0.55 0.0 
37738.09 0.69 0.0 
40003.91 0.36 0.0 
41084.39 0.35 0.0 
42749.53 0.46 0.0 
42896.52 0.32 0.0 
42959.37 0.36 0.0 
46514.37 0.34 0.0 
50353.89 0.32 0.0 
50558.71 0.31 0.0 
50834.31 0.40 0.0 
51268.23 0.30 0.0 
54203.33 0.51 0.0 
56594.51 0.37 0.0 
57490.41 0.37 0.0 
59890.79 0.67 0.0 
60133.81 0.48 0.0 
60854.25 0.35 0.0 
64889.00 0.56 0.0 
65307.83 0.41 0.0 
65531.31 0.45 0.0 
67394.16 0.52 0.0 
69194.49 0.59 0.0 
72417.69 0.51 0.0 
75537.85 0.48 0.0 
75851.43 0.33 0.0 
77552.67 0.67 0.0 
78014.16 0.37 0.0 
78089.48 0.44 0.0 
80800.85 0.40 0.0 
81884.10 0.64 0.0 
83591.09 0.39 0.0 
84013.03 0.58 0.0 
