819.37 0.32 0.0 
970.65 0.45 0.0 
1424.16 0.54 0.0 
11609.52 0.71 0.0 
12179.51 0.53 0.0 
15494.17 0.77 0.0 
18629.28 0.57 0.0 
18707.15 0.34 0.0 
19213.85 0.43 0.0 
19347.70 0.63 0.0 
19752.41 0.51 0.0 
20865.09 0.61 0.0 
21125.57 0.31 0.0 
32158.80 0.85 0.0 
33162.68 0.70 0.0 
33102.91 0.37 0.0 
34093.68 0.56 0.0 
35395.23 0.45 0.0 
35776.89 0.69 0.0 
35883.09 0.37 0.0 
36313.47 0.81 0.0 
36434.25 0.68 0.0 
36659.41 0.56 0.0 
36757.00 0.44 0.0 
36758.84 0.50 0.0 
36777.04 0.79 0.0 
36756.97 0.72 0.0 
36758.97 0.39 0.0 
37004.33 0.49 0.0 
37304.47 0.81 0.0 
37964.36 0.88 0.0 
37934.32 0.88 0.0 
39118.96 0.64 0.0 
39968.57 0.39 0.0 
40724.57 0.69 0.0 
41654.60 0.31 0.0 
42851.44 0.37 0.0 
43784.33 0.64 0.0 
46093.36 0.42 0.0 
47593.80 0.60 0.0 
51209.48 0.46 0.0 
56417.95 0.42 0.0 
56864.57 0.41 0.0 
57356.59 0.83 0.0 
57603.83 0.35 0.0 
57581.84 0.66 0.0 
57855.78 0.47 0.0 
57986.97 0.86 0.0 
57986.91 0.46 0.0 
59174.51 0.39 0.0 
60044.49 0.98 0.0 
63614.39 0.91 0.0 
64034.40 0.85 0.0 
66613.76 0.33 0.0 
67363.77 0.83 0.0 
68413.96 0.85 0.0 
68657.11 0.45 0.0 
68613.45 0.35 0.0 
77546.56 0.54 0.0 
77546.49 0.32 0.0 
77611.28 0.38 0.0 
77611.28 0.53 0.0 
83044.63 0.42 0.0 
83128.32 0.58 0.0 
84823.00 0.40 0.0 
