134.48 0.73 0.0 
239.13 0.37 0.0 
329.35 0.62 0.0 
678.11 0.48 0.0 
678.12 0.56 0.0 
5729.44 0.55 0.0 
16315.57 0.47 0.0 
16658.89 0.52 0.0 
17084.23 0.38 0.0 
17322.89 0.48 0.0 
18580.15 0.75 0.0 
18832.69 0.34 0.0 
18970.97 0.37 0.0 
18943.46 0.81 0.0 
18899.33 0.44 0.0 
19087.85 0.60 0.0 
19005.09 0.34 0.0 
19437.79 0.35 0.0 
19934.20 0.66 0.0 
19899.73 0.35 0.0 
20253.29 0.44 0.0 
20217.04 0.48 0.0 
20342.76 0.35 0.0 
20457.75 0.40 0.0 
20470.81 0.42 0.0 
20488.98 0.72 0.0 
20654.24 0.92 0.0 
20607.57 0.36 0.0 
20876.04 0.65 0.0 
20876.04 0.50 0.0 
20891.45 0.35 0.0 
21059.01 0.36 0.0 
21181.21 0.37 0.0 
21289.85 0.43 0.0 
21463.11 0.35 0.0 
21467.31 0.35 0.0 
21430.49 0.43 0.0 
21916.28 0.41 0.0 
22034.77 0.36 0.0 
22543.80 0.77 0.0 
22829.49 0.54 0.0 
22926.77 0.31 0.0 
23276.37 0.52 0.0 
23851.17 0.55 0.0 
24072.09 0.52 0.0 
24479.53 0.54 0.0 
24465.04 0.45 0.0 
24628.93 0.36 0.0 
24612.49 0.45 0.0 
24732.60 0.40 0.0 
24658.69 0.73 0.0 
24965.97 0.31 0.0 
25575.39 0.42 0.0 
26359.55 0.42 0.0 
26382.71 0.36 0.0 
26563.83 0.75 0.0 
26696.65 0.47 0.0 
26804.17 0.87 0.0 
26909.32 0.43 0.0 
26833.40 0.39 0.0 
26985.10 0.95 0.0 
26984.00 0.54 0.0 
27614.04 0.46 0.0 
27874.41 0.46 0.0 
27883.22 0.73 0.0 
27891.01 0.80 0.0 
28020.89 0.43 0.0 
28708.55 0.67 0.0 
28609.20 0.31 0.0 
28723.53 0.44 0.0 
28813.55 0.48 0.0 
29182.20 0.54 0.0 
29249.21 0.36 0.0 
29507.60 0.40 0.0 
29504.17 0.64 0.0 
29564.17 0.62 0.0 
29591.41 0.69 0.0 
29604.07 0.50 0.0 
30065.24 0.30 0.0 
30223.64 0.54 0.0 
30328.45 0.50 0.0 
30642.56 0.53 0.0 
30721.58 0.50 0.0 
30721.64 0.32 0.0 
30987.99 0.49 0.0 
30871.67 0.30 0.0 
31421.15 0.32 0.0 
31387.65 0.35 0.0 
31513.21 0.50 0.0 
31949.05 0.67 0.0 
32020.96 0.63 0.0 
31978.61 0.65 0.0 
32129.51 0.62 0.0 
32458.74 0.85 0.0 
32456.11 0.31 0.0 
32458.75 0.85 0.0 
32578.95 0.70 0.0 
33524.37 0.60 0.0 
33778.84 0.51 0.0 
34155.28 0.49 0.0 
34302.73 0.39 0.0 
34372.24 0.47 0.0 
34676.77 0.65 0.0 
34844.67 0.40 0.0 
35277.04 0.69 0.0 
35398.52 0.45 0.0 
36029.33 0.41 0.0 
36133.21 0.82 0.0 
36568.25 0.41 0.0 
36657.33 0.31 0.0 
36759.41 0.84 0.0 
36759.39 0.80 0.0 
36964.68 0.56 0.0 
36964.59 0.54 0.0 
37596.80 0.76 0.0 
37596.79 0.78 0.0 
37649.08 0.66 0.0 
37829.40 0.42 0.0 
38082.27 0.44 0.0 
38236.28 0.52 0.0 
38236.19 0.30 0.0 
39014.59 0.56 0.0 
38926.73 0.49 0.0 
39083.84 0.70 0.0 
39239.49 0.38 0.0 
39958.87 0.37 0.0 
40461.03 0.46 0.0 
40465.55 0.41 0.0 
40396.55 0.35 0.0 
40557.01 0.34 0.0 
40557.00 0.44 0.0 
40574.44 0.55 0.0 
41275.41 0.50 0.0 
41353.61 0.66 0.0 
41476.11 0.86 0.0 
41459.21 0.38 0.0 
42370.35 0.38 0.0 
42299.28 0.37 0.0 
42447.96 0.31 0.0 
42519.11 0.30 0.0 
42957.59 0.59 0.0 
43138.56 0.50 0.0 
43169.01 0.58 0.0 
43388.01 0.48 0.0 
43963.61 0.32 0.0 
44010.71 0.38 0.0 
44728.72 0.72 0.0 
45508.03 0.67 0.0 
45884.51 0.57 0.0 
45989.00 0.66 0.0 
46254.21 0.37 0.0 
46604.10 0.36 0.0 
46797.97 0.35 0.0 
48448.52 0.75 0.0 
48824.48 0.68 0.0 
48792.10 0.65 0.0 
48787.77 0.49 0.0 
48898.80 0.40 0.0 
49889.08 0.41 0.0 
49935.21 0.73 0.0 
50292.40 0.66 0.0 
50382.79 0.36 0.0 
53163.87 0.50 0.0 
54926.31 0.55 0.0 
55151.15 0.68 0.0 
55287.83 0.65 0.0 
56456.53 0.31 0.0 
57088.27 0.31 0.0 
57237.17 0.71 0.0 
58408.89 0.40 0.0 
61345.03 0.53 0.0 
61528.05 0.67 0.0 
61823.43 0.35 0.0 
62452.68 0.83 0.0 
62452.65 0.38 0.0 
62723.35 0.35 0.0 
63024.20 0.59 0.0 
62945.32 0.54 0.0 
62945.28 0.64 0.0 
63024.25 0.60 0.0 
63697.25 0.52 0.0 
63703.60 0.35 0.0 
63856.40 0.30 0.0 
63926.27 0.39 0.0 
63926.29 0.51 0.0 
64187.20 0.76 0.0 
68504.01 0.52 0.0 
69126.73 0.42 0.0 
69356.62 0.90 0.0 
69667.72 0.60 0.0 
69667.72 0.78 0.0 
69772.33 0.31 0.0 
70379.27 0.33 0.0 
72043.57 0.31 0.0 
72971.15 0.58 0.0 
73724.51 0.74 0.0 
75078.81 0.31 0.0 
75415.43 0.69 0.0 
75974.04 0.82 0.0 
79273.94 0.69 0.0 
79903.87 0.43 0.0 
80025.28 0.67 0.0 
80251.79 0.38 0.0 
80324.19 0.85 0.0 
80364.25 0.57 0.0 
80369.11 0.63 0.0 
80742.98 0.57 0.0 
80909.44 0.41 0.0 
82003.55 0.32 0.0 
83024.44 0.64 0.0 
83984.27 0.35 0.0 
84074.51 0.42 0.0 
84657.64 0.42 0.0 
85707.88 0.36 0.0 
