492.23 0.36 0.0 
1015.03 0.33 0.0 
1015.01 0.34 0.0 
1827.39 0.41 0.0 
2127.89 0.44 0.0 
2426.29 0.51 0.0 
2399.76 0.36 0.0 
2611.87 0.31 0.0 
3033.13 0.50 0.0 
2970.73 0.55 0.0 
3137.55 0.42 0.0 
3137.53 0.54 0.0 
3110.85 0.46 0.0 
3088.09 0.44 0.0 
3103.47 0.42 0.0 
4274.91 0.51 0.0 
4416.78 0.47 0.0 
4486.35 0.34 0.0 
4784.75 0.35 0.0 
5085.21 0.59 0.0 
5506.13 0.40 0.0 
6630.87 0.58 0.0 
6607.27 0.37 0.0 
6630.85 0.48 0.0 
6696.43 0.41 0.0 
6885.39 0.55 0.0 
7087.11 0.32 0.0 
7340.79 0.42 0.0 
7502.35 0.31 0.0 
8453.65 0.42 0.0 
8461.79 0.30 0.0 
9254.53 0.31 0.0 
9707.87 0.31 0.0 
10378.83 0.40 0.0 
10456.87 0.34 0.0 
11141.07 0.30 0.0 
11518.46 0.33 0.0 
11689.17 0.41 0.0 
11982.49 0.34 0.0 
12249.75 0.35 0.0 
12353.01 0.41 0.0 
12766.56 0.54 0.0 
12801.31 0.32 0.0 
12801.31 0.37 0.0 
12961.99 0.30 0.0 
12962.00 0.33 0.0 
13308.41 0.45 0.0 
13291.07 0.34 0.0 
13308.41 0.46 0.0 
13382.80 0.56 0.0 
13664.89 0.34 0.0 
13800.87 0.57 0.0 
14301.11 0.36 0.0 
14221.71 0.48 0.0 
14717.81 0.32 0.0 
14880.83 0.38 0.0 
15273.58 0.40 0.0 
15717.29 0.32 0.0 
15900.52 0.65 0.0 
15919.67 0.36 0.0 
16196.91 0.38 0.0 
16196.92 0.39 0.0 
16356.67 0.37 0.0 
17253.63 0.37 0.0 
17253.63 0.38 0.0 
18208.97 0.37 0.0 
18327.81 0.43 0.0 
18579.17 0.37 0.0 
18709.71 0.36 0.0 
19739.60 0.59 0.0 
19741.01 0.68 0.0 
19896.95 0.40 0.0 
20501.59 0.32 0.0 
20684.13 0.41 0.0 
20880.55 0.37 0.0 
21451.09 0.64 0.0 
21679.19 0.36 0.0 
21960.81 0.50 0.0 
22113.95 0.34 0.0 
22405.62 0.45 0.0 
22772.21 0.31 0.0 
22772.20 0.50 0.0 
23917.21 0.41 0.0 
23917.20 0.51 0.0 
24527.92 0.53 0.0 
24781.87 0.31 0.0 
24978.63 0.32 0.0 
24901.49 0.35 0.0 
25542.37 0.37 0.0 
25980.87 0.32 0.0 
26285.32 0.59 0.0 
26387.11 0.38 0.0 
26924.81 0.46 0.0 
27592.09 0.40 0.0 
28281.57 0.39 0.0 
28435.19 0.40 0.0 
28560.41 0.59 0.0 
29156.97 0.34 0.0 
29254.69 0.36 0.0 
30079.55 0.36 0.0 
30766.11 0.37 0.0 
30766.06 0.53 0.0 
30919.91 0.35 0.0 
31080.73 0.58 0.0 
31080.71 0.42 0.0 
31498.90 0.44 0.0 
32543.07 0.49 0.0 
32652.11 0.38 0.0 
33978.75 0.54 0.0 
34491.14 0.64 0.0 
34789.49 0.49 0.0 
35060.27 0.35 0.0 
35060.29 0.52 0.0 
35754.15 0.34 0.0 
36183.41 0.41 0.0 
36183.40 0.45 0.0 
36295.78 0.39 0.0 
36760.56 0.43 0.0 
36760.51 0.50 0.0 
36777.77 0.39 0.0 
36849.99 0.40 0.0 
36780.44 0.53 0.0 
36807.45 0.50 0.0 
37020.87 0.36 0.0 
37217.59 0.32 0.0 
37395.93 0.31 0.0 
37656.67 0.44 0.0 
37745.73 0.48 0.0 
37774.43 0.38 0.0 
38040.53 0.69 0.0 
38038.13 0.40 0.0 
39382.59 0.35 0.0 
40004.00 0.38 0.0 
40737.07 0.43 0.0 
41220.57 0.30 0.0 
41873.11 0.33 0.0 
42211.01 0.31 0.0 
42361.63 0.35 0.0 
43313.97 0.35 0.0 
43412.03 0.41 0.0 
43515.55 0.33 0.0 
43622.16 0.53 0.0 
43773.53 0.49 0.0 
43971.95 0.52 0.0 
44162.01 0.41 0.0 
44184.71 0.31 0.0 
44162.07 0.35 0.0 
44401.00 0.58 0.0 
44550.68 0.58 0.0 
45135.51 0.56 0.0 
45333.56 0.48 0.0 
45900.93 0.39 0.0 
45960.73 0.48 0.0 
46007.83 0.32 0.0 
47417.01 0.40 0.0 
48363.56 0.51 0.0 
48412.56 0.31 0.0 
49736.85 0.53 0.0 
50084.72 0.58 0.0 
50567.15 0.33 0.0 
50567.17 0.61 0.0 
50685.39 0.39 0.0 
51391.16 0.61 0.0 
51750.70 0.71 0.0 
51930.93 0.67 0.0 
52239.48 0.33 0.0 
53283.25 0.34 0.0 
53261.89 0.45 0.0 
54003.61 0.42 0.0 
54270.07 0.37 0.0 
54214.63 0.31 0.0 
54214.65 0.38 0.0 
54767.65 0.48 0.0 
55023.23 0.41 0.0 
55905.37 0.45 0.0 
56234.95 0.36 0.0 
56434.87 0.36 0.0 
56564.15 0.34 0.0 
56594.65 0.44 0.0 
57405.55 0.45 0.0 
57490.41 0.54 0.0 
57509.27 0.44 0.0 
57422.34 0.52 0.0 
57638.41 0.39 0.0 
57902.65 0.40 0.0 
58194.07 0.31 0.0 
59049.23 0.30 0.0 
59255.89 0.37 0.0 
59255.89 0.65 0.0 
59391.95 0.32 0.0 
59611.67 0.35 0.0 
59870.29 0.51 0.0 
60033.07 0.37 0.0 
60625.79 0.31 0.0 
61217.91 0.33 0.0 
61798.45 0.44 0.0 
61757.93 0.55 0.0 
61757.94 0.54 0.0 
62011.87 0.32 0.0 
62011.87 0.37 0.0 
62188.35 0.35 0.0 
62188.32 0.50 0.0 
62603.67 0.33 0.0 
63288.36 0.32 0.0 
63721.71 0.39 0.0 
63933.83 0.35 0.0 
64099.15 0.36 0.0 
64099.19 0.46 0.0 
64548.88 0.42 0.0 
66761.78 0.30 0.0 
67201.87 0.37 0.0 
69557.95 0.31 0.0 
72755.83 0.34 0.0 
73269.13 0.40 0.0 
73772.79 0.41 0.0 
73965.47 0.43 0.0 
73965.50 0.57 0.0 
74282.17 0.54 0.0 
75255.29 0.58 0.0 
77556.73 0.34 0.0 
77556.97 0.42 0.0 
78259.19 0.30 0.0 
78259.11 0.33 0.0 
78991.89 0.32 0.0 
79021.99 0.45 0.0 
79321.08 0.49 0.0 
79561.95 0.30 0.0 
80800.89 0.38 0.0 
81300.97 0.59 0.0 
82201.48 0.45 0.0 
82155.87 0.33 0.0 
82682.15 0.33 0.0 
83041.91 0.31 0.0 
83103.43 0.41 0.0 
83297.73 0.49 0.0 
83752.47 0.32 0.0 
