158.81 0.35 0.0 
708.64 0.63 0.0 
868.61 0.52 0.0 
1168.05 0.48 0.0 
1413.59 0.63 0.0 
1409.85 0.45 0.0 
1593.09 0.35 0.0 
1765.65 0.39 0.0 
3018.40 0.66 0.0 
3018.40 0.49 0.0 
3281.88 0.53 0.0 
4076.85 0.49 0.0 
4359.00 0.85 0.0 
4741.75 0.55 0.0 
5018.96 0.40 0.0 
5682.43 0.57 0.0 
6238.61 0.44 0.0 
6613.84 0.61 0.0 
6630.11 0.34 0.0 
6630.07 0.54 0.0 
6811.12 0.82 0.0 
6823.99 0.58 0.0 
7221.10 0.31 0.0 
7221.07 0.53 0.0 
7227.71 0.30 0.0 
7330.85 0.30 0.0 
7437.88 0.54 0.0 
7409.27 0.74 0.0 
7679.51 0.70 0.0 
7679.47 0.52 0.0 
7828.08 0.33 0.0 
7727.71 0.40 0.0 
7859.09 0.49 0.0 
8051.71 0.92 0.0 
9147.48 0.78 0.0 
9667.91 0.79 0.0 
9667.91 0.86 0.0 
10077.73 0.76 0.0 
10093.05 0.35 0.0 
10342.08 0.70 0.0 
10342.07 0.72 0.0 
10807.60 0.57 0.0 
10807.60 0.77 0.0 
10752.81 0.30 0.0 
11045.53 0.64 0.0 
11218.41 0.38 0.0 
11531.64 0.45 0.0 
11608.84 0.43 0.0 
11684.00 0.43 0.0 
11715.27 0.62 0.0 
11726.57 0.45 0.0 
11726.55 0.87 0.0 
12224.01 0.42 0.0 
12373.84 0.34 0.0 
12629.12 0.34 0.0 
12567.36 0.47 0.0 
12657.19 0.70 0.0 
13184.15 0.58 0.0 
13348.04 0.35 0.0 
13301.83 0.86 0.0 
13482.76 0.61 0.0 
13909.67 0.47 0.0 
14053.87 0.48 0.0 
14099.88 0.34 0.0 
14850.11 0.64 0.0 
15256.28 0.31 0.0 
15327.52 0.48 0.0 
15320.56 0.50 0.0 
15432.91 0.33 0.0 
15552.83 0.55 0.0 
15552.84 0.38 0.0 
15868.35 0.35 0.0 
16225.69 0.37 0.0 
16343.12 0.31 0.0 
16363.63 0.57 0.0 
16518.61 0.30 0.0 
16672.79 0.47 0.0 
16679.35 0.58 0.0 
18531.25 0.51 0.0 
19609.52 0.46 0.0 
19956.03 0.34 0.0 
19956.05 0.42 0.0 
21028.41 0.53 0.0 
21163.31 0.92 0.0 
21163.31 0.92 0.0 
21374.23 0.51 0.0 
21572.44 0.50 0.0 
22093.05 0.33 0.0 
22809.80 0.74 0.0 
22809.80 0.82 0.0 
23320.99 0.30 0.0 
24159.96 0.39 0.0 
24487.39 0.52 0.0 
24487.32 0.46 0.0 
25369.33 0.46 0.0 
25480.83 0.31 0.0 
25473.00 0.73 0.0 
25476.79 0.33 0.0 
25515.04 0.67 0.0 
25650.09 0.69 0.0 
25722.92 0.43 0.0 
25793.77 0.59 0.0 
25946.71 0.45 0.0 
25941.15 0.48 0.0 
26227.51 0.55 0.0 
26227.51 0.58 0.0 
26844.03 0.62 0.0 
26863.99 0.75 0.0 
26844.04 0.51 0.0 
26967.17 0.45 0.0 
28649.26 0.96 0.0 
28649.26 0.96 0.0 
29367.63 0.91 0.0 
29637.89 0.62 0.0 
29815.43 0.73 0.0 
29815.43 0.63 0.0 
29820.07 0.50 0.0 
30073.49 0.34 0.0 
30391.17 0.43 0.0 
30805.91 0.59 0.0 
30768.85 0.44 0.0 
31606.73 0.34 0.0 
31606.76 0.82 0.0 
31970.45 0.52 0.0 
31982.22 0.32 0.0 
33102.72 0.37 0.0 
34363.96 0.44 0.0 
34430.33 0.58 0.0 
34703.31 0.35 0.0 
34756.40 0.43 0.0 
34902.73 0.43 0.0 
35636.93 0.51 0.0 
35772.27 0.47 0.0 
36531.83 0.43 0.0 
36757.07 0.93 0.0 
36762.68 0.75 0.0 
36845.20 0.51 0.0 
36829.05 0.52 0.0 
36829.01 0.39 0.0 
36757.07 0.91 0.0 
36774.34 0.82 0.0 
36774.34 0.88 0.0 
37138.53 0.38 0.0 
37647.01 0.51 0.0 
37947.88 0.71 0.0 
37947.88 0.49 0.0 
39178.85 0.46 0.0 
39582.15 0.69 0.0 
39519.28 0.46 0.0 
39748.84 0.52 0.0 
39657.57 0.40 0.0 
40066.91 0.54 0.0 
40623.45 0.40 0.0 
40623.48 0.36 0.0 
40758.09 0.55 0.0 
41277.23 0.69 0.0 
44002.76 0.67 0.0 
44002.69 0.35 0.0 
44363.76 0.61 0.0 
44352.03 0.70 0.0 
44363.76 0.91 0.0 
47307.85 0.31 0.0 
47922.88 0.51 0.0 
49141.91 0.31 0.0 
49355.19 0.34 0.0 
51268.99 0.55 0.0 
52002.72 0.71 0.0 
52814.28 0.38 0.0 
52735.87 0.45 0.0 
52735.87 0.33 0.0 
52839.68 0.46 0.0 
52839.69 0.47 0.0 
53683.92 0.48 0.0 
53977.15 0.32 0.0 
54269.04 0.66 0.0 
54269.04 0.68 0.0 
54327.45 0.31 0.0 
54674.44 0.65 0.0 
55070.81 0.54 0.0 
55122.95 0.33 0.0 
55407.37 0.34 0.0 
55708.89 0.31 0.0 
55931.89 0.49 0.0 
55931.88 0.52 0.0 
56312.01 0.45 0.0 
56436.24 0.53 0.0 
56458.84 0.43 0.0 
56684.11 0.35 0.0 
56887.80 0.30 0.0 
56887.81 0.45 0.0 
56814.99 0.31 0.0 
56968.55 0.58 0.0 
57476.89 0.41 0.0 
57523.60 0.59 0.0 
57599.57 0.39 0.0 
57718.03 0.56 0.0 
58042.08 0.49 0.0 
58041.99 0.62 0.0 
59307.07 0.37 0.0 
60311.96 0.57 0.0 
60311.91 0.33 0.0 
60417.05 0.77 0.0 
60417.04 0.38 0.0 
60659.93 0.47 0.0 
61059.84 0.65 0.0 
61094.59 0.44 0.0 
61059.83 0.66 0.0 
61345.65 0.74 0.0 
61283.73 0.39 0.0 
61283.77 0.38 0.0 
61406.93 0.35 0.0 
61576.92 0.85 0.0 
61646.21 0.33 0.0 
61632.96 0.46 0.0 
62095.08 0.46 0.0 
62563.84 0.33 0.0 
62599.08 0.30 0.0 
62599.15 0.41 0.0 
63266.03 0.31 0.0 
63493.13 0.40 0.0 
63501.85 0.34 0.0 
63493.15 0.76 0.0 
63428.17 0.59 0.0 
64829.39 0.38 0.0 
64798.94 0.68 0.0 
65020.12 0.47 0.0 
65109.92 0.45 0.0 
65270.55 0.40 0.0 
65245.95 0.38 0.0 
65245.87 0.74 0.0 
65338.39 0.68 0.0 
65444.45 0.60 0.0 
65809.92 0.40 0.0 
65809.96 0.40 0.0 
66028.55 0.43 0.0 
66156.77 0.33 0.0 
66222.79 0.40 0.0 
66588.07 0.41 0.0 
66971.16 0.41 0.0 
67393.35 0.58 0.0 
67532.43 0.65 0.0 
67499.15 0.39 0.0 
67632.71 0.46 0.0 
67946.97 0.36 0.0 
68247.76 0.51 0.0 
68596.12 0.81 0.0 
68784.07 0.34 0.0 
68884.01 0.44 0.0 
68865.83 0.51 0.0 
69083.08 0.41 0.0 
71050.37 0.35 0.0 
71050.35 0.79 0.0 
70995.09 0.30 0.0 
71352.75 0.61 0.0 
77551.24 0.91 0.0 
77551.24 0.79 0.0 
78183.24 0.77 0.0 
78183.23 0.72 0.0 
78371.81 0.49 0.0 
78602.93 0.74 0.0 
78602.96 0.36 0.0 
78984.49 0.39 0.0 
78990.04 0.39 0.0 
79543.03 0.48 0.0 
79662.17 0.51 0.0 
80034.69 0.56 0.0 
80038.64 0.53 0.0 
81539.24 0.43 0.0 
81811.95 0.38 0.0 
81799.17 0.33 0.0 
81803.43 0.47 0.0 
82378.94 0.34 0.0 
83191.05 0.54 0.0 
83423.08 0.43 0.0 
83423.04 0.44 0.0 
83488.64 0.34 0.0 
84132.91 0.33 0.0 
84213.09 0.45 0.0 
84310.44 0.33 0.0 
84491.95 0.39 0.0 
84436.17 0.40 0.0 
84436.20 0.56 0.0 
85365.13 0.40 0.0 
86057.85 0.47 0.0 
86361.12 0.58 0.0 
86361.12 0.67 0.0 
