169.25 0.31 0.0 
169.28 0.48 0.0 
410.25 0.51 0.0 
748.36 0.31 0.0 
2727.59 0.46 0.0 
3528.33 0.32 0.0 
4604.76 0.38 0.0 
5565.39 0.47 0.0 
5657.32 0.49 0.0 
5925.17 0.33 0.0 
6108.69 0.35 0.0 
6148.55 0.46 0.0 
6807.67 0.56 0.0 
6863.59 0.48 0.0 
6863.49 0.50 0.0 
8559.16 0.31 0.0 
8758.21 0.39 0.0 
9788.85 0.36 0.0 
9788.55 0.54 0.0 
10032.96 0.68 0.0 
11832.76 0.60 0.0 
12148.05 0.66 0.0 
12177.73 0.71 0.0 
12357.41 0.43 0.0 
12309.85 0.46 0.0 
12398.97 0.40 0.0 
12908.36 0.37 0.0 
13142.93 0.30 0.0 
13142.96 0.75 0.0 
13318.15 0.34 0.0 
13302.88 0.59 0.0 
13246.67 0.30 0.0 
13737.59 0.66 0.0 
14307.41 0.40 0.0 
14636.85 0.42 0.0 
14676.08 0.33 0.0 
14892.50 0.76 0.0 
14892.51 0.48 0.0 
15190.84 0.79 0.0 
15147.39 0.87 0.0 
15267.01 0.91 0.0 
15266.97 0.33 0.0 
15417.00 0.35 0.0 
15985.46 0.89 0.0 
16170.73 0.42 0.0 
16161.48 0.82 0.0 
16528.45 0.68 0.0 
16510.52 0.30 0.0 
16598.93 0.36 0.0 
16911.92 0.76 0.0 
16911.92 0.53 0.0 
17278.55 0.45 0.0 
17353.60 0.46 0.0 
17492.53 0.51 0.0 
17492.53 0.41 0.0 
18122.81 0.33 0.0 
18477.80 0.50 0.0 
18455.88 0.67 0.0 
18793.25 0.61 0.0 
18956.60 0.51 0.0 
18926.78 0.90 0.0 
19047.50 0.77 0.0 
19047.48 0.32 0.0 
19303.67 0.78 0.0 
19303.71 0.93 0.0 
19270.57 0.62 0.0 
19363.56 0.56 0.0 
19475.05 0.50 0.0 
19475.04 0.51 0.0 
19709.44 0.43 0.0 
19799.81 0.32 0.0 
19830.24 0.36 0.0 
20259.80 0.40 0.0 
20393.77 0.87 0.0 
20339.33 0.50 0.0 
20393.74 0.50 0.0 
20653.25 0.38 0.0 
20812.54 0.74 0.0 
20909.58 0.78 0.0 
21000.73 0.31 0.0 
21237.01 0.44 0.0 
21175.13 0.72 0.0 
21190.05 0.42 0.0 
21153.19 0.87 0.0 
21153.16 0.77 0.0 
21175.15 0.85 0.0 
21268.28 0.87 0.0 
21477.61 0.33 0.0 
21387.29 0.62 0.0 
21673.24 0.32 0.0 
21673.24 0.91 0.0 
21629.37 0.60 0.0 
22041.67 0.31 0.0 
21980.75 0.84 0.0 
21980.76 0.65 0.0 
22213.09 0.38 0.0 
22439.26 0.69 0.0 
22588.85 0.35 0.0 
22931.83 0.50 0.0 
22983.72 0.59 0.0 
22983.72 0.34 0.0 
22946.69 0.90 0.0 
22946.72 0.44 0.0 
23106.15 0.54 0.0 
23106.21 0.36 0.0 
23340.77 0.30 0.0 
23759.41 0.37 0.0 
23875.19 0.81 0.0 
24023.36 0.96 0.0 
24023.36 0.96 0.0 
24169.53 0.36 0.0 
24264.12 0.81 0.0 
24263.37 0.61 0.0 
24264.09 0.69 0.0 
24278.93 0.35 0.0 
24402.55 0.45 0.0 
24703.45 0.40 0.0 
24703.43 0.30 0.0 
24829.12 0.50 0.0 
24801.09 0.31 0.0 
24809.38 0.41 0.0 
24733.55 0.48 0.0 
24829.09 0.70 0.0 
25333.32 0.39 0.0 
25636.71 0.59 0.0 
25636.71 0.66 0.0 
25753.73 0.32 0.0 
25708.28 0.65 0.0 
25959.19 0.86 0.0 
25959.17 0.47 0.0 
26442.12 0.38 0.0 
26430.96 0.47 0.0 
26577.42 0.78 0.0 
26577.40 0.77 0.0 
26648.91 0.47 0.0 
26867.03 0.83 0.0 
27119.33 0.82 0.0 
27084.21 0.57 0.0 
27073.40 0.31 0.0 
27019.77 0.57 0.0 
27059.08 0.72 0.0 
27453.83 0.56 0.0 
27453.84 0.35 0.0 
28175.76 0.77 0.0 
28108.84 0.54 0.0 
28364.43 0.77 0.0 
28603.92 0.59 0.0 
28768.05 0.34 0.0 
29351.61 0.44 0.0 
29351.65 0.41 0.0 
30163.80 0.33 0.0 
30478.05 0.36 0.0 
30553.96 0.90 0.0 
30509.32 0.76 0.0 
30687.28 0.59 0.0 
30739.89 0.59 0.0 
33771.76 0.34 0.0 
34152.59 0.36 0.0 
36149.56 0.33 0.0 
36784.64 0.32 0.0 
36760.64 0.70 0.0 
38777.35 0.44 0.0 
39226.72 0.51 0.0 
39909.55 0.53 0.0 
41059.80 0.44 0.0 
41383.88 0.59 0.0 
41847.40 0.33 0.0 
41847.39 0.35 0.0 
41857.77 0.37 0.0 
42530.32 0.61 0.0 
43269.05 0.39 0.0 
43810.92 0.39 0.0 
45225.08 0.56 0.0 
46145.63 0.51 0.0 
46212.44 0.37 0.0 
46813.25 0.61 0.0 
46813.24 0.78 0.0 
47112.88 0.47 0.0 
47517.75 0.58 0.0 
47418.88 0.45 0.0 
47697.68 0.32 0.0 
47804.16 0.78 0.0 
48687.75 0.63 0.0 
49719.19 0.33 0.0 
49719.20 0.71 0.0 
50142.35 0.35 0.0 
50367.36 0.82 0.0 
50386.11 0.72 0.0 
51082.31 0.46 0.0 
52045.48 0.74 0.0 
53244.96 0.30 0.0 
53522.13 0.33 0.0 
54200.15 0.54 0.0 
54612.02 0.69 0.0 
54648.40 0.61 0.0 
54612.00 0.31 0.0 
54751.52 0.35 0.0 
55741.09 0.56 0.0 
55741.09 0.61 0.0 
55977.04 0.45 0.0 
56073.12 0.78 0.0 
58702.24 0.31 0.0 
60059.91 0.53 0.0 
60579.07 0.45 0.0 
60749.48 0.82 0.0 
61527.29 0.37 0.0 
61517.64 0.47 0.0 
64292.37 0.48 0.0 
64229.11 0.37 0.0 
64799.07 0.54 0.0 
65381.09 0.52 0.0 
65951.40 0.43 0.0 
66696.65 0.46 0.0 
67076.43 0.46 0.0 
67396.00 0.45 0.0 
67501.51 0.71 0.0 
68555.36 0.49 0.0 
68746.29 0.31 0.0 
69007.92 0.35 0.0 
70630.93 0.63 0.0 
71651.21 0.53 0.0 
72442.72 0.46 0.0 
72742.20 0.62 0.0 
72742.20 0.55 0.0 
73073.33 0.53 0.0 
73073.36 0.34 0.0 
73754.21 0.34 0.0 
74277.67 0.36 0.0 
74262.32 0.40 0.0 
75283.81 0.36 0.0 
75524.44 0.35 0.0 
75667.08 0.32 0.0 
75999.92 0.32 0.0 
76693.35 0.32 0.0 
76764.16 0.36 0.0 
76990.53 0.33 0.0 
76992.79 0.40 0.0 
77606.31 0.34 0.0 
77781.92 0.38 0.0 
77781.93 0.31 0.0 
78280.81 0.40 0.0 
79181.75 0.38 0.0 
79302.92 0.37 0.0 
79302.89 0.60 0.0 
79709.04 0.62 0.0 
81420.65 0.36 0.0 
81549.45 0.38 0.0 
83274.39 0.47 0.0 
83174.19 0.37 0.0 
85040.44 0.79 0.0 
