316.39 0.40 0.0 
316.43 0.38 0.0 
1407.59 0.57 0.0 
1801.39 0.36 0.0 
1876.93 0.32 0.0 
2113.39 0.37 0.0 
4068.58 0.83 0.0 
4068.55 0.42 0.0 
5038.53 0.40 0.0 
5734.68 0.65 0.0 
6620.83 0.87 0.0 
7053.43 0.41 0.0 
6987.40 0.64 0.0 
7053.47 0.51 0.0 
8376.54 0.48 0.0 
8376.57 0.59 0.0 
8498.40 0.37 0.0 
9374.23 0.54 0.0 
9107.71 0.42 0.0 
10095.50 0.75 0.0 
9827.82 0.72 0.0 
10227.47 0.33 0.0 
10095.52 0.86 0.0 
11313.99 0.36 0.0 
11708.57 0.50 0.0 
12615.06 0.85 0.0 
12852.83 0.77 0.0 
13362.00 0.50 0.0 
13869.39 0.52 0.0 
14192.63 0.31 0.0 
14192.60 0.72 0.0 
15431.76 0.80 0.0 
15723.29 0.51 0.0 
15330.47 0.41 0.0 
19445.71 0.32 0.0 
19902.47 0.48 0.0 
23125.07 0.45 0.0 
22849.92 0.71 0.0 
23308.51 0.45 0.0 
24859.88 0.85 0.0 
25487.67 0.55 0.0 
26373.14 0.78 0.0 
28728.94 0.51 0.0 
29026.86 0.41 0.0 
29625.84 0.57 0.0 
29625.78 0.54 0.0 
31905.10 0.73 0.0 
32573.23 0.45 0.0 
34520.96 0.81 0.0 
34798.23 0.30 0.0 
35970.88 0.30 0.0 
36457.99 0.64 0.0 
37194.54 0.58 0.0 
39266.55 0.49 0.0 
39952.03 0.45 0.0 
40278.92 0.64 0.0 
40714.90 0.62 0.0 
40953.28 0.69 0.0 
40953.30 0.77 0.0 
41409.35 0.47 0.0 
41318.59 0.32 0.0 
42680.52 0.86 0.0 
44465.52 0.44 0.0 
48347.20 0.79 0.0 
48660.96 0.68 0.0 
48946.64 0.70 0.0 
49070.71 0.53 0.0 
51796.96 0.70 0.0 
52409.90 0.69 0.0 
53640.51 0.39 0.0 
53690.35 0.42 0.0 
55342.75 0.41 0.0 
59897.20 0.49 0.0 
82876.79 0.30 0.0 
83297.35 0.52 0.0 
83267.81 0.44 0.0 
83267.79 0.46 0.0 
84691.87 0.40 0.0 
85646.35 0.43 0.0 
86284.60 0.75 0.0 
86284.63 0.64 0.0 
