643.67 0.80 0.0 
643.72 0.35 0.0 
1407.51 0.82 0.0 
1993.31 0.33 0.0 
2113.31 0.66 0.0 
3218.77 0.46 0.0 
3218.53 0.31 0.0 
3594.47 0.30 0.0 
5038.43 0.63 0.0 
6620.82 0.91 0.0 
6490.33 0.56 0.0 
6987.35 0.69 0.0 
8371.18 0.35 0.0 
8498.32 0.70 0.0 
8563.25 0.30 0.0 
8371.17 0.37 0.0 
9374.19 0.78 0.0 
10089.37 0.39 0.0 
10181.27 0.37 0.0 
10317.59 0.35 0.0 
11126.35 0.46 0.0 
12609.35 0.83 0.0 
12852.83 0.89 0.0 
13361.91 0.38 0.0 
13869.35 0.75 0.0 
15431.71 0.69 0.0 
23374.41 0.44 0.0 
23027.60 0.59 0.0 
23373.92 0.68 0.0 
26373.11 0.33 0.0 
26453.37 0.31 0.0 
27189.20 0.59 0.0 
27189.23 0.55 0.0 
28960.49 0.64 0.0 
32304.97 0.38 0.0 
33129.33 0.38 0.0 
34520.99 0.33 0.0 
34798.15 0.52 0.0 
35563.91 0.36 0.0 
36457.95 0.42 0.0 
37194.51 0.86 0.0 
37840.52 0.63 0.0 
37905.84 0.59 0.0 
39266.51 0.89 0.0 
40753.37 0.30 0.0 
40861.17 0.45 0.0 
41061.92 0.72 0.0 
40712.45 0.64 0.0 
41256.28 0.57 0.0 
41061.93 0.46 0.0 
40951.19 0.78 0.0 
41502.53 0.31 0.0 
41256.28 0.44 0.0 
41409.28 0.73 0.0 
43780.87 0.32 0.0 
44217.79 0.34 0.0 
46663.88 0.39 0.0 
48644.27 0.68 0.0 
51383.52 0.31 0.0 
53352.83 0.84 0.0 
54700.03 0.74 0.0 
55342.67 0.31 0.0 
85646.31 0.83 0.0 
85993.52 0.63 0.0 
