294.79 0.50 0.0 
353.27 0.72 0.0 
5127.17 0.31 0.0 
9299.16 0.54 0.0 
9340.71 0.61 0.0 
10703.84 0.34 0.0 
11861.04 0.52 0.0 
13379.03 0.46 0.0 
14769.44 0.39 0.0 
15027.95 0.66 0.0 
15311.83 0.78 0.0 
15644.17 0.45 0.0 
15996.13 0.43 0.0 
16627.87 0.60 0.0 
17068.79 0.69 0.0 
17647.44 0.59 0.0 
17606.07 0.34 0.0 
20435.76 0.40 0.0 
25420.40 0.72 0.0 
25731.53 0.36 0.0 
26000.71 0.57 0.0 
27509.16 0.52 0.0 
29264.24 0.76 0.0 
36719.37 0.39 0.0 
37182.57 0.39 0.0 
37182.55 0.90 0.0 
39674.05 0.37 0.0 
40089.47 0.58 0.0 
40089.43 0.61 0.0 
49588.88 0.36 0.0 
59894.36 0.63 0.0 
61379.24 0.70 0.0 
61664.47 0.40 0.0 
71963.75 0.51 0.0 
77938.76 0.35 0.0 
78012.72 0.79 0.0 
80699.31 0.36 0.0 
