824.08 0.46 0.0 
2353.32 0.42 0.0 
3007.56 0.32 0.0 
3433.76 0.37 0.0 
3580.67 0.42 0.0 
4647.72 0.70 0.0 
4394.19 0.57 0.0 
5213.08 0.75 0.0 
5294.57 0.35 0.0 
5098.85 0.44 0.0 
6388.16 0.81 0.0 
7151.53 0.30 0.0 
8247.80 0.44 0.0 
9388.69 0.33 0.0 
9911.40 0.51 0.0 
10407.72 0.38 0.0 
10543.96 0.64 0.0 
10543.92 0.46 0.0 
12026.08 0.34 0.0 
11892.80 0.90 0.0 
16213.47 0.34 0.0 
17263.96 0.51 0.0 
17539.85 0.31 0.0 
17459.57 0.34 0.0 
18613.99 0.40 0.0 
20533.64 0.48 0.0 
21613.93 0.48 0.0 
22364.44 0.31 0.0 
23462.66 0.98 0.0 
23462.66 0.97 0.0 
23338.12 0.31 0.0 
24102.40 0.74 0.0 
24224.37 0.39 0.0 
26653.85 0.31 0.0 
30044.14 0.84 0.0 
30044.13 0.72 0.0 
31049.04 0.43 0.0 
33035.05 0.38 0.0 
38684.72 0.42 0.0 
39388.52 0.35 0.0 
40646.62 0.88 0.0 
40646.64 0.89 0.0 
40878.24 0.54 0.0 
42130.96 0.34 0.0 
44666.77 0.64 0.0 
45284.51 0.36 0.0 
46766.65 0.89 0.0 
47323.25 0.45 0.0 
47488.24 0.90 0.0 
47234.52 0.54 0.0 
48599.33 0.48 0.0 
51704.08 0.47 0.0 
51719.00 0.35 0.0 
54454.84 0.52 0.0 
56524.44 0.67 0.0 
62593.99 0.41 0.0 
64958.20 0.70 0.0 
64958.16 0.73 0.0 
65924.05 0.33 0.0 
67018.97 0.36 0.0 
71314.32 0.33 0.0 
72848.45 0.32 0.0 
73799.45 0.40 0.0 
75059.60 0.34 0.0 
76149.85 0.32 0.0 
76619.04 0.41 0.0 
77054.01 0.86 0.0 
76974.72 0.31 0.0 
78089.32 0.39 0.0 
84838.83 0.66 0.0 
86309.07 0.39 0.0 
