657.84 0.50 0.0 
520.01 0.46 0.0 
2098.37 0.33 0.0 
2098.96 0.54 0.0 
2467.68 0.56 0.0 
2473.88 0.93 0.0 
2474.44 0.36 0.0 
2338.30 0.63 0.0 
2442.83 0.46 0.0 
2995.81 0.76 0.0 
2669.31 0.78 0.0 
3117.70 0.92 0.0 
2779.99 0.82 0.0 
3058.36 0.74 0.0 
2779.96 0.80 0.0 
2799.75 0.94 0.0 
2995.79 0.69 0.0 
3154.68 0.82 0.0 
3349.61 0.31 0.0 
3060.24 0.32 0.0 
3084.87 0.79 0.0 
3121.25 0.38 0.0 
3129.44 0.31 0.0 
3147.65 0.38 0.0 
3545.99 0.68 0.0 
3205.57 0.33 0.0 
3446.53 0.35 0.0 
3545.91 0.54 0.0 
3685.67 0.53 0.0 
3723.04 0.74 0.0 
5074.53 0.47 0.0 
5074.48 0.74 0.0 
10801.60 0.30 0.0 
11639.17 0.71 0.0 
11476.61 0.31 0.0 
12106.73 0.47 0.0 
12106.61 0.56 0.0 
12467.61 0.60 0.0 
12371.45 0.84 0.0 
12590.85 0.35 0.0 
12560.45 0.64 0.0 
12560.44 0.80 0.0 
13007.09 0.33 0.0 
13149.69 0.55 0.0 
14489.28 0.63 0.0 
16423.19 0.35 0.0 
17829.62 0.86 0.0 
17683.60 0.82 0.0 
17829.55 0.59 0.0 
18478.64 0.57 0.0 
18577.05 0.43 0.0 
18282.12 0.74 0.0 
18828.57 0.40 0.0 
19005.69 0.54 0.0 
19198.40 0.37 0.0 
18905.77 0.37 0.0 
19592.38 0.83 0.0 
19859.31 0.66 0.0 
19592.37 0.79 0.0 
21422.22 0.79 0.0 
21463.87 0.88 0.0 
21422.24 0.74 0.0 
24166.25 0.37 0.0 
24577.84 0.49 0.0 
28847.48 0.51 0.0 
28847.53 0.31 0.0 
28858.25 0.42 0.0 
28683.72 0.35 0.0 
28910.84 0.57 0.0 
28962.64 0.62 0.0 
29624.12 0.39 0.0 
29624.23 0.85 0.0 
31183.88 0.65 0.0 
32260.44 0.43 0.0 
32454.76 0.37 0.0 
32564.09 0.32 0.0 
32728.53 0.43 0.0 
32969.51 0.55 0.0 
33603.36 0.42 0.0 
34228.01 0.43 0.0 
38608.32 0.35 0.0 
41804.33 0.48 0.0 
42290.88 0.38 0.0 
42492.20 0.45 0.0 
43618.51 0.86 0.0 
43573.84 0.33 0.0 
44018.61 0.57 0.0 
43957.37 0.33 0.0 
44757.64 0.71 0.0 
44852.61 0.52 0.0 
44819.36 0.41 0.0 
44925.36 0.31 0.0 
45674.60 0.88 0.0 
45324.81 0.52 0.0 
46555.38 0.96 0.0 
46228.96 0.82 0.0 
47385.01 0.91 0.0 
47519.44 0.64 0.0 
47797.68 0.41 0.0 
47892.98 0.41 0.0 
47681.76 0.43 0.0 
47683.13 0.54 0.0 
48007.87 0.35 0.0 
48007.96 0.65 0.0 
48138.31 0.33 0.0 
48138.43 0.34 0.0 
50773.95 0.83 0.0 
51193.79 0.43 0.0 
51089.25 0.46 0.0 
51222.05 0.30 0.0 
51209.17 0.60 0.0 
51506.08 0.38 0.0 
52544.27 0.32 0.0 
53343.57 0.52 0.0 
54058.96 0.74 0.0 
54718.77 0.63 0.0 
55362.85 0.39 0.0 
55409.65 0.35 0.0 
56694.52 0.47 0.0 
56642.37 0.81 0.0 
56642.37 0.56 0.0 
63944.09 0.38 0.0 
64544.51 0.49 0.0 
66268.00 0.57 0.0 
67433.68 0.59 0.0 
67433.69 0.88 0.0 
68084.59 0.39 0.0 
73516.67 0.38 0.0 
74444.44 0.57 0.0 
75401.91 0.33 0.0 
76254.00 0.39 0.0 
79013.29 0.43 0.0 
78763.53 0.40 0.0 
78883.08 0.74 0.0 
81809.12 0.47 0.0 
