2344.25 0.57 0.0 
3309.67 0.43 0.0 
3293.45 0.73 0.0 
3293.49 0.36 0.0 
3837.09 0.33 0.0 
4273.95 0.37 0.0 
4457.70 0.56 0.0 
4425.80 0.61 0.0 
4967.25 0.43 0.0 
5208.29 0.62 0.0 
5662.59 0.36 0.0 
5851.29 0.57 0.0 
6248.01 0.33 0.0 
6512.99 0.33 0.0 
6538.95 0.43 0.0 
7341.49 0.33 0.0 
7396.85 0.58 0.0 
7351.11 0.73 0.0 
7584.87 0.33 0.0 
7593.78 0.40 0.0 
7921.05 0.76 0.0 
8609.77 0.35 0.0 
8609.75 0.47 0.0 
9269.45 0.54 0.0 
9230.71 0.34 0.0 
11284.92 0.67 0.0 
11284.93 0.70 0.0 
11558.11 0.32 0.0 
11558.17 0.83 0.0 
12184.24 0.63 0.0 
12516.15 0.33 0.0 
13035.56 0.57 0.0 
13100.57 0.39 0.0 
13126.20 0.75 0.0 
13126.19 0.34 0.0 
13315.27 0.33 0.0 
13639.61 0.51 0.0 
13982.41 0.45 0.0 
14104.41 0.55 0.0 
14248.81 0.51 0.0 
14137.09 0.37 0.0 
14148.65 0.62 0.0 
14166.89 0.31 0.0 
14248.81 0.67 0.0 
14460.67 0.41 0.0 
14625.51 0.38 0.0 
15061.35 0.64 0.0 
15182.49 0.65 0.0 
15140.67 0.36 0.0 
15259.25 0.51 0.0 
15570.11 0.73 0.0 
15572.13 0.44 0.0 
15632.80 0.88 0.0 
16098.39 0.66 0.0 
16478.31 0.45 0.0 
17329.01 0.53 0.0 
17328.98 0.41 0.0 
18071.25 0.42 0.0 
20205.43 0.38 0.0 
20565.99 0.77 0.0 
22908.21 0.57 0.0 
23034.26 0.55 0.0 
23035.39 0.35 0.0 
23034.25 0.58 0.0 
23131.89 0.61 0.0 
24046.02 0.85 0.0 
24728.41 0.66 0.0 
24737.05 0.64 0.0 
24728.39 0.82 0.0 
24822.12 0.30 0.0 
24858.13 0.49 0.0 
24822.15 0.32 0.0 
25455.80 0.67 0.0 
25455.81 0.73 0.0 
25371.69 0.53 0.0 
25758.84 0.90 0.0 
25758.82 0.93 0.0 
25817.90 0.78 0.0 
25848.49 0.69 0.0 
25918.51 0.40 0.0 
25848.44 0.33 0.0 
26072.34 0.41 0.0 
26836.96 0.54 0.0 
26836.96 0.89 0.0 
28405.13 0.32 0.0 
29032.43 0.32 0.0 
30073.70 0.76 0.0 
31396.36 0.78 0.0 
31349.66 0.88 0.0 
31358.06 0.92 0.0 
31306.28 0.54 0.0 
31396.36 0.74 0.0 
31372.04 0.92 0.0 
31358.04 0.87 0.0 
31372.04 0.90 0.0 
33463.05 0.51 0.0 
34055.17 0.48 0.0 
34055.18 0.45 0.0 
34170.39 0.68 0.0 
34499.87 0.57 0.0 
34681.45 0.31 0.0 
34761.87 0.33 0.0 
35359.46 0.59 0.0 
35359.49 0.52 0.0 
35523.72 0.43 0.0 
37315.17 0.44 0.0 
38471.25 0.33 0.0 
44567.25 0.39 0.0 
45639.30 0.67 0.0 
45639.31 0.52 0.0 
46397.52 0.49 0.0 
46472.17 0.31 0.0 
47093.35 0.32 0.0 
47070.49 0.40 0.0 
49935.51 0.31 0.0 
49993.75 0.31 0.0 
51121.67 0.47 0.0 
51538.35 0.33 0.0 
52155.95 0.45 0.0 
52023.65 0.36 0.0 
53175.97 0.55 0.0 
53305.27 0.38 0.0 
53363.99 0.32 0.0 
53448.43 0.38 0.0 
53312.79 0.45 0.0 
53699.98 0.76 0.0 
54623.91 0.35 0.0 
54587.12 0.57 0.0 
54956.16 0.60 0.0 
54956.13 0.64 0.0 
55213.89 0.45 0.0 
55444.49 0.32 0.0 
55503.93 0.68 0.0 
55438.08 0.42 0.0 
55503.89 0.51 0.0 
55725.64 0.62 0.0 
56399.35 0.53 0.0 
58663.34 0.42 0.0 
58690.04 0.62 0.0 
58861.93 0.54 0.0 
58663.35 0.37 0.0 
58690.06 0.56 0.0 
59848.75 0.40 0.0 
59896.71 0.34 0.0 
60061.99 0.49 0.0 
60631.02 0.81 0.0 
60815.89 0.39 0.0 
61080.59 0.64 0.0 
61161.48 0.56 0.0 
61155.89 0.61 0.0 
61161.47 0.73 0.0 
61289.74 0.86 0.0 
61289.74 0.87 0.0 
61293.91 0.66 0.0 
61562.27 0.40 0.0 
62089.38 0.91 0.0 
62089.40 0.88 0.0 
62507.45 0.53 0.0 
62717.48 0.52 0.0 
62507.42 0.51 0.0 
63145.00 0.75 0.0 
63144.99 0.55 0.0 
63259.96 0.72 0.0 
63259.98 0.71 0.0 
63792.63 0.45 0.0 
63792.64 0.72 0.0 
64823.01 0.50 0.0 
64822.99 0.37 0.0 
65063.82 0.87 0.0 
65063.82 0.91 0.0 
65611.55 0.38 0.0 
65983.53 0.37 0.0 
66190.92 0.43 0.0 
66214.73 0.61 0.0 
66390.56 0.65 0.0 
66391.90 0.85 0.0 
66692.28 0.31 0.0 
66764.57 0.39 0.0 
66591.71 0.37 0.0 
66598.81 0.74 0.0 
66591.63 0.44 0.0 
66598.81 0.82 0.0 
66857.88 0.62 0.0 
66692.27 0.61 0.0 
66958.96 0.45 0.0 
66958.99 0.45 0.0 
67264.87 0.48 0.0 
67310.01 0.49 0.0 
67609.52 0.78 0.0 
67873.55 0.39 0.0 
67609.53 0.79 0.0 
68036.71 0.55 0.0 
68036.68 0.62 0.0 
68284.91 0.37 0.0 
68356.00 0.77 0.0 
68522.58 0.43 0.0 
68609.75 0.47 0.0 
68777.17 0.32 0.0 
68959.03 0.36 0.0 
71837.43 0.56 0.0 
72633.31 0.49 0.0 
73650.67 0.81 0.0 
74128.59 0.37 0.0 
77037.91 0.41 0.0 
77941.75 0.42 0.0 
83964.89 0.70 0.0 
83957.39 0.46 0.0 
83964.89 0.64 0.0 
85547.63 0.32 0.0 
86239.67 0.35 0.0 
86209.59 0.33 0.0 
86318.23 0.36 0.0 
