8631.79 0.33 0.0 
8807.63 0.34 0.0 
17147.41 0.46 0.0 
17730.97 0.39 0.0 
18589.41 0.47 0.0 
18780.74 0.70 0.0 
29067.76 0.37 0.0 
31213.35 0.34 0.0 
33330.76 0.87 0.0 
33330.78 0.86 0.0 
33937.78 0.77 0.0 
34058.14 0.70 0.0 
34035.79 0.40 0.0 
34035.80 0.71 0.0 
34875.74 0.72 0.0 
34875.79 0.55 0.0 
35090.67 0.37 0.0 
35167.15 0.36 0.0 
35193.35 0.36 0.0 
35167.13 0.50 0.0 
35480.59 0.35 0.0 
39707.87 0.39 0.0 
42168.87 0.35 0.0 
42619.59 0.33 0.0 
46068.72 0.78 0.0 
47282.47 0.32 0.0 
48797.32 0.53 0.0 
48797.31 0.55 0.0 
49858.97 0.38 0.0 
49859.01 0.32 0.0 
51149.67 0.60 0.0 
60332.72 0.36 0.0 
60609.79 0.35 0.0 
60614.35 0.48 0.0 
60609.83 0.59 0.0 
60732.38 0.52 0.0 
60991.11 0.33 0.0 
61122.47 0.76 0.0 
61358.25 0.72 0.0 
61358.22 0.81 0.0 
61442.71 0.38 0.0 
61673.84 0.59 0.0 
61741.51 0.34 0.0 
61741.53 0.42 0.0 
61880.93 0.44 0.0 
62141.51 0.38 0.0 
61923.47 0.52 0.0 
62056.88 0.48 0.0 
62056.93 0.61 0.0 
62141.55 0.33 0.0 
62509.35 0.32 0.0 
62304.11 0.31 0.0 
62459.91 0.31 0.0 
62509.31 0.30 0.0 
62419.91 0.37 0.0 
62425.81 0.38 0.0 
62594.99 0.49 0.0 
64807.11 0.30 0.0 
65639.71 0.37 0.0 
66855.99 0.34 0.0 
67931.03 0.33 0.0 
67818.21 0.35 0.0 
67930.99 0.35 0.0 
68176.56 0.47 0.0 
69327.27 0.41 0.0 
70092.99 0.33 0.0 
72523.09 0.47 0.0 
79025.31 0.39 0.0 
83100.95 0.42 0.0 
83297.30 0.67 0.0 
84004.68 0.55 0.0 
84162.42 0.37 0.0 
84424.01 0.65 0.0 
84712.88 0.53 0.0 
84499.11 0.33 0.0 
84712.88 0.55 0.0 
84747.00 0.45 0.0 
85200.47 0.36 0.0 
85695.73 0.36 0.0 
85829.61 0.41 0.0 
85995.66 0.46 0.0 
86044.99 0.32 0.0 
86196.57 0.56 0.0 
86180.10 0.74 0.0 
86196.53 0.48 0.0 
