3194.33 0.73 0.0 
6358.84 0.33 0.0 
6732.17 0.40 0.0 
15046.44 0.56 0.0 
21533.53 0.32 0.0 
24628.87 0.54 0.0 
24954.96 0.42 0.0 
25076.44 0.53 0.0 
25889.49 0.52 0.0 
26354.37 0.56 0.0 
27187.05 0.34 0.0 
27314.04 0.73 0.0 
27456.51 0.56 0.0 
27463.65 0.34 0.0 
27764.41 0.50 0.0 
32447.69 0.39 0.0 
32481.79 0.39 0.0 
32847.09 0.32 0.0 
33821.20 0.35 0.0 
35037.67 0.75 0.0 
35388.77 0.36 0.0 
35479.23 0.78 0.0 
35479.28 0.79 0.0 
35388.80 0.69 0.0 
35965.44 0.60 0.0 
35965.45 0.44 0.0 
36071.95 0.70 0.0 
37303.10 0.44 0.0 
37290.36 0.31 0.0 
37389.55 0.50 0.0 
39369.07 0.34 0.0 
40034.28 0.48 0.0 
40214.39 0.47 0.0 
41298.37 0.32 0.0 
41298.41 0.32 0.0 
41293.53 0.41 0.0 
41512.08 0.34 0.0 
41834.11 0.42 0.0 
42867.96 0.32 0.0 
50293.97 0.41 0.0 
50992.19 0.77 0.0 
52996.03 0.52 0.0 
53144.13 0.48 0.0 
53746.37 0.47 0.0 
54328.88 0.86 0.0 
54466.12 0.64 0.0 
54809.03 0.76 0.0 
55003.99 0.32 0.0 
55723.47 0.32 0.0 
55949.71 0.65 0.0 
55964.51 0.40 0.0 
55950.36 0.41 0.0 
56200.09 0.37 0.0 
56321.33 0.40 0.0 
56322.01 0.32 0.0 
56488.23 0.44 0.0 
56321.37 0.37 0.0 
56760.64 0.39 0.0 
56827.63 0.38 0.0 
56800.60 0.74 0.0 
56879.05 0.59 0.0 
56800.64 0.63 0.0 
57617.13 0.51 0.0 
57822.02 0.84 0.0 
57855.69 0.34 0.0 
58408.53 0.52 0.0 
58408.56 0.39 0.0 
58192.91 0.35 0.0 
59014.40 0.53 0.0 
59409.01 0.57 0.0 
59379.21 0.57 0.0 
59643.51 0.40 0.0 
59409.00 0.49 0.0 
59845.49 0.43 0.0 
60067.44 0.64 0.0 
60144.62 0.52 0.0 
60067.44 0.72 0.0 
60313.48 0.44 0.0 
60505.13 0.39 0.0 
60478.32 0.46 0.0 
60581.32 0.53 0.0 
60863.61 0.43 0.0 
60793.77 0.50 0.0 
60839.51 0.47 0.0 
60863.63 0.44 0.0 
60954.96 0.45 0.0 
60854.49 0.45 0.0 
61441.94 0.83 0.0 
61213.93 0.40 0.0 
61529.32 0.36 0.0 
61470.57 0.81 0.0 
61529.29 0.70 0.0 
61708.71 0.34 0.0 
61470.55 0.48 0.0 
61441.92 0.94 0.0 
61963.71 0.34 0.0 
61934.44 0.82 0.0 
62304.19 0.32 0.0 
62097.84 0.32 0.0 
62255.77 0.51 0.0 
62215.81 0.51 0.0 
62789.05 0.43 0.0 
62653.23 0.35 0.0 
63209.48 0.77 0.0 
63389.44 0.50 0.0 
63134.33 0.41 0.0 
63526.04 0.79 0.0 
63808.61 0.50 0.0 
64153.80 0.54 0.0 
64409.57 0.87 0.0 
64464.48 0.57 0.0 
64258.28 0.46 0.0 
64497.84 0.45 0.0 
64751.59 0.35 0.0 
64751.59 0.76 0.0 
64993.20 0.85 0.0 
65057.85 0.36 0.0 
64932.81 0.43 0.0 
65026.83 0.35 0.0 
65398.45 0.39 0.0 
65474.41 0.45 0.0 
65294.22 0.58 0.0 
65568.33 0.34 0.0 
66083.68 0.32 0.0 
66030.79 0.35 0.0 
66328.17 0.36 0.0 
66404.09 0.42 0.0 
66525.56 0.50 0.0 
66582.37 0.39 0.0 
66646.32 0.32 0.0 
66659.17 0.59 0.0 
66929.57 0.56 0.0 
67769.04 0.71 0.0 
67807.68 0.30 0.0 
68192.99 0.42 0.0 
68052.67 0.47 0.0 
68404.07 0.49 0.0 
68278.80 0.54 0.0 
68619.36 0.38 0.0 
68619.35 0.61 0.0 
68803.07 0.40 0.0 
68675.96 0.31 0.0 
68923.84 0.43 0.0 
68774.32 0.74 0.0 
69265.92 0.45 0.0 
69265.93 0.42 0.0 
69928.09 0.38 0.0 
69983.12 0.80 0.0 
69989.43 0.57 0.0 
69983.12 0.59 0.0 
70169.11 0.78 0.0 
70732.81 0.74 0.0 
70724.44 0.37 0.0 
70732.80 0.76 0.0 
71144.23 0.35 0.0 
71367.40 0.45 0.0 
71383.25 0.56 0.0 
72239.41 0.34 0.0 
72254.48 0.41 0.0 
73219.60 0.38 0.0 
73236.49 0.33 0.0 
73364.53 0.33 0.0 
73529.16 0.67 0.0 
73867.61 0.36 0.0 
74369.24 0.77 0.0 
74432.92 0.35 0.0 
74458.94 0.76 0.0 
74909.44 0.57 0.0 
74877.68 0.35 0.0 
74923.14 0.66 0.0 
75329.00 0.35 0.0 
75388.80 0.57 0.0 
75215.11 0.31 0.0 
75132.27 0.68 0.0 
75742.49 0.31 0.0 
75963.56 0.32 0.0 
75734.51 0.56 0.0 
76050.12 0.32 0.0 
76150.25 0.52 0.0 
75990.68 0.38 0.0 
76285.17 0.75 0.0 
76381.49 0.60 0.0 
76318.92 0.42 0.0 
76285.15 0.33 0.0 
76534.92 0.76 0.0 
76534.91 0.74 0.0 
76477.85 0.35 0.0 
77256.95 0.66 0.0 
77256.96 0.83 0.0 
77488.96 0.49 0.0 
77603.20 0.33 0.0 
77698.21 0.67 0.0 
78072.77 0.34 0.0 
78168.11 0.34 0.0 
78194.48 0.66 0.0 
78012.23 0.91 0.0 
78592.05 0.33 0.0 
78717.39 0.71 0.0 
78794.51 0.33 0.0 
78960.39 0.33 0.0 
78734.12 0.30 0.0 
79050.95 0.44 0.0 
79224.25 0.40 0.0 
79123.49 0.36 0.0 
79224.25 0.48 0.0 
79258.92 0.68 0.0 
79686.55 0.90 0.0 
79686.56 0.62 0.0 
79993.49 0.44 0.0 
80455.08 0.36 0.0 
80807.51 0.38 0.0 
80999.37 0.37 0.0 
81162.91 0.40 0.0 
81057.65 0.43 0.0 
81223.64 0.39 0.0 
81162.96 0.77 0.0 
81129.99 0.44 0.0 
81566.77 0.50 0.0 
81463.69 0.49 0.0 
81809.46 0.66 0.0 
81869.48 0.47 0.0 
82107.75 0.61 0.0 
81851.36 0.69 0.0 
82077.80 0.74 0.0 
81946.58 0.79 0.0 
82346.30 0.31 0.0 
82077.80 0.73 0.0 
82726.81 0.37 0.0 
82792.65 0.33 0.0 
83099.35 0.40 0.0 
83264.59 0.91 0.0 
83339.28 0.65 0.0 
83492.77 0.57 0.0 
83668.79 0.45 0.0 
83724.43 0.33 0.0 
83687.35 0.36 0.0 
83579.19 0.72 0.0 
83833.00 0.78 0.0 
84029.16 0.36 0.0 
83895.15 0.57 0.0 
84029.12 0.72 0.0 
84041.64 0.79 0.0 
84134.44 0.52 0.0 
84403.98 0.44 0.0 
84647.76 0.72 0.0 
84718.89 0.77 0.0 
85163.60 0.30 0.0 
85260.60 0.64 0.0 
85243.32 0.30 0.0 
85369.71 0.35 0.0 
85254.13 0.35 0.0 
85559.28 0.63 0.0 
85735.44 0.37 0.0 
85590.28 0.69 0.0 
85941.28 0.53 0.0 
85949.21 0.31 0.0 
85735.44 0.81 0.0 
85994.93 0.52 0.0 
86009.44 0.36 0.0 
85900.41 0.58 0.0 
85900.40 0.50 0.0 
85941.30 0.33 0.0 
85979.48 0.40 0.0 
