717.98 0.69 0.0 
2698.85 0.41 0.0 
4828.25 0.36 0.0 
9944.45 0.36 0.0 
10454.48 0.42 0.0 
11337.27 0.62 0.0 
19814.56 0.43 0.0 
20424.58 0.65 0.0 
23174.44 0.37 0.0 
29863.45 0.44 0.0 
30366.76 0.31 0.0 
30792.48 0.34 0.0 
33324.23 0.47 0.0 
33937.80 0.62 0.0 
34058.05 0.47 0.0 
34124.36 0.44 0.0 
34161.13 0.49 0.0 
34124.32 0.76 0.0 
34615.79 0.32 0.0 
34870.91 0.85 0.0 
34870.88 0.47 0.0 
35067.20 0.64 0.0 
35109.05 0.64 0.0 
35163.72 0.41 0.0 
35163.73 0.59 0.0 
39073.55 0.38 0.0 
40106.29 0.32 0.0 
40694.47 0.33 0.0 
41324.01 0.42 0.0 
42027.04 0.31 0.0 
43812.80 0.44 0.0 
49853.80 0.35 0.0 
51314.59 0.38 0.0 
51793.23 0.54 0.0 
54029.47 0.31 0.0 
60072.61 0.32 0.0 
60311.24 0.37 0.0 
60343.96 0.33 0.0 
60447.08 0.88 0.0 
60609.84 0.54 0.0 
60722.81 0.60 0.0 
60733.25 0.45 0.0 
60722.79 0.61 0.0 
60860.07 0.31 0.0 
61190.27 0.89 0.0 
60981.95 0.91 0.0 
60981.92 0.86 0.0 
61190.27 0.86 0.0 
61291.11 0.74 0.0 
61122.43 0.95 0.0 
61291.07 0.70 0.0 
61440.61 0.76 0.0 
61489.44 0.89 0.0 
61489.44 0.83 0.0 
61562.15 0.87 0.0 
61673.83 0.58 0.0 
61440.69 0.63 0.0 
61616.54 0.40 0.0 
61616.56 0.48 0.0 
61562.15 0.59 0.0 
61738.83 0.58 0.0 
61738.89 0.65 0.0 
62029.20 0.45 0.0 
61828.32 0.85 0.0 
61881.00 0.32 0.0 
61880.91 0.94 0.0 
62134.75 0.78 0.0 
62148.95 0.57 0.0 
62148.92 0.48 0.0 
62134.19 0.35 0.0 
62134.75 0.83 0.0 
62379.69 0.42 0.0 
62242.14 0.85 0.0 
62350.23 0.94 0.0 
62514.28 0.61 0.0 
62302.36 0.55 0.0 
62302.36 0.58 0.0 
62379.67 0.88 0.0 
62350.26 0.89 0.0 
62587.08 0.43 0.0 
62587.89 0.44 0.0 
62984.56 0.38 0.0 
64447.29 0.32 0.0 
65564.04 0.58 0.0 
68054.19 0.39 0.0 
69371.33 0.57 0.0 
69320.32 0.62 0.0 
70091.13 0.39 0.0 
73630.49 0.59 0.0 
74953.92 0.39 0.0 
81479.04 0.74 0.0 
81568.69 0.48 0.0 
82991.93 0.32 0.0 
82991.89 0.55 0.0 
83793.32 0.39 0.0 
84003.31 0.37 0.0 
84003.29 0.44 0.0 
84159.19 0.33 0.0 
84302.53 0.46 0.0 
84302.52 0.53 0.0 
84706.89 0.30 0.0 
85066.19 0.37 0.0 
85689.52 0.52 0.0 
86185.17 0.56 0.0 
86175.21 0.40 0.0 
86185.15 0.56 0.0 
86293.79 0.65 0.0 
86367.43 0.50 0.0 
