1169.45 0.44 0.0 
2759.42 0.52 0.0 
4784.53 0.43 0.0 
6086.95 0.34 0.0 
6254.47 0.36 0.0 
7979.51 0.61 0.0 
8519.07 0.42 0.0 
11594.53 0.33 0.0 
12987.88 0.54 0.0 
14833.29 0.64 0.0 
14909.07 0.52 0.0 
18464.29 0.35 0.0 
21025.92 0.80 0.0 
21478.85 0.45 0.0 
21943.17 0.38 0.0 
22019.37 0.33 0.0 
21943.23 0.45 0.0 
21972.75 0.49 0.0 
22528.20 0.68 0.0 
22919.01 0.61 0.0 
23023.01 0.63 0.0 
23133.83 0.37 0.0 
23685.89 0.50 0.0 
23753.89 0.51 0.0 
23664.80 0.52 0.0 
23685.96 0.32 0.0 
23953.19 0.31 0.0 
25694.51 0.52 0.0 
26039.49 0.36 0.0 
28302.32 0.39 0.0 
28328.45 0.34 0.0 
28668.88 0.31 0.0 
28716.93 0.61 0.0 
28716.92 0.38 0.0 
29249.15 0.34 0.0 
29965.67 0.34 0.0 
35414.57 0.52 0.0 
38114.11 0.41 0.0 
43829.37 0.32 0.0 
43889.48 0.33 0.0 
44268.91 0.43 0.0 
44774.15 0.44 0.0 
47504.45 0.43 0.0 
47442.31 0.57 0.0 
50740.91 0.49 0.0 
51433.35 0.32 0.0 
51974.51 0.46 0.0 
54614.36 0.73 0.0 
57688.85 0.69 0.0 
58229.48 0.44 0.0 
58514.00 0.44 0.0 
59847.57 0.60 0.0 
63462.89 0.45 0.0 
64071.88 0.92 0.0 
64071.88 0.69 0.0 
64328.55 0.86 0.0 
64328.58 0.36 0.0 
64505.60 0.63 0.0 
64505.60 0.44 0.0 
64814.19 0.36 0.0 
65160.32 0.31 0.0 
65345.37 0.46 0.0 
65669.57 0.51 0.0 
65833.97 0.31 0.0 
67153.52 0.31 0.0 
67108.48 0.39 0.0 
68564.47 0.46 0.0 
68894.51 0.32 0.0 
72389.23 0.31 0.0 
81359.13 0.42 0.0 
