1601.47 0.35 0.0 
2146.53 0.33 0.0 
2724.97 0.50 0.0 
3282.27 0.74 0.0 
3282.25 0.61 0.0 
3293.42 0.57 0.0 
3834.87 0.63 0.0 
4274.04 0.36 0.0 
4455.04 0.50 0.0 
4946.45 0.61 0.0 
5178.36 0.59 0.0 
5538.56 0.38 0.0 
5659.88 0.51 0.0 
5659.89 0.44 0.0 
5674.36 0.58 0.0 
5637.85 0.30 0.0 
5908.25 0.36 0.0 
6532.53 0.43 0.0 
6652.25 0.41 0.0 
6761.12 0.78 0.0 
6652.21 0.68 0.0 
7183.28 0.57 0.0 
7288.76 0.89 0.0 
7341.42 0.33 0.0 
7592.19 0.32 0.0 
7738.08 0.78 0.0 
8394.36 0.42 0.0 
8394.35 0.51 0.0 
8605.85 0.49 0.0 
8704.80 0.36 0.0 
8972.80 0.31 0.0 
9087.56 0.60 0.0 
8972.79 0.33 0.0 
9267.73 0.52 0.0 
9222.44 0.69 0.0 
9346.20 0.61 0.0 
9346.17 0.85 0.0 
10392.51 0.82 0.0 
11431.48 0.51 0.0 
11558.18 0.74 0.0 
11431.44 0.80 0.0 
12184.19 0.72 0.0 
12513.56 0.51 0.0 
12860.73 0.67 0.0 
12980.89 0.54 0.0 
13012.45 0.36 0.0 
13272.05 0.40 0.0 
13272.01 0.45 0.0 
13566.29 0.39 0.0 
13639.59 0.44 0.0 
13566.26 0.30 0.0 
13635.12 0.39 0.0 
13639.57 0.36 0.0 
13949.57 0.59 0.0 
13806.49 0.59 0.0 
13735.81 0.33 0.0 
14101.16 0.79 0.0 
14101.13 0.35 0.0 
14246.82 0.86 0.0 
14246.82 0.90 0.0 
14254.45 0.37 0.0 
14474.17 0.42 0.0 
14639.25 0.35 0.0 
15013.37 0.33 0.0 
15075.93 0.37 0.0 
15138.85 0.54 0.0 
15056.68 0.40 0.0 
15343.72 0.69 0.0 
15566.37 0.78 0.0 
15566.38 0.91 0.0 
15570.07 0.76 0.0 
15630.09 0.45 0.0 
16033.92 0.92 0.0 
16473.03 0.87 0.0 
16473.00 0.91 0.0 
16913.64 0.36 0.0 
17362.55 0.91 0.0 
17362.57 0.59 0.0 
17328.90 0.59 0.0 
17545.04 0.62 0.0 
17328.90 0.37 0.0 
17818.79 0.93 0.0 
18074.51 0.89 0.0 
18755.73 0.32 0.0 
18755.69 0.38 0.0 
19591.50 0.60 0.0 
20502.53 0.47 0.0 
20622.49 0.53 0.0 
20923.48 0.33 0.0 
20832.68 0.44 0.0 
20983.15 0.94 0.0 
20983.19 0.49 0.0 
21903.53 0.47 0.0 
22376.77 0.61 0.0 
22844.65 0.31 0.0 
23027.83 0.57 0.0 
23034.27 0.35 0.0 
23027.84 0.87 0.0 
23034.21 0.35 0.0 
23815.93 0.47 0.0 
23815.88 0.69 0.0 
24291.65 0.45 0.0 
24291.65 0.51 0.0 
24728.34 0.37 0.0 
24735.08 0.69 0.0 
24727.40 0.40 0.0 
24822.06 0.68 0.0 
24822.06 0.78 0.0 
25213.53 0.32 0.0 
25213.49 0.72 0.0 
25453.52 0.50 0.0 
25758.35 0.42 0.0 
25758.30 0.37 0.0 
25914.41 0.48 0.0 
25992.48 0.48 0.0 
25993.05 0.33 0.0 
26641.28 0.46 0.0 
27130.17 0.50 0.0 
27881.29 0.67 0.0 
27881.32 0.40 0.0 
28091.12 0.33 0.0 
28558.98 0.84 0.0 
28619.56 0.47 0.0 
30096.21 0.30 0.0 
30071.09 0.41 0.0 
30584.21 0.91 0.0 
30746.44 0.54 0.0 
31116.13 0.38 0.0 
31284.55 0.55 0.0 
31349.59 0.85 0.0 
31392.15 0.81 0.0 
31357.39 0.68 0.0 
31370.27 0.65 0.0 
31370.43 0.50 0.0 
32143.34 0.79 0.0 
33073.45 0.33 0.0 
33462.98 0.35 0.0 
33567.09 0.56 0.0 
33686.45 0.54 0.0 
33686.53 0.47 0.0 
34054.24 0.76 0.0 
34054.22 0.67 0.0 
34205.25 0.53 0.0 
34453.20 0.62 0.0 
34496.99 0.33 0.0 
34749.83 0.73 0.0 
35357.20 0.56 0.0 
35403.09 0.33 0.0 
35357.21 0.69 0.0 
35779.13 0.31 0.0 
35779.12 0.45 0.0 
36841.53 0.32 0.0 
37386.64 0.31 0.0 
37945.49 0.56 0.0 
39059.20 0.44 0.0 
39059.12 0.67 0.0 
40173.40 0.72 0.0 
40173.41 0.58 0.0 
41807.33 0.43 0.0 
42897.08 0.76 0.0 
43460.77 0.41 0.0 
44821.51 0.82 0.0 
45636.95 0.87 0.0 
45636.93 0.59 0.0 
46395.37 0.37 0.0 
47040.71 0.45 0.0 
47229.69 0.37 0.0 
46834.48 0.31 0.0 
47229.69 0.54 0.0 
47937.12 0.66 0.0 
47937.09 0.83 0.0 
48499.36 0.53 0.0 
49408.61 0.42 0.0 
49620.93 0.36 0.0 
49991.28 0.49 0.0 
50669.17 0.63 0.0 
50679.96 0.55 0.0 
51462.72 0.64 0.0 
51226.81 0.46 0.0 
53175.31 0.35 0.0 
53302.96 0.53 0.0 
53362.67 0.30 0.0 
53415.17 0.39 0.0 
53445.07 0.48 0.0 
53697.11 0.81 0.0 
53757.88 0.32 0.0 
54020.93 0.30 0.0 
54020.97 0.62 0.0 
54164.08 0.77 0.0 
54284.40 0.38 0.0 
54580.87 0.33 0.0 
54616.32 0.31 0.0 
54585.64 0.75 0.0 
55048.64 0.39 0.0 
54952.76 0.49 0.0 
54953.93 0.44 0.0 
55034.48 0.74 0.0 
54952.75 0.75 0.0 
54953.93 0.36 0.0 
55246.60 0.40 0.0 
55211.56 0.70 0.0 
55502.49 0.60 0.0 
55365.48 0.67 0.0 
55907.56 0.43 0.0 
57028.88 0.84 0.0 
57254.59 0.58 0.0 
58268.76 0.85 0.0 
58648.23 0.61 0.0 
58658.15 0.31 0.0 
58663.40 0.39 0.0 
58687.61 0.40 0.0 
58658.15 0.53 0.0 
58687.59 0.64 0.0 
58915.91 0.68 0.0 
58915.95 0.62 0.0 
59581.25 0.39 0.0 
59668.89 0.35 0.0 
59668.89 0.45 0.0 
59844.57 0.46 0.0 
59844.57 0.44 0.0 
60060.21 0.37 0.0 
60148.08 0.32 0.0 
60201.97 0.81 0.0 
60369.24 0.32 0.0 
60641.24 0.35 0.0 
60673.00 0.31 0.0 
60905.85 0.42 0.0 
60884.53 0.82 0.0 
60779.32 0.38 0.0 
61159.60 0.32 0.0 
61286.59 0.59 0.0 
61286.61 0.40 0.0 
61077.27 0.37 0.0 
61368.20 0.32 0.0 
62137.93 0.59 0.0 
62087.00 0.76 0.0 
62087.00 0.77 0.0 
62503.88 0.60 0.0 
62609.15 0.77 0.0 
62503.88 0.50 0.0 
62804.15 0.90 0.0 
62804.15 0.53 0.0 
63139.59 0.75 0.0 
63139.60 0.61 0.0 
63222.73 0.44 0.0 
63255.97 0.91 0.0 
63255.98 0.92 0.0 
63449.45 0.93 0.0 
63781.33 0.44 0.0 
64706.81 0.40 0.0 
64819.15 0.37 0.0 
65062.24 0.68 0.0 
65063.23 0.48 0.0 
65062.23 0.62 0.0 
65229.56 0.35 0.0 
65983.50 0.33 0.0 
66189.61 0.31 0.0 
66371.84 0.42 0.0 
66371.88 0.42 0.0 
66689.27 0.63 0.0 
66690.32 0.72 0.0 
66759.33 0.43 0.0 
66763.92 0.48 0.0 
66809.59 0.54 0.0 
66591.25 0.92 0.0 
66595.41 0.96 0.0 
66591.25 0.93 0.0 
66595.41 0.96 0.0 
66856.40 0.54 0.0 
66690.31 0.91 0.0 
66965.11 0.64 0.0 
67064.19 0.84 0.0 
67302.91 0.33 0.0 
67479.76 0.40 0.0 
67302.96 0.55 0.0 
67605.63 0.89 0.0 
67605.65 0.84 0.0 
67798.99 0.64 0.0 
68281.19 0.35 0.0 
68744.11 0.51 0.0 
68846.07 0.71 0.0 
68886.57 0.47 0.0 
69582.63 0.82 0.0 
69835.13 0.57 0.0 
69835.15 0.54 0.0 
72914.41 0.49 0.0 
73282.24 0.39 0.0 
74125.88 0.84 0.0 
74132.97 0.31 0.0 
75531.65 0.45 0.0 
77176.80 0.37 0.0 
78014.49 0.43 0.0 
78014.49 0.90 0.0 
78848.77 0.58 0.0 
79094.16 0.33 0.0 
79379.56 0.47 0.0 
79730.93 0.56 0.0 
80633.09 0.50 0.0 
83337.67 0.83 0.0 
85348.85 0.57 0.0 
86315.76 0.38 0.0 
