673.09 0.35 0.0 
15047.44 0.87 0.0 
15047.43 0.51 0.0 
24959.79 0.54 0.0 
25396.91 0.50 0.0 
25889.47 0.41 0.0 
27179.83 0.38 0.0 
27192.47 0.38 0.0 
27165.11 0.33 0.0 
27287.34 0.75 0.0 
27297.73 0.64 0.0 
27287.32 0.39 0.0 
31892.51 0.33 0.0 
32672.19 0.58 0.0 
32854.07 0.60 0.0 
33936.03 0.61 0.0 
33936.03 0.35 0.0 
34197.88 0.42 0.0 
34197.87 0.45 0.0 
34881.23 0.32 0.0 
35481.29 0.64 0.0 
35481.29 0.67 0.0 
35486.63 0.38 0.0 
35391.97 0.37 0.0 
36212.31 0.39 0.0 
36301.71 0.62 0.0 
37141.31 0.42 0.0 
39369.11 0.42 0.0 
39369.09 0.34 0.0 
39664.39 0.34 0.0 
40145.99 0.63 0.0 
40911.23 0.35 0.0 
41302.65 0.37 0.0 
41302.59 0.36 0.0 
41669.83 0.45 0.0 
41669.79 0.34 0.0 
41642.51 0.37 0.0 
50099.23 0.34 0.0 
50459.87 0.37 0.0 
52998.31 0.57 0.0 
52998.29 0.41 0.0 
53419.43 0.40 0.0 
53642.33 0.37 0.0 
53821.59 0.35 0.0 
53750.35 0.48 0.0 
54468.77 0.72 0.0 
54510.91 0.46 0.0 
54468.80 0.71 0.0 
54860.28 0.32 0.0 
55721.53 0.50 0.0 
55964.57 0.36 0.0 
55952.93 0.53 0.0 
56230.59 0.35 0.0 
56351.21 0.53 0.0 
56324.53 0.54 0.0 
56376.85 0.32 0.0 
56324.47 0.49 0.0 
56440.91 0.30 0.0 
56613.79 0.39 0.0 
56613.79 0.31 0.0 
56763.11 0.72 0.0 
56833.03 0.50 0.0 
56821.73 0.33 0.0 
56806.41 0.33 0.0 
56812.73 0.43 0.0 
57184.55 0.50 0.0 
57381.84 0.50 0.0 
57256.92 0.35 0.0 
57528.52 0.64 0.0 
57676.27 0.40 0.0 
57676.23 0.38 0.0 
57944.48 0.45 0.0 
57881.59 0.33 0.0 
57852.69 0.45 0.0 
58266.57 0.33 0.0 
58681.60 0.55 0.0 
58535.89 0.48 0.0 
59177.23 0.43 0.0 
59026.47 0.54 0.0 
59411.67 0.45 0.0 
59198.57 0.31 0.0 
59365.03 0.49 0.0 
59649.05 0.45 0.0 
59583.99 0.34 0.0 
59411.67 0.39 0.0 
59847.59 0.43 0.0 
59649.07 0.46 0.0 
60070.15 0.44 0.0 
59995.29 0.36 0.0 
60070.11 0.59 0.0 
60101.75 0.35 0.0 
60028.29 0.42 0.0 
59995.33 0.46 0.0 
60313.52 0.36 0.0 
60270.23 0.34 0.0 
60749.91 0.65 0.0 
60930.55 0.39 0.0 
60930.57 0.57 0.0 
60870.87 0.68 0.0 
61006.45 0.60 0.0 
61006.39 0.37 0.0 
61118.59 0.43 0.0 
61118.57 0.34 0.0 
61293.93 0.36 0.0 
61529.76 0.36 0.0 
61529.76 0.81 0.0 
61443.99 0.51 0.0 
61980.47 0.31 0.0 
61954.69 0.38 0.0 
61963.83 0.40 0.0 
62259.07 0.52 0.0 
62335.64 0.33 0.0 
62304.29 0.33 0.0 
62335.67 0.52 0.0 
62522.19 0.32 0.0 
63528.79 0.36 0.0 
63934.61 0.36 0.0 
64019.87 0.55 0.0 
64456.65 0.33 0.0 
64729.07 0.32 0.0 
65058.01 0.65 0.0 
64994.92 0.65 0.0 
64955.19 0.31 0.0 
65067.83 0.48 0.0 
65294.21 0.44 0.0 
65460.99 0.37 0.0 
65370.53 0.34 0.0 
65284.49 0.39 0.0 
65294.19 0.31 0.0 
65508.71 0.37 0.0 
65940.71 0.60 0.0 
66530.96 0.56 0.0 
66530.95 0.33 0.0 
66655.95 0.37 0.0 
66655.35 0.36 0.0 
67111.77 0.50 0.0 
67111.66 0.31 0.0 
68126.85 0.36 0.0 
68281.75 0.75 0.0 
68196.03 0.30 0.0 
68259.45 0.47 0.0 
68195.99 0.38 0.0 
68281.74 0.79 0.0 
68621.43 0.62 0.0 
68621.43 0.66 0.0 
68912.36 0.45 0.0 
69269.21 0.61 0.0 
69269.22 0.63 0.0 
69428.89 0.37 0.0 
69735.23 0.34 0.0 
69992.07 0.35 0.0 
70066.95 0.45 0.0 
70726.35 0.59 0.0 
70734.53 0.52 0.0 
70734.55 0.51 0.0 
70832.87 0.71 0.0 
71206.53 0.42 0.0 
71591.21 0.42 0.0 
71882.45 0.44 0.0 
71851.73 0.43 0.0 
72439.20 0.42 0.0 
72868.71 0.43 0.0 
73221.49 0.50 0.0 
73652.41 0.52 0.0 
73670.26 0.51 0.0 
73831.87 0.41 0.0 
73670.33 0.48 0.0 
73680.31 0.45 0.0 
73831.89 0.50 0.0 
74087.76 0.56 0.0 
74436.41 0.34 0.0 
74436.49 0.61 0.0 
74821.20 0.91 0.0 
74821.20 0.81 0.0 
74877.71 0.51 0.0 
75067.15 0.34 0.0 
74877.71 0.37 0.0 
74884.71 0.49 0.0 
75116.31 0.31 0.0 
75199.71 0.40 0.0 
75391.90 0.67 0.0 
75403.84 0.59 0.0 
75391.93 0.64 0.0 
75673.25 0.41 0.0 
76006.33 0.44 0.0 
76034.73 0.32 0.0 
76006.29 0.44 0.0 
76288.43 0.36 0.0 
76417.11 0.34 0.0 
76428.21 0.62 0.0 
76417.15 0.40 0.0 
76537.57 0.75 0.0 
76537.51 0.32 0.0 
76478.71 0.31 0.0 
76428.21 0.45 0.0 
77218.35 0.40 0.0 
77259.51 0.65 0.0 
77259.52 0.85 0.0 
77742.31 0.34 0.0 
78080.17 0.60 0.0 
78080.16 0.67 0.0 
78961.03 0.48 0.0 
79056.96 0.54 0.0 
79056.95 0.37 0.0 
79382.81 0.58 0.0 
79446.35 0.31 0.0 
79185.41 0.61 0.0 
79460.81 0.39 0.0 
79689.08 0.71 0.0 
79689.11 0.31 0.0 
80378.55 0.43 0.0 
80457.59 0.33 0.0 
80608.35 0.41 0.0 
81165.39 0.55 0.0 
81058.55 0.50 0.0 
81165.33 0.71 0.0 
81569.13 0.37 0.0 
81574.29 0.40 0.0 
81680.51 0.31 0.0 
81737.67 0.43 0.0 
82109.65 0.36 0.0 
81986.85 0.33 0.0 
81994.27 0.42 0.0 
82081.25 0.47 0.0 
82489.84 0.32 0.0 
82364.04 0.36 0.0 
82489.87 0.57 0.0 
82666.12 0.66 0.0 
82732.17 0.41 0.0 
82793.79 0.37 0.0 
82732.21 0.35 0.0 
82666.13 0.81 0.0 
82990.67 0.40 0.0 
83417.67 0.38 0.0 
83445.71 0.31 0.0 
83294.67 0.61 0.0 
83726.73 0.38 0.0 
83689.76 0.72 0.0 
83689.78 0.53 0.0 
83901.95 0.53 0.0 
84035.99 0.40 0.0 
84044.91 0.55 0.0 
84171.65 0.46 0.0 
84035.99 0.37 0.0 
84377.51 0.38 0.0 
84648.51 0.77 0.0 
84650.38 0.59 0.0 
85264.73 0.43 0.0 
85298.28 0.33 0.0 
85535.99 0.34 0.0 
85593.49 0.63 0.0 
85943.85 0.62 0.0 
85739.74 0.87 0.0 
85902.19 0.65 0.0 
85902.21 0.50 0.0 
85943.81 0.57 0.0 
86115.71 0.54 0.0 
86327.31 0.47 0.0 
