6269.36 0.40 0.0 
6777.13 0.38 0.0 
6971.05 0.94 0.0 
7033.15 0.76 0.0 
6971.04 0.92 0.0 
6980.70 0.95 0.0 
7218.31 0.40 0.0 
7191.85 0.36 0.0 
7197.43 0.95 0.0 
7587.01 0.85 0.0 
7538.25 0.51 0.0 
7712.56 0.81 0.0 
7712.56 0.85 0.0 
7953.41 0.58 0.0 
7953.40 0.53 0.0 
8560.23 0.48 0.0 
8563.33 0.46 0.0 
8823.12 0.75 0.0 
8795.68 0.32 0.0 
8795.61 0.37 0.0 
9408.11 0.33 0.0 
9387.88 0.50 0.0 
9604.52 0.75 0.0 
9611.64 0.75 0.0 
9602.87 0.40 0.0 
9604.53 0.54 0.0 
9822.01 0.78 0.0 
9786.85 0.34 0.0 
9838.92 0.68 0.0 
9855.77 0.33 0.0 
9838.91 0.89 0.0 
9968.24 0.45 0.0 
10055.73 0.34 0.0 
10071.86 0.34 0.0 
10155.31 0.41 0.0 
10137.45 0.41 0.0 
10071.84 0.33 0.0 
10259.10 0.32 0.0 
10222.13 0.32 0.0 
10222.10 0.33 0.0 
10422.40 0.64 0.0 
10391.68 0.53 0.0 
10489.67 0.30 0.0 
10489.77 0.34 0.0 
10422.39 0.35 0.0 
10548.93 0.87 0.0 
10548.93 0.70 0.0 
10721.76 0.41 0.0 
10904.49 0.32 0.0 
10821.53 0.39 0.0 
11133.32 0.89 0.0 
11036.51 0.39 0.0 
11219.00 0.34 0.0 
11186.76 0.44 0.0 
11133.33 0.89 0.0 
11141.97 0.35 0.0 
11277.99 0.31 0.0 
11277.92 0.63 0.0 
11468.40 0.35 0.0 
11464.97 0.38 0.0 
11468.40 0.48 0.0 
11536.12 0.44 0.0 
11679.47 0.86 0.0 
11612.48 0.68 0.0 
11848.80 0.39 0.0 
11772.73 0.54 0.0 
11861.09 0.44 0.0 
11772.77 0.33 0.0 
11750.56 0.36 0.0 
11959.48 0.33 0.0 
11982.55 0.50 0.0 
12071.27 0.52 0.0 
12088.25 0.35 0.0 
11987.40 0.31 0.0 
12013.49 0.42 0.0 
12071.28 0.46 0.0 
12112.15 0.41 0.0 
12132.77 0.50 0.0 
12163.95 0.43 0.0 
12148.89 0.43 0.0 
12253.30 0.35 0.0 
12299.77 0.93 0.0 
12265.92 0.41 0.0 
12357.32 0.40 0.0 
12433.89 0.48 0.0 
12376.20 0.88 0.0 
12357.35 0.81 0.0 
12644.32 0.85 0.0 
12620.16 0.31 0.0 
12793.72 0.96 0.0 
12710.44 0.53 0.0 
12793.72 0.96 0.0 
12899.16 0.42 0.0 
12882.25 0.41 0.0 
13043.64 0.38 0.0 
12953.52 0.52 0.0 
12968.75 0.96 0.0 
12999.69 0.31 0.0 
12999.79 0.62 0.0 
12968.75 0.95 0.0 
12953.48 0.69 0.0 
13153.91 0.31 0.0 
13168.91 0.86 0.0 
13286.79 0.98 0.0 
13286.80 0.96 0.0 
13310.61 0.42 0.0 
13330.44 0.49 0.0 
13351.49 0.45 0.0 
13434.85 0.33 0.0 
13539.96 0.32 0.0 
13469.11 0.73 0.0 
13724.29 0.44 0.0 
14115.05 0.50 0.0 
14177.67 0.30 0.0 
14177.67 0.70 0.0 
14618.40 0.77 0.0 
14685.59 0.60 0.0 
14618.39 0.87 0.0 
14888.72 0.35 0.0 
15016.65 0.34 0.0 
15190.92 0.31 0.0 
15301.17 0.86 0.0 
15301.21 0.39 0.0 
15776.96 0.58 0.0 
15973.11 0.41 0.0 
16399.37 0.75 0.0 
17402.09 0.37 0.0 
17571.03 0.38 0.0 
18034.88 0.39 0.0 
18034.98 0.85 0.0 
18564.53 0.87 0.0 
19090.88 0.34 0.0 
19237.16 0.64 0.0 
19837.45 0.34 0.0 
19837.43 0.56 0.0 
20588.72 0.43 0.0 
20725.86 0.84 0.0 
20725.83 0.32 0.0 
20666.12 0.43 0.0 
20893.99 0.58 0.0 
21029.38 0.91 0.0 
21250.49 0.54 0.0 
21305.64 0.45 0.0 
21311.77 0.54 0.0 
21537.04 0.51 0.0 
21537.03 0.82 0.0 
21623.13 0.40 0.0 
21593.85 0.30 0.0 
21828.93 0.39 0.0 
22153.45 0.59 0.0 
22072.57 0.74 0.0 
22153.52 0.62 0.0 
22116.51 0.70 0.0 
22528.31 0.43 0.0 
22903.80 0.43 0.0 
23003.57 0.30 0.0 
23203.09 0.32 0.0 
23381.44 0.42 0.0 
23353.32 0.85 0.0 
23306.68 0.69 0.0 
23488.54 0.36 0.0 
24128.61 0.31 0.0 
24329.48 0.40 0.0 
24434.81 0.40 0.0 
24862.61 0.65 0.0 
25190.44 0.64 0.0 
25301.69 0.55 0.0 
25247.25 0.45 0.0 
25247.11 0.34 0.0 
25248.67 0.34 0.0 
25190.41 0.34 0.0 
25409.05 0.34 0.0 
25341.84 0.49 0.0 
26020.21 0.42 0.0 
26090.19 0.63 0.0 
26090.19 0.58 0.0 
26390.83 0.59 0.0 
26438.53 0.44 0.0 
26390.85 0.56 0.0 
26644.33 0.31 0.0 
27288.89 0.31 0.0 
27293.92 0.64 0.0 
27273.63 0.92 0.0 
27279.19 0.30 0.0 
27293.93 0.55 0.0 
27273.64 0.85 0.0 
27459.52 0.48 0.0 
27376.56 0.70 0.0 
27513.33 0.41 0.0 
27459.56 0.70 0.0 
27780.16 0.69 0.0 
27780.20 0.50 0.0 
27868.90 0.76 0.0 
28043.53 0.31 0.0 
28135.51 0.36 0.0 
28633.94 0.32 0.0 
28688.45 0.36 0.0 
28794.88 0.92 0.0 
29208.04 0.39 0.0 
29208.04 0.33 0.0 
29218.83 0.62 0.0 
29721.48 0.41 0.0 
29826.71 0.36 0.0 
29969.10 0.42 0.0 
29875.76 0.32 0.0 
30333.20 0.33 0.0 
30256.82 0.61 0.0 
30256.80 0.41 0.0 
30333.16 0.43 0.0 
30466.89 0.53 0.0 
30549.32 0.82 0.0 
30612.41 0.68 0.0 
30793.66 0.90 0.0 
30849.80 0.79 0.0 
30903.72 0.68 0.0 
30849.81 0.43 0.0 
31102.09 0.59 0.0 
31599.51 0.42 0.0 
31599.49 0.37 0.0 
31813.25 0.38 0.0 
31791.25 0.48 0.0 
32648.44 0.64 0.0 
32648.36 0.59 0.0 
32758.61 0.52 0.0 
32943.56 0.33 0.0 
32943.55 0.44 0.0 
32903.35 0.42 0.0 
32909.27 0.47 0.0 
33042.77 0.73 0.0 
33042.75 0.85 0.0 
32970.59 0.48 0.0 
33249.48 0.44 0.0 
33299.53 0.34 0.0 
33374.27 0.74 0.0 
33609.57 0.30 0.0 
33651.40 0.35 0.0 
33742.52 0.45 0.0 
33811.68 0.34 0.0 
34038.72 0.30 0.0 
34034.31 0.39 0.0 
34346.72 0.60 0.0 
34346.67 0.60 0.0 
34567.44 0.48 0.0 
34567.45 0.42 0.0 
34721.45 0.57 0.0 
34721.49 0.84 0.0 
34812.51 0.82 0.0 
34996.76 0.48 0.0 
34963.31 0.31 0.0 
35143.32 0.33 0.0 
35090.39 0.31 0.0 
35113.33 0.59 0.0 
35189.43 0.65 0.0 
35469.45 0.49 0.0 
35650.68 0.64 0.0 
35683.48 0.43 0.0 
35997.46 0.89 0.0 
37048.36 0.88 0.0 
37048.35 0.50 0.0 
37791.35 0.36 0.0 
38674.84 0.31 0.0 
38675.27 0.33 0.0 
39212.56 0.67 0.0 
39529.57 0.35 0.0 
40306.61 0.47 0.0 
40317.34 0.85 0.0 
40971.88 0.31 0.0 
40948.47 0.61 0.0 
41143.81 0.33 0.0 
43330.79 0.86 0.0 
43330.75 0.67 0.0 
43524.35 0.77 0.0 
43524.31 0.33 0.0 
43461.36 0.53 0.0 
43984.35 0.41 0.0 
43984.37 0.39 0.0 
46286.27 0.87 0.0 
47297.59 0.40 0.0 
47968.64 0.72 0.0 
47968.67 0.73 0.0 
47908.52 0.34 0.0 
51480.47 0.30 0.0 
52599.83 0.32 0.0 
53375.35 0.40 0.0 
54606.79 0.64 0.0 
54783.51 0.32 0.0 
54783.57 0.39 0.0 
65713.93 0.45 0.0 
65670.85 0.37 0.0 
65656.59 0.61 0.0 
65670.85 0.61 0.0 
65656.23 0.38 0.0 
67149.41 0.34 0.0 
67227.57 0.44 0.0 
72115.51 0.44 0.0 
72115.57 0.49 0.0 
81937.77 0.62 0.0 
81937.77 0.32 0.0 
83926.40 0.52 0.0 
84316.81 0.33 0.0 
84802.49 0.37 0.0 
84802.52 0.32 0.0 
84952.57 0.46 0.0 
85005.24 0.67 0.0 
85121.82 0.95 0.0 
85121.82 0.96 0.0 
85240.67 0.31 0.0 
85499.51 0.87 0.0 
85685.93 0.47 0.0 
85650.87 0.88 0.0 
85977.67 0.83 0.0 
86049.84 0.69 0.0 
86049.81 0.59 0.0 
