6043.43 0.31 0.0 
6855.75 0.30 0.0 
7006.91 0.54 0.0 
6975.00 0.51 0.0 
6982.73 0.46 0.0 
6983.75 0.38 0.0 
7246.55 0.43 0.0 
7194.07 0.32 0.0 
7311.59 0.34 0.0 
7365.47 0.37 0.0 
7311.60 0.47 0.0 
7486.79 0.31 0.0 
7772.00 0.44 0.0 
7713.29 0.48 0.0 
7841.51 0.30 0.0 
7771.95 0.49 0.0 
7954.17 0.51 0.0 
8563.37 0.36 0.0 
8563.38 0.39 0.0 
8823.74 0.45 0.0 
8823.79 0.37 0.0 
9390.86 0.57 0.0 
9607.12 0.44 0.0 
9839.40 0.66 0.0 
9839.39 0.46 0.0 
10057.28 0.61 0.0 
10156.21 0.40 0.0 
10156.29 0.60 0.0 
10137.63 0.31 0.0 
10149.19 0.30 0.0 
10113.61 0.48 0.0 
10124.19 0.37 0.0 
10309.25 0.39 0.0 
10393.77 0.33 0.0 
10314.17 0.36 0.0 
10492.77 0.35 0.0 
10492.77 0.45 0.0 
10549.92 0.74 0.0 
10560.69 0.56 0.0 
10560.73 0.66 0.0 
10549.93 0.60 0.0 
10742.49 0.54 0.0 
10749.55 0.31 0.0 
10742.51 0.30 0.0 
10723.57 0.41 0.0 
10815.86 0.76 0.0 
10826.57 0.42 0.0 
11021.73 0.42 0.0 
11058.20 0.62 0.0 
11040.53 0.43 0.0 
11058.21 0.30 0.0 
11032.65 0.66 0.0 
11039.05 0.67 0.0 
11194.71 0.47 0.0 
11194.75 0.32 0.0 
11465.02 0.65 0.0 
11469.07 0.36 0.0 
11481.55 0.32 0.0 
11458.03 0.31 0.0 
11614.89 0.52 0.0 
11842.50 0.34 0.0 
11773.32 0.82 0.0 
11863.95 0.46 0.0 
11773.33 0.58 0.0 
11787.39 0.70 0.0 
11733.21 0.67 0.0 
11955.65 0.36 0.0 
11960.09 0.34 0.0 
11869.85 0.38 0.0 
12071.83 0.35 0.0 
12007.81 0.50 0.0 
12116.18 0.56 0.0 
12163.99 0.37 0.0 
12137.15 0.48 0.0 
12137.19 0.31 0.0 
12145.75 0.47 0.0 
12116.17 0.66 0.0 
12301.72 0.76 0.0 
12301.70 0.77 0.0 
12359.23 0.59 0.0 
12376.76 0.73 0.0 
12359.24 0.88 0.0 
12551.37 0.35 0.0 
12539.23 0.31 0.0 
12551.35 0.37 0.0 
12539.21 0.63 0.0 
12485.91 0.33 0.0 
12640.05 0.57 0.0 
12796.61 0.73 0.0 
12713.28 0.41 0.0 
12796.61 0.74 0.0 
12867.39 0.32 0.0 
13021.53 0.50 0.0 
13046.01 0.32 0.0 
12947.99 0.31 0.0 
12953.63 0.35 0.0 
12963.11 0.32 0.0 
12969.39 0.88 0.0 
12999.77 0.31 0.0 
13007.65 0.37 0.0 
13000.96 0.30 0.0 
12969.40 0.89 0.0 
13287.50 0.56 0.0 
13217.73 0.51 0.0 
13226.01 0.72 0.0 
13226.02 0.60 0.0 
13306.69 0.52 0.0 
13311.53 0.34 0.0 
13440.08 0.45 0.0 
13469.19 0.36 0.0 
13544.67 0.31 0.0 
14177.73 0.55 0.0 
14619.87 0.31 0.0 
14620.03 0.36 0.0 
15024.53 0.73 0.0 
15024.55 0.42 0.0 
15305.82 0.77 0.0 
15305.87 0.42 0.0 
15751.33 0.37 0.0 
17238.35 0.48 0.0 
17251.25 0.79 0.0 
17251.29 0.78 0.0 
17971.04 0.68 0.0 
18564.53 0.59 0.0 
19170.95 0.44 0.0 
21252.93 0.38 0.0 
21308.46 0.51 0.0 
21257.73 0.47 0.0 
22142.66 0.61 0.0 
22079.23 0.35 0.0 
22181.69 0.33 0.0 
22188.03 0.34 0.0 
22887.75 0.31 0.0 
22830.94 0.46 0.0 
23110.29 0.34 0.0 
23223.61 0.31 0.0 
24493.31 0.36 0.0 
25007.09 0.35 0.0 
25109.87 0.31 0.0 
25248.77 0.47 0.0 
25307.37 0.33 0.0 
25337.09 0.43 0.0 
25860.91 0.43 0.0 
26141.41 0.53 0.0 
26091.34 0.43 0.0 
26091.44 0.39 0.0 
26417.09 0.46 0.0 
27296.29 0.46 0.0 
27274.45 0.59 0.0 
27296.31 0.39 0.0 
27274.45 0.54 0.0 
27390.51 0.40 0.0 
27379.72 0.56 0.0 
27379.78 0.44 0.0 
27514.49 0.53 0.0 
27497.05 0.39 0.0 
27497.05 0.39 0.0 
27461.12 0.31 0.0 
27476.99 0.32 0.0 
27719.64 0.39 0.0 
27940.95 0.46 0.0 
27879.21 0.59 0.0 
27863.29 0.55 0.0 
27879.20 0.55 0.0 
27863.30 0.52 0.0 
27956.65 0.45 0.0 
27934.49 0.39 0.0 
27940.95 0.53 0.0 
27956.65 0.31 0.0 
28135.57 0.32 0.0 
28108.59 0.36 0.0 
28669.09 0.49 0.0 
28689.89 0.55 0.0 
28772.69 0.50 0.0 
28689.93 0.42 0.0 
29209.63 0.34 0.0 
29311.53 0.57 0.0 
29389.33 0.33 0.0 
29826.81 0.58 0.0 
29836.04 0.42 0.0 
30034.18 0.62 0.0 
30256.89 0.39 0.0 
30841.88 0.59 0.0 
30915.45 0.36 0.0 
30908.02 0.60 0.0 
30841.89 0.62 0.0 
30854.83 0.55 0.0 
31041.36 0.54 0.0 
31041.49 0.55 0.0 
31600.37 0.36 0.0 
31611.35 0.35 0.0 
31600.37 0.41 0.0 
31923.31 0.37 0.0 
32271.27 0.43 0.0 
32300.45 0.40 0.0 
32300.43 0.37 0.0 
32542.77 0.44 0.0 
32542.75 0.36 0.0 
32519.67 0.35 0.0 
32653.79 0.38 0.0 
32948.55 0.31 0.0 
32909.31 0.46 0.0 
32905.54 0.64 0.0 
32850.67 0.34 0.0 
33045.37 0.58 0.0 
32971.63 0.30 0.0 
33814.71 0.39 0.0 
34694.77 0.36 0.0 
34813.43 0.37 0.0 
34997.66 0.42 0.0 
35651.49 0.62 0.0 
35775.57 0.47 0.0 
35997.47 0.77 0.0 
37791.44 0.73 0.0 
37849.59 0.31 0.0 
39212.60 0.59 0.0 
40317.32 0.73 0.0 
41507.73 0.44 0.0 
46286.35 0.70 0.0 
48361.45 0.45 0.0 
48925.37 0.31 0.0 
51755.38 0.76 0.0 
51755.40 0.81 0.0 
52211.21 0.30 0.0 
53375.45 0.67 0.0 
65672.81 0.58 0.0 
65672.80 0.68 0.0 
65656.67 0.74 0.0 
79009.43 0.31 0.0 
83325.73 0.70 0.0 
83926.43 0.34 0.0 
85005.68 0.68 0.0 
85005.65 0.37 0.0 
85122.42 0.49 0.0 
85122.36 0.51 0.0 
85495.85 0.34 0.0 
85688.47 0.40 0.0 
85651.85 0.65 0.0 
86285.61 0.64 0.0 
