773.00 0.71 0.0 
773.00 0.82 0.0 
1513.28 0.36 0.0 
4503.77 0.47 0.0 
4503.69 0.46 0.0 
5134.59 0.33 0.0 
5134.59 0.48 0.0 
6052.12 0.40 0.0 
6340.13 0.49 0.0 
7018.71 0.36 0.0 
7454.53 0.49 0.0 
10044.17 0.32 0.0 
10044.19 0.66 0.0 
10049.13 0.44 0.0 
13648.80 0.34 0.0 
14548.25 0.40 0.0 
14967.94 0.46 0.0 
15751.89 0.47 0.0 
15809.45 0.37 0.0 
16947.52 0.45 0.0 
23847.13 0.45 0.0 
27690.44 0.32 0.0 
27925.83 0.88 0.0 
28077.41 0.33 0.0 
28077.45 0.60 0.0 
29103.41 0.32 0.0 
29564.01 0.35 0.0 
31854.61 0.33 0.0 
31918.17 0.33 0.0 
33833.55 0.36 0.0 
34372.53 0.34 0.0 
34372.53 0.40 0.0 
35319.09 0.51 0.0 
35318.99 0.40 0.0 
36342.77 0.34 0.0 
37117.65 0.38 0.0 
38133.68 0.35 0.0 
38339.23 0.95 0.0 
38339.25 0.96 0.0 
38819.32 0.56 0.0 
38998.96 0.31 0.0 
38998.97 0.44 0.0 
38963.76 0.87 0.0 
38963.75 0.97 0.0 
40825.85 0.32 0.0 
41594.49 0.37 0.0 
42763.07 0.65 0.0 
46513.97 0.43 0.0 
47541.56 0.41 0.0 
47514.81 0.33 0.0 
49484.48 0.41 0.0 
49484.47 0.36 0.0 
50546.76 0.41 0.0 
52904.55 0.41 0.0 
53304.73 0.38 0.0 
54808.64 0.68 0.0 
55369.61 0.38 0.0 
56758.09 0.30 0.0 
57432.43 0.32 0.0 
57922.25 0.31 0.0 
58079.89 0.53 0.0 
58488.89 0.40 0.0 
62056.97 0.39 0.0 
61972.97 0.54 0.0 
65364.75 0.33 0.0 
65499.59 0.41 0.0 
65674.44 0.82 0.0 
65674.44 0.37 0.0 
65690.12 0.33 0.0 
66051.09 0.37 0.0 
66051.13 0.58 0.0 
66718.41 0.45 0.0 
67152.29 0.49 0.0 
67271.41 0.67 0.0 
70218.33 0.45 0.0 
74262.85 0.41 0.0 
74500.05 0.36 0.0 
76748.29 0.31 0.0 
77613.65 0.68 0.0 
77613.59 0.63 0.0 
79061.29 0.33 0.0 
79783.73 0.40 0.0 
81726.68 0.69 0.0 
82042.72 0.55 0.0 
84858.47 0.33 0.0 
85949.39 0.30 0.0 
86148.65 0.47 0.0 
