28.68 0.56 0.0 
1859.12 0.47 0.0 
2624.28 0.31 0.0 
2720.60 0.30 0.0 
3655.69 0.37 0.0 
4374.68 0.46 0.0 
5546.08 0.32 0.0 
5546.12 0.34 0.0 
5833.48 0.38 0.0 
6280.49 0.31 0.0 
6568.77 0.33 0.0 
9404.33 0.64 0.0 
10950.31 0.31 0.0 
11452.34 0.63 0.0 
11452.31 0.59 0.0 
11393.69 0.40 0.0 
11393.72 0.58 0.0 
11831.04 0.48 0.0 
11802.41 0.42 0.0 
12265.17 0.38 0.0 
13160.76 0.60 0.0 
13841.77 0.35 0.0 
13932.45 0.65 0.0 
16601.27 0.33 0.0 
16574.00 0.57 0.0 
16766.92 0.45 0.0 
17729.01 0.41 0.0 
17772.21 0.58 0.0 
18130.56 0.58 0.0 
19962.91 0.60 0.0 
21103.97 0.48 0.0 
23692.20 0.40 0.0 
24082.12 0.93 0.0 
24082.13 0.81 0.0 
27252.41 0.69 0.0 
29996.93 0.32 0.0 
30220.35 0.36 0.0 
32454.11 0.40 0.0 
33893.93 0.54 0.0 
34812.65 0.52 0.0 
35338.93 0.57 0.0 
43933.16 0.50 0.0 
56682.17 0.62 0.0 
59068.28 0.52 0.0 
65675.24 0.97 0.0 
65675.23 0.97 0.0 
84026.08 0.38 0.0 
