11462.21 0.45 0.0 
11451.44 0.64 0.0 
11451.44 0.80 0.0 
12216.19 0.35 0.0 
14221.38 0.56 0.0 
14559.25 0.53 0.0 
14543.36 0.49 0.0 
14559.24 0.51 0.0 
14543.37 0.51 0.0 
15393.71 0.51 0.0 
16500.87 0.42 0.0 
24302.03 0.34 0.0 
24548.00 0.38 0.0 
24477.19 0.51 0.0 
25758.23 0.37 0.0 
27835.41 0.37 0.0 
27835.37 0.40 0.0 
31598.55 0.62 0.0 
32895.79 0.77 0.0 
32895.81 0.84 0.0 
33270.91 0.46 0.0 
35547.79 0.31 0.0 
38274.31 0.42 0.0 
38755.09 0.37 0.0 
38755.11 0.66 0.0 
43234.13 0.42 0.0 
43375.83 0.62 0.0 
43377.75 0.41 0.0 
43361.86 0.36 0.0 
49206.03 0.33 0.0 
52450.72 0.83 0.0 
52450.72 0.88 0.0 
55390.50 0.92 0.0 
55390.52 0.91 0.0 
64024.52 0.91 0.0 
64032.95 0.51 0.0 
64024.52 0.92 0.0 
64945.54 0.93 0.0 
64945.54 0.93 0.0 
65657.96 0.95 0.0 
65657.96 0.92 0.0 
66136.05 0.37 0.0 
68181.00 0.92 0.0 
68181.00 0.92 0.0 
69728.19 0.64 0.0 
69728.18 0.30 0.0 
71545.56 0.83 0.0 
71545.56 0.72 0.0 
