7804.83 0.44 0.0 
10960.95 0.38 0.0 
11464.81 0.56 0.0 
11464.83 0.33 0.0 
12555.57 0.47 0.0 
12692.44 0.77 0.0 
12678.43 0.30 0.0 
12692.44 0.79 0.0 
13219.80 0.75 0.0 
13219.79 0.65 0.0 
13422.45 0.72 0.0 
13436.57 0.55 0.0 
13436.61 0.31 0.0 
13422.44 0.77 0.0 
14754.52 0.46 0.0 
14722.53 0.82 0.0 
14706.48 0.66 0.0 
14722.52 0.82 0.0 
14706.47 0.50 0.0 
17237.69 0.41 0.0 
19241.52 0.77 0.0 
19241.54 0.74 0.0 
19892.22 0.62 0.0 
19805.84 0.32 0.0 
25193.89 0.57 0.0 
25193.84 0.50 0.0 
25471.61 0.43 0.0 
27956.01 0.33 0.0 
27960.48 0.47 0.0 
28763.43 0.32 0.0 
29081.20 0.53 0.0 
29081.19 0.52 0.0 
33889.26 0.80 0.0 
33889.28 0.75 0.0 
34051.45 0.46 0.0 
34264.64 0.52 0.0 
35221.04 0.45 0.0 
41486.60 0.32 0.0 
46665.73 0.40 0.0 
48033.64 0.54 0.0 
65710.42 0.70 0.0 
65686.61 0.69 0.0 
65710.43 0.40 0.0 
65686.64 0.73 0.0 
