938.59 0.63 0.0 
1126.05 0.72 0.0 
1435.26 0.35 0.0 
1817.49 0.55 0.0 
2012.01 0.31 0.0 
2443.12 0.52 0.0 
2883.11 0.78 0.0 
2883.11 0.77 0.0 
3271.47 0.36 0.0 
3551.39 0.31 0.0 
3935.31 0.31 0.0 
3935.37 0.41 0.0 
4404.68 0.78 0.0 
4404.70 0.36 0.0 
4560.97 0.48 0.0 
4564.81 0.43 0.0 
4591.04 0.48 0.0 
4564.83 0.49 0.0 
4530.56 0.87 0.0 
4530.55 0.77 0.0 
4470.91 0.40 0.0 
4620.68 0.73 0.0 
4656.03 0.30 0.0 
4620.69 0.77 0.0 
4591.06 0.81 0.0 
4764.60 0.92 0.0 
4764.60 0.85 0.0 
5893.91 0.72 0.0 
5965.44 0.48 0.0 
5965.47 0.46 0.0 
6462.80 0.75 0.0 
6804.57 0.34 0.0 
6942.59 0.48 0.0 
6942.56 0.71 0.0 
7426.99 0.60 0.0 
7932.55 0.51 0.0 
8163.59 0.38 0.0 
8202.87 0.62 0.0 
8163.59 0.50 0.0 
8202.87 0.56 0.0 
10398.03 0.43 0.0 
11465.07 0.46 0.0 
11465.05 0.48 0.0 
12388.03 0.30 0.0 
12484.75 0.50 0.0 
12885.95 0.49 0.0 
13265.17 0.32 0.0 
14083.96 0.39 0.0 
14266.26 0.64 0.0 
14246.79 0.31 0.0 
14246.83 0.32 0.0 
14807.39 0.53 0.0 
15687.07 0.33 0.0 
16082.43 0.37 0.0 
16444.31 0.33 0.0 
16795.73 0.30 0.0 
17252.06 0.65 0.0 
17866.71 0.34 0.0 
18332.13 0.56 0.0 
18600.72 0.77 0.0 
19114.85 0.35 0.0 
19291.49 0.80 0.0 
19291.51 0.77 0.0 
19440.67 0.37 0.0 
19954.71 0.33 0.0 
19954.68 0.60 0.0 
20412.69 0.30 0.0 
20412.70 0.69 0.0 
20597.07 0.61 0.0 
23220.79 0.70 0.0 
23568.59 0.42 0.0 
23660.88 0.31 0.0 
25022.72 0.32 0.0 
25658.49 0.31 0.0 
25935.97 0.68 0.0 
25880.09 0.49 0.0 
25880.07 0.34 0.0 
26326.54 0.41 0.0 
26329.73 0.31 0.0 
26329.75 0.38 0.0 
26505.15 0.51 0.0 
27100.35 0.58 0.0 
27691.39 0.36 0.0 
27970.63 0.41 0.0 
27970.56 0.41 0.0 
28439.51 0.31 0.0 
28950.51 0.47 0.0 
29108.63 0.50 0.0 
29101.23 0.32 0.0 
29108.58 0.65 0.0 
29322.69 0.41 0.0 
29229.99 0.50 0.0 
30284.91 0.36 0.0 
30211.93 0.38 0.0 
30153.03 0.31 0.0 
30311.11 0.85 0.0 
30315.39 0.34 0.0 
30522.17 0.54 0.0 
30439.48 0.54 0.0 
30391.85 0.34 0.0 
30583.87 0.46 0.0 
30522.19 0.80 0.0 
30639.81 0.44 0.0 
30779.19 0.39 0.0 
30873.71 0.53 0.0 
31562.37 0.49 0.0 
31787.11 0.31 0.0 
31921.11 0.82 0.0 
31921.07 0.31 0.0 
33305.19 0.31 0.0 
33583.57 0.31 0.0 
34019.65 0.58 0.0 
34774.11 0.32 0.0 
34968.40 0.30 0.0 
35135.29 0.32 0.0 
35402.09 0.48 0.0 
35614.39 0.31 0.0 
35551.64 0.64 0.0 
36632.79 0.33 0.0 
36540.53 0.42 0.0 
36632.83 0.33 0.0 
37100.91 0.41 0.0 
37204.63 0.36 0.0 
37565.83 0.35 0.0 
37501.79 0.45 0.0 
37972.65 0.43 0.0 
38194.47 0.36 0.0 
38285.19 0.49 0.0 
38251.03 0.39 0.0 
38194.45 0.49 0.0 
38821.43 0.64 0.0 
39156.31 0.61 0.0 
39862.67 0.40 0.0 
40293.32 0.73 0.0 
40293.33 0.62 0.0 
41470.15 0.50 0.0 
41474.93 0.34 0.0 
41740.35 0.38 0.0 
42121.12 0.78 0.0 
42971.27 0.33 0.0 
43602.89 0.54 0.0 
43893.72 0.56 0.0 
44310.51 0.67 0.0 
44898.39 0.33 0.0 
44833.91 0.33 0.0 
45047.96 0.40 0.0 
45055.85 0.53 0.0 
45180.87 0.43 0.0 
45177.18 0.59 0.0 
45466.29 0.61 0.0 
45466.29 0.43 0.0 
45595.37 0.52 0.0 
45582.20 0.56 0.0 
45595.34 0.71 0.0 
45582.20 0.60 0.0 
45721.00 0.44 0.0 
45748.55 0.34 0.0 
45762.59 0.37 0.0 
45762.52 0.34 0.0 
45901.34 0.43 0.0 
45892.33 0.37 0.0 
46087.63 0.38 0.0 
46057.41 0.47 0.0 
46726.57 0.47 0.0 
47374.23 0.41 0.0 
47374.27 0.42 0.0 
48044.76 0.36 0.0 
48943.52 0.50 0.0 
49831.99 0.33 0.0 
50208.93 0.39 0.0 
50208.92 0.30 0.0 
50325.72 0.90 0.0 
51193.67 0.42 0.0 
51628.23 0.40 0.0 
52876.41 0.52 0.0 
53334.57 0.60 0.0 
53741.07 0.35 0.0 
53988.37 0.33 0.0 
54838.60 0.44 0.0 
55020.71 0.34 0.0 
55025.67 0.57 0.0 
55365.93 0.79 0.0 
55759.83 0.34 0.0 
56099.97 0.74 0.0 
56651.84 0.48 0.0 
56912.76 0.40 0.0 
57166.51 0.35 0.0 
57200.64 0.58 0.0 
57200.60 0.57 0.0 
57769.29 0.52 0.0 
58110.78 0.90 0.0 
58635.90 0.48 0.0 
59934.47 0.34 0.0 
60136.47 0.49 0.0 
60690.19 0.34 0.0 
60849.92 0.43 0.0 
61106.07 0.53 0.0 
61106.08 0.83 0.0 
64183.85 0.45 0.0 
64651.79 0.36 0.0 
64828.71 0.32 0.0 
64710.72 0.77 0.0 
65176.73 0.31 0.0 
65697.62 0.56 0.0 
65697.64 0.46 0.0 
66736.30 0.51 0.0 
66842.73 0.43 0.0 
66842.71 0.40 0.0 
67080.84 0.85 0.0 
67830.89 0.33 0.0 
68987.59 0.39 0.0 
71491.43 0.64 0.0 
74872.91 0.47 0.0 
76935.62 0.93 0.0 
76878.63 0.38 0.0 
76878.67 0.50 0.0 
78344.59 0.36 0.0 
79296.23 0.52 0.0 
79296.23 0.49 0.0 
79561.84 0.55 0.0 
79911.45 0.36 0.0 
80360.15 0.46 0.0 
82377.03 0.34 0.0 
82377.07 0.45 0.0 
82950.35 0.34 0.0 
84519.39 0.35 0.0 
84533.09 0.39 0.0 
84513.79 0.64 0.0 
84519.41 0.35 0.0 
84808.89 0.48 0.0 
84955.79 0.39 0.0 
