58.36 0.39 0.0 
727.15 0.38 0.0 
1302.88 0.40 0.0 
4544.29 0.31 0.0 
5274.35 0.47 0.0 
6431.29 0.71 0.0 
6793.15 0.35 0.0 
7420.00 0.84 0.0 
7694.51 0.52 0.0 
8427.28 0.50 0.0 
8427.28 0.50 0.0 
9268.19 0.45 0.0 
9658.81 0.65 0.0 
9883.99 0.50 0.0 
10064.03 0.33 0.0 
10182.68 0.76 0.0 
10809.59 0.33 0.0 
11471.85 0.71 0.0 
11411.43 0.66 0.0 
11471.89 0.55 0.0 
11478.01 0.58 0.0 
11788.15 0.45 0.0 
12419.07 0.73 0.0 
12899.84 0.45 0.0 
12943.97 0.39 0.0 
13962.85 0.31 0.0 
13892.57 0.66 0.0 
14264.51 0.38 0.0 
14559.90 0.73 0.0 
14559.92 0.68 0.0 
14633.91 0.64 0.0 
14633.85 0.38 0.0 
15324.64 0.37 0.0 
16305.64 0.38 0.0 
16692.71 0.41 0.0 
16799.49 0.54 0.0 
17265.36 0.75 0.0 
17572.95 0.44 0.0 
17870.65 0.34 0.0 
20126.92 0.72 0.0 
20265.43 0.33 0.0 
20546.48 0.32 0.0 
20546.48 0.78 0.0 
21870.89 0.33 0.0 
22278.89 0.44 0.0 
22289.51 0.42 0.0 
23777.37 0.36 0.0 
24239.31 0.47 0.0 
24448.00 0.35 0.0 
24502.84 0.41 0.0 
24448.04 0.85 0.0 
25018.83 0.64 0.0 
25361.49 0.30 0.0 
26190.72 0.57 0.0 
27284.12 0.44 0.0 
27865.64 0.81 0.0 
27865.64 0.81 0.0 
27973.91 0.36 0.0 
27974.07 0.46 0.0 
28620.69 0.34 0.0 
29714.51 0.45 0.0 
30584.51 0.59 0.0 
30899.13 0.42 0.0 
31840.81 0.63 0.0 
32076.92 0.41 0.0 
32746.19 0.32 0.0 
33659.37 0.39 0.0 
33790.27 0.39 0.0 
34446.99 0.43 0.0 
34560.59 0.33 0.0 
34882.85 0.35 0.0 
34882.87 0.34 0.0 
35248.27 0.71 0.0 
35427.27 0.62 0.0 
35954.51 0.58 0.0 
36208.83 0.44 0.0 
37750.76 0.48 0.0 
37784.42 0.65 0.0 
37949.29 0.49 0.0 
38607.27 0.50 0.0 
39427.91 0.41 0.0 
39374.92 0.36 0.0 
43362.13 0.54 0.0 
44784.52 0.37 0.0 
44897.73 0.36 0.0 
45179.51 0.31 0.0 
48221.67 0.31 0.0 
48821.83 0.49 0.0 
51258.27 0.51 0.0 
51517.79 0.31 0.0 
51767.35 0.96 0.0 
51767.35 0.73 0.0 
51866.13 0.68 0.0 
51866.15 0.97 0.0 
51801.00 0.88 0.0 
52948.95 0.30 0.0 
54148.97 0.39 0.0 
54122.95 0.32 0.0 
54089.32 0.38 0.0 
54431.75 0.61 0.0 
54373.51 0.37 0.0 
56382.89 0.72 0.0 
57583.63 0.31 0.0 
57854.51 0.53 0.0 
58273.97 0.57 0.0 
59097.87 0.38 0.0 
60144.87 0.34 0.0 
60224.27 0.32 0.0 
60831.52 0.40 0.0 
60831.56 0.64 0.0 
62503.09 0.58 0.0 
62518.99 0.45 0.0 
62773.67 0.34 0.0 
65699.50 0.91 0.0 
65699.52 0.89 0.0 
65701.06 0.45 0.0 
67409.54 0.32 0.0 
69847.91 0.34 0.0 
73648.07 0.34 0.0 
76154.51 0.30 0.0 
76093.75 0.31 0.0 
77234.48 0.34 0.0 
77204.03 0.53 0.0 
77170.93 0.37 0.0 
77344.21 0.33 0.0 
79825.43 0.36 0.0 
83683.15 0.66 0.0 
84944.56 0.58 0.0 
85109.09 0.38 0.0 
85168.59 0.45 0.0 
