400.58 0.69 0.0 
400.58 0.72 0.0 
574.32 0.42 0.0 
574.33 0.42 0.0 
936.36 0.90 0.0 
936.39 0.61 0.0 
1107.96 0.84 0.0 
1182.52 0.41 0.0 
1456.60 0.46 0.0 
1435.12 0.53 0.0 
1957.32 0.54 0.0 
1957.32 0.51 0.0 
2247.00 0.54 0.0 
2247.01 0.79 0.0 
2442.84 0.90 0.0 
2442.85 0.65 0.0 
2578.55 0.47 0.0 
2961.05 0.58 0.0 
2961.04 0.68 0.0 
3233.13 0.34 0.0 
3453.53 0.33 0.0 
3548.71 0.76 0.0 
3548.72 0.70 0.0 
3935.12 0.76 0.0 
3935.08 0.92 0.0 
4453.90 0.40 0.0 
4453.88 0.95 0.0 
4404.62 0.38 0.0 
4564.84 0.42 0.0 
4552.73 0.52 0.0 
4560.88 0.35 0.0 
4552.74 0.66 0.0 
4529.03 0.44 0.0 
4617.75 0.92 0.0 
4692.15 0.40 0.0 
4655.33 0.50 0.0 
4764.08 0.59 0.0 
4783.24 0.35 0.0 
4764.04 0.35 0.0 
4987.80 0.63 0.0 
4987.80 0.63 0.0 
5474.27 0.94 0.0 
5893.84 0.95 0.0 
5845.24 0.79 0.0 
5965.24 0.86 0.0 
5965.23 0.94 0.0 
6313.21 0.56 0.0 
6465.89 0.33 0.0 
6462.46 0.89 0.0 
6661.35 0.57 0.0 
6804.52 0.58 0.0 
6804.45 0.63 0.0 
6942.17 0.56 0.0 
6942.13 0.76 0.0 
6896.15 0.72 0.0 
7426.76 0.81 0.0 
7426.73 0.78 0.0 
7932.32 0.60 0.0 
7932.30 0.81 0.0 
8200.61 0.65 0.0 
8163.16 0.43 0.0 
8144.57 0.42 0.0 
8200.56 0.72 0.0 
8401.24 0.83 0.0 
8401.24 0.70 0.0 
8852.61 0.31 0.0 
9266.09 0.33 0.0 
9285.12 0.43 0.0 
9284.90 0.46 0.0 
9728.93 0.86 0.0 
9728.93 0.76 0.0 
9941.17 0.42 0.0 
10189.53 0.42 0.0 
10394.79 0.69 0.0 
10406.81 0.62 0.0 
11072.18 0.48 0.0 
11471.88 0.53 0.0 
11563.31 0.86 0.0 
11499.14 0.81 0.0 
11499.17 0.71 0.0 
11830.67 0.38 0.0 
11942.68 0.81 0.0 
12387.67 0.87 0.0 
12387.69 0.72 0.0 
12826.35 0.94 0.0 
12826.35 0.92 0.0 
13265.05 0.71 0.0 
13265.01 0.39 0.0 
13676.73 0.58 0.0 
13676.73 0.86 0.0 
13619.37 0.79 0.0 
13929.05 0.42 0.0 
14083.67 0.94 0.0 
14083.68 0.83 0.0 
14232.99 0.70 0.0 
14244.09 0.62 0.0 
14244.07 0.66 0.0 
14369.53 0.31 0.0 
14501.84 0.49 0.0 
14501.84 0.63 0.0 
14941.98 0.32 0.0 
14941.95 0.64 0.0 
15164.68 0.42 0.0 
15383.04 0.85 0.0 
15383.05 0.63 0.0 
15810.99 0.36 0.0 
15811.01 0.49 0.0 
15870.09 0.74 0.0 
16081.33 0.36 0.0 
16094.17 0.42 0.0 
16094.11 0.69 0.0 
16258.38 0.74 0.0 
16687.80 0.61 0.0 
16634.53 0.32 0.0 
16687.80 0.62 0.0 
17274.45 0.34 0.0 
17443.94 0.81 0.0 
17564.53 0.35 0.0 
17757.69 0.32 0.0 
17757.77 0.31 0.0 
18019.73 0.52 0.0 
18019.71 0.50 0.0 
18058.91 0.60 0.0 
18058.92 0.93 0.0 
18312.69 0.34 0.0 
18542.56 0.58 0.0 
19005.03 0.44 0.0 
19124.44 0.42 0.0 
19290.03 0.38 0.0 
19471.66 0.51 0.0 
19954.23 0.55 0.0 
20412.45 0.46 0.0 
20412.41 0.65 0.0 
20871.14 0.62 0.0 
21320.04 0.85 0.0 
21320.04 0.90 0.0 
21803.61 0.65 0.0 
21803.60 0.78 0.0 
22256.44 0.82 0.0 
22256.43 0.85 0.0 
22702.93 0.64 0.0 
23162.11 0.84 0.0 
23162.13 0.48 0.0 
23603.65 0.88 0.0 
24104.40 0.71 0.0 
24044.80 0.86 0.0 
24197.71 0.51 0.0 
24501.48 0.79 0.0 
24501.49 0.93 0.0 
24965.56 0.44 0.0 
25385.69 0.34 0.0 
25385.67 0.58 0.0 
25512.92 0.55 0.0 
25880.03 0.40 0.0 
26282.49 0.74 0.0 
26282.49 0.61 0.0 
26326.51 0.44 0.0 
26326.47 0.71 0.0 
26718.22 0.52 0.0 
27148.09 0.70 0.0 
27097.81 0.43 0.0 
27591.66 0.80 0.0 
27591.68 0.48 0.0 
27966.51 0.39 0.0 
27949.12 0.35 0.0 
27966.51 0.40 0.0 
28021.51 0.76 0.0 
28021.50 0.90 0.0 
28213.71 0.62 0.0 
28466.52 0.76 0.0 
28466.52 0.59 0.0 
28559.51 0.36 0.0 
28888.12 0.43 0.0 
28888.08 0.96 0.0 
29106.41 0.54 0.0 
29100.21 0.48 0.0 
29106.40 0.60 0.0 
29229.04 0.41 0.0 
29322.34 0.90 0.0 
29261.84 0.39 0.0 
29322.34 0.77 0.0 
29741.48 0.88 0.0 
29741.47 0.95 0.0 
30152.26 0.88 0.0 
30152.27 0.89 0.0 
30302.33 0.54 0.0 
30310.49 0.54 0.0 
30302.36 0.64 0.0 
30430.09 0.38 0.0 
30438.57 0.32 0.0 
30622.01 0.32 0.0 
30583.59 0.85 0.0 
30583.59 0.93 0.0 
30520.28 0.77 0.0 
31010.56 0.51 0.0 
31010.53 0.77 0.0 
31432.61 0.31 0.0 
31863.45 0.53 0.0 
31921.02 0.34 0.0 
31863.44 0.81 0.0 
31986.35 0.64 0.0 
32064.25 0.39 0.0 
32288.90 0.83 0.0 
32288.90 0.91 0.0 
32429.01 0.44 0.0 
32413.88 0.36 0.0 
32447.61 0.49 0.0 
32727.12 0.45 0.0 
32727.12 0.38 0.0 
32984.41 0.39 0.0 
33164.60 0.64 0.0 
33164.73 0.55 0.0 
33311.12 0.85 0.0 
33311.09 0.58 0.0 
33624.97 0.60 0.0 
33624.93 0.48 0.0 
33613.13 0.55 0.0 
34088.48 0.82 0.0 
34017.67 0.69 0.0 
34088.55 0.40 0.0 
34017.65 0.57 0.0 
34546.69 0.51 0.0 
34811.45 0.31 0.0 
34823.13 0.32 0.0 
34828.72 0.69 0.0 
34767.84 0.36 0.0 
34767.83 0.49 0.0 
34902.41 0.33 0.0 
35002.00 0.37 0.0 
35001.96 0.36 0.0 
35143.47 0.56 0.0 
35683.12 0.34 0.0 
35934.41 0.84 0.0 
36116.19 0.31 0.0 
36223.53 0.70 0.0 
36223.55 0.80 0.0 
36408.79 0.30 0.0 
36408.77 0.35 0.0 
36864.07 0.34 0.0 
36972.61 0.38 0.0 
36871.33 0.58 0.0 
37096.37 0.42 0.0 
37096.37 0.37 0.0 
37543.95 0.62 0.0 
37498.57 0.37 0.0 
38193.33 0.30 0.0 
38193.36 0.35 0.0 
38759.88 0.64 0.0 
39624.71 0.38 0.0 
39745.60 0.62 0.0 
39695.30 0.61 0.0 
39858.92 0.49 0.0 
39896.65 0.38 0.0 
40337.53 0.78 0.0 
40331.69 0.89 0.0 
40290.88 0.78 0.0 
40316.49 0.45 0.0 
40290.92 0.54 0.0 
40528.37 0.33 0.0 
40724.49 0.64 0.0 
40664.41 0.95 0.0 
40735.16 0.42 0.0 
41084.01 0.43 0.0 
41145.67 0.39 0.0 
41145.61 0.49 0.0 
41205.13 0.38 0.0 
41354.52 0.91 0.0 
41438.04 0.35 0.0 
41603.78 0.41 0.0 
41603.80 0.77 0.0 
41739.67 0.86 0.0 
41739.68 0.82 0.0 
41695.08 0.35 0.0 
42041.43 0.33 0.0 
42149.01 0.34 0.0 
42493.80 0.50 0.0 
42519.69 0.37 0.0 
42971.08 0.66 0.0 
42971.09 0.58 0.0 
43458.61 0.74 0.0 
43458.57 0.31 0.0 
43601.63 0.51 0.0 
43933.88 0.44 0.0 
43933.86 0.91 0.0 
43891.28 0.64 0.0 
44379.85 0.31 0.0 
44379.85 0.72 0.0 
44745.05 0.33 0.0 
44833.64 0.91 0.0 
44833.65 0.32 0.0 
45051.81 0.43 0.0 
45089.39 0.36 0.0 
45175.93 0.53 0.0 
45298.17 0.52 0.0 
45362.17 0.47 0.0 
45331.17 0.32 0.0 
45327.40 0.46 0.0 
45298.15 0.87 0.0 
45599.29 0.41 0.0 
45607.89 0.38 0.0 
45590.25 0.37 0.0 
45599.32 0.72 0.0 
45748.33 0.41 0.0 
45762.27 0.94 0.0 
45883.81 0.40 0.0 
45762.27 0.91 0.0 
45943.80 0.53 0.0 
46082.83 0.31 0.0 
46037.73 0.33 0.0 
46037.68 0.62 0.0 
46200.45 0.78 0.0 
46200.44 0.88 0.0 
46665.48 0.50 0.0 
47147.61 0.46 0.0 
47532.57 0.38 0.0 
47604.85 0.50 0.0 
47604.85 0.47 0.0 
48044.48 0.97 0.0 
48486.08 0.66 0.0 
48486.04 0.75 0.0 
48943.28 0.40 0.0 
48943.28 0.94 0.0 
49831.83 0.56 0.0 
49890.01 0.46 0.0 
49831.84 0.52 0.0 
50203.96 0.46 0.0 
50203.97 0.56 0.0 
50750.17 0.62 0.0 
51193.24 0.96 0.0 
51252.64 0.43 0.0 
51193.24 0.45 0.0 
51627.98 0.81 0.0 
51628.01 0.32 0.0 
52084.78 0.53 0.0 
52084.77 0.41 0.0 
52537.08 0.41 0.0 
52537.11 0.44 0.0 
53035.01 0.45 0.0 
53021.68 0.54 0.0 
53034.99 0.82 0.0 
53021.64 0.85 0.0 
53333.91 0.60 0.0 
53339.15 0.86 0.0 
53467.91 0.32 0.0 
53928.20 0.35 0.0 
54134.21 0.31 0.0 
54373.28 0.55 0.0 
54373.29 0.93 0.0 
54838.37 0.37 0.0 
54838.31 0.93 0.0 
55024.23 0.50 0.0 
55305.82 0.67 0.0 
55305.85 0.49 0.0 
55759.66 0.55 0.0 
55759.68 0.33 0.0 
56064.76 0.44 0.0 
56203.67 0.94 0.0 
56203.69 0.69 0.0 
56651.61 0.43 0.0 
56651.59 0.84 0.0 
56910.89 0.41 0.0 
57109.30 0.80 0.0 
57109.32 0.84 0.0 
57193.88 0.52 0.0 
57316.96 0.35 0.0 
57578.82 0.36 0.0 
57578.76 0.74 0.0 
58048.68 0.61 0.0 
58048.67 0.97 0.0 
58527.89 0.64 0.0 
58618.97 0.34 0.0 
58988.52 0.72 0.0 
58988.53 0.62 0.0 
59452.09 0.37 0.0 
59452.10 0.64 0.0 
59934.30 0.40 0.0 
59934.24 0.80 0.0 
60074.23 0.35 0.0 
60389.01 0.96 0.0 
60389.01 0.94 0.0 
60687.05 0.30 0.0 
60849.65 0.82 0.0 
60849.68 0.64 0.0 
61105.98 0.31 0.0 
61103.23 0.47 0.0 
61808.12 0.58 0.0 
61808.09 0.86 0.0 
62278.97 0.77 0.0 
62278.97 0.96 0.0 
62724.00 0.86 0.0 
62724.00 0.68 0.0 
63201.73 0.65 0.0 
63711.68 0.62 0.0 
64183.60 0.63 0.0 
64183.59 0.90 0.0 
64651.60 0.55 0.0 
64651.56 0.61 0.0 
64827.05 0.35 0.0 
64827.11 0.39 0.0 
65119.56 0.60 0.0 
65119.57 0.47 0.0 
65567.01 0.41 0.0 
65678.59 0.89 0.0 
65625.09 0.75 0.0 
65678.59 0.88 0.0 
66048.65 0.56 0.0 
66048.65 0.71 0.0 
66518.57 0.44 0.0 
66518.56 0.62 0.0 
66839.87 0.63 0.0 
67504.89 0.33 0.0 
68483.76 0.79 0.0 
68483.76 0.89 0.0 
68987.38 0.49 0.0 
69463.57 0.68 0.0 
69955.60 0.73 0.0 
70448.48 0.70 0.0 
70448.48 0.65 0.0 
70948.70 0.91 0.0 
70948.77 0.38 0.0 
71916.37 0.57 0.0 
71916.37 0.77 0.0 
72385.81 0.64 0.0 
72385.84 0.67 0.0 
72874.28 0.80 0.0 
72874.33 0.39 0.0 
73361.30 0.92 0.0 
73361.32 0.55 0.0 
73867.84 0.35 0.0 
73867.84 0.44 0.0 
74375.92 0.82 0.0 
74872.71 0.50 0.0 
74872.72 0.34 0.0 
75389.49 0.96 0.0 
75884.36 0.95 0.0 
75884.40 0.63 0.0 
76377.23 0.69 0.0 
76878.42 0.49 0.0 
77355.71 0.42 0.0 
77845.65 0.78 0.0 
78344.42 0.79 0.0 
78344.38 0.98 0.0 
78942.85 0.46 0.0 
78942.84 0.36 0.0 
79349.65 0.60 0.0 
79294.00 0.75 0.0 
79294.00 0.73 0.0 
79513.07 0.49 0.0 
79855.81 0.41 0.0 
79855.79 0.87 0.0 
80359.96 0.50 0.0 
80359.92 0.45 0.0 
80860.11 0.45 0.0 
80860.10 0.77 0.0 
81374.45 0.94 0.0 
81659.85 0.58 0.0 
81873.25 0.51 0.0 
82376.86 0.85 0.0 
82889.29 0.77 0.0 
82889.28 0.95 0.0 
83426.13 0.61 0.0 
83426.13 0.40 0.0 
83950.78 0.67 0.0 
83950.80 0.44 0.0 
84513.75 0.53 0.0 
84460.76 0.53 0.0 
84584.24 0.36 0.0 
84584.28 0.73 0.0 
84808.90 0.83 0.0 
84955.60 0.67 0.0 
85047.23 0.52 0.0 
85047.25 0.65 0.0 
85476.33 0.55 0.0 
85972.65 0.53 0.0 
