5623.17 0.40 0.0 
5710.49 0.79 0.0 
5640.91 0.35 0.0 
5762.25 0.72 0.0 
8435.21 0.52 0.0 
9779.91 0.31 0.0 
11352.03 0.35 0.0 
11456.87 0.46 0.0 
13747.83 0.33 0.0 
13747.85 0.30 0.0 
14557.45 0.46 0.0 
14644.94 0.62 0.0 
17252.33 0.71 0.0 
17238.77 0.79 0.0 
17252.33 0.74 0.0 
17238.79 0.64 0.0 
19070.63 0.30 0.0 
19846.03 0.36 0.0 
28321.11 0.50 0.0 
29112.17 0.70 0.0 
29097.02 0.65 0.0 
29112.17 0.74 0.0 
33902.60 0.75 0.0 
33902.63 0.42 0.0 
48148.87 0.48 0.0 
65683.57 0.48 0.0 
65705.91 0.37 0.0 
65705.93 0.41 0.0 
65683.59 0.76 0.0 
