914.09 0.30 0.0 
1214.48 0.38 0.0 
2714.25 0.32 0.0 
2842.61 0.38 0.0 
3444.89 0.36 0.0 
3493.48 0.45 0.0 
4242.83 0.41 0.0 
5463.75 0.33 0.0 
6583.16 0.34 0.0 
6988.64 0.38 0.0 
6952.76 0.31 0.0 
7820.73 0.45 0.0 
8065.40 0.41 0.0 
8148.45 0.38 0.0 
8157.59 0.31 0.0 
8338.16 0.34 0.0 
9254.01 0.38 0.0 
11581.99 0.34 0.0 
11979.20 0.48 0.0 
13191.37 0.40 0.0 
13827.76 0.37 0.0 
14454.09 0.41 0.0 
15102.81 0.77 0.0 
17240.89 0.32 0.0 
17998.56 0.45 0.0 
19000.72 0.39 0.0 
19211.01 0.34 0.0 
19769.09 0.41 0.0 
20559.20 0.32 0.0 
21403.33 0.36 0.0 
21473.13 0.35 0.0 
23365.93 0.34 0.0 
25122.49 0.36 0.0 
25252.81 0.30 0.0 
28627.08 0.40 0.0 
28798.89 0.32 0.0 
29797.61 0.50 0.0 
30724.23 0.45 0.0 
31751.17 0.35 0.0 
32722.88 0.40 0.0 
32722.91 0.51 0.0 
33444.60 0.50 0.0 
34964.16 0.36 0.0 
37992.92 0.75 0.0 
38365.75 0.42 0.0 
41758.02 0.44 0.0 
42673.32 0.36 0.0 
43722.88 0.51 0.0 
46151.41 0.54 0.0 
46874.01 0.41 0.0 
47239.37 0.77 0.0 
49868.89 0.45 0.0 
50467.91 0.41 0.0 
50818.61 0.65 0.0 
51284.09 0.38 0.0 
52146.85 0.43 0.0 
52146.93 0.50 0.0 
53585.89 0.34 0.0 
53992.13 0.39 0.0 
54163.49 0.45 0.0 
55010.92 0.43 0.0 
57884.19 0.31 0.0 
58283.17 0.70 0.0 
58232.21 0.40 0.0 
58198.95 0.34 0.0 
58373.57 0.58 0.0 
58738.25 0.34 0.0 
59170.45 0.42 0.0 
59363.37 0.37 0.0 
62508.49 0.36 0.0 
63142.84 0.39 0.0 
63328.45 0.40 0.0 
65395.13 0.36 0.0 
65789.08 0.56 0.0 
66563.33 0.66 0.0 
67318.93 0.43 0.0 
67825.47 0.33 0.0 
68635.21 0.35 0.0 
68736.24 0.31 0.0 
69610.09 0.31 0.0 
69824.13 0.36 0.0 
70364.39 0.39 0.0 
70529.36 0.50 0.0 
70704.04 0.59 0.0 
71428.21 0.41 0.0 
72774.25 0.39 0.0 
73034.17 0.32 0.0 
73762.72 0.38 0.0 
76444.93 0.53 0.0 
79134.05 0.34 0.0 
79136.19 0.33 0.0 
79138.45 0.82 0.0 
79124.01 0.38 0.0 
79699.45 0.33 0.0 
79795.41 0.37 0.0 
81399.73 0.30 0.0 
84943.77 0.37 0.0 
86172.93 0.42 0.0 
