401.41 0.30 0.0 
727.21 0.48 0.0 
984.99 0.45 0.0 
1250.35 0.37 0.0 
1216.95 0.33 0.0 
1216.95 0.36 0.0 
1501.71 0.33 0.0 
1695.39 0.38 0.0 
1879.36 0.49 0.0 
2155.73 0.36 0.0 
2155.73 0.37 0.0 
2330.99 0.40 0.0 
2459.67 0.33 0.0 
2551.00 0.45 0.0 
2833.63 0.33 0.0 
2751.05 0.59 0.0 
2833.63 0.33 0.0 
2962.95 0.35 0.0 
3601.49 0.31 0.0 
4025.16 0.34 0.0 
4447.97 0.55 0.0 
4782.01 0.46 0.0 
4958.04 0.69 0.0 
5133.21 0.32 0.0 
5569.68 0.42 0.0 
5491.39 0.46 0.0 
5735.09 0.48 0.0 
5735.05 0.40 0.0 
6021.95 0.56 0.0 
6327.70 0.45 0.0 
6414.32 0.32 0.0 
6903.25 0.45 0.0 
7009.09 0.51 0.0 
7009.09 0.63 0.0 
7030.41 0.35 0.0 
7194.39 0.36 0.0 
7278.33 0.31 0.0 
7481.45 0.33 0.0 
7424.91 0.36 0.0 
7456.35 0.35 0.0 
7389.69 0.35 0.0 
8070.84 0.32 0.0 
8028.41 0.46 0.0 
8028.45 0.32 0.0 
8450.96 0.36 0.0 
8357.29 0.35 0.0 
8524.57 0.59 0.0 
8524.56 0.51 0.0 
8685.95 0.30 0.0 
8906.01 0.68 0.0 
9022.72 0.38 0.0 
9022.73 0.35 0.0 
9306.03 0.43 0.0 
10087.97 0.48 0.0 
10087.97 0.36 0.0 
10388.97 0.37 0.0 
10817.62 0.53 0.0 
10817.64 0.48 0.0 
10861.79 0.36 0.0 
11015.51 0.37 0.0 
11224.39 0.38 0.0 
11111.85 0.48 0.0 
11224.38 0.45 0.0 
11473.84 0.60 0.0 
11526.24 0.45 0.0 
11473.89 0.54 0.0 
11843.11 0.30 0.0 
11992.87 0.34 0.0 
12507.49 0.40 0.0 
13342.93 0.41 0.0 
13500.56 0.47 0.0 
13905.73 0.60 0.0 
13905.74 0.45 0.0 
14561.36 0.79 0.0 
14561.36 0.83 0.0 
14662.41 0.68 0.0 
14662.33 0.45 0.0 
14635.93 0.57 0.0 
14635.83 0.39 0.0 
14886.19 0.31 0.0 
14989.29 0.49 0.0 
15080.99 0.32 0.0 
15189.07 0.36 0.0 
15637.00 0.38 0.0 
15636.99 0.32 0.0 
16012.03 0.45 0.0 
16012.05 0.45 0.0 
16353.87 0.31 0.0 
16276.31 0.44 0.0 
16318.19 0.32 0.0 
16517.79 0.41 0.0 
17266.91 0.35 0.0 
17611.92 0.33 0.0 
17611.88 0.46 0.0 
17980.47 0.33 0.0 
17980.47 0.52 0.0 
18845.23 0.38 0.0 
18845.25 0.55 0.0 
19920.48 0.44 0.0 
19984.19 0.32 0.0 
20421.60 0.43 0.0 
20549.91 0.44 0.0 
20871.15 0.53 0.0 
20871.15 0.44 0.0 
21056.85 0.35 0.0 
21259.35 0.44 0.0 
21768.93 0.35 0.0 
21780.87 0.33 0.0 
21904.37 0.37 0.0 
22385.39 0.33 0.0 
22385.41 0.50 0.0 
22698.63 0.33 0.0 
23300.13 0.47 0.0 
23452.59 0.33 0.0 
23452.58 0.51 0.0 
23423.18 0.32 0.0 
23777.87 0.39 0.0 
24349.04 0.38 0.0 
24348.97 0.31 0.0 
24502.83 0.31 0.0 
24612.95 0.34 0.0 
25249.97 0.31 0.0 
25279.69 0.32 0.0 
27045.81 0.49 0.0 
27357.85 0.41 0.0 
27796.19 0.39 0.0 
27869.95 0.50 0.0 
27981.95 0.37 0.0 
27981.93 0.46 0.0 
27916.17 0.32 0.0 
28023.65 0.62 0.0 
28629.41 0.40 0.0 
29420.07 0.32 0.0 
29742.11 0.47 0.0 
29777.23 0.37 0.0 
30190.31 0.31 0.0 
30899.17 0.31 0.0 
30902.73 0.32 0.0 
31200.89 0.70 0.0 
31676.11 0.37 0.0 
31676.15 0.45 0.0 
31785.87 0.43 0.0 
31740.89 0.57 0.0 
32384.68 0.31 0.0 
32423.23 0.33 0.0 
32370.55 0.51 0.0 
32985.79 0.39 0.0 
33429.59 0.34 0.0 
33500.83 0.46 0.0 
33790.27 0.44 0.0 
33934.23 0.46 0.0 
34446.99 0.33 0.0 
34574.13 0.42 0.0 
34504.87 0.43 0.0 
34971.51 0.39 0.0 
35238.27 0.38 0.0 
35429.41 0.32 0.0 
35596.61 0.56 0.0 
36081.57 0.39 0.0 
36400.80 0.42 0.0 
36939.29 0.46 0.0 
37603.71 0.36 0.0 
37962.68 0.43 0.0 
37962.71 0.35 0.0 
38200.61 0.44 0.0 
38350.79 0.30 0.0 
38607.29 0.37 0.0 
38633.91 0.42 0.0 
38832.59 0.36 0.0 
39102.39 0.40 0.0 
39706.03 0.30 0.0 
40428.99 0.35 0.0 
40399.39 0.33 0.0 
41262.83 0.32 0.0 
41583.33 0.43 0.0 
41739.00 0.40 0.0 
42033.07 0.32 0.0 
42079.47 0.41 0.0 
42377.60 0.50 0.0 
42664.11 0.30 0.0 
43128.41 0.38 0.0 
43128.42 0.50 0.0 
43265.07 0.36 0.0 
43611.12 0.48 0.0 
43746.88 0.54 0.0 
43746.89 0.51 0.0 
44034.95 0.41 0.0 
44168.68 0.33 0.0 
44229.48 0.33 0.0 
44415.75 0.32 0.0 
44784.63 0.59 0.0 
44905.41 0.48 0.0 
44876.75 0.48 0.0 
45195.85 0.68 0.0 
45195.79 0.42 0.0 
45404.83 0.36 0.0 
45480.87 0.37 0.0 
45800.51 0.34 0.0 
46526.23 0.40 0.0 
46862.28 0.35 0.0 
47181.11 0.38 0.0 
47421.89 0.55 0.0 
47620.04 0.43 0.0 
48554.45 0.33 0.0 
48899.45 0.36 0.0 
48821.85 0.40 0.0 
49128.79 0.33 0.0 
49181.91 0.34 0.0 
49335.65 0.45 0.0 
49617.87 0.40 0.0 
49819.81 0.50 0.0 
49819.79 0.38 0.0 
49774.87 0.33 0.0 
50140.03 0.38 0.0 
50551.31 0.39 0.0 
50639.63 0.38 0.0 
51107.28 0.51 0.0 
51291.92 0.35 0.0 
51524.76 0.40 0.0 
51567.83 0.40 0.0 
51881.38 0.35 0.0 
51869.60 0.61 0.0 
52251.11 0.46 0.0 
52442.19 0.47 0.0 
52695.55 0.39 0.0 
52833.69 0.31 0.0 
53866.05 0.39 0.0 
54335.31 0.38 0.0 
54761.71 0.31 0.0 
54761.67 0.35 0.0 
54860.17 0.41 0.0 
55279.87 0.44 0.0 
55484.71 0.31 0.0 
55992.05 0.43 0.0 
55992.03 0.31 0.0 
56523.37 0.41 0.0 
57068.83 0.42 0.0 
57531.51 0.45 0.0 
57869.34 0.33 0.0 
58698.91 0.35 0.0 
59233.71 0.32 0.0 
60885.91 0.33 0.0 
60966.89 0.62 0.0 
61199.43 0.37 0.0 
63737.92 0.42 0.0 
64607.14 0.54 0.0 
64859.79 0.36 0.0 
64967.19 0.33 0.0 
64967.20 0.50 0.0 
65302.25 0.35 0.0 
65486.37 0.31 0.0 
65701.12 0.82 0.0 
65716.77 0.31 0.0 
65730.53 0.37 0.0 
65701.13 0.47 0.0 
65719.05 0.56 0.0 
66512.77 0.33 0.0 
67308.89 0.39 0.0 
67432.87 0.32 0.0 
67742.71 0.33 0.0 
67742.73 0.47 0.0 
67881.73 0.32 0.0 
67909.20 0.57 0.0 
67881.68 0.41 0.0 
68075.97 0.33 0.0 
68565.87 0.49 0.0 
68862.55 0.36 0.0 
69040.11 0.36 0.0 
69040.07 0.31 0.0 
69284.50 0.34 0.0 
69373.03 0.35 0.0 
69348.27 0.36 0.0 
69704.03 0.43 0.0 
70037.59 0.34 0.0 
70822.59 0.36 0.0 
71614.27 0.36 0.0 
71614.28 0.55 0.0 
72074.73 0.34 0.0 
72208.03 0.45 0.0 
72798.64 0.36 0.0 
73379.32 0.37 0.0 
74010.83 0.47 0.0 
74438.84 0.52 0.0 
74423.68 0.43 0.0 
74501.69 0.39 0.0 
75022.79 0.40 0.0 
76230.61 0.41 0.0 
76227.99 0.30 0.0 
76714.99 0.31 0.0 
77416.83 0.32 0.0 
77733.41 0.44 0.0 
77941.55 0.40 0.0 
78281.11 0.30 0.0 
78285.87 0.41 0.0 
79009.20 0.50 0.0 
79631.71 0.38 0.0 
81145.31 0.33 0.0 
83079.61 0.31 0.0 
83223.83 0.37 0.0 
84587.96 0.38 0.0 
85373.49 0.53 0.0 
85319.91 0.33 0.0 
85613.37 0.37 0.0 
85847.43 0.34 0.0 
86036.11 0.39 0.0 
86329.07 0.31 0.0 
