2.53 0.42 0.0 
1006.64 0.42 0.0 
1099.37 0.54 0.0 
1262.41 0.46 0.0 
2301.52 0.39 0.0 
7951.39 0.36 0.0 
8152.05 0.45 0.0 
13410.99 0.50 0.0 
13817.49 0.52 0.0 
16400.61 0.36 0.0 
17373.07 0.39 0.0 
17684.29 0.47 0.0 
19050.39 0.31 0.0 
19062.04 0.34 0.0 
20191.29 0.45 0.0 
20307.03 0.30 0.0 
21532.91 0.65 0.0 
21532.89 0.63 0.0 
24751.53 0.47 0.0 
28406.15 0.39 0.0 
30720.51 0.37 0.0 
33144.48 0.39 0.0 
37098.76 0.55 0.0 
37215.95 0.31 0.0 
38368.40 0.45 0.0 
38776.99 0.34 0.0 
39078.17 0.71 0.0 
39045.83 0.36 0.0 
42153.25 0.51 0.0 
42153.28 0.44 0.0 
43246.41 0.37 0.0 
44596.21 0.51 0.0 
45196.12 0.40 0.0 
45317.07 0.36 0.0 
45499.62 0.59 0.0 
46686.09 0.38 0.0 
47235.63 0.54 0.0 
51810.27 0.45 0.0 
52440.56 0.49 0.0 
53917.49 0.58 0.0 
53917.49 0.45 0.0 
54231.59 0.34 0.0 
54421.39 0.31 0.0 
55335.47 0.49 0.0 
57573.49 0.48 0.0 
57982.11 0.46 0.0 
59417.48 0.53 0.0 
60975.92 0.56 0.0 
61365.65 0.65 0.0 
61365.65 0.32 0.0 
62073.57 0.32 0.0 
62634.89 0.45 0.0 
63145.19 0.40 0.0 
63952.13 0.68 0.0 
63993.72 0.32 0.0 
64554.07 0.35 0.0 
64861.83 0.36 0.0 
65158.37 0.31 0.0 
65490.71 0.34 0.0 
65701.81 0.39 0.0 
66752.28 0.59 0.0 
67262.25 0.44 0.0 
67288.79 0.45 0.0 
67288.81 0.71 0.0 
68742.75 0.31 0.0 
69211.03 0.32 0.0 
69393.49 0.41 0.0 
69450.51 0.34 0.0 
71403.03 0.39 0.0 
74505.51 0.48 0.0 
76191.33 0.49 0.0 
78806.13 0.33 0.0 
79138.57 0.67 0.0 
80132.27 0.33 0.0 
80251.83 0.37 0.0 
81931.93 0.31 0.0 
81931.97 0.59 0.0 
82352.51 0.36 0.0 
82784.77 0.37 0.0 
82680.75 0.32 0.0 
83087.79 0.37 0.0 
85186.98 0.70 0.0 
85727.79 0.40 0.0 
86026.99 0.31 0.0 
