26.99 0.31 0.0 
635.01 0.36 0.0 
587.99 0.31 0.0 
729.03 0.31 0.0 
991.63 0.34 0.0 
1596.03 0.34 0.0 
1725.53 0.39 0.0 
2554.79 0.32 0.0 
2780.31 0.38 0.0 
3452.41 0.47 0.0 
3701.77 0.43 0.0 
4533.23 0.31 0.0 
4682.61 0.65 0.0 
4634.46 0.33 0.0 
4726.65 0.67 0.0 
4726.68 0.76 0.0 
4894.23 0.40 0.0 
5069.47 0.36 0.0 
5365.25 0.31 0.0 
5484.71 0.32 0.0 
5735.83 0.31 0.0 
5932.88 0.35 0.0 
6287.45 0.38 0.0 
6907.07 0.36 0.0 
7098.85 0.52 0.0 
7098.89 0.53 0.0 
7043.01 0.39 0.0 
7201.64 0.37 0.0 
7515.81 0.51 0.0 
7917.13 0.35 0.0 
7917.17 0.50 0.0 
8415.43 0.33 0.0 
8415.47 0.38 0.0 
8800.73 0.32 0.0 
8716.15 0.43 0.0 
8716.17 0.47 0.0 
8908.83 0.31 0.0 
8800.72 0.57 0.0 
8985.87 0.31 0.0 
9106.23 0.39 0.0 
9106.27 0.41 0.0 
9511.15 0.45 0.0 
9822.07 0.61 0.0 
10045.89 0.38 0.0 
10218.83 0.46 0.0 
10218.87 0.31 0.0 
10285.33 0.35 0.0 
10414.25 0.35 0.0 
10593.03 0.30 0.0 
10651.07 0.32 0.0 
10593.07 0.35 0.0 
10824.55 0.30 0.0 
10824.65 0.31 0.0 
10776.15 0.36 0.0 
10776.19 0.36 0.0 
10859.87 0.78 0.0 
10873.33 0.35 0.0 
11065.44 0.31 0.0 
10996.69 0.35 0.0 
10996.69 0.34 0.0 
11181.89 0.35 0.0 
11181.91 0.41 0.0 
11196.09 0.38 0.0 
11077.96 0.37 0.0 
11514.83 0.34 0.0 
11477.47 0.43 0.0 
11469.44 0.84 0.0 
11671.39 0.35 0.0 
12046.65 0.36 0.0 
12046.68 0.30 0.0 
12184.99 0.32 0.0 
12471.13 0.30 0.0 
12538.61 0.35 0.0 
12656.59 0.30 0.0 
12875.87 0.40 0.0 
13284.55 0.34 0.0 
13715.17 0.39 0.0 
13744.08 0.50 0.0 
13777.07 0.34 0.0 
13744.07 0.63 0.0 
13879.77 0.60 0.0 
14045.39 0.37 0.0 
14539.56 0.73 0.0 
14539.61 0.67 0.0 
14492.80 0.65 0.0 
14626.46 0.80 0.0 
14626.47 0.54 0.0 
14552.45 0.42 0.0 
15378.27 0.37 0.0 
15309.74 0.95 0.0 
15320.92 0.80 0.0 
15309.72 0.94 0.0 
15320.95 0.69 0.0 
15497.87 0.31 0.0 
15497.91 0.56 0.0 
15682.53 0.33 0.0 
15784.81 0.49 0.0 
16171.55 0.52 0.0 
16245.61 0.85 0.0 
16275.21 0.41 0.0 
16595.29 0.60 0.0 
16595.25 0.48 0.0 
16795.73 0.31 0.0 
17058.31 0.43 0.0 
17058.29 0.58 0.0 
17557.47 0.41 0.0 
17518.35 0.38 0.0 
17651.63 0.62 0.0 
17621.59 0.73 0.0 
17557.43 0.38 0.0 
17695.09 0.78 0.0 
17695.08 0.67 0.0 
17805.61 0.51 0.0 
18135.53 0.41 0.0 
18189.49 0.37 0.0 
18995.15 0.32 0.0 
19445.23 0.33 0.0 
19553.08 0.33 0.0 
19703.73 0.30 0.0 
19703.84 0.32 0.0 
20833.99 0.43 0.0 
20971.76 0.79 0.0 
20948.60 0.49 0.0 
21415.20 0.55 0.0 
21655.91 0.58 0.0 
21694.00 0.44 0.0 
21655.92 0.63 0.0 
21840.59 0.56 0.0 
22081.55 0.39 0.0 
22073.79 0.31 0.0 
22698.01 0.44 0.0 
22698.01 0.54 0.0 
22640.79 0.32 0.0 
22640.81 0.56 0.0 
22922.95 0.36 0.0 
23324.60 0.36 0.0 
23694.00 0.34 0.0 
24537.36 0.39 0.0 
24663.41 0.55 0.0 
24951.73 0.38 0.0 
24951.72 0.32 0.0 
25806.73 0.36 0.0 
25785.55 0.39 0.0 
26236.73 0.67 0.0 
27054.35 0.88 0.0 
27054.36 0.82 0.0 
27730.87 0.52 0.0 
27751.35 0.53 0.0 
27765.23 0.38 0.0 
27901.91 0.37 0.0 
28052.83 0.40 0.0 
28039.23 0.39 0.0 
28515.65 0.38 0.0 
28884.87 0.34 0.0 
29117.30 0.87 0.0 
29117.29 0.73 0.0 
29398.50 0.50 0.0 
30471.61 0.32 0.0 
30471.61 0.36 0.0 
30548.46 0.81 0.0 
30548.46 0.81 0.0 
30903.43 0.41 0.0 
31515.07 0.34 0.0 
32195.93 0.35 0.0 
32324.31 0.46 0.0 
32505.89 0.34 0.0 
32652.69 0.30 0.0 
33633.39 0.61 0.0 
33633.39 0.76 0.0 
33966.73 0.38 0.0 
34146.41 0.33 0.0 
34192.21 0.39 0.0 
34364.44 0.59 0.0 
34576.87 0.39 0.0 
34576.83 0.34 0.0 
34601.43 0.41 0.0 
34731.83 0.30 0.0 
34786.11 0.31 0.0 
35159.91 0.41 0.0 
35234.01 0.31 0.0 
35434.01 0.44 0.0 
36017.09 0.31 0.0 
36260.95 0.32 0.0 
36164.83 0.35 0.0 
36375.07 0.33 0.0 
36427.95 0.33 0.0 
36518.45 0.56 0.0 
37198.71 0.34 0.0 
37174.99 0.31 0.0 
37354.37 0.46 0.0 
37438.77 0.44 0.0 
37539.29 0.45 0.0 
39018.28 0.54 0.0 
39076.09 0.62 0.0 
39267.81 0.38 0.0 
39375.53 0.61 0.0 
39388.03 0.35 0.0 
39375.53 0.50 0.0 
39394.16 0.46 0.0 
39394.09 0.41 0.0 
39849.77 0.57 0.0 
39937.75 0.39 0.0 
39937.75 0.38 0.0 
40133.84 0.40 0.0 
40133.85 0.40 0.0 
41994.53 0.61 0.0 
42392.99 0.30 0.0 
42484.37 0.57 0.0 
42392.95 0.38 0.0 
43059.81 0.37 0.0 
43475.13 0.43 0.0 
44409.64 0.43 0.0 
45536.42 0.60 0.0 
45536.43 0.39 0.0 
45653.43 0.31 0.0 
45978.36 0.43 0.0 
46316.63 0.31 0.0 
46595.70 0.33 0.0 
47195.97 0.32 0.0 
47641.71 0.50 0.0 
47641.68 0.32 0.0 
47792.17 0.47 0.0 
48204.56 0.47 0.0 
48489.19 0.37 0.0 
48570.83 0.42 0.0 
49411.95 0.32 0.0 
49544.67 0.35 0.0 
49805.19 0.32 0.0 
50421.99 0.46 0.0 
50693.35 0.37 0.0 
51395.95 0.41 0.0 
51853.89 0.53 0.0 
52923.31 0.39 0.0 
53928.89 0.36 0.0 
54310.09 0.34 0.0 
55323.48 0.52 0.0 
55490.92 0.59 0.0 
55672.85 0.41 0.0 
56791.73 0.46 0.0 
56716.55 0.31 0.0 
56907.20 0.43 0.0 
56791.67 0.35 0.0 
56941.21 0.72 0.0 
57224.56 0.84 0.0 
57224.57 0.35 0.0 
57452.09 0.43 0.0 
57864.82 0.52 0.0 
58485.99 0.32 0.0 
58650.89 0.55 0.0 
58732.05 0.30 0.0 
58824.71 0.36 0.0 
58930.37 0.47 0.0 
59390.11 0.36 0.0 
59556.47 0.34 0.0 
59556.43 0.34 0.0 
59855.37 0.49 0.0 
59794.43 0.35 0.0 
59939.57 0.44 0.0 
60047.65 0.65 0.0 
60047.63 0.34 0.0 
60421.55 0.37 0.0 
61323.85 0.41 0.0 
62050.11 0.33 0.0 
62090.13 0.40 0.0 
62273.49 0.35 0.0 
62938.95 0.32 0.0 
62918.13 0.52 0.0 
63212.25 0.34 0.0 
63991.63 0.47 0.0 
64411.64 0.43 0.0 
64411.65 0.33 0.0 
64798.59 0.41 0.0 
64767.91 0.39 0.0 
64966.48 0.45 0.0 
65193.05 0.37 0.0 
65682.65 0.64 0.0 
65704.02 0.86 0.0 
65795.87 0.43 0.0 
65704.01 0.81 0.0 
65711.59 0.47 0.0 
65682.65 0.68 0.0 
65795.85 0.36 0.0 
66026.81 0.60 0.0 
66030.39 0.43 0.0 
65965.83 0.33 0.0 
66123.27 0.54 0.0 
66123.25 0.40 0.0 
66090.73 0.48 0.0 
66097.81 0.44 0.0 
66097.79 0.48 0.0 
66030.44 0.70 0.0 
66055.99 0.33 0.0 
66226.29 0.30 0.0 
66172.25 0.49 0.0 
66364.81 0.39 0.0 
66559.03 0.36 0.0 
66542.28 0.53 0.0 
66874.42 0.43 0.0 
66963.48 0.47 0.0 
67419.71 0.41 0.0 
67393.51 0.37 0.0 
68177.25 0.57 0.0 
68267.52 0.59 0.0 
68267.65 0.46 0.0 
68242.63 0.34 0.0 
68423.89 0.57 0.0 
68433.27 0.38 0.0 
68388.23 0.33 0.0 
68388.17 0.34 0.0 
68796.09 0.34 0.0 
68796.09 0.34 0.0 
69227.49 0.35 0.0 
70295.15 0.35 0.0 
70277.21 0.49 0.0 
70295.17 0.37 0.0 
71221.29 0.42 0.0 
72183.40 0.45 0.0 
73018.03 0.32 0.0 
73567.08 0.53 0.0 
73921.87 0.31 0.0 
74604.37 0.54 0.0 
75284.34 0.36 0.0 
75230.45 0.36 0.0 
75364.98 0.77 0.0 
75291.59 0.62 0.0 
75365.00 0.77 0.0 
75330.44 0.65 0.0 
75314.44 0.65 0.0 
75291.61 0.72 0.0 
75428.15 0.38 0.0 
75496.05 0.39 0.0 
75438.12 0.57 0.0 
75447.92 0.64 0.0 
75461.45 0.57 0.0 
75428.15 0.56 0.0 
75447.96 0.65 0.0 
75397.11 0.46 0.0 
75556.73 0.44 0.0 
75568.45 0.42 0.0 
75568.39 0.31 0.0 
75523.99 0.48 0.0 
75633.95 0.31 0.0 
75794.67 0.45 0.0 
75758.80 0.55 0.0 
75951.51 0.37 0.0 
76619.46 0.40 0.0 
77304.39 0.32 0.0 
77611.65 0.35 0.0 
77762.31 0.60 0.0 
77894.60 0.49 0.0 
78621.23 0.33 0.0 
78726.95 0.36 0.0 
78737.81 0.75 0.0 
78649.37 0.51 0.0 
78737.80 0.71 0.0 
78706.83 0.31 0.0 
78677.81 0.62 0.0 
78703.83 0.47 0.0 
78677.81 0.46 0.0 
78649.37 0.49 0.0 
78840.87 0.35 0.0 
78776.21 0.53 0.0 
78786.05 0.53 0.0 
78793.63 0.56 0.0 
78877.53 0.36 0.0 
78884.69 0.65 0.0 
78847.89 0.57 0.0 
78797.40 0.61 0.0 
78782.23 0.33 0.0 
78975.92 0.85 0.0 
78983.92 0.65 0.0 
78905.13 0.30 0.0 
78975.92 0.78 0.0 
78983.92 0.61 0.0 
78998.05 0.36 0.0 
78946.45 0.75 0.0 
78905.17 0.82 0.0 
78877.55 0.34 0.0 
78888.05 0.67 0.0 
79008.11 0.38 0.0 
79015.09 0.40 0.0 
78998.07 0.40 0.0 
79015.13 0.50 0.0 
79273.09 0.35 0.0 
79714.41 0.54 0.0 
80105.79 0.38 0.0 
80419.55 0.38 0.0 
80496.34 0.56 0.0 
80615.17 0.33 0.0 
80615.19 0.38 0.0 
81241.12 0.52 0.0 
81535.35 0.31 0.0 
82126.19 0.34 0.0 
82110.51 0.36 0.0 
82742.21 0.40 0.0 
82742.19 0.40 0.0 
83047.15 0.50 0.0 
83047.15 0.50 0.0 
83817.83 0.34 0.0 
84065.84 0.35 0.0 
84752.74 0.90 0.0 
84775.35 0.39 0.0 
84752.74 0.77 0.0 
86204.64 0.55 0.0 
