3714.25 0.60 0.0 
3714.40 0.30 0.0 
6676.18 0.31 0.0 
6676.23 0.59 0.0 
7095.10 0.40 0.0 
10611.98 0.44 0.0 
15002.02 0.69 0.0 
19052.17 0.49 0.0 
29550.33 0.33 0.0 
38979.55 0.35 0.0 
47138.97 0.34 0.0 
62183.70 0.34 0.0 
65698.18 0.35 0.0 
65702.62 0.67 0.0 
73277.18 0.34 0.0 
78864.98 0.35 0.0 
97449.02 0.38 0.0 
113776.32 0.51 0.0 
117038.77 0.43 0.0 
117847.68 0.31 0.0 
149020.77 0.38 0.0 
164256.50 0.51 0.0 
164256.62 0.57 0.0 
3714.25 0.60 0.0 
3714.40 0.30 0.0 
6676.18 0.31 0.0 
6676.23 0.59 0.0 
7095.10 0.40 0.0 
10611.98 0.44 0.0 
15002.02 0.69 0.0 
19052.17 0.49 0.0 
29550.33 0.33 0.0 
38979.55 0.35 0.0 
47138.97 0.34 0.0 
62183.70 0.34 0.0 
65698.18 0.35 0.0 
65702.62 0.67 0.0 
73277.18 0.34 0.0 
78864.98 0.35 0.0 
