1407.86 0.42 0.0 
432.28 0.76 0.0 
2154.92 0.81 0.0 
1407.91 0.85 0.0 
2154.92 0.90 0.0 
6473.11 0.82 0.0 
9943.53 0.38 0.0 
3642.84 0.62 0.0 
10415.52 0.65 0.0 
10541.49 0.40 0.0 
4690.24 0.48 0.0 
11978.08 0.44 0.0 
6473.08 0.78 0.0 
10415.53 0.45 0.0 
12578.00 0.98 0.0 
13522.36 0.75 0.0 
14003.32 0.93 0.0 
14253.12 0.87 0.0 
12577.99 0.98 0.0 
8318.93 0.38 0.0 
14253.12 0.85 0.0 
14634.91 0.90 0.0 
12543.55 0.94 0.0 
12772.84 0.94 0.0 
12543.55 0.91 0.0 
13512.52 0.70 0.0 
12727.94 0.98 0.0 
12511.88 0.57 0.0 
12772.84 0.95 0.0 
14003.32 0.96 0.0 
14333.87 0.98 0.0 
14333.87 0.98 0.0 
14634.91 0.88 0.0 
17343.82 0.94 0.0 
17343.82 0.93 0.0 
12727.93 0.98 0.0 
23635.91 0.79 0.0 
25902.99 0.51 0.0 
23935.45 0.41 0.0 
22974.68 0.35 0.0 
23082.09 0.33 0.0 
23935.44 0.67 0.0 
31299.17 0.98 0.0 
31299.18 0.98 0.0 
35022.51 0.98 0.0 
36815.15 0.61 0.0 
35022.51 0.98 0.0 
37772.58 0.96 0.0 
38247.60 0.96 0.0 
26421.23 0.39 0.0 
36815.12 0.34 0.0 
36827.71 0.31 0.0 
37772.59 0.97 0.0 
35351.49 0.30 0.0 
36765.80 0.80 0.0 
35921.52 0.30 0.0 
36765.77 0.42 0.0 
36448.88 0.38 0.0 
37966.28 0.97 0.0 
41870.63 0.97 0.0 
37966.28 0.98 0.0 
37810.67 0.75 0.0 
38247.60 0.96 0.0 
40733.07 0.36 0.0 
41582.84 0.90 0.0 
41582.84 0.77 0.0 
41870.63 0.96 0.0 
44605.26 0.42 0.0 
51358.92 0.43 0.0 
46742.07 0.31 0.0 
49614.68 0.66 0.0 
55406.27 0.37 0.0 
59459.17 0.44 0.0 
