3159.97 0.32 0.0 
2936.81 0.40 0.0 
3779.37 0.75 0.0 
5322.68 0.66 0.0 
355.99 0.41 0.0 
831.27 0.53 0.0 
6403.00 0.61 0.0 
6763.11 0.32 0.0 
463.52 0.64 0.0 
1543.76 0.52 0.0 
2066.69 0.48 0.0 
2999.51 0.54 0.0 
3238.04 0.68 0.0 
8896.17 0.72 0.0 
8922.88 0.60 0.0 
2982.33 0.73 0.0 
4929.80 0.48 0.0 
5053.21 0.36 0.0 
9762.97 0.57 0.0 
8818.16 0.56 0.0 
4087.68 0.37 0.0 
6607.08 0.62 0.0 
10723.67 0.77 0.0 
7093.21 0.37 0.0 
4824.37 0.52 0.0 
10962.52 0.30 0.0 
5020.97 0.52 0.0 
11200.28 0.44 0.0 
5249.12 0.37 0.0 
6117.11 0.42 0.0 
11096.77 0.40 0.0 
11218.16 0.45 0.0 
3302.12 0.47 0.0 
12738.00 0.66 0.0 
7679.37 0.31 0.0 
9612.73 0.44 0.0 
9968.85 0.33 0.0 
10079.47 0.33 0.0 
13012.41 0.36 0.0 
9027.47 0.33 0.0 
10079.51 0.69 0.0 
15294.89 0.46 0.0 
9968.69 0.36 0.0 
7271.17 0.33 0.0 
10916.61 0.33 0.0 
2369.51 0.46 0.0 
11042.07 0.32 0.0 
13426.97 0.54 0.0 
11624.28 0.42 0.0 
16856.97 0.41 0.0 
17200.19 0.70 0.0 
17321.49 0.53 0.0 
14171.11 0.73 0.0 
3302.11 0.83 0.0 
3326.48 0.41 0.0 
3568.37 0.37 0.0 
12142.04 0.41 0.0 
12565.76 0.50 0.0 
13427.00 0.46 0.0 
12738.04 0.59 0.0 
4527.47 0.87 0.0 
5249.12 0.34 0.0 
10269.01 0.59 0.0 
20443.77 0.32 0.0 
16318.51 0.52 0.0 
21511.32 0.36 0.0 
12553.32 0.76 0.0 
16902.45 0.88 0.0 
8008.05 0.59 0.0 
16902.47 0.91 0.0 
19428.40 0.71 0.0 
9322.33 0.50 0.0 
14949.80 0.31 0.0 
24404.51 0.79 0.0 
23819.23 0.65 0.0 
18939.51 0.55 0.0 
19428.43 0.72 0.0 
12064.03 0.38 0.0 
12553.31 0.62 0.0 
12565.75 0.34 0.0 
12807.46 0.36 0.0 
17711.33 0.38 0.0 
27730.76 0.35 0.0 
22154.23 0.41 0.0 
29173.32 0.63 0.0 
32897.56 0.34 0.0 
19649.53 0.77 0.0 
33178.17 0.49 0.0 
36283.25 0.38 0.0 
36754.89 0.88 0.0 
32668.47 0.53 0.0 
38339.01 0.37 0.0 
33704.48 0.47 0.0 
38810.15 0.46 0.0 
35992.55 0.32 0.0 
26482.84 0.31 0.0 
35982.27 0.34 0.0 
36811.49 0.44 0.0 
36811.47 0.37 0.0 
32354.33 0.55 0.0 
37220.89 0.52 0.0 
32101.64 0.30 0.0 
37374.29 0.36 0.0 
34407.44 0.33 0.0 
38810.15 0.48 0.0 
35107.15 0.35 0.0 
45612.34 0.38 0.0 
47549.51 0.32 0.0 
49090.05 0.48 0.0 
41368.25 0.30 0.0 
52799.36 0.43 0.0 
48645.65 0.35 0.0 
57503.31 0.43 0.0 
57869.13 0.48 0.0 
63615.45 0.58 0.0 
63869.32 0.37 0.0 
56489.45 0.34 0.0 
72507.48 0.46 0.0 
78989.48 0.33 0.0 
73408.97 0.34 0.0 
84629.06 0.30 0.0 
84868.73 0.40 0.0 
