3775.70 0.30 0.0 
832.10 0.46 0.0 
845.11 0.57 0.0 
4089.47 0.47 0.0 
6611.81 0.66 0.0 
11185.92 0.48 0.0 
12157.21 0.31 0.0 
12157.17 0.44 0.0 
12752.92 0.50 0.0 
9969.92 0.83 0.0 
10929.03 0.30 0.0 
9969.92 0.70 0.0 
11044.39 0.82 0.0 
11185.93 0.60 0.0 
12568.53 0.55 0.0 
16906.36 0.63 0.0 
12784.39 0.45 0.0 
18606.08 0.45 0.0 
18606.08 0.80 0.0 
19410.51 0.45 0.0 
19442.08 0.54 0.0 
21961.83 0.31 0.0 
12568.49 0.50 0.0 
12784.43 0.31 0.0 
23819.27 0.39 0.0 
29374.87 0.33 0.0 
30000.87 0.33 0.0 
37375.69 0.40 0.0 
38813.06 0.69 0.0 
35994.72 0.85 0.0 
35982.73 0.55 0.0 
35994.72 0.85 0.0 
35982.73 0.59 0.0 
31750.31 0.57 0.0 
36813.65 0.50 0.0 
35110.13 0.39 0.0 
31750.33 0.69 0.0 
37375.63 0.47 0.0 
37389.02 0.72 0.0 
38813.06 0.75 0.0 
37389.05 0.60 0.0 
58351.31 0.37 0.0 
