11572.28 0.95 0.0 
11572.29 0.94 0.0 
12494.16 0.76 0.0 
14321.41 0.32 0.0 
12494.17 0.42 0.0 
19274.01 0.31 0.0 
15763.95 0.39 0.0 
12577.44 0.98 0.0 
12577.44 0.98 0.0 
22976.65 0.63 0.0 
30673.35 0.73 0.0 
24248.32 0.40 0.0 
27162.12 0.47 0.0 
29922.09 0.51 0.0 
35239.29 0.53 0.0 
33164.37 0.41 0.0 
28184.44 0.53 0.0 
33846.48 0.42 0.0 
37136.36 0.47 0.0 
36987.73 0.34 0.0 
38818.76 0.47 0.0 
39254.09 0.34 0.0 
42538.96 0.62 0.0 
41772.80 0.47 0.0 
48626.09 0.33 0.0 
52064.21 0.31 0.0 
86052.59 0.38 0.0 
