8138.17 0.33 0.0 
10177.75 0.77 0.0 
8149.77 0.49 0.0 
13054.04 0.62 0.0 
13533.09 0.61 0.0 
10177.75 0.81 0.0 
10755.30 0.48 0.0 
15566.89 0.51 0.0 
12551.77 0.57 0.0 
12564.20 0.43 0.0 
12781.88 0.74 0.0 
12794.45 0.67 0.0 
13054.04 0.79 0.0 
13533.13 0.62 0.0 
13773.76 0.51 0.0 
13520.87 0.31 0.0 
14637.32 0.61 0.0 
12551.76 0.77 0.0 
12781.90 0.71 0.0 
12794.45 0.65 0.0 
15566.82 0.61 0.0 
12737.01 0.61 0.0 
12749.62 0.84 0.0 
17345.55 0.40 0.0 
7789.17 0.34 0.0 
8149.75 0.47 0.0 
17345.57 0.32 0.0 
9964.44 0.56 0.0 
9964.43 0.55 0.0 
12737.07 0.57 0.0 
12749.63 0.59 0.0 
14282.99 0.42 0.0 
14637.32 0.61 0.0 
29363.80 0.72 0.0 
22938.67 0.32 0.0 
31414.81 0.90 0.0 
24037.10 0.96 0.0 
24037.10 0.96 0.0 
18005.77 0.64 0.0 
25752.71 0.33 0.0 
34044.55 0.61 0.0 
29363.79 0.52 0.0 
34516.13 0.54 0.0 
27514.51 0.48 0.0 
31414.81 0.91 0.0 
34506.67 0.30 0.0 
33055.67 0.32 0.0 
25916.91 0.30 0.0 
33055.64 0.35 0.0 
37382.04 0.47 0.0 
35925.78 0.87 0.0 
35913.65 0.56 0.0 
35922.05 0.32 0.0 
35913.59 0.41 0.0 
35925.78 0.63 0.0 
48091.59 0.35 0.0 
34929.99 0.39 0.0 
48091.61 0.53 0.0 
46486.11 0.44 0.0 
46486.08 0.33 0.0 
68961.73 0.77 0.0 
68961.75 0.52 0.0 
73854.04 0.89 0.0 
73854.04 0.91 0.0 
74403.58 0.94 0.0 
74403.58 0.94 0.0 
