257.71 0.33 0.0 
2219.21 0.32 0.0 
10176.72 0.70 0.0 
5200.09 0.46 0.0 
13050.35 0.94 0.0 
13520.87 0.30 0.0 
10176.72 0.93 0.0 
10316.25 0.31 0.0 
10752.89 0.78 0.0 
11127.12 0.41 0.0 
15563.31 0.97 0.0 
8204.37 0.35 0.0 
12549.23 0.38 0.0 
13050.34 0.91 0.0 
10752.88 0.31 0.0 
13771.76 0.53 0.0 
14635.94 0.93 0.0 
18824.60 0.60 0.0 
12549.25 0.35 0.0 
12779.83 0.41 0.0 
15563.31 0.97 0.0 
17342.23 0.38 0.0 
14683.69 0.45 0.0 
12735.16 0.71 0.0 
14635.94 0.92 0.0 
31413.16 0.96 0.0 
24036.14 0.97 0.0 
24036.15 0.97 0.0 
17427.27 0.80 0.0 
18001.17 0.36 0.0 
29360.68 0.40 0.0 
35005.77 0.70 0.0 
31413.15 0.95 0.0 
35005.79 0.76 0.0 
33041.36 0.69 0.0 
33041.35 0.34 0.0 
35911.50 0.91 0.0 
35911.50 0.92 0.0 
37368.76 0.65 0.0 
39089.30 0.91 0.0 
37368.77 0.38 0.0 
48086.76 0.38 0.0 
46077.89 0.37 0.0 
46514.04 0.73 0.0 
42627.29 0.42 0.0 
50773.04 0.48 0.0 
50894.03 0.56 0.0 
66070.25 0.48 0.0 
73852.78 0.94 0.0 
73852.77 0.95 0.0 
76990.91 0.36 0.0 
74402.32 0.98 0.0 
74402.32 0.98 0.0 
77652.71 0.70 0.0 
78029.08 0.90 0.0 
81252.41 0.50 0.0 
