3473.51 0.33 0.0 
3473.51 0.43 0.0 
9253.40 0.56 0.0 
9611.00 0.90 0.0 
9969.01 0.31 0.0 
11158.60 0.87 0.0 
11893.48 0.36 0.0 
3464.28 0.82 0.0 
9611.04 0.67 0.0 
9953.41 0.37 0.0 
11158.63 0.93 0.0 
11896.05 0.40 0.0 
16315.49 0.36 0.0 
16559.56 0.49 0.0 
12740.89 0.55 0.0 
12749.16 0.53 0.0 
1979.01 0.34 0.0 
13545.29 0.36 0.0 
14908.79 0.38 0.0 
4124.56 0.48 0.0 
11739.36 0.60 0.0 
4859.53 0.34 0.0 
16315.48 0.42 0.0 
12557.27 0.32 0.0 
12785.85 0.55 0.0 
12785.85 0.41 0.0 
13632.73 0.48 0.0 
6736.93 0.55 0.0 
13985.87 0.34 0.0 
13632.70 0.77 0.0 
15309.17 0.41 0.0 
14592.59 0.86 0.0 
23894.32 0.30 0.0 
16542.88 0.58 0.0 
20669.57 0.45 0.0 
11203.40 0.33 0.0 
12740.92 0.67 0.0 
12749.17 0.31 0.0 
28334.39 0.31 0.0 
13844.05 0.36 0.0 
14421.33 0.33 0.0 
14696.71 0.84 0.0 
23624.22 0.32 0.0 
24802.56 0.40 0.0 
24802.56 0.34 0.0 
25628.09 0.31 0.0 
33372.96 0.38 0.0 
34094.40 0.37 0.0 
30506.26 0.45 0.0 
31347.57 0.62 0.0 
30703.61 0.68 0.0 
33791.33 0.31 0.0 
33926.67 0.66 0.0 
38756.72 0.64 0.0 
36806.68 0.66 0.0 
36773.68 0.79 0.0 
36806.71 0.86 0.0 
37126.40 0.36 0.0 
34703.24 0.39 0.0 
41714.60 0.62 0.0 
36761.92 0.55 0.0 
36761.99 0.62 0.0 
36773.66 0.86 0.0 
53143.88 0.37 0.0 
54703.73 0.39 0.0 
58480.45 0.35 0.0 
68459.37 0.43 0.0 
