121.43 0.40 0.0 
9612.04 0.87 0.0 
11160.85 0.67 0.0 
9612.02 0.82 0.0 
9969.11 0.35 0.0 
14396.39 0.43 0.0 
10935.53 0.50 0.0 
11160.81 0.54 0.0 
16089.33 0.59 0.0 
16329.99 0.50 0.0 
16562.07 0.47 0.0 
12741.77 0.77 0.0 
16929.43 0.31 0.0 
13547.47 0.37 0.0 
14396.39 0.37 0.0 
14426.91 0.46 0.0 
12557.36 0.83 0.0 
16329.95 0.49 0.0 
12786.70 0.67 0.0 
12786.72 0.75 0.0 
16929.41 0.53 0.0 
13636.87 0.35 0.0 
13989.85 0.40 0.0 
24226.63 0.33 0.0 
10935.50 0.81 0.0 
12741.76 0.73 0.0 
12757.51 0.42 0.0 
14063.89 0.35 0.0 
14078.17 0.52 0.0 
25650.65 0.46 0.0 
14426.94 0.78 0.0 
16102.79 0.36 0.0 
24808.54 0.57 0.0 
18617.19 0.38 0.0 
36813.85 0.49 0.0 
35355.51 0.30 0.0 
36776.97 0.66 0.0 
37128.91 0.41 0.0 
36763.75 0.49 0.0 
36763.76 0.86 0.0 
36776.96 0.75 0.0 
41310.68 0.44 0.0 
41310.70 0.75 0.0 
