3739.13 0.34 0.0 
4217.88 0.39 0.0 
4937.25 0.45 0.0 
4831.32 0.31 0.0 
8536.22 0.95 0.0 
3346.44 0.54 0.0 
8536.22 0.94 0.0 
4545.93 0.35 0.0 
8325.57 0.35 0.0 
14280.75 0.32 0.0 
4006.52 0.45 0.0 
3305.96 0.53 0.0 
12075.79 0.50 0.0 
14501.40 0.34 0.0 
14118.85 0.80 0.0 
8325.58 0.84 0.0 
14359.48 0.44 0.0 
16522.01 0.49 0.0 
24162.60 0.89 0.0 
25114.36 0.85 0.0 
19275.80 0.77 0.0 
24162.60 0.89 0.0 
25114.38 0.85 0.0 
14118.84 0.81 0.0 
29056.17 0.46 0.0 
24104.23 0.96 0.0 
29049.71 0.34 0.0 
19245.75 0.34 0.0 
24104.24 0.91 0.0 
16522.16 0.50 0.0 
25911.76 0.60 0.0 
33637.42 0.54 0.0 
30872.65 0.50 0.0 
19275.95 0.37 0.0 
29049.71 0.38 0.0 
23945.38 0.94 0.0 
33637.40 0.49 0.0 
37089.75 0.67 0.0 
23945.39 0.94 0.0 
32235.43 0.39 0.0 
38881.93 0.78 0.0 
35033.56 0.34 0.0 
35739.64 0.66 0.0 
35739.67 0.45 0.0 
37089.79 0.49 0.0 
43456.55 0.53 0.0 
38015.69 0.42 0.0 
33421.78 0.59 0.0 
47881.59 0.35 0.0 
36060.55 0.51 0.0 
52111.03 0.35 0.0 
52675.94 0.77 0.0 
52675.92 0.46 0.0 
59191.43 0.54 0.0 
63877.99 0.58 0.0 
50221.81 0.46 0.0 
50228.10 0.43 0.0 
63878.03 0.75 0.0 
64137.69 0.41 0.0 
61405.35 0.96 0.0 
64193.10 0.89 0.0 
64193.12 0.90 0.0 
61405.35 0.96 0.0 
62462.39 0.32 0.0 
72077.17 0.94 0.0 
75597.63 0.32 0.0 
83200.33 0.33 0.0 
72077.17 0.94 0.0 
84391.12 0.62 0.0 
80746.55 0.58 0.0 
84464.91 0.54 0.0 
84645.41 0.32 0.0 
