4124.28 0.50 0.0 
3419.57 0.52 0.0 
7335.57 0.42 0.0 
717.13 0.39 0.0 
959.59 0.37 0.0 
2414.33 0.73 0.0 
2399.56 0.45 0.0 
2263.16 0.32 0.0 
2503.48 0.43 0.0 
3345.72 0.37 0.0 
8532.73 0.63 0.0 
11082.51 0.54 0.0 
4545.21 0.50 0.0 
10698.08 0.34 0.0 
10948.08 0.57 0.0 
6478.85 0.72 0.0 
74.12 0.37 0.0 
11189.31 0.66 0.0 
10617.04 0.62 0.0 
8142.08 0.51 0.0 
3305.08 0.33 0.0 
12075.29 0.31 0.0 
6553.96 0.71 0.0 
12702.93 0.55 0.0 
14496.61 0.32 0.0 
14117.25 0.98 0.0 
21523.00 0.35 0.0 
10391.38 0.86 0.0 
16519.28 0.97 0.0 
16659.69 0.32 0.0 
17500.01 0.49 0.0 
24159.20 0.97 0.0 
12314.48 0.36 0.0 
10409.42 0.82 0.0 
25110.92 0.83 0.0 
10649.27 0.95 0.0 
11100.21 0.40 0.0 
11848.94 0.96 0.0 
27144.09 0.43 0.0 
24159.21 0.97 0.0 
20983.31 0.36 0.0 
16271.16 0.91 0.0 
21343.98 0.63 0.0 
25110.92 0.78 0.0 
14117.26 0.98 0.0 
29082.97 0.42 0.0 
27628.77 0.44 0.0 
14489.33 0.46 0.0 
26458.37 0.53 0.0 
24100.86 0.97 0.0 
29046.00 0.39 0.0 
16169.51 0.51 0.0 
24100.84 0.97 0.0 
16519.28 0.97 0.0 
25908.41 0.52 0.0 
33632.57 0.39 0.0 
22033.08 0.38 0.0 
30870.71 0.89 0.0 
19286.13 0.33 0.0 
20368.39 0.68 0.0 
29046.00 0.90 0.0 
23941.99 0.97 0.0 
31439.01 0.31 0.0 
37087.44 0.98 0.0 
23941.99 0.98 0.0 
33575.80 0.42 0.0 
33930.63 0.36 0.0 
38881.40 0.52 0.0 
39147.80 0.77 0.0 
39483.93 0.34 0.0 
35029.43 0.44 0.0 
35737.55 0.70 0.0 
35737.53 0.41 0.0 
36822.55 0.34 0.0 
37087.46 0.98 0.0 
37783.08 0.52 0.0 
33552.11 0.75 0.0 
46963.52 0.76 0.0 
43857.67 0.77 0.0 
35369.00 0.42 0.0 
43304.28 0.31 0.0 
46963.52 0.74 0.0 
53778.96 0.36 0.0 
54757.08 0.91 0.0 
43753.60 0.55 0.0 
43857.69 0.34 0.0 
54269.16 0.34 0.0 
50638.71 0.40 0.0 
52671.84 0.90 0.0 
51823.93 0.43 0.0 
52671.79 0.53 0.0 
54757.08 0.67 0.0 
45448.20 0.77 0.0 
61720.56 0.34 0.0 
47849.35 0.76 0.0 
62442.09 0.41 0.0 
50225.32 0.83 0.0 
61720.56 0.62 0.0 
61199.20 0.67 0.0 
61437.65 0.30 0.0 
67000.68 0.32 0.0 
62516.92 0.35 0.0 
63874.64 0.82 0.0 
61403.15 0.98 0.0 
57313.31 0.34 0.0 
64189.75 0.98 0.0 
64189.75 0.98 0.0 
62689.13 0.31 0.0 
61403.15 0.98 0.0 
73805.89 0.37 0.0 
73821.00 0.40 0.0 
72119.37 0.32 0.0 
79601.03 0.36 0.0 
77458.13 0.42 0.0 
70272.11 0.81 0.0 
81764.34 0.93 0.0 
72073.77 0.96 0.0 
83069.17 0.51 0.0 
72073.78 0.97 0.0 
86081.77 0.45 0.0 
84507.20 0.32 0.0 
85081.00 0.54 0.0 
85228.40 0.46 0.0 
84390.16 0.77 0.0 
85230.52 0.55 0.0 
80654.12 0.53 0.0 
85857.84 0.87 0.0 
85544.17 0.59 0.0 
84614.05 0.32 0.0 
84708.04 0.56 0.0 
78809.12 0.32 0.0 
81928.32 0.34 0.0 
85766.85 0.34 0.0 
