424.08 0.36 0.0 
835.49 0.31 0.0 
1588.52 0.34 0.0 
5590.46 0.92 0.0 
1332.49 0.75 0.0 
3687.96 0.57 0.0 
1572.92 0.82 0.0 
1814.21 0.54 0.0 
761.32 0.43 0.0 
3387.84 0.31 0.0 
3508.69 0.55 0.0 
5590.45 0.81 0.0 
4692.27 0.48 0.0 
9911.28 0.62 0.0 
10860.28 0.31 0.0 
10970.44 0.35 0.0 
11101.61 0.49 0.0 
11112.04 0.60 0.0 
8470.37 0.34 0.0 
4484.57 0.48 0.0 
5082.04 0.32 0.0 
12532.51 0.55 0.0 
2484.36 0.40 0.0 
2984.14 0.92 0.0 
10860.28 0.48 0.0 
11101.52 0.72 0.0 
11943.96 0.62 0.0 
7604.17 0.66 0.0 
4396.60 0.34 0.0 
9946.89 0.43 0.0 
9947.58 0.34 0.0 
10930.19 0.33 0.0 
11178.08 0.35 0.0 
11186.60 0.69 0.0 
11053.76 0.87 0.0 
3931.81 0.50 0.0 
12737.59 0.60 0.0 
10844.56 0.71 0.0 
11056.43 0.49 0.0 
11178.04 0.37 0.0 
18553.72 0.75 0.0 
12643.69 0.32 0.0 
12737.63 0.82 0.0 
19271.26 0.68 0.0 
18089.56 0.49 0.0 
13456.12 0.53 0.0 
10423.05 0.30 0.0 
19271.26 0.41 0.0 
9946.93 0.34 0.0 
23103.88 0.40 0.0 
19103.96 0.39 0.0 
19105.16 0.69 0.0 
22046.75 0.71 0.0 
19228.48 0.73 0.0 
23925.61 0.76 0.0 
23099.57 0.80 0.0 
23103.88 0.66 0.0 
23609.16 0.59 0.0 
23729.53 0.55 0.0 
19103.96 0.31 0.0 
19105.16 0.72 0.0 
21241.53 0.52 0.0 
23189.33 0.38 0.0 
26701.92 0.30 0.0 
23548.96 0.52 0.0 
29686.44 0.32 0.0 
29833.32 0.63 0.0 
30194.16 0.40 0.0 
29729.12 0.36 0.0 
31255.05 0.72 0.0 
30445.33 0.58 0.0 
27014.00 0.65 0.0 
27628.44 0.38 0.0 
31255.04 0.58 0.0 
31378.90 0.94 0.0 
32219.49 0.68 0.0 
23864.19 0.44 0.0 
33153.93 0.31 0.0 
23035.97 0.49 0.0 
34631.57 0.40 0.0 
23158.32 0.34 0.0 
30012.92 0.50 0.0 
23638.55 0.34 0.0 
31200.16 0.82 0.0 
31707.71 0.92 0.0 
31200.20 0.60 0.0 
32909.51 0.42 0.0 
36313.72 0.42 0.0 
32269.37 0.38 0.0 
26879.01 0.56 0.0 
28420.95 0.34 0.0 
28423.46 0.76 0.0 
33493.35 0.31 0.0 
34587.16 0.77 0.0 
27691.63 0.40 0.0 
29262.09 0.91 0.0 
35305.54 0.82 0.0 
34931.79 0.47 0.0 
28421.03 0.62 0.0 
30445.32 0.63 0.0 
30579.93 0.49 0.0 
30821.38 0.40 0.0 
29263.65 0.38 0.0 
35305.52 0.81 0.0 
32955.22 0.42 0.0 
31891.23 0.58 0.0 
33342.92 0.57 0.0 
33824.51 0.45 0.0 
32971.95 0.41 0.0 
34301.63 0.70 0.0 
44330.33 0.63 0.0 
45310.68 0.65 0.0 
35141.37 0.31 0.0 
45672.99 0.41 0.0 
35152.93 0.39 0.0 
47088.20 0.31 0.0 
45310.68 0.53 0.0 
39735.15 0.45 0.0 
42593.36 0.38 0.0 
44040.87 0.35 0.0 
45028.61 0.58 0.0 
49137.48 0.48 0.0 
50593.96 0.34 0.0 
44657.08 0.31 0.0 
48868.97 0.34 0.0 
42593.37 0.42 0.0 
54325.00 0.37 0.0 
56688.12 0.51 0.0 
53543.40 0.44 0.0 
54388.73 0.30 0.0 
53994.17 0.37 0.0 
59695.12 0.36 0.0 
60191.44 0.79 0.0 
55572.43 0.31 0.0 
50038.53 0.54 0.0 
50133.17 0.39 0.0 
61004.72 0.37 0.0 
54380.85 0.30 0.0 
61286.47 0.34 0.0 
63280.79 0.67 0.0 
52799.56 0.39 0.0 
57162.07 0.35 0.0 
54821.81 0.34 0.0 
60987.13 0.35 0.0 
60473.53 0.33 0.0 
64871.89 0.33 0.0 
57090.25 0.30 0.0 
65128.20 0.73 0.0 
57358.49 0.37 0.0 
58063.68 0.36 0.0 
61484.00 0.39 0.0 
65188.52 0.37 0.0 
66257.77 0.42 0.0 
63280.79 0.41 0.0 
63283.68 0.80 0.0 
60473.55 0.42 0.0 
60475.92 0.36 0.0 
62398.03 0.45 0.0 
71588.35 0.38 0.0 
66221.13 0.52 0.0 
76492.55 0.37 0.0 
72586.53 0.34 0.0 
74608.07 0.45 0.0 
76870.17 0.58 0.0 
73551.35 0.56 0.0 
76407.11 0.49 0.0 
80208.21 0.56 0.0 
80208.20 0.66 0.0 
80223.17 0.33 0.0 
75518.27 0.54 0.0 
80223.15 0.74 0.0 
79108.09 0.30 0.0 
82408.84 0.36 0.0 
77920.08 0.37 0.0 
74510.40 0.45 0.0 
76542.48 0.49 0.0 
79724.60 0.55 0.0 
80069.45 0.33 0.0 
77157.87 0.78 0.0 
78464.31 0.73 0.0 
85527.88 0.83 0.0 
84628.12 0.55 0.0 
80263.48 0.65 0.0 
86295.53 0.59 0.0 
85063.95 0.30 0.0 
