426.87 0.36 0.0 
2485.00 0.37 0.0 
837.11 0.55 0.0 
5593.18 0.88 0.0 
3689.04 0.37 0.0 
4501.15 0.33 0.0 
5593.18 0.78 0.0 
7714.68 0.68 0.0 
10973.23 0.41 0.0 
8471.12 0.37 0.0 
6947.43 0.72 0.0 
7097.09 0.34 0.0 
11925.90 0.94 0.0 
12532.57 0.36 0.0 
2485.00 0.30 0.0 
12783.87 0.37 0.0 
10742.81 0.36 0.0 
11925.90 0.89 0.0 
11102.91 0.30 0.0 
7097.09 0.82 0.0 
7100.71 0.54 0.0 
12532.56 0.69 0.0 
11944.57 0.57 0.0 
14329.73 0.35 0.0 
9960.97 0.75 0.0 
9948.76 0.75 0.0 
9960.94 0.65 0.0 
12783.85 0.67 0.0 
12795.27 0.49 0.0 
5000.83 0.41 0.0 
10666.53 0.36 0.0 
5597.18 0.41 0.0 
15390.90 0.47 0.0 
12738.99 0.40 0.0 
11058.47 0.37 0.0 
6947.41 0.30 0.0 
12256.43 0.77 0.0 
12739.00 0.63 0.0 
12750.23 0.32 0.0 
19271.36 0.53 0.0 
10875.84 0.41 0.0 
20696.63 0.42 0.0 
19271.35 0.64 0.0 
21046.85 0.45 0.0 
21053.01 0.31 0.0 
9948.77 0.45 0.0 
20551.26 0.87 0.0 
21053.03 0.45 0.0 
18467.76 0.48 0.0 
13171.16 0.90 0.0 
21241.54 0.77 0.0 
22213.36 0.50 0.0 
31260.01 0.67 0.0 
31729.05 0.59 0.0 
31470.99 0.33 0.0 
29281.12 0.58 0.0 
29267.03 0.48 0.0 
34002.41 0.39 0.0 
35336.63 0.38 0.0 
30492.39 0.41 0.0 
31709.00 0.37 0.0 
31209.39 0.31 0.0 
32160.53 0.58 0.0 
28423.51 0.30 0.0 
34189.65 0.36 0.0 
29263.63 0.38 0.0 
28423.47 0.72 0.0 
30223.52 0.55 0.0 
35152.91 0.40 0.0 
29267.05 0.33 0.0 
34120.31 0.35 0.0 
30223.56 0.65 0.0 
31665.78 0.50 0.0 
32955.63 0.35 0.0 
32370.51 0.30 0.0 
43111.87 0.39 0.0 
32974.67 0.42 0.0 
45314.05 0.38 0.0 
35152.95 0.39 0.0 
36315.49 0.51 0.0 
47092.51 0.52 0.0 
39740.59 0.32 0.0 
47432.70 0.62 0.0 
44657.11 0.39 0.0 
44667.87 0.34 0.0 
52830.49 0.48 0.0 
53074.17 0.51 0.0 
52279.67 0.30 0.0 
44010.67 0.42 0.0 
44018.00 0.91 0.0 
44018.00 0.87 0.0 
44858.15 0.43 0.0 
44858.12 0.64 0.0 
56113.67 0.36 0.0 
55592.82 0.36 0.0 
49122.67 0.30 0.0 
56566.69 0.46 0.0 
56688.23 0.38 0.0 
56334.99 0.38 0.0 
53546.47 0.32 0.0 
53761.87 0.33 0.0 
55523.61 0.33 0.0 
57792.95 0.34 0.0 
54000.57 0.41 0.0 
58248.93 0.47 0.0 
57793.05 0.33 0.0 
52830.29 0.59 0.0 
55330.13 0.53 0.0 
58502.31 0.50 0.0 
50135.95 0.42 0.0 
54375.92 0.58 0.0 
61711.48 0.73 0.0 
57843.29 0.45 0.0 
60435.06 0.60 0.0 
52279.67 0.39 0.0 
63057.63 0.38 0.0 
63283.68 0.46 0.0 
54324.94 0.65 0.0 
59867.03 0.44 0.0 
54092.65 0.47 0.0 
54816.77 0.43 0.0 
60853.24 0.31 0.0 
61441.95 0.40 0.0 
55423.17 0.52 0.0 
62067.75 0.52 0.0 
55917.29 0.30 0.0 
67153.15 0.31 0.0 
66751.63 0.31 0.0 
57095.00 0.42 0.0 
57094.98 0.43 0.0 
58518.31 0.43 0.0 
58997.25 0.44 0.0 
64790.77 0.45 0.0 
58653.92 0.36 0.0 
65883.31 0.68 0.0 
69542.83 0.38 0.0 
71192.03 0.39 0.0 
60475.86 0.40 0.0 
67441.47 0.31 0.0 
61297.31 0.38 0.0 
61535.87 0.34 0.0 
72412.61 0.43 0.0 
68642.01 0.58 0.0 
69258.83 0.38 0.0 
66257.99 0.35 0.0 
65120.87 0.44 0.0 
76494.16 0.43 0.0 
72588.85 0.50 0.0 
69258.79 0.36 0.0 
73553.09 0.53 0.0 
74147.81 0.53 0.0 
76141.85 0.34 0.0 
79130.87 0.37 0.0 
76766.19 0.42 0.0 
71658.79 0.38 0.0 
79497.37 0.44 0.0 
79130.83 0.42 0.0 
75363.23 0.36 0.0 
79972.55 0.52 0.0 
80070.35 0.39 0.0 
68853.83 0.41 0.0 
77402.99 0.40 0.0 
78133.27 0.34 0.0 
80225.13 0.40 0.0 
73643.99 0.33 0.0 
72588.83 0.31 0.0 
74117.59 0.33 0.0 
73553.07 0.48 0.0 
74511.95 0.49 0.0 
75813.93 0.36 0.0 
79652.65 0.51 0.0 
