288.63 0.42 0.0 
2061.82 0.54 0.0 
288.63 0.43 0.0 
251.47 0.32 0.0 
2302.47 0.36 0.0 
857.87 0.36 0.0 
699.04 0.53 0.0 
810.97 0.61 0.0 
320.09 0.38 0.0 
3379.01 0.44 0.0 
2061.83 0.59 0.0 
3616.35 0.31 0.0 
3288.39 0.33 0.0 
2302.41 0.30 0.0 
2400.91 0.58 0.0 
810.97 0.43 0.0 
2399.95 0.38 0.0 
2506.41 0.58 0.0 
3124.05 0.32 0.0 
3247.20 0.54 0.0 
2915.89 0.50 0.0 
3247.22 0.72 0.0 
5542.31 0.31 0.0 
4055.31 0.36 0.0 
7097.81 0.31 0.0 
5542.31 0.34 0.0 
5150.47 0.32 0.0 
7145.67 0.34 0.0 
7260.91 0.36 0.0 
6730.57 0.35 0.0 
6730.54 0.45 0.0 
5997.55 0.30 0.0 
7097.71 0.39 0.0 
8453.33 0.31 0.0 
7254.19 0.37 0.0 
9996.97 0.73 0.0 
8152.00 0.70 0.0 
8139.10 0.77 0.0 
8152.00 0.64 0.0 
11198.93 0.64 0.0 
8139.10 0.75 0.0 
9391.35 0.45 0.0 
11577.70 0.48 0.0 
11589.93 0.73 0.0 
11834.91 0.34 0.0 
12380.83 0.37 0.0 
10119.39 0.30 0.0 
11110.47 0.31 0.0 
10568.71 0.38 0.0 
9680.44 0.38 0.0 
9944.62 0.87 0.0 
12737.65 0.53 0.0 
12750.29 0.71 0.0 
12553.25 0.54 0.0 
10431.85 0.48 0.0 
11589.93 0.70 0.0 
9944.60 0.66 0.0 
10419.20 0.43 0.0 
10431.85 0.36 0.0 
11198.93 0.32 0.0 
10419.23 0.63 0.0 
13368.58 0.57 0.0 
13822.69 0.48 0.0 
11577.74 0.47 0.0 
12553.25 0.57 0.0 
12565.99 0.63 0.0 
11371.06 0.60 0.0 
12676.85 0.34 0.0 
14178.39 0.31 0.0 
12794.25 0.38 0.0 
12795.09 0.41 0.0 
12055.00 0.51 0.0 
14535.91 0.30 0.0 
14448.77 0.68 0.0 
12517.13 0.54 0.0 
12106.48 0.33 0.0 
12737.64 0.58 0.0 
14689.00 0.67 0.0 
12750.40 0.72 0.0 
12870.51 0.32 0.0 
15180.01 0.39 0.0 
13368.60 0.55 0.0 
12439.83 0.49 0.0 
12566.01 0.49 0.0 
13822.61 0.50 0.0 
12795.71 0.48 0.0 
14481.49 0.33 0.0 
13535.01 0.58 0.0 
16151.23 0.32 0.0 
13663.39 0.31 0.0 
14702.31 0.40 0.0 
13535.01 0.39 0.0 
14273.93 0.32 0.0 
14318.68 0.35 0.0 
13649.00 0.78 0.0 
14448.76 0.52 0.0 
14257.91 0.42 0.0 
14688.97 0.41 0.0 
17312.55 0.34 0.0 
14481.52 0.32 0.0 
14491.04 0.36 0.0 
16151.23 0.30 0.0 
15368.15 0.39 0.0 
17338.95 0.33 0.0 
15335.19 0.35 0.0 
15756.51 0.34 0.0 
16112.63 0.32 0.0 
16379.49 0.56 0.0 
18520.71 0.31 0.0 
17986.07 0.31 0.0 
18735.53 0.51 0.0 
20071.55 0.40 0.0 
25742.67 0.33 0.0 
24154.83 0.31 0.0 
24079.08 0.45 0.0 
25742.63 0.44 0.0 
25897.77 0.74 0.0 
25911.37 0.59 0.0 
25911.33 0.51 0.0 
28843.67 0.75 0.0 
27542.41 0.34 0.0 
25897.73 0.77 0.0 
28843.67 0.86 0.0 
29620.41 0.35 0.0 
31097.44 0.33 0.0 
29972.76 0.34 0.0 
30332.59 0.60 0.0 
30336.65 0.81 0.0 
30325.13 0.85 0.0 
30471.67 0.49 0.0 
31211.00 0.55 0.0 
30325.13 0.86 0.0 
30336.65 0.77 0.0 
31211.01 0.32 0.0 
32853.68 0.62 0.0 
34462.75 0.41 0.0 
33365.03 0.39 0.0 
32853.69 0.68 0.0 
34312.28 0.66 0.0 
33364.99 0.49 0.0 
35921.06 0.33 0.0 
35374.29 0.37 0.0 
36855.48 0.58 0.0 
34786.37 0.41 0.0 
35241.89 0.32 0.0 
35391.15 0.46 0.0 
36827.85 0.30 0.0 
38201.39 0.50 0.0 
35726.39 0.33 0.0 
37263.08 0.66 0.0 
38467.84 0.45 0.0 
36848.49 0.34 0.0 
36849.01 0.42 0.0 
37413.07 0.41 0.0 
37658.10 0.64 0.0 
36827.81 0.65 0.0 
36848.47 0.35 0.0 
37864.32 0.63 0.0 
38251.58 0.64 0.0 
37952.75 0.41 0.0 
37413.03 0.43 0.0 
37755.99 0.36 0.0 
40874.29 0.32 0.0 
38237.92 0.45 0.0 
41896.43 0.74 0.0 
40455.11 0.33 0.0 
40065.41 0.39 0.0 
41313.11 0.50 0.0 
42096.57 0.50 0.0 
43336.15 0.32 0.0 
41896.45 0.34 0.0 
42400.95 0.41 0.0 
42989.91 0.46 0.0 
45258.01 0.41 0.0 
44003.56 0.71 0.0 
45884.86 0.48 0.0 
43209.19 0.40 0.0 
43572.96 0.71 0.0 
44915.19 0.38 0.0 
44547.39 0.59 0.0 
45196.60 0.79 0.0 
44003.55 0.69 0.0 
46066.67 0.34 0.0 
44840.76 0.31 0.0 
45865.39 0.44 0.0 
45196.60 0.84 0.0 
45958.83 0.49 0.0 
47073.63 0.30 0.0 
46066.67 0.64 0.0 
46211.99 0.46 0.0 
48663.50 0.31 0.0 
47714.21 0.48 0.0 
49099.57 0.65 0.0 
49236.69 0.38 0.0 
48663.51 0.49 0.0 
49066.60 0.59 0.0 
49326.01 0.58 0.0 
49325.99 0.82 0.0 
50822.72 0.70 0.0 
52147.11 0.30 0.0 
55489.71 0.39 0.0 
57398.54 0.34 0.0 
62232.00 0.80 0.0 
61297.66 0.31 0.0 
62231.99 0.67 0.0 
64381.87 0.60 0.0 
64339.71 0.75 0.0 
64509.36 0.38 0.0 
64241.91 0.30 0.0 
64820.36 0.54 0.0 
65099.48 0.66 0.0 
64410.46 0.89 0.0 
65937.43 0.42 0.0 
65099.57 0.35 0.0 
64315.15 0.62 0.0 
64339.69 0.65 0.0 
66045.96 0.74 0.0 
64442.14 0.77 0.0 
64455.59 0.31 0.0 
64442.15 0.34 0.0 
64398.84 0.84 0.0 
64410.43 0.61 0.0 
64381.90 0.73 0.0 
64398.79 0.62 0.0 
64509.39 0.51 0.0 
65937.43 0.67 0.0 
67243.79 0.51 0.0 
66971.64 0.34 0.0 
69365.87 0.30 0.0 
69301.60 0.68 0.0 
71211.16 0.39 0.0 
71459.50 0.86 0.0 
71693.43 0.36 0.0 
71712.67 0.39 0.0 
71813.24 0.81 0.0 
71930.73 0.65 0.0 
71678.24 0.77 0.0 
71459.57 0.62 0.0 
71791.69 0.75 0.0 
72179.79 0.38 0.0 
69803.12 0.61 0.0 
72306.25 0.52 0.0 
71678.25 0.79 0.0 
71693.42 0.58 0.0 
71791.66 0.74 0.0 
71813.24 0.80 0.0 
70908.27 0.45 0.0 
71406.24 0.57 0.0 
71616.87 0.59 0.0 
71622.27 0.37 0.0 
71750.00 0.50 0.0 
72142.15 0.41 0.0 
71854.55 0.51 0.0 
71972.97 0.54 0.0 
72664.88 0.61 0.0 
71771.61 0.74 0.0 
72161.84 0.71 0.0 
72337.21 0.48 0.0 
71750.02 0.81 0.0 
71771.62 0.67 0.0 
72635.84 0.37 0.0 
72244.98 0.78 0.0 
71879.34 0.79 0.0 
72110.12 0.50 0.0 
71610.19 0.31 0.0 
71616.85 0.34 0.0 
71622.27 0.55 0.0 
72244.98 0.71 0.0 
71348.95 0.51 0.0 
73849.43 0.48 0.0 
73967.63 0.31 0.0 
71854.52 0.79 0.0 
71965.94 0.81 0.0 
72337.25 0.42 0.0 
72306.25 0.63 0.0 
73960.00 0.59 0.0 
73959.98 0.71 0.0 
72664.89 0.67 0.0 
75650.13 0.35 0.0 
76310.52 0.41 0.0 
76921.51 0.31 0.0 
76310.51 0.53 0.0 
77371.83 0.47 0.0 
77386.08 0.77 0.0 
77537.35 0.31 0.0 
77637.67 0.46 0.0 
77851.88 0.86 0.0 
77386.09 0.55 0.0 
77840.76 0.58 0.0 
77851.87 0.80 0.0 
79112.63 0.65 0.0 
78930.45 0.77 0.0 
79057.03 0.31 0.0 
79112.61 0.50 0.0 
80095.39 0.51 0.0 
80095.38 0.81 0.0 
78930.33 0.70 0.0 
80763.62 0.77 0.0 
79057.03 0.58 0.0 
80674.99 0.58 0.0 
81136.35 0.42 0.0 
81141.83 0.70 0.0 
81148.67 0.37 0.0 
81050.85 0.45 0.0 
81070.29 0.64 0.0 
80674.97 0.49 0.0 
81190.89 0.64 0.0 
81253.08 0.77 0.0 
81264.70 0.41 0.0 
81288.01 0.78 0.0 
81031.21 0.70 0.0 
81051.19 0.31 0.0 
80908.37 0.41 0.0 
81381.80 0.80 0.0 
81031.17 0.68 0.0 
81533.42 0.85 0.0 
81481.80 0.40 0.0 
81501.61 0.72 0.0 
81507.79 0.36 0.0 
81162.51 0.38 0.0 
81175.79 0.51 0.0 
81602.59 0.52 0.0 
81136.34 0.79 0.0 
81148.65 0.75 0.0 
81281.81 0.34 0.0 
81288.02 0.79 0.0 
80996.51 0.39 0.0 
81264.72 0.76 0.0 
81281.81 0.40 0.0 
81091.62 0.73 0.0 
81768.67 0.57 0.0 
81793.87 0.43 0.0 
81381.81 0.70 0.0 
81396.94 0.73 0.0 
81720.41 0.44 0.0 
81726.40 0.73 0.0 
81396.93 0.81 0.0 
81412.99 0.39 0.0 
81841.69 0.60 0.0 
81866.14 0.71 0.0 
80763.62 0.77 0.0 
81501.61 0.78 0.0 
81514.39 0.37 0.0 
81533.40 0.82 0.0 
81908.11 0.57 0.0 
81228.12 0.71 0.0 
81238.45 0.51 0.0 
81644.27 0.45 0.0 
82024.05 0.41 0.0 
80996.52 0.62 0.0 
81755.89 0.55 0.0 
81330.44 0.90 0.0 
81344.49 0.52 0.0 
81358.41 0.57 0.0 
81857.80 0.75 0.0 
81866.14 0.58 0.0 
81870.75 0.46 0.0 
81109.67 0.31 0.0 
81465.81 0.42 0.0 
81475.93 0.73 0.0 
81990.56 0.34 0.0 
82002.55 0.40 0.0 
81228.11 0.59 0.0 
81238.44 0.82 0.0 
81253.05 0.83 0.0 
82115.36 0.66 0.0 
81358.37 0.59 0.0 
81870.75 0.43 0.0 
82115.35 0.66 0.0 
81465.81 0.42 0.0 
81475.91 0.36 0.0 
81481.81 0.67 0.0 
81947.69 0.74 0.0 
81720.23 0.33 0.0 
81841.71 0.35 0.0 
82754.69 0.33 0.0 
81091.65 0.70 0.0 
81202.80 0.65 0.0 
81947.71 0.76 0.0 
81954.20 0.55 0.0 
81317.18 0.44 0.0 
81323.91 0.71 0.0 
81330.39 0.73 0.0 
81338.91 0.35 0.0 
81344.50 0.33 0.0 
82305.56 0.43 0.0 
81439.87 0.43 0.0 
80963.39 0.50 0.0 
81070.33 0.67 0.0 
83193.27 0.67 0.0 
81190.89 0.55 0.0 
81197.59 0.34 0.0 
81202.81 0.72 0.0 
81800.64 0.53 0.0 
81323.88 0.71 0.0 
81439.80 0.57 0.0 
81800.65 0.58 0.0 
84031.23 0.63 0.0 
84011.75 0.61 0.0 
81908.09 0.31 0.0 
81921.47 0.33 0.0 
83928.13 0.64 0.0 
82400.11 0.40 0.0 
82530.15 0.44 0.0 
82024.06 0.54 0.0 
84162.37 0.31 0.0 
84281.09 0.48 0.0 
83916.79 0.35 0.0 
83928.17 0.62 0.0 
84375.45 0.66 0.0 
84375.48 0.83 0.0 
84388.57 0.43 0.0 
84031.27 0.36 0.0 
84287.12 0.31 0.0 
84305.59 0.50 0.0 
84281.07 0.44 0.0 
84105.68 0.42 0.0 
84422.18 0.38 0.0 
84428.61 0.65 0.0 
84642.01 0.65 0.0 
84531.54 0.82 0.0 
84736.90 0.76 0.0 
84736.92 0.78 0.0 
84758.59 0.33 0.0 
84416.28 0.36 0.0 
84217.08 0.36 0.0 
84105.56 0.47 0.0 
84648.48 0.65 0.0 
84352.73 0.51 0.0 
84531.53 0.73 0.0 
84765.71 0.47 0.0 
84352.77 0.66 0.0 
84641.97 0.66 0.0 
84964.72 0.61 0.0 
84758.55 0.53 0.0 
84765.73 0.43 0.0 
84609.12 0.33 0.0 
84994.63 0.41 0.0 
85338.85 0.75 0.0 
84694.13 0.74 0.0 
85338.82 0.72 0.0 
84964.72 0.59 0.0 
85454.08 0.58 0.0 
84811.95 0.34 0.0 
84821.44 0.52 0.0 
84940.21 0.70 0.0 
84959.31 0.58 0.0 
85075.67 0.38 0.0 
84217.11 0.56 0.0 
84317.23 0.43 0.0 
86175.90 0.78 0.0 
86175.91 0.80 0.0 
83826.65 0.71 0.0 
85675.31 0.40 0.0 
84559.23 0.41 0.0 
84566.37 0.83 0.0 
85675.33 0.70 0.0 
84193.13 0.62 0.0 
85900.17 0.56 0.0 
84305.61 0.60 0.0 
84317.24 0.33 0.0 
84422.18 0.60 0.0 
84434.86 0.69 0.0 
84552.71 0.66 0.0 
84566.37 0.89 0.0 
