1478.09 0.86 0.0 
2655.74 0.36 0.0 
2789.08 0.87 0.0 
3026.57 0.37 0.0 
1478.12 0.69 0.0 
3521.95 0.73 0.0 
539.21 0.39 0.0 
482.19 0.81 0.0 
482.16 0.57 0.0 
852.75 0.52 0.0 
463.76 0.77 0.0 
963.71 0.55 0.0 
963.75 0.32 0.0 
1084.72 0.74 0.0 
1626.00 0.78 0.0 
1980.38 0.86 0.0 
5301.59 0.33 0.0 
2112.03 0.63 0.0 
2040.79 0.93 0.0 
2426.76 0.85 0.0 
2040.78 0.93 0.0 
2053.79 0.60 0.0 
1538.58 0.39 0.0 
2655.76 0.79 0.0 
2789.07 0.76 0.0 
3026.56 0.52 0.0 
2505.48 0.72 0.0 
2505.40 0.60 0.0 
6521.24 0.33 0.0 
4081.51 0.34 0.0 
6650.29 0.35 0.0 
3715.08 0.38 0.0 
7583.37 0.33 0.0 
7596.11 0.36 0.0 
4800.73 0.57 0.0 
8080.16 0.66 0.0 
4497.05 0.47 0.0 
1408.47 0.31 0.0 
4318.82 0.95 0.0 
4318.81 0.94 0.0 
1626.00 0.80 0.0 
5301.53 0.62 0.0 
4574.28 0.63 0.0 
5085.09 0.36 0.0 
7844.72 0.33 0.0 
1980.43 0.89 0.0 
5011.89 0.61 0.0 
5145.41 0.38 0.0 
8338.68 0.59 0.0 
5834.01 0.47 0.0 
6147.93 0.39 0.0 
5758.66 0.78 0.0 
8819.53 0.85 0.0 
5011.89 0.33 0.0 
6424.97 0.33 0.0 
3202.16 0.31 0.0 
6609.32 0.43 0.0 
7031.08 0.42 0.0 
6613.20 0.53 0.0 
11321.15 0.40 0.0 
6947.64 0.73 0.0 
7624.75 0.34 0.0 
7583.33 0.58 0.0 
7067.65 0.69 0.0 
6200.56 0.40 0.0 
7852.01 0.44 0.0 
6947.64 0.80 0.0 
6971.08 0.58 0.0 
11682.51 0.55 0.0 
4769.11 0.55 0.0 
7067.64 0.64 0.0 
4998.83 0.48 0.0 
8338.61 0.41 0.0 
7549.52 0.30 0.0 
10851.03 0.59 0.0 
7789.12 0.58 0.0 
7880.18 0.55 0.0 
11682.52 0.57 0.0 
11928.73 0.31 0.0 
8366.27 0.76 0.0 
9211.60 0.74 0.0 
12049.56 0.45 0.0 
12059.49 0.36 0.0 
6425.01 0.32 0.0 
6440.81 0.30 0.0 
6448.41 0.35 0.0 
8608.24 0.73 0.0 
6568.00 0.53 0.0 
8742.91 0.42 0.0 
12775.04 0.88 0.0 
7031.08 0.38 0.0 
9211.57 0.62 0.0 
12890.87 0.57 0.0 
9938.65 0.48 0.0 
13254.96 0.79 0.0 
10851.01 0.36 0.0 
13496.37 0.34 0.0 
7642.11 0.38 0.0 
7649.23 0.53 0.0 
7880.17 0.74 0.0 
9938.69 0.50 0.0 
10037.17 0.87 0.0 
10441.80 0.37 0.0 
8120.16 0.46 0.0 
11280.59 0.34 0.0 
11277.57 0.63 0.0 
8608.25 0.55 0.0 
14436.58 0.31 0.0 
14445.27 0.83 0.0 
11051.41 0.31 0.0 
16589.08 0.39 0.0 
16594.09 0.94 0.0 
14698.71 0.67 0.0 
14818.09 0.94 0.0 
14937.28 0.80 0.0 
12546.36 0.95 0.0 
17196.81 0.61 0.0 
12509.51 0.88 0.0 
15179.21 0.51 0.0 
12775.06 0.87 0.0 
12730.63 0.88 0.0 
12890.92 0.86 0.0 
12909.17 0.45 0.0 
15649.44 0.60 0.0 
13070.32 0.57 0.0 
13254.96 0.73 0.0 
10037.17 0.84 0.0 
12730.65 0.95 0.0 
13446.87 0.96 0.0 
12436.83 0.35 0.0 
12842.60 0.37 0.0 
12851.71 0.40 0.0 
10406.24 0.57 0.0 
12955.26 0.40 0.0 
12972.56 0.81 0.0 
13070.32 0.51 0.0 
12701.53 0.43 0.0 
16594.12 0.78 0.0 
14089.55 0.57 0.0 
14260.79 0.61 0.0 
13446.87 0.96 0.0 
14445.26 0.82 0.0 
14818.11 0.85 0.0 
13541.31 0.56 0.0 
17459.61 0.38 0.0 
14937.24 0.80 0.0 
15190.28 0.48 0.0 
14140.16 0.50 0.0 
14260.76 0.48 0.0 
15146.97 0.39 0.0 
12546.35 0.94 0.0 
18654.85 0.39 0.0 
12781.57 0.67 0.0 
12909.16 0.42 0.0 
12927.17 0.59 0.0 
16302.92 0.33 0.0 
19018.63 0.31 0.0 
16662.13 0.37 0.0 
16734.24 0.30 0.0 
16873.89 0.47 0.0 
16589.09 0.70 0.0 
21041.24 0.36 0.0 
17386.88 0.70 0.0 
16571.31 0.75 0.0 
21644.45 0.51 0.0 
16302.94 0.96 0.0 
21056.29 0.34 0.0 
16648.43 0.88 0.0 
16662.15 0.80 0.0 
17386.88 0.76 0.0 
22223.19 0.93 0.0 
18132.76 0.49 0.0 
18132.75 0.91 0.0 
18838.93 0.40 0.0 
23065.95 0.79 0.0 
22008.13 0.68 0.0 
22137.52 0.42 0.0 
19190.86 0.55 0.0 
18854.52 0.73 0.0 
23684.44 0.48 0.0 
22371.48 0.66 0.0 
22377.63 0.33 0.0 
16648.43 0.95 0.0 
19190.86 0.75 0.0 
24135.21 0.33 0.0 
24394.76 0.36 0.0 
24745.43 0.74 0.0 
20591.55 0.40 0.0 
19526.43 0.39 0.0 
19903.53 0.37 0.0 
18448.56 0.56 0.0 
21302.17 0.53 0.0 
26323.00 0.56 0.0 
20618.68 0.65 0.0 
24648.04 0.39 0.0 
19260.20 0.43 0.0 
21912.36 0.55 0.0 
22223.19 0.95 0.0 
22008.11 0.65 0.0 
19526.43 0.91 0.0 
26681.22 0.50 0.0 
22465.21 0.31 0.0 
19888.77 0.52 0.0 
22371.47 0.44 0.0 
25473.96 0.31 0.0 
20243.57 0.57 0.0 
23065.99 0.90 0.0 
23133.32 0.40 0.0 
23427.52 0.85 0.0 
21915.85 0.36 0.0 
23770.45 0.53 0.0 
23902.41 0.47 0.0 
23908.51 0.87 0.0 
23352.29 0.40 0.0 
24004.17 0.33 0.0 
24135.25 0.56 0.0 
21302.16 0.71 0.0 
23770.43 0.76 0.0 
28587.85 0.41 0.0 
23133.27 0.43 0.0 
24745.44 0.63 0.0 
28827.12 0.41 0.0 
27294.60 0.72 0.0 
24473.85 0.60 0.0 
21912.35 0.77 0.0 
24914.41 0.80 0.0 
25246.03 0.30 0.0 
25533.85 0.71 0.0 
29803.57 0.74 0.0 
26186.32 0.36 0.0 
25176.76 0.33 0.0 
30039.40 0.89 0.0 
25533.91 0.74 0.0 
30763.29 0.69 0.0 
26611.36 0.79 0.0 
29803.60 0.39 0.0 
26259.33 0.53 0.0 
26611.36 0.66 0.0 
30039.40 0.88 0.0 
27294.57 0.52 0.0 
26968.97 0.56 0.0 
27704.13 0.89 0.0 
27820.20 0.73 0.0 
27337.40 0.65 0.0 
27914.08 0.35 0.0 
28587.84 0.85 0.0 
28827.11 0.53 0.0 
27704.11 0.89 0.0 
28394.35 0.95 0.0 
27820.10 0.31 0.0 
32541.47 0.41 0.0 
28044.20 0.83 0.0 
32785.76 0.74 0.0 
26968.96 0.84 0.0 
29354.43 0.93 0.0 
28755.44 0.33 0.0 
30268.41 0.38 0.0 
29116.32 0.81 0.0 
30387.47 0.41 0.0 
27568.37 0.30 0.0 
33059.33 0.61 0.0 
33173.57 0.73 0.0 
30062.52 0.32 0.0 
30866.68 0.46 0.0 
30970.79 0.76 0.0 
28044.20 0.88 0.0 
34817.23 0.90 0.0 
30554.00 0.89 0.0 
28394.40 0.63 0.0 
30970.79 0.77 0.0 
28755.43 0.43 0.0 
28889.04 0.58 0.0 
35441.69 0.46 0.0 
29354.41 0.88 0.0 
34846.85 0.83 0.0 
31655.04 0.71 0.0 
29460.87 0.63 0.0 
35096.93 0.35 0.0 
32785.75 0.89 0.0 
31655.03 0.76 0.0 
32026.48 0.35 0.0 
32026.44 0.35 0.0 
35459.19 0.88 0.0 
32006.72 0.44 0.0 
30062.56 0.36 0.0 
30306.57 0.46 0.0 
30554.05 0.59 0.0 
32953.53 0.81 0.0 
33173.55 0.77 0.0 
31049.08 0.47 0.0 
33969.28 0.48 0.0 
36773.72 0.50 0.0 
33563.54 0.89 0.0 
33969.25 0.74 0.0 
34817.24 0.79 0.0 
38059.60 0.42 0.0 
31869.47 0.40 0.0 
34433.85 0.33 0.0 
32239.25 0.75 0.0 
32247.36 0.37 0.0 
38074.07 0.33 0.0 
34396.17 0.44 0.0 
35640.44 0.51 0.0 
34846.83 0.83 0.0 
35294.49 0.49 0.0 
32726.51 0.73 0.0 
32849.19 0.45 0.0 
35232.60 0.66 0.0 
35640.37 0.44 0.0 
35459.20 0.42 0.0 
39642.48 0.39 0.0 
33563.48 0.44 0.0 
39297.65 0.41 0.0 
36486.79 0.84 0.0 
34032.22 0.35 0.0 
36837.41 0.34 0.0 
37347.67 0.95 0.0 
36821.88 0.68 0.0 
36920.60 0.86 0.0 
40379.42 0.91 0.0 
35361.01 0.49 0.0 
39486.59 0.46 0.0 
41213.75 0.54 0.0 
38117.45 0.48 0.0 
42506.77 0.91 0.0 
38612.11 0.59 0.0 
38612.12 0.66 0.0 
36920.59 0.91 0.0 
39486.56 0.43 0.0 
41306.52 0.38 0.0 
38117.44 0.48 0.0 
38242.85 0.37 0.0 
40379.43 0.89 0.0 
39944.11 0.84 0.0 
40795.56 0.71 0.0 
44678.45 0.86 0.0 
42506.77 0.74 0.0 
41213.69 0.35 0.0 
44678.45 0.86 0.0 
45982.04 0.64 0.0 
42073.01 0.42 0.0 
42939.39 0.86 0.0 
46853.41 0.66 0.0 
42073.03 0.87 0.0 
45115.92 0.89 0.0 
44231.87 0.93 0.0 
45982.04 0.75 0.0 
45115.92 0.83 0.0 
45557.52 0.43 0.0 
44231.89 0.61 0.0 
46414.44 0.35 0.0 
46853.37 0.50 0.0 
46414.43 0.54 0.0 
51284.65 0.64 0.0 
45557.51 0.53 0.0 
49443.23 0.72 0.0 
49443.24 0.75 0.0 
49011.08 0.42 0.0 
52598.69 0.54 0.0 
47720.44 0.40 0.0 
49900.94 0.35 0.0 
50831.38 0.86 0.0 
51719.88 0.72 0.0 
55841.45 0.84 0.0 
55365.23 0.46 0.0 
55841.44 0.84 0.0 
54385.47 0.31 0.0 
54845.03 0.59 0.0 
53034.28 0.59 0.0 
53496.37 0.53 0.0 
55365.39 0.50 0.0 
56749.05 0.36 0.0 
59545.92 0.48 0.0 
57227.25 0.48 0.0 
58188.04 0.56 0.0 
56749.04 0.63 0.0 
61947.00 0.53 0.0 
57227.24 0.32 0.0 
62308.61 0.39 0.0 
61856.84 0.74 0.0 
62778.13 0.33 0.0 
62697.80 0.75 0.0 
61947.85 0.39 0.0 
62308.56 0.87 0.0 
58642.27 0.41 0.0 
64615.05 0.32 0.0 
65065.40 0.81 0.0 
65530.08 0.70 0.0 
67736.56 0.55 0.0 
69857.56 0.59 0.0 
68791.55 0.32 0.0 
71320.07 0.35 0.0 
65983.16 0.88 0.0 
71802.54 0.63 0.0 
67736.52 0.57 0.0 
70345.51 0.76 0.0 
70814.57 0.86 0.0 
72290.39 0.35 0.0 
66926.91 0.66 0.0 
68854.32 0.56 0.0 
68854.29 0.60 0.0 
74802.09 0.79 0.0 
73323.01 0.37 0.0 
73323.04 0.41 0.0 
72802.87 0.63 0.0 
79242.99 0.73 0.0 
72802.88 0.61 0.0 
76906.32 0.32 0.0 
75654.17 0.38 0.0 
80184.24 0.53 0.0 
79243.04 0.46 0.0 
77992.70 0.46 0.0 
75812.17 0.36 0.0 
75812.17 0.38 0.0 
78589.98 0.47 0.0 
78733.72 0.65 0.0 
78733.73 0.61 0.0 
81298.08 0.84 0.0 
81898.67 0.84 0.0 
80184.24 0.89 0.0 
77992.64 0.36 0.0 
81494.35 0.82 0.0 
84262.75 0.61 0.0 
78590.00 0.60 0.0 
80234.08 0.30 0.0 
79661.61 0.81 0.0 
82227.41 0.49 0.0 
82463.84 0.38 0.0 
80757.67 0.90 0.0 
81220.11 0.46 0.0 
81462.51 0.80 0.0 
81462.52 0.43 0.0 
83661.97 0.68 0.0 
84262.75 0.60 0.0 
