1739.24 0.30 0.0 
4735.59 0.50 0.0 
8789.17 0.33 0.0 
9489.69 0.72 0.0 
9508.11 0.95 0.0 
9538.64 0.89 0.0 
9721.17 0.45 0.0 
9489.71 0.83 0.0 
9508.09 0.70 0.0 
9709.96 0.73 0.0 
9721.16 0.59 0.0 
10229.05 0.42 0.0 
9709.96 0.81 0.0 
9943.38 0.84 0.0 
9943.37 0.87 0.0 
10715.52 0.67 0.0 
9538.64 0.72 0.0 
10526.52 0.43 0.0 
10526.52 0.84 0.0 
11428.31 0.95 0.0 
10272.39 0.46 0.0 
11275.65 0.49 0.0 
11482.37 0.41 0.0 
11482.39 0.88 0.0 
11504.08 0.82 0.0 
12053.75 0.80 0.0 
12299.28 0.57 0.0 
12735.89 0.91 0.0 
11589.59 0.31 0.0 
11712.68 0.47 0.0 
12735.86 0.91 0.0 
12704.49 0.73 0.0 
12053.79 0.83 0.0 
13363.67 0.86 0.0 
13821.32 0.57 0.0 
13276.91 0.34 0.0 
14055.08 0.47 0.0 
13859.25 0.70 0.0 
13644.59 0.54 0.0 
14422.48 0.47 0.0 
14428.96 0.53 0.0 
13644.55 0.37 0.0 
14037.84 0.87 0.0 
14455.21 0.30 0.0 
14500.97 0.38 0.0 
15383.03 0.40 0.0 
15383.05 0.84 0.0 
15216.44 0.35 0.0 
15613.93 0.47 0.0 
15359.03 0.60 0.0 
15733.48 0.71 0.0 
15208.05 0.45 0.0 
15216.44 0.43 0.0 
15293.88 0.45 0.0 
16108.97 0.41 0.0 
14455.21 0.45 0.0 
14473.57 0.52 0.0 
15713.25 0.50 0.0 
16107.09 0.32 0.0 
14941.89 0.35 0.0 
16604.49 0.47 0.0 
15313.81 0.35 0.0 
16814.26 0.89 0.0 
17042.51 0.41 0.0 
17308.55 0.94 0.0 
16369.72 0.95 0.0 
16376.52 0.39 0.0 
16168.69 0.51 0.0 
17308.57 0.62 0.0 
16392.96 0.37 0.0 
16151.92 0.35 0.0 
17770.57 0.31 0.0 
16745.97 0.32 0.0 
18042.88 0.83 0.0 
16860.09 0.42 0.0 
16369.72 0.95 0.0 
16377.93 0.31 0.0 
16393.05 0.80 0.0 
17553.17 0.43 0.0 
17579.07 0.39 0.0 
17341.69 0.34 0.0 
19088.57 0.39 0.0 
18574.76 0.54 0.0 
19682.97 0.44 0.0 
18574.76 0.36 0.0 
19682.95 0.33 0.0 
19077.93 0.32 0.0 
19304.32 0.46 0.0 
19407.77 0.49 0.0 
21466.56 0.31 0.0 
21462.49 0.54 0.0 
22226.12 0.39 0.0 
22584.84 0.45 0.0 
21942.71 0.56 0.0 
21466.60 0.51 0.0 
21470.55 0.45 0.0 
22056.89 0.47 0.0 
22062.75 0.47 0.0 
22934.44 0.34 0.0 
22194.85 0.49 0.0 
24116.91 0.30 0.0 
24039.72 0.59 0.0 
23006.37 0.49 0.0 
24039.71 0.71 0.0 
25801.36 0.71 0.0 
24116.97 0.38 0.0 
24807.20 0.73 0.0 
24953.89 0.30 0.0 
25357.05 0.56 0.0 
26681.78 0.58 0.0 
28579.68 0.38 0.0 
26590.44 0.71 0.0 
28579.73 0.39 0.0 
30319.76 0.71 0.0 
30326.75 0.46 0.0 
30319.75 0.73 0.0 
30326.79 0.38 0.0 
31459.29 0.32 0.0 
33509.95 0.83 0.0 
33089.37 0.38 0.0 
37124.18 0.83 0.0 
41138.29 0.30 0.0 
43878.99 0.31 0.0 
61080.80 0.39 0.0 
63700.48 0.66 0.0 
65139.30 0.37 0.0 
69282.07 0.30 0.0 
70484.04 0.36 0.0 
70180.36 0.38 0.0 
72222.61 0.39 0.0 
71470.31 0.32 0.0 
73737.83 0.36 0.0 
74439.56 0.46 0.0 
72924.96 0.40 0.0 
75827.44 0.33 0.0 
77443.76 0.56 0.0 
77681.87 0.38 0.0 
79966.33 0.34 0.0 
79979.08 0.49 0.0 
80418.53 0.37 0.0 
80594.10 0.34 0.0 
81927.27 0.51 0.0 
83014.77 0.47 0.0 
84028.84 0.48 0.0 
84352.13 0.46 0.0 
83343.59 0.31 0.0 
86111.21 0.46 0.0 
