432.33 0.72 0.0 
1166.89 0.43 0.0 
358.69 0.30 0.0 
957.45 0.30 0.0 
1469.31 0.33 0.0 
3445.31 0.46 0.0 
8681.73 0.39 0.0 
8250.60 0.61 0.0 
10122.75 0.37 0.0 
10016.12 0.38 0.0 
10016.20 0.54 0.0 
9480.93 0.48 0.0 
13353.47 0.48 0.0 
12659.25 0.42 0.0 
12539.01 0.42 0.0 
18943.89 0.54 0.0 
19778.36 0.30 0.0 
20440.33 0.34 0.0 
22991.85 0.66 0.0 
22948.45 0.30 0.0 
24357.20 0.64 0.0 
27821.33 0.48 0.0 
25641.05 0.51 0.0 
27037.33 0.32 0.0 
26878.47 0.42 0.0 
27894.73 0.71 0.0 
27894.69 0.30 0.0 
30581.51 0.43 0.0 
29406.88 0.37 0.0 
29984.88 0.39 0.0 
30120.04 0.33 0.0 
30143.33 0.38 0.0 
31599.77 0.43 0.0 
31394.11 0.31 0.0 
32083.89 0.62 0.0 
35979.79 0.48 0.0 
34253.45 0.33 0.0 
35789.40 0.39 0.0 
36973.56 0.43 0.0 
42584.21 0.39 0.0 
41307.36 0.45 0.0 
44906.69 0.72 0.0 
46408.83 0.39 0.0 
46493.11 0.30 0.0 
46852.65 0.36 0.0 
48490.17 0.48 0.0 
51991.33 0.52 0.0 
52999.07 0.37 0.0 
55435.81 0.44 0.0 
53185.72 0.32 0.0 
55720.17 0.64 0.0 
60222.56 0.48 0.0 
55991.81 0.39 0.0 
61302.25 0.46 0.0 
57072.45 0.33 0.0 
59679.16 0.33 0.0 
58228.39 0.37 0.0 
59928.29 0.48 0.0 
60672.93 0.76 0.0 
64401.61 0.40 0.0 
66283.76 0.38 0.0 
65098.49 0.60 0.0 
67644.57 0.34 0.0 
74257.06 0.51 0.0 
68788.87 0.80 0.0 
74621.92 0.56 0.0 
75220.28 0.36 0.0 
72643.37 0.30 0.0 
73715.65 0.67 0.0 
71308.41 0.43 0.0 
74257.04 0.32 0.0 
75163.05 0.37 0.0 
75220.32 0.73 0.0 
74428.97 0.36 0.0 
78146.35 0.42 0.0 
83773.20 0.40 0.0 
85558.73 0.35 0.0 
85090.05 0.34 0.0 
83064.61 0.46 0.0 
85718.57 0.54 0.0 
86277.65 0.39 0.0 
86114.37 0.33 0.0 
85708.13 0.47 0.0 
