2697.52 0.52 0.0 
6112.32 0.40 0.0 
12548.36 0.70 0.0 
8133.91 0.66 0.0 
12777.61 0.41 0.0 
13032.35 0.63 0.0 
9377.11 0.36 0.0 
12548.36 0.32 0.0 
9939.43 0.83 0.0 
10482.75 0.79 0.0 
14126.08 0.38 0.0 
8133.89 0.42 0.0 
11562.12 0.51 0.0 
9939.39 0.81 0.0 
16996.60 0.33 0.0 
12777.64 0.67 0.0 
13831.60 0.35 0.0 
12732.79 0.79 0.0 
14023.99 0.78 0.0 
14441.52 0.63 0.0 
12732.81 0.70 0.0 
18208.61 0.30 0.0 
14095.17 0.66 0.0 
14064.05 0.54 0.0 
16996.60 0.90 0.0 
21794.48 0.33 0.0 
21928.81 0.81 0.0 
18451.52 0.45 0.0 
18719.60 0.34 0.0 
22098.07 0.48 0.0 
22183.12 0.66 0.0 
26009.33 0.62 0.0 
22259.17 0.81 0.0 
22214.17 0.59 0.0 
21981.29 0.32 0.0 
22098.08 0.35 0.0 
29088.87 0.47 0.0 
24976.00 0.40 0.0 
24898.37 0.46 0.0 
29355.09 0.50 0.0 
25893.29 0.43 0.0 
25907.15 0.39 0.0 
25709.56 0.80 0.0 
27462.52 0.64 0.0 
28858.54 0.96 0.0 
26879.21 0.87 0.0 
29429.41 0.40 0.0 
36082.44 0.52 0.0 
31465.97 0.37 0.0 
30597.25 0.77 0.0 
35999.24 0.42 0.0 
36774.69 0.51 0.0 
36464.43 0.97 0.0 
35999.26 0.92 0.0 
44069.69 0.66 0.0 
51285.07 0.34 0.0 
51328.35 0.53 0.0 
48295.29 0.49 0.0 
49109.71 0.58 0.0 
49337.97 0.36 0.0 
49976.05 0.30 0.0 
50454.36 0.32 0.0 
50744.51 0.72 0.0 
52018.87 0.46 0.0 
50283.81 0.30 0.0 
51134.05 0.63 0.0 
51988.23 0.85 0.0 
58769.33 0.70 0.0 
54898.49 0.49 0.0 
60673.73 0.85 0.0 
61154.16 0.91 0.0 
58064.36 0.84 0.0 
56894.59 0.73 0.0 
67501.65 0.51 0.0 
64139.17 0.86 0.0 
65143.57 0.36 0.0 
71369.58 0.80 0.0 
72644.01 0.46 0.0 
72251.85 0.41 0.0 
77846.53 0.56 0.0 
72239.63 0.46 0.0 
79408.68 0.69 0.0 
79767.41 0.54 0.0 
78509.09 0.35 0.0 
80579.57 0.40 0.0 
80307.33 0.42 0.0 
81898.25 0.62 0.0 
81720.61 0.31 0.0 
82106.92 0.56 0.0 
83020.12 0.35 0.0 
83643.84 0.76 0.0 
84149.32 0.80 0.0 
83643.84 0.85 0.0 
81090.16 0.69 0.0 
85064.13 0.41 0.0 
85108.47 0.61 0.0 
83038.77 0.39 0.0 
