731.88 0.72 0.0 
1241.95 0.35 0.0 
731.86 0.92 0.0 
3494.29 0.31 0.0 
8180.13 0.52 0.0 
8026.71 0.31 0.0 
9228.12 0.46 0.0 
9985.15 0.94 0.0 
9985.15 0.91 0.0 
10979.56 0.65 0.0 
10460.25 0.54 0.0 
11571.72 0.54 0.0 
11571.73 0.73 0.0 
11814.72 0.49 0.0 
11814.71 0.78 0.0 
11620.42 0.96 0.0 
12095.63 0.85 0.0 
12545.03 0.85 0.0 
12778.19 0.92 0.0 
12778.18 0.92 0.0 
13367.43 0.95 0.0 
12821.51 0.89 0.0 
13367.43 0.94 0.0 
11620.40 0.53 0.0 
12511.93 0.31 0.0 
12609.51 0.60 0.0 
12593.85 0.50 0.0 
12095.60 0.85 0.0 
13542.92 0.62 0.0 
12593.85 0.96 0.0 
14490.05 0.42 0.0 
14414.03 0.32 0.0 
14536.44 0.52 0.0 
14656.73 0.42 0.0 
15809.51 0.58 0.0 
16047.73 0.34 0.0 
15628.69 0.66 0.0 
16885.83 0.61 0.0 
17727.88 0.37 0.0 
17159.43 0.33 0.0 
17371.99 0.38 0.0 
17384.63 0.32 0.0 
22274.59 0.89 0.0 
23953.85 0.57 0.0 
24012.81 0.45 0.0 
23025.11 0.30 0.0 
25038.91 0.34 0.0 
25943.07 0.91 0.0 
25943.07 0.93 0.0 
25953.19 0.34 0.0 
25953.83 0.31 0.0 
27965.83 0.31 0.0 
28874.19 0.71 0.0 
29401.32 0.31 0.0 
29401.37 0.37 0.0 
30369.36 0.33 0.0 
30370.44 0.69 0.0 
30369.36 0.41 0.0 
30370.45 0.58 0.0 
31580.92 0.35 0.0 
32677.77 0.85 0.0 
33944.51 0.43 0.0 
33974.41 0.79 0.0 
33737.39 0.30 0.0 
33884.31 0.51 0.0 
34649.37 0.30 0.0 
34572.79 0.38 0.0 
35021.64 0.69 0.0 
36873.50 0.80 0.0 
35021.79 0.30 0.0 
36822.24 0.48 0.0 
36943.60 0.78 0.0 
36873.50 0.50 0.0 
36822.19 0.55 0.0 
37679.17 0.39 0.0 
41174.37 0.36 0.0 
41039.45 0.32 0.0 
42040.97 0.31 0.0 
44549.35 0.44 0.0 
47609.37 0.52 0.0 
46079.32 0.45 0.0 
48224.51 0.47 0.0 
48164.49 0.36 0.0 
48837.13 0.48 0.0 
52707.72 0.43 0.0 
55751.77 0.33 0.0 
55751.77 0.42 0.0 
62547.75 0.31 0.0 
62684.47 0.47 0.0 
64048.97 0.37 0.0 
63959.31 0.36 0.0 
66358.71 0.50 0.0 
68952.88 0.69 0.0 
69778.53 0.43 0.0 
69618.04 0.38 0.0 
69854.28 0.51 0.0 
71054.24 0.36 0.0 
70589.21 0.51 0.0 
72565.69 0.33 0.0 
73409.48 0.43 0.0 
74698.97 0.39 0.0 
73199.37 0.34 0.0 
76962.48 0.74 0.0 
77084.51 0.39 0.0 
82859.56 0.34 0.0 
83414.41 0.51 0.0 
