1528.73 0.47 0.0 
1751.56 0.34 0.0 
479.28 0.33 0.0 
1328.21 0.34 0.0 
1348.83 0.45 0.0 
2727.84 0.43 0.0 
1499.42 0.46 0.0 
1413.69 0.45 0.0 
1979.00 0.31 0.0 
1902.85 0.43 0.0 
1917.53 0.50 0.0 
1413.72 0.43 0.0 
3245.40 0.82 0.0 
1902.79 0.48 0.0 
3118.99 0.45 0.0 
3245.39 0.94 0.0 
3297.67 0.58 0.0 
3538.88 0.75 0.0 
3119.04 0.67 0.0 
5546.77 0.46 0.0 
5098.21 0.41 0.0 
7145.61 0.36 0.0 
5793.04 0.41 0.0 
7092.52 0.74 0.0 
9991.53 0.77 0.0 
8150.77 0.46 0.0 
8137.12 0.96 0.0 
8150.81 0.46 0.0 
9809.51 0.93 0.0 
8137.11 0.94 0.0 
11577.62 0.32 0.0 
9078.27 0.33 0.0 
11832.53 0.40 0.0 
9948.72 0.46 0.0 
12513.55 0.31 0.0 
11248.07 0.43 0.0 
9942.45 0.93 0.0 
9948.89 0.73 0.0 
12735.52 0.71 0.0 
12551.11 0.97 0.0 
9942.45 0.94 0.0 
10417.15 0.82 0.0 
13364.25 0.33 0.0 
10417.15 0.94 0.0 
10423.87 0.34 0.0 
13377.96 0.58 0.0 
13500.33 0.67 0.0 
13821.47 0.94 0.0 
11577.66 0.49 0.0 
13964.44 0.64 0.0 
12551.11 0.90 0.0 
11772.41 0.36 0.0 
12052.88 0.43 0.0 
14234.19 0.41 0.0 
12385.17 0.40 0.0 
14444.10 0.67 0.0 
12735.52 0.84 0.0 
14687.56 0.60 0.0 
13647.93 0.95 0.0 
15177.20 0.30 0.0 
13377.96 0.67 0.0 
15434.45 0.43 0.0 
13821.47 0.90 0.0 
14488.61 0.63 0.0 
13533.24 0.48 0.0 
14269.37 0.50 0.0 
13647.94 0.89 0.0 
13663.08 0.36 0.0 
14444.12 0.41 0.0 
15782.99 0.32 0.0 
15133.95 0.37 0.0 
15407.69 0.54 0.0 
15365.07 0.38 0.0 
15494.12 0.48 0.0 
16375.25 0.43 0.0 
16333.64 0.53 0.0 
18524.51 0.63 0.0 
16410.51 0.31 0.0 
17325.27 0.47 0.0 
17338.81 0.48 0.0 
18389.43 0.37 0.0 
20919.23 0.75 0.0 
20009.05 0.51 0.0 
19497.35 0.88 0.0 
19677.73 0.76 0.0 
21642.43 0.62 0.0 
20140.35 0.43 0.0 
23713.64 0.41 0.0 
20984.60 0.69 0.0 
23367.41 0.38 0.0 
24357.96 0.40 0.0 
23939.41 0.35 0.0 
26352.36 0.34 0.0 
25198.60 0.33 0.0 
24103.32 0.36 0.0 
25887.92 0.40 0.0 
25019.49 0.37 0.0 
25896.88 0.77 0.0 
28004.47 0.66 0.0 
28578.59 0.32 0.0 
28842.25 0.50 0.0 
25896.88 0.70 0.0 
30163.48 0.89 0.0 
28948.30 0.32 0.0 
31124.33 0.86 0.0 
30322.96 0.90 0.0 
30179.32 0.39 0.0 
30987.71 0.42 0.0 
30322.96 0.91 0.0 
31352.47 0.37 0.0 
31828.80 0.75 0.0 
32849.13 0.34 0.0 
34393.87 0.53 0.0 
31663.61 0.39 0.0 
33364.07 0.64 0.0 
32849.17 0.51 0.0 
34311.17 0.32 0.0 
34438.81 0.34 0.0 
33364.09 0.65 0.0 
34887.25 0.47 0.0 
36674.65 0.67 0.0 
35271.30 0.72 0.0 
37018.33 0.51 0.0 
35387.76 0.72 0.0 
35459.48 0.30 0.0 
37363.49 0.46 0.0 
35271.30 0.89 0.0 
35387.77 0.89 0.0 
37289.12 0.43 0.0 
38462.58 0.79 0.0 
37072.88 0.78 0.0 
36845.29 0.59 0.0 
38711.63 0.47 0.0 
38834.49 0.52 0.0 
36224.56 0.74 0.0 
36845.29 0.58 0.0 
38032.85 0.74 0.0 
37498.67 0.32 0.0 
37072.85 0.82 0.0 
38368.19 0.77 0.0 
38462.56 0.38 0.0 
38605.59 0.66 0.0 
37573.84 0.52 0.0 
37777.15 0.38 0.0 
37784.46 0.84 0.0 
38032.84 0.73 0.0 
39718.87 0.43 0.0 
39148.17 0.57 0.0 
40874.28 0.31 0.0 
38237.86 0.33 0.0 
39299.33 0.65 0.0 
38651.60 0.60 0.0 
38605.57 0.61 0.0 
40679.11 0.31 0.0 
40499.59 0.35 0.0 
40893.24 0.32 0.0 
41895.08 0.75 0.0 
40448.35 0.33 0.0 
39733.51 0.63 0.0 
41252.31 0.39 0.0 
41123.04 0.38 0.0 
41127.91 0.35 0.0 
39974.00 0.39 0.0 
42399.60 0.35 0.0 
42400.96 0.46 0.0 
42523.32 0.65 0.0 
41878.32 0.41 0.0 
42793.93 0.42 0.0 
41788.03 0.31 0.0 
43514.40 0.36 0.0 
43633.80 0.67 0.0 
42399.61 0.39 0.0 
42568.29 0.41 0.0 
41123.04 0.50 0.0 
44684.51 0.57 0.0 
42867.41 0.40 0.0 
43257.07 0.54 0.0 
42987.24 0.36 0.0 
43679.25 0.31 0.0 
45053.62 0.41 0.0 
43571.88 0.70 0.0 
43999.68 0.64 0.0 
43978.41 0.36 0.0 
42946.55 0.52 0.0 
44367.35 0.46 0.0 
45855.67 0.53 0.0 
45862.25 0.36 0.0 
45884.51 0.34 0.0 
43213.04 0.65 0.0 
44729.51 0.50 0.0 
43571.85 0.39 0.0 
46354.23 0.81 0.0 
45190.75 0.68 0.0 
45207.11 0.57 0.0 
45053.64 0.31 0.0 
43999.69 0.82 0.0 
45659.04 0.42 0.0 
44654.57 0.41 0.0 
46137.76 0.48 0.0 
45862.21 0.43 0.0 
47714.19 0.71 0.0 
45957.73 0.31 0.0 
48552.99 0.33 0.0 
46066.17 0.63 0.0 
46829.45 0.41 0.0 
46304.12 0.52 0.0 
46692.65 0.50 0.0 
47710.88 0.46 0.0 
49242.61 0.32 0.0 
47187.20 0.65 0.0 
48658.19 0.84 0.0 
47654.43 0.45 0.0 
49844.54 0.69 0.0 
48025.81 0.56 0.0 
48717.81 0.36 0.0 
47744.12 0.68 0.0 
49498.69 0.40 0.0 
49168.87 0.62 0.0 
49063.89 0.32 0.0 
49322.80 0.39 0.0 
49322.76 0.32 0.0 
51887.79 0.56 0.0 
49544.01 0.61 0.0 
52144.05 0.44 0.0 
53412.77 0.48 0.0 
57398.57 0.80 0.0 
60043.23 0.45 0.0 
62229.85 0.31 0.0 
61291.85 0.51 0.0 
64270.93 0.42 0.0 
64273.39 0.34 0.0 
64235.03 0.35 0.0 
64315.15 0.82 0.0 
65098.15 0.53 0.0 
64332.93 0.52 0.0 
64442.10 0.30 0.0 
64396.71 0.86 0.0 
64270.93 0.44 0.0 
64396.83 0.43 0.0 
67241.24 0.43 0.0 
67241.24 0.33 0.0 
66968.93 0.51 0.0 
67559.27 0.62 0.0 
68896.76 0.53 0.0 
69298.01 0.48 0.0 
68035.91 0.38 0.0 
69431.96 0.37 0.0 
69359.35 0.62 0.0 
70872.72 0.39 0.0 
70318.85 0.58 0.0 
71208.57 0.55 0.0 
71176.36 0.32 0.0 
71348.91 0.64 0.0 
71456.11 0.83 0.0 
71208.60 0.64 0.0 
71810.21 0.55 0.0 
71559.20 0.57 0.0 
72071.12 0.58 0.0 
71672.85 0.66 0.0 
71456.13 0.78 0.0 
71787.71 0.43 0.0 
72174.92 0.37 0.0 
70692.91 0.33 0.0 
71672.84 0.72 0.0 
71810.13 0.65 0.0 
71614.20 0.74 0.0 
72161.84 0.33 0.0 
71851.16 0.75 0.0 
71879.35 0.43 0.0 
71972.95 0.31 0.0 
71768.56 0.62 0.0 
72174.93 0.43 0.0 
72330.87 0.48 0.0 
71747.39 0.55 0.0 
71768.56 0.61 0.0 
72142.07 0.70 0.0 
72242.72 0.76 0.0 
71893.32 0.77 0.0 
71614.24 0.51 0.0 
72242.72 0.61 0.0 
71851.16 0.70 0.0 
73259.39 0.50 0.0 
71963.89 0.48 0.0 
71972.97 0.73 0.0 
71844.29 0.60 0.0 
74232.27 0.31 0.0 
72317.97 0.32 0.0 
72330.88 0.59 0.0 
72300.79 0.31 0.0 
73959.28 0.36 0.0 
73300.80 0.41 0.0 
75389.59 0.59 0.0 
77255.38 0.40 0.0 
77383.09 0.59 0.0 
77535.57 0.36 0.0 
78058.89 0.43 0.0 
77383.07 0.39 0.0 
78764.25 0.66 0.0 
79109.61 0.61 0.0 
79124.12 0.34 0.0 
79495.41 0.39 0.0 
79093.06 0.34 0.0 
80192.65 0.34 0.0 
78923.06 0.92 0.0 
80761.03 0.37 0.0 
80761.69 0.57 0.0 
80908.33 0.47 0.0 
80670.21 0.31 0.0 
81067.83 0.70 0.0 
81184.07 0.58 0.0 
81252.00 0.34 0.0 
81264.65 0.55 0.0 
81412.91 0.30 0.0 
81432.53 0.51 0.0 
81378.93 0.55 0.0 
81025.49 0.69 0.0 
81532.64 0.89 0.0 
81622.72 0.54 0.0 
81141.78 0.53 0.0 
81281.75 0.51 0.0 
80995.01 0.38 0.0 
81281.72 0.49 0.0 
81766.44 0.70 0.0 
81378.93 0.39 0.0 
81392.41 0.68 0.0 
81720.09 0.44 0.0 
81741.61 0.34 0.0 
81392.44 0.47 0.0 
81847.56 0.35 0.0 
81865.31 0.42 0.0 
80761.69 0.51 0.0 
81532.63 0.83 0.0 
81537.08 0.53 0.0 
81905.05 0.70 0.0 
81238.38 0.40 0.0 
81640.99 0.42 0.0 
82017.08 0.70 0.0 
82031.63 0.44 0.0 
80995.03 0.81 0.0 
81735.41 0.42 0.0 
81760.77 0.34 0.0 
81337.49 0.56 0.0 
81855.21 0.31 0.0 
81865.41 0.33 0.0 
81866.08 0.37 0.0 
81233.60 0.71 0.0 
81251.97 0.41 0.0 
82017.08 0.38 0.0 
81475.86 0.39 0.0 
81493.76 0.38 0.0 
81612.51 0.38 0.0 
81941.05 0.41 0.0 
81726.35 0.38 0.0 
81839.52 0.71 0.0 
81847.56 0.35 0.0 
81085.31 0.57 0.0 
81196.23 0.58 0.0 
81197.54 0.77 0.0 
81317.15 0.34 0.0 
81337.43 0.40 0.0 
81344.46 0.45 0.0 
83305.17 0.37 0.0 
81067.81 0.60 0.0 
81085.32 0.62 0.0 
81196.20 0.45 0.0 
81197.56 0.61 0.0 
81807.07 0.44 0.0 
81317.18 0.70 0.0 
81432.48 0.56 0.0 
81793.83 0.33 0.0 
81807.03 0.85 0.0 
84026.21 0.35 0.0 
81905.01 0.52 0.0 
81927.34 0.49 0.0 
82031.59 0.49 0.0 
83269.79 0.35 0.0 
82782.64 0.42 0.0 
84193.10 0.80 0.0 
84416.27 0.56 0.0 
84422.13 0.41 0.0 
84527.09 0.79 0.0 
84011.71 0.44 0.0 
84730.47 0.68 0.0 
84753.41 0.40 0.0 
84351.88 0.34 0.0 
84527.09 0.66 0.0 
84351.79 0.33 0.0 
84961.04 0.37 0.0 
84753.43 0.32 0.0 
85239.39 0.32 0.0 
85333.73 0.54 0.0 
85069.48 0.42 0.0 
85365.55 0.68 0.0 
84955.71 0.37 0.0 
85306.00 0.61 0.0 
85333.71 0.35 0.0 
83821.57 0.46 0.0 
84678.71 0.88 0.0 
86339.11 0.50 0.0 
84428.60 0.56 0.0 
84940.17 0.73 0.0 
84559.15 0.41 0.0 
84678.71 0.90 0.0 
85278.41 0.60 0.0 
85020.16 0.40 0.0 
85648.77 0.86 0.0 
85900.11 0.57 0.0 
85648.77 0.66 0.0 
