4191.65 0.56 0.0 
4191.64 0.42 0.0 
8153.68 0.40 0.0 
9485.07 0.31 0.0 
9510.01 0.48 0.0 
9722.80 0.57 0.0 
9541.03 0.52 0.0 
9556.35 0.37 0.0 
9956.69 0.71 0.0 
9956.68 0.74 0.0 
10711.09 0.56 0.0 
9541.09 0.50 0.0 
11121.35 0.35 0.0 
11121.35 0.51 0.0 
11487.55 0.47 0.0 
11487.53 0.74 0.0 
11593.69 0.47 0.0 
12518.39 0.39 0.0 
11593.76 0.52 0.0 
12747.29 0.51 0.0 
12750.63 0.37 0.0 
12566.08 0.76 0.0 
12566.09 0.84 0.0 
12067.15 0.31 0.0 
12782.13 0.50 0.0 
13821.31 0.40 0.0 
14282.39 0.32 0.0 
13657.21 0.55 0.0 
14423.20 0.78 0.0 
14423.20 0.75 0.0 
14148.71 0.37 0.0 
14493.05 0.50 0.0 
14447.37 0.60 0.0 
15388.22 0.64 0.0 
14468.02 0.88 0.0 
15388.21 0.67 0.0 
15401.57 0.58 0.0 
15212.52 0.59 0.0 
14447.38 0.76 0.0 
14468.02 0.86 0.0 
15401.47 0.43 0.0 
16108.99 0.34 0.0 
16698.59 0.42 0.0 
16359.92 0.45 0.0 
16371.59 0.92 0.0 
16378.00 0.50 0.0 
16151.99 0.32 0.0 
16381.01 0.57 0.0 
16509.67 0.46 0.0 
16741.32 0.78 0.0 
16371.59 0.92 0.0 
17207.27 0.41 0.0 
18574.77 0.39 0.0 
21470.61 0.42 0.0 
22059.13 0.40 0.0 
22419.03 0.35 0.0 
25357.07 0.78 0.0 
24324.39 0.35 0.0 
24349.01 0.40 0.0 
25639.92 0.85 0.0 
24771.21 0.52 0.0 
25639.93 0.71 0.0 
27848.49 0.50 0.0 
26681.85 0.37 0.0 
30322.59 0.70 0.0 
30332.45 0.45 0.0 
30322.63 0.79 0.0 
30332.46 0.53 0.0 
29925.73 0.42 0.0 
33513.06 0.89 0.0 
33513.06 0.88 0.0 
36843.52 0.36 0.0 
42921.95 0.52 0.0 
44582.73 0.44 0.0 
44582.61 0.35 0.0 
48862.08 0.53 0.0 
55006.13 0.37 0.0 
58234.49 0.35 0.0 
60047.43 0.41 0.0 
63155.51 0.33 0.0 
69276.31 0.32 0.0 
70461.67 0.39 0.0 
70461.67 0.40 0.0 
71530.95 0.51 0.0 
71530.95 0.32 0.0 
71116.67 0.34 0.0 
72076.23 0.31 0.0 
73322.95 0.38 0.0 
74273.19 0.32 0.0 
75503.31 0.44 0.0 
74123.59 0.43 0.0 
74961.35 0.52 0.0 
74234.03 0.39 0.0 
74961.31 0.55 0.0 
74931.25 0.47 0.0 
79534.31 0.39 0.0 
79974.57 0.47 0.0 
80779.43 0.35 0.0 
79814.99 0.33 0.0 
80263.39 0.31 0.0 
80401.64 0.38 0.0 
80475.98 0.66 0.0 
80101.87 0.37 0.0 
80475.99 0.46 0.0 
79974.61 0.35 0.0 
80446.47 0.43 0.0 
86271.00 0.48 0.0 
83345.85 0.57 0.0 
86131.24 0.78 0.0 
