735.95 0.53 0.0 
735.94 0.87 0.0 
2207.76 0.84 0.0 
2207.76 0.62 0.0 
5783.43 0.36 0.0 
8627.67 0.57 0.0 
10131.76 0.65 0.0 
11659.00 0.65 0.0 
12465.67 0.56 0.0 
14498.47 0.46 0.0 
15684.05 0.36 0.0 
17586.57 0.66 0.0 
18882.91 0.42 0.0 
21287.36 0.69 0.0 
21287.39 0.37 0.0 
23665.26 0.57 0.0 
23665.26 0.71 0.0 
24826.15 0.34 0.0 
24826.16 0.78 0.0 
25820.64 0.52 0.0 
25820.62 0.76 0.0 
27798.92 0.71 0.0 
28188.83 0.63 0.0 
28188.76 0.81 0.0 
28639.91 0.52 0.0 
28639.89 0.71 0.0 
32832.87 0.43 0.0 
34711.53 0.44 0.0 
36424.10 0.81 0.0 
36424.12 0.51 0.0 
37048.23 0.43 0.0 
37335.14 0.65 0.0 
37726.16 0.63 0.0 
37850.44 0.74 0.0 
38356.37 0.33 0.0 
39272.50 0.71 0.0 
39272.53 0.46 0.0 
39516.83 0.62 0.0 
40883.76 0.66 0.0 
43390.03 0.47 0.0 
44720.70 0.87 0.0 
44720.70 0.87 0.0 
46272.44 0.82 0.0 
47231.46 0.80 0.0 
47231.43 0.57 0.0 
48302.98 0.85 0.0 
48303.02 0.73 0.0 
48574.62 0.54 0.0 
48574.64 0.78 0.0 
51260.36 0.33 0.0 
51709.97 0.79 0.0 
53258.91 0.55 0.0 
54685.60 0.42 0.0 
76140.73 0.32 0.0 
78697.31 0.33 0.0 
78750.51 0.37 0.0 
81874.09 0.45 0.0 
83914.70 0.74 0.0 
83914.71 0.58 0.0 
84656.39 0.44 0.0 
86223.68 0.78 0.0 
