4005.21 0.48 0.0 
8451.68 0.56 0.0 
20489.45 0.42 0.0 
23061.28 0.33 0.0 
25301.65 0.47 0.0 
25918.15 0.31 0.0 
26036.27 0.39 0.0 
27552.05 0.44 0.0 
27767.21 0.52 0.0 
27767.17 0.51 0.0 
28797.88 0.43 0.0 
29657.85 0.43 0.0 
33245.13 0.34 0.0 
35718.57 0.38 0.0 
40797.28 0.56 0.0 
41406.95 0.55 0.0 
43012.17 0.54 0.0 
44702.49 0.98 0.0 
44702.49 0.98 0.0 
48164.13 0.31 0.0 
49169.48 0.60 0.0 
50666.59 0.61 0.0 
57979.37 0.35 0.0 
60972.61 0.40 0.0 
60928.20 0.32 0.0 
68967.45 0.40 0.0 
77519.33 0.31 0.0 
