8361.96 0.98 0.0 
8361.96 0.98 0.0 
10180.23 0.65 0.0 
11750.19 0.95 0.0 
11750.20 0.91 0.0 
12242.47 0.66 0.0 
13020.72 0.98 0.0 
13020.72 0.99 0.0 
14961.01 0.42 0.0 
15935.12 0.71 0.0 
15935.12 0.61 0.0 
16137.91 0.99 0.0 
16103.79 0.99 0.0 
16137.91 0.99 0.0 
16103.79 0.99 0.0 
16842.27 0.57 0.0 
19759.57 0.31 0.0 
21509.56 0.38 0.0 
27793.55 0.35 0.0 
33814.86 0.97 0.0 
33814.86 0.95 0.0 
37101.88 0.78 0.0 
37101.88 0.82 0.0 
40121.56 0.58 0.0 
42993.55 0.79 0.0 
42993.59 0.86 0.0 
49480.00 0.47 0.0 
49480.00 0.84 0.0 
54101.47 0.65 0.0 
60990.82 0.96 0.0 
60990.84 0.79 0.0 
65970.90 0.97 0.0 
65970.89 0.97 0.0 
70105.91 0.40 0.0 
71233.19 0.31 0.0 
73288.19 0.49 0.0 
74639.21 0.37 0.0 
75512.27 0.94 0.0 
75512.28 0.97 0.0 
75747.35 0.47 0.0 
76214.36 0.70 0.0 
77963.04 0.53 0.0 
80249.05 0.80 0.0 
82078.43 0.49 0.0 
82108.41 0.30 0.0 
85495.32 0.40 0.0 
85919.01 0.54 0.0 
86072.86 0.96 0.0 
86072.86 0.97 0.0 
