793.11 0.43 0.0 
1124.04 0.46 0.0 
1304.08 0.40 0.0 
3404.48 0.50 0.0 
3719.48 0.32 0.0 
3944.52 0.36 0.0 
4109.56 0.51 0.0 
5444.16 0.50 0.0 
5802.48 0.46 0.0 
5802.48 0.52 0.0 
5847.97 0.67 0.0 
6387.25 0.41 0.0 
7377.71 0.87 0.0 
7753.05 0.87 0.0 
9524.08 0.51 0.0 
10814.33 0.60 0.0 
11298.72 0.73 0.0 
11298.72 0.82 0.0 
11473.92 0.32 0.0 
12089.44 0.35 0.0 
14299.40 0.65 0.0 
14323.48 0.47 0.0 
14352.24 0.97 0.0 
14352.24 0.94 0.0 
14758.80 0.45 0.0 
14877.20 0.57 0.0 
14877.18 0.95 0.0 
15569.57 0.33 0.0 
15748.01 0.57 0.0 
16483.76 0.71 0.0 
17189.09 0.60 0.0 
18523.92 0.31 0.0 
21733.07 0.36 0.0 
22735.12 0.49 0.0 
22785.43 0.35 0.0 
28055.17 0.61 0.0 
28055.19 0.68 0.0 
28514.16 0.30 0.0 
28649.33 0.31 0.0 
29787.25 0.35 0.0 
31109.52 0.48 0.0 
31483.76 0.90 0.0 
34469.59 0.89 0.0 
35032.72 0.34 0.0 
35661.20 0.46 0.0 
35667.71 0.70 0.0 
35667.77 0.57 0.0 
38878.80 0.33 0.0 
40583.03 0.87 0.0 
40990.35 0.91 0.0 
40990.37 0.63 0.0 
43034.01 0.68 0.0 
43079.72 0.56 0.0 
49288.12 0.34 0.0 
50262.39 0.74 0.0 
50262.41 0.68 0.0 
50264.37 0.30 0.0 
53112.83 0.43 0.0 
55256.15 0.89 0.0 
55618.60 0.54 0.0 
56983.89 0.47 0.0 
58042.84 0.94 0.0 
58042.83 0.93 0.0 
58172.88 0.32 0.0 
59529.68 0.65 0.0 
60720.69 0.51 0.0 
62863.69 0.34 0.0 
63782.97 0.43 0.0 
63782.93 0.36 0.0 
65367.52 0.46 0.0 
67420.92 0.78 0.0 
67869.48 0.50 0.0 
69253.80 0.47 0.0 
69890.72 0.98 0.0 
69890.73 0.98 0.0 
74203.63 0.36 0.0 
76978.12 0.35 0.0 
77759.51 0.32 0.0 
80382.29 0.33 0.0 
81508.77 0.81 0.0 
81958.15 0.65 0.0 
82524.73 0.47 0.0 
83099.05 0.42 0.0 
83442.00 0.48 0.0 
83758.76 0.45 0.0 
83895.35 0.45 0.0 
84044.33 0.79 0.0 
84299.09 0.43 0.0 
84343.64 0.49 0.0 
84508.91 0.94 0.0 
84448.45 0.67 0.0 
85589.59 0.80 0.0 
86338.87 0.94 0.0 
