5803.36 0.39 0.0 
6389.20 0.32 0.0 
7754.28 0.33 0.0 
11303.92 0.65 0.0 
11303.92 0.74 0.0 
14300.47 0.32 0.0 
14353.83 0.60 0.0 
14879.32 0.36 0.0 
14879.41 0.38 0.0 
22786.89 0.56 0.0 
27031.48 0.45 0.0 
28058.13 0.67 0.0 
28058.12 0.84 0.0 
31892.14 0.34 0.0 
34472.44 0.93 0.0 
34472.44 0.92 0.0 
35668.49 0.71 0.0 
35668.51 0.79 0.0 
38806.35 0.35 0.0 
40992.27 0.53 0.0 
40992.23 0.59 0.0 
43095.72 0.59 0.0 
48376.85 0.59 0.0 
49413.55 0.31 0.0 
50264.40 0.38 0.0 
50264.41 0.54 0.0 
53116.00 0.34 0.0 
55260.56 0.88 0.0 
55608.87 0.41 0.0 
55608.87 0.60 0.0 
58045.54 0.83 0.0 
58045.54 0.84 0.0 
63632.28 0.35 0.0 
63802.99 0.38 0.0 
63803.03 0.41 0.0 
69051.63 0.33 0.0 
69526.61 0.77 0.0 
69893.03 0.96 0.0 
69893.04 0.96 0.0 
81315.51 0.53 0.0 
83546.84 0.33 0.0 
83896.04 0.75 0.0 
