2909.24 0.31 0.0 
3344.05 0.41 0.0 
7019.47 0.79 0.0 
17968.13 0.45 0.0 
20295.15 0.87 0.0 
20565.97 0.40 0.0 
20565.96 0.69 0.0 
21328.83 0.66 0.0 
21824.45 0.43 0.0 
22228.97 0.44 0.0 
22490.09 0.42 0.0 
22490.12 0.47 0.0 
22544.51 0.83 0.0 
22738.99 0.78 0.0 
23084.01 0.77 0.0 
23444.24 0.38 0.0 
23910.30 0.57 0.0 
24104.43 0.95 0.0 
24133.32 0.84 0.0 
25350.55 0.66 0.0 
25381.49 0.62 0.0 
25427.08 0.71 0.0 
25588.60 0.83 0.0 
25752.84 0.78 0.0 
25784.60 0.67 0.0 
25862.72 0.48 0.0 
26263.97 0.42 0.0 
26324.24 0.83 0.0 
27943.55 0.46 0.0 
31919.16 0.40 0.0 
33058.29 0.35 0.0 
33209.07 0.36 0.0 
36118.69 0.32 0.0 
40555.56 0.65 0.0 
44732.35 0.60 0.0 
46017.48 0.66 0.0 
47204.33 0.66 0.0 
79617.89 0.41 0.0 
82483.36 0.34 0.0 
