245.95 0.52 0.0 
245.94 0.61 0.0 
300.31 0.31 0.0 
429.85 0.49 0.0 
429.87 0.41 0.0 
963.15 0.47 0.0 
971.67 0.43 0.0 
1237.25 0.69 0.0 
1237.22 0.76 0.0 
1443.72 0.42 0.0 
1443.76 0.72 0.0 
2195.55 0.31 0.0 
2388.67 0.36 0.0 
3272.91 0.54 0.0 
3272.90 0.70 0.0 
8320.87 0.35 0.0 
8320.82 0.66 0.0 
9379.04 0.58 0.0 
9635.11 0.41 0.0 
11194.52 0.33 0.0 
11353.43 0.43 0.0 
11877.55 0.31 0.0 
11922.05 0.49 0.0 
11957.95 0.36 0.0 
11951.01 0.58 0.0 
12032.93 0.46 0.0 
12451.67 0.35 0.0 
12364.79 0.31 0.0 
12413.97 0.45 0.0 
12414.01 0.43 0.0 
12850.04 0.43 0.0 
13205.57 0.45 0.0 
13205.51 0.55 0.0 
13702.27 0.33 0.0 
13702.23 0.31 0.0 
13876.07 0.40 0.0 
14037.47 0.35 0.0 
13936.26 0.50 0.0 
13965.28 0.54 0.0 
14165.41 0.45 0.0 
14357.68 0.56 0.0 
14453.24 0.49 0.0 
14810.29 0.34 0.0 
19369.72 0.35 0.0 
20711.71 0.31 0.0 
21789.60 0.83 0.0 
21789.63 0.64 0.0 
24399.87 0.52 0.0 
25756.29 0.32 0.0 
31500.47 0.51 0.0 
31500.51 0.36 0.0 
32703.75 0.42 0.0 
44742.59 0.43 0.0 
44742.61 0.46 0.0 
54880.67 0.37 0.0 
55351.30 0.43 0.0 
58232.65 0.45 0.0 
