21.01 0.36 0.0 
1248.92 0.45 0.0 
1248.90 0.43 0.0 
1282.07 0.40 0.0 
2085.55 0.44 0.0 
2101.07 0.33 0.0 
2215.75 0.33 0.0 
2523.27 0.32 0.0 
2493.23 0.35 0.0 
2686.93 0.49 0.0 
3518.20 0.47 0.0 
3444.95 0.42 0.0 
3574.10 0.50 0.0 
3870.83 0.39 0.0 
3870.85 0.30 0.0 
5205.97 0.61 0.0 
5524.03 0.31 0.0 
7635.68 0.45 0.0 
7935.97 0.43 0.0 
9165.83 0.33 0.0 
9137.53 0.41 0.0 
9605.95 0.35 0.0 
9910.47 0.33 0.0 
10447.31 0.33 0.0 
10516.05 0.54 0.0 
10700.95 0.43 0.0 
10687.92 0.38 0.0 
11220.99 0.50 0.0 
11594.77 0.31 0.0 
12066.51 0.33 0.0 
12245.17 0.31 0.0 
13256.53 0.52 0.0 
13418.09 0.33 0.0 
13550.99 0.35 0.0 
13723.57 0.32 0.0 
13890.97 0.53 0.0 
14546.24 0.35 0.0 
14801.59 0.32 0.0 
16776.43 0.38 0.0 
16956.33 0.48 0.0 
16971.76 0.41 0.0 
16956.23 0.42 0.0 
16917.39 0.35 0.0 
17090.55 0.37 0.0 
17045.16 0.38 0.0 
17192.65 0.68 0.0 
17192.63 0.45 0.0 
17135.05 0.59 0.0 
17255.67 0.33 0.0 
17255.68 0.54 0.0 
17269.33 0.37 0.0 
17597.27 0.41 0.0 
17802.17 0.31 0.0 
17802.17 0.54 0.0 
18233.57 0.49 0.0 
18780.99 0.36 0.0 
19680.59 0.36 0.0 
20101.64 0.55 0.0 
20474.25 0.37 0.0 
20475.57 0.70 0.0 
20655.71 0.40 0.0 
20792.51 0.32 0.0 
20792.53 0.46 0.0 
20926.93 0.47 0.0 
21089.83 0.35 0.0 
21532.70 0.34 0.0 
21532.69 0.46 0.0 
21873.57 0.39 0.0 
21978.75 0.32 0.0 
22484.60 0.49 0.0 
22397.47 0.30 0.0 
22578.76 0.48 0.0 
22726.19 0.34 0.0 
22726.19 0.44 0.0 
22898.23 0.32 0.0 
22920.15 0.52 0.0 
23090.19 0.41 0.0 
23090.19 0.35 0.0 
22995.51 0.33 0.0 
23006.31 0.35 0.0 
23453.71 0.36 0.0 
23715.65 0.33 0.0 
24061.39 0.38 0.0 
24165.88 0.33 0.0 
24061.37 0.54 0.0 
24409.05 0.34 0.0 
24409.01 0.39 0.0 
24634.01 0.56 0.0 
24541.82 0.68 0.0 
24753.24 0.44 0.0 
24753.25 0.44 0.0 
24859.83 0.31 0.0 
25031.00 0.39 0.0 
25113.75 0.48 0.0 
25054.15 0.49 0.0 
25068.68 0.34 0.0 
25879.11 0.39 0.0 
26231.49 0.36 0.0 
26361.03 0.34 0.0 
26360.99 0.35 0.0 
26536.13 0.38 0.0 
26816.64 0.36 0.0 
26749.75 0.34 0.0 
28770.84 0.35 0.0 
29145.73 0.38 0.0 
29329.01 0.42 0.0 
30526.21 0.38 0.0 
31386.85 0.47 0.0 
31386.83 0.33 0.0 
31756.72 0.34 0.0 
31756.77 0.41 0.0 
32231.35 0.42 0.0 
32231.39 0.32 0.0 
32441.59 0.33 0.0 
32794.91 0.51 0.0 
32952.09 0.36 0.0 
32881.79 0.50 0.0 
32881.75 0.35 0.0 
33554.83 0.33 0.0 
33615.57 0.44 0.0 
33783.95 0.31 0.0 
33893.35 0.39 0.0 
34264.12 0.35 0.0 
34805.35 0.38 0.0 
35080.35 0.41 0.0 
35080.37 0.36 0.0 
35067.57 0.32 0.0 
35169.45 0.68 0.0 
35253.43 0.35 0.0 
35426.87 0.32 0.0 
35391.33 0.31 0.0 
35701.11 0.30 0.0 
36183.11 0.36 0.0 
36105.67 0.35 0.0 
36361.99 0.46 0.0 
36493.13 0.54 0.0 
36544.81 0.51 0.0 
36858.07 0.32 0.0 
38204.75 0.31 0.0 
38102.73 0.52 0.0 
40410.65 0.58 0.0 
40530.91 0.40 0.0 
41965.41 0.36 0.0 
42582.87 0.44 0.0 
43047.99 0.30 0.0 
43050.68 0.61 0.0 
43291.43 0.38 0.0 
43291.45 0.39 0.0 
43836.15 0.31 0.0 
44505.86 0.71 0.0 
44703.00 0.48 0.0 
44727.04 0.34 0.0 
45651.15 0.37 0.0 
48918.24 0.43 0.0 
50381.55 0.46 0.0 
51649.39 0.36 0.0 
52139.66 0.37 0.0 
53844.31 0.38 0.0 
54436.99 0.37 0.0 
54679.81 0.35 0.0 
54855.41 0.76 0.0 
55040.51 0.34 0.0 
55079.17 0.42 0.0 
55883.67 0.39 0.0 
60445.83 0.33 0.0 
61669.11 0.34 0.0 
61885.47 0.36 0.0 
62724.85 0.36 0.0 
64577.33 0.64 0.0 
64658.37 0.41 0.0 
64658.35 0.41 0.0 
67680.51 0.31 0.0 
72543.55 0.32 0.0 
75195.91 0.34 0.0 
75630.67 0.42 0.0 
78234.71 0.39 0.0 
79535.07 0.39 0.0 
82064.15 0.30 0.0 
82065.41 0.80 0.0 
84615.99 0.37 0.0 
86219.57 0.41 0.0 
