1204.53 0.31 0.0 
4592.75 0.36 0.0 
4964.19 0.32 0.0 
5265.53 0.51 0.0 
9936.75 0.41 0.0 
9945.73 0.55 0.0 
10695.77 0.40 0.0 
13247.57 0.38 0.0 
15452.55 0.34 0.0 
15752.47 0.30 0.0 
15752.51 0.32 0.0 
18068.97 0.33 0.0 
24810.69 0.78 0.0 
25432.17 0.43 0.0 
33466.63 0.35 0.0 
36076.29 0.68 0.0 
45545.01 0.42 0.0 
45545.01 0.39 0.0 
45641.08 0.41 0.0 
46577.12 0.30 0.0 
47974.87 0.58 0.0 
48221.49 0.56 0.0 
48221.43 0.36 0.0 
48347.60 0.54 0.0 
49801.27 0.33 0.0 
50301.03 0.39 0.0 
50671.13 0.38 0.0 
50810.96 0.34 0.0 
52088.70 0.49 0.0 
52636.08 0.48 0.0 
52921.45 0.38 0.0 
53642.31 0.41 0.0 
55057.98 0.35 0.0 
55058.03 0.48 0.0 
56627.29 0.49 0.0 
57333.59 0.35 0.0 
57970.60 0.57 0.0 
57970.63 0.51 0.0 
58130.21 0.44 0.0 
58130.23 0.35 0.0 
58580.03 0.38 0.0 
58597.47 0.31 0.0 
59371.53 0.32 0.0 
60642.24 0.34 0.0 
60694.25 0.32 0.0 
60760.01 0.41 0.0 
61275.49 0.33 0.0 
61727.53 0.44 0.0 
63972.93 0.40 0.0 
65189.81 0.39 0.0 
66031.69 0.46 0.0 
66031.70 0.49 0.0 
66523.13 0.45 0.0 
66523.09 0.44 0.0 
66837.21 0.38 0.0 
67920.71 0.32 0.0 
69828.91 0.36 0.0 
69987.21 0.62 0.0 
69987.21 0.41 0.0 
70986.16 0.59 0.0 
70986.19 0.41 0.0 
71488.89 0.66 0.0 
71915.67 0.35 0.0 
71915.65 0.35 0.0 
78227.07 0.43 0.0 
78667.11 0.32 0.0 
78667.17 0.40 0.0 
79164.87 0.45 0.0 
79548.33 0.50 0.0 
81127.33 0.44 0.0 
81127.31 0.38 0.0 
81422.03 0.34 0.0 
82740.48 0.81 0.0 
82785.59 0.42 0.0 
82939.73 0.43 0.0 
85249.77 0.38 0.0 
85431.49 0.34 0.0 
86344.64 0.51 0.0 
86344.59 0.34 0.0 
