1032.40 0.40 0.0 
1589.02 0.97 0.0 
1643.95 0.32 0.0 
1643.85 0.43 0.0 
1662.15 0.38 0.0 
2354.48 0.63 0.0 
2472.91 0.54 0.0 
2573.21 0.42 0.0 
2920.09 0.51 0.0 
4167.80 0.68 0.0 
4691.48 0.61 0.0 
4991.72 0.51 0.0 
5092.65 0.32 0.0 
5092.65 0.43 0.0 
5636.92 0.35 0.0 
5653.93 0.53 0.0 
5618.05 0.61 0.0 
5609.21 0.54 0.0 
5618.06 0.46 0.0 
5745.16 0.46 0.0 
5802.96 0.54 0.0 
5971.35 0.38 0.0 
5942.65 0.35 0.0 
5955.89 0.49 0.0 
5971.37 0.40 0.0 
6677.85 0.35 0.0 
6936.65 0.31 0.0 
7102.01 0.42 0.0 
7102.01 0.61 0.0 
7121.17 0.51 0.0 
7257.17 0.50 0.0 
7803.01 0.47 0.0 
8139.21 0.34 0.0 
8381.63 0.37 0.0 
8519.34 0.58 0.0 
8826.09 0.45 0.0 
9122.29 0.30 0.0 
9084.44 0.35 0.0 
9606.40 0.30 0.0 
9628.65 0.36 0.0 
9606.44 0.34 0.0 
9593.68 0.35 0.0 
9599.24 0.91 0.0 
10138.16 0.32 0.0 
10174.93 0.35 0.0 
10267.01 0.31 0.0 
10406.03 0.37 0.0 
10574.03 0.36 0.0 
10543.85 0.34 0.0 
10617.94 0.33 0.0 
10788.20 0.34 0.0 
10788.17 0.49 0.0 
10863.12 0.43 0.0 
10863.11 0.47 0.0 
11170.90 0.35 0.0 
11230.35 0.75 0.0 
11766.88 0.46 0.0 
11698.97 0.33 0.0 
11766.92 0.69 0.0 
11911.07 0.84 0.0 
11916.88 0.83 0.0 
11916.88 0.56 0.0 
12358.35 0.56 0.0 
12873.76 0.31 0.0 
13145.23 0.37 0.0 
13368.53 0.80 0.0 
13473.33 0.51 0.0 
13692.49 0.66 0.0 
13718.72 0.71 0.0 
13789.55 0.60 0.0 
13777.07 0.37 0.0 
13780.85 0.44 0.0 
13891.49 0.64 0.0 
13994.60 0.32 0.0 
14190.93 0.40 0.0 
14263.74 0.31 0.0 
14681.92 0.56 0.0 
14681.92 0.78 0.0 
14832.96 0.39 0.0 
15074.19 0.42 0.0 
15281.77 0.65 0.0 
15202.88 0.58 0.0 
15354.80 0.35 0.0 
15672.80 0.53 0.0 
15783.69 0.34 0.0 
15783.64 0.47 0.0 
16088.81 0.60 0.0 
16094.44 0.77 0.0 
16263.88 0.47 0.0 
16263.89 0.31 0.0 
16297.88 0.34 0.0 
16618.31 0.36 0.0 
17742.73 0.44 0.0 
17862.20 0.38 0.0 
18414.77 0.40 0.0 
18553.17 0.46 0.0 
18827.84 0.48 0.0 
19243.84 0.68 0.0 
19934.05 0.43 0.0 
20009.16 0.33 0.0 
20422.37 0.66 0.0 
20422.36 0.75 0.0 
20394.71 0.46 0.0 
20502.09 0.37 0.0 
20502.09 0.59 0.0 
20726.95 0.32 0.0 
21149.41 0.72 0.0 
21129.63 0.70 0.0 
21359.03 0.39 0.0 
21343.63 0.44 0.0 
21414.73 0.36 0.0 
22244.25 0.38 0.0 
22198.44 0.38 0.0 
22168.85 0.37 0.0 
22409.40 0.47 0.0 
22667.33 0.32 0.0 
23263.49 0.60 0.0 
23922.25 0.42 0.0 
24357.51 0.78 0.0 
24988.00 0.78 0.0 
25319.03 0.46 0.0 
25579.25 0.41 0.0 
25561.69 0.41 0.0 
25672.16 0.33 0.0 
25905.52 0.38 0.0 
25965.41 0.42 0.0 
26504.41 0.37 0.0 
26667.89 0.92 0.0 
26724.28 0.38 0.0 
26742.63 0.49 0.0 
26864.04 0.61 0.0 
27116.33 0.31 0.0 
27629.77 0.39 0.0 
27689.15 0.42 0.0 
27689.13 0.31 0.0 
28257.65 0.30 0.0 
28270.12 0.35 0.0 
28449.69 0.64 0.0 
28722.80 0.77 0.0 
28860.65 0.77 0.0 
28860.63 0.43 0.0 
29024.25 0.41 0.0 
29189.16 0.55 0.0 
29264.85 0.35 0.0 
29381.84 0.52 0.0 
29575.32 0.58 0.0 
29774.01 0.53 0.0 
29889.80 0.31 0.0 
29982.04 0.48 0.0 
30148.97 0.40 0.0 
30844.37 0.65 0.0 
31196.97 0.36 0.0 
32564.01 0.39 0.0 
32569.46 0.61 0.0 
32623.51 0.34 0.0 
32877.20 0.62 0.0 
34504.09 0.79 0.0 
34504.09 0.56 0.0 
34627.69 0.31 0.0 
34627.73 0.50 0.0 
35050.49 0.41 0.0 
36486.07 0.30 0.0 
36628.80 0.31 0.0 
36636.81 0.38 0.0 
36673.94 0.35 0.0 
37107.59 0.91 0.0 
37012.13 0.30 0.0 
37107.57 0.46 0.0 
37153.87 0.38 0.0 
37237.84 0.65 0.0 
37571.84 0.31 0.0 
37736.76 0.61 0.0 
38306.77 0.33 0.0 
38518.68 0.63 0.0 
38675.88 0.70 0.0 
38675.88 0.96 0.0 
42252.97 0.38 0.0 
43993.73 0.41 0.0 
44719.92 0.80 0.0 
44719.91 0.82 0.0 
65201.17 0.36 0.0 
69824.96 0.44 0.0 
69809.03 0.47 0.0 
72402.73 0.67 0.0 
73272.32 0.70 0.0 
73574.55 0.41 0.0 
73530.87 0.53 0.0 
78912.93 0.37 0.0 
84206.81 0.34 0.0 
86337.59 0.62 0.0 
