242.04 0.49 0.0 
250.56 0.48 0.0 
162.09 0.45 0.0 
242.01 0.35 0.0 
1233.00 0.40 0.0 
2293.99 0.41 0.0 
3684.76 0.68 0.0 
3854.32 0.61 0.0 
4332.34 0.42 0.0 
5470.76 0.60 0.0 
5864.48 0.78 0.0 
6987.77 0.43 0.0 
8204.43 0.45 0.0 
8318.04 0.74 0.0 
9377.17 0.39 0.0 
10077.97 0.35 0.0 
11353.47 0.47 0.0 
11877.54 0.89 0.0 
11912.63 0.36 0.0 
12055.53 0.33 0.0 
12329.40 0.30 0.0 
12329.44 0.38 0.0 
12464.78 0.66 0.0 
12568.05 0.48 0.0 
13331.97 0.41 0.0 
13287.21 0.46 0.0 
13287.23 0.84 0.0 
13602.36 0.62 0.0 
13775.59 0.31 0.0 
13758.43 0.38 0.0 
13775.61 0.57 0.0 
14032.61 0.60 0.0 
13975.00 0.40 0.0 
14271.35 0.47 0.0 
14271.32 0.43 0.0 
14294.11 0.38 0.0 
14489.37 0.30 0.0 
14452.43 0.38 0.0 
14474.09 0.61 0.0 
14563.95 0.43 0.0 
14569.91 0.80 0.0 
14569.87 0.58 0.0 
14804.05 0.69 0.0 
14821.09 0.31 0.0 
15138.65 0.30 0.0 
16679.28 0.76 0.0 
18479.17 0.52 0.0 
19226.55 0.36 0.0 
20710.41 0.38 0.0 
21013.03 0.36 0.0 
21229.32 0.33 0.0 
22887.61 0.36 0.0 
29624.11 0.31 0.0 
29980.33 0.67 0.0 
30179.44 0.30 0.0 
31243.95 0.44 0.0 
34697.89 0.62 0.0 
34697.84 0.65 0.0 
39027.40 0.32 0.0 
39793.04 0.61 0.0 
47692.77 0.31 0.0 
84884.07 0.50 0.0 
