799.15 0.31 0.0 
1589.03 0.35 0.0 
1645.97 0.60 0.0 
1645.95 0.70 0.0 
2376.93 0.64 0.0 
2376.95 0.42 0.0 
2522.65 0.48 0.0 
2902.72 0.40 0.0 
4177.19 0.40 0.0 
4183.26 0.68 0.0 
4183.29 0.59 0.0 
5641.67 0.31 0.0 
5613.15 0.42 0.0 
5604.79 0.66 0.0 
5613.19 0.39 0.0 
5750.05 0.74 0.0 
5754.88 0.85 0.0 
5750.04 0.64 0.0 
5754.89 0.76 0.0 
5805.35 0.39 0.0 
5805.43 0.73 0.0 
5945.69 0.83 0.0 
5971.39 0.44 0.0 
5977.20 0.47 0.0 
5945.69 0.82 0.0 
6418.37 0.32 0.0 
6418.33 0.46 0.0 
6683.15 0.33 0.0 
6843.03 0.60 0.0 
6783.24 0.44 0.0 
6918.67 0.32 0.0 
7104.83 0.49 0.0 
7808.57 0.65 0.0 
8285.63 0.34 0.0 
8285.63 0.41 0.0 
8519.35 0.38 0.0 
8827.91 0.30 0.0 
9122.97 0.41 0.0 
9137.16 0.47 0.0 
9122.97 0.38 0.0 
9601.35 0.35 0.0 
9611.10 0.67 0.0 
9595.86 0.42 0.0 
9814.19 0.34 0.0 
9997.91 0.33 0.0 
10177.37 0.82 0.0 
10177.37 0.67 0.0 
10280.29 0.38 0.0 
10287.59 0.32 0.0 
10607.57 0.42 0.0 
10632.79 0.32 0.0 
10791.71 0.35 0.0 
10834.87 0.35 0.0 
11027.65 0.59 0.0 
11177.73 0.39 0.0 
11913.13 0.47 0.0 
11920.05 0.81 0.0 
11920.05 0.77 0.0 
11925.04 0.66 0.0 
12243.35 0.42 0.0 
12903.85 0.47 0.0 
13155.45 0.67 0.0 
13723.55 0.40 0.0 
13785.94 0.66 0.0 
13780.91 0.32 0.0 
14683.75 0.31 0.0 
15195.30 0.56 0.0 
15195.44 0.65 0.0 
15694.27 0.33 0.0 
16090.87 0.47 0.0 
16110.64 0.39 0.0 
16266.92 0.36 0.0 
16622.41 0.47 0.0 
16629.15 0.36 0.0 
16622.41 0.82 0.0 
16629.16 0.44 0.0 
17580.57 0.48 0.0 
18136.45 0.51 0.0 
18163.67 0.36 0.0 
18510.75 0.35 0.0 
18765.89 0.44 0.0 
19097.15 0.36 0.0 
19446.17 0.77 0.0 
20295.65 0.39 0.0 
20426.18 0.54 0.0 
20426.14 0.53 0.0 
20718.31 0.32 0.0 
20718.33 0.41 0.0 
20910.59 0.36 0.0 
21091.85 0.72 0.0 
21075.99 0.30 0.0 
22400.83 0.36 0.0 
22671.27 0.35 0.0 
23925.47 0.44 0.0 
24526.67 0.35 0.0 
25412.16 0.49 0.0 
25418.45 0.69 0.0 
25561.67 0.61 0.0 
25579.29 0.38 0.0 
26052.35 0.39 0.0 
26727.75 0.31 0.0 
26897.81 0.63 0.0 
26897.83 0.59 0.0 
26911.80 0.46 0.0 
27690.78 0.58 0.0 
28614.20 0.42 0.0 
29669.59 0.38 0.0 
29963.03 0.46 0.0 
30363.77 0.31 0.0 
30840.62 0.86 0.0 
30874.03 0.53 0.0 
32571.82 0.58 0.0 
33961.20 0.79 0.0 
34486.13 0.51 0.0 
34629.39 0.46 0.0 
34629.41 0.57 0.0 
35050.59 0.35 0.0 
35611.31 0.33 0.0 
36637.34 0.87 0.0 
36637.32 0.89 0.0 
36673.99 0.43 0.0 
37016.88 0.49 0.0 
37239.99 0.44 0.0 
37739.91 0.36 0.0 
37745.87 0.59 0.0 
37745.89 0.34 0.0 
38629.96 0.54 0.0 
38629.96 0.40 0.0 
38790.45 0.41 0.0 
39756.19 0.32 0.0 
44735.05 0.47 0.0 
44735.07 0.35 0.0 
50232.95 0.34 0.0 
50270.43 0.39 0.0 
68331.27 0.47 0.0 
68331.23 0.53 0.0 
69811.03 0.43 0.0 
69828.73 0.33 0.0 
69796.32 0.77 0.0 
72402.67 0.51 0.0 
73533.43 0.34 0.0 
82909.43 0.31 0.0 
84650.77 0.31 0.0 
86282.27 0.39 0.0 
86253.20 0.69 0.0 
86253.19 0.54 0.0 
