433.53 0.52 0.0 
882.41 0.30 0.0 
3539.17 0.43 0.0 
5189.08 0.30 0.0 
7617.51 0.84 0.0 
8632.24 0.62 0.0 
8724.39 0.74 0.0 
8763.02 0.66 0.0 
8787.88 0.43 0.0 
8943.66 0.57 0.0 
9104.16 0.33 0.0 
11442.13 0.42 0.0 
11442.18 0.49 0.0 
11591.67 0.33 0.0 
11564.51 0.35 0.0 
11844.92 0.37 0.0 
11865.25 0.48 0.0 
12328.87 0.83 0.0 
12674.08 0.87 0.0 
12763.71 0.44 0.0 
12722.49 0.33 0.0 
13018.85 0.50 0.0 
13004.13 0.86 0.0 
13230.12 0.88 0.0 
13277.72 0.35 0.0 
13346.66 0.42 0.0 
13346.63 0.42 0.0 
13604.58 0.67 0.0 
13589.45 0.81 0.0 
14245.52 0.71 0.0 
14430.48 0.65 0.0 
14474.12 0.93 0.0 
14491.56 0.42 0.0 
14491.58 0.45 0.0 
15037.77 0.31 0.0 
16857.17 0.55 0.0 
16948.17 0.35 0.0 
16948.18 0.94 0.0 
20012.40 0.46 0.0 
20428.81 0.82 0.0 
20698.25 0.40 0.0 
24583.69 0.94 0.0 
25108.49 0.60 0.0 
25799.51 0.52 0.0 
26242.06 0.78 0.0 
26242.01 0.38 0.0 
27463.95 0.83 0.0 
27559.58 0.48 0.0 
27808.95 0.81 0.0 
28543.39 0.56 0.0 
28621.87 0.37 0.0 
29262.91 0.40 0.0 
29262.91 0.54 0.0 
29356.44 0.35 0.0 
29356.49 0.65 0.0 
29792.88 0.60 0.0 
29743.48 0.74 0.0 
29806.96 0.72 0.0 
42239.13 0.32 0.0 
44917.45 0.41 0.0 
44917.36 0.50 0.0 
45182.25 0.70 0.0 
45224.48 0.94 0.0 
45224.47 0.64 0.0 
47969.00 0.51 0.0 
62939.21 0.42 0.0 
63269.12 0.52 0.0 
63438.08 0.52 0.0 
63509.11 0.93 0.0 
65538.56 0.53 0.0 
67199.65 0.53 0.0 
67484.09 0.38 0.0 
68219.28 0.34 0.0 
68683.77 0.36 0.0 
73364.51 0.53 0.0 
76367.43 0.35 0.0 
76332.51 0.36 0.0 
77845.96 0.37 0.0 
79617.81 0.82 0.0 
80593.93 0.79 0.0 
80609.28 0.49 0.0 
80984.40 0.37 0.0 
86200.48 0.41 0.0 
86169.13 0.77 0.0 
86384.05 0.80 0.0 
