560.21 0.42 0.0 
1029.26 0.71 0.0 
1029.25 0.46 0.0 
2050.81 0.32 0.0 
2211.60 0.78 0.0 
2211.61 0.62 0.0 
2371.07 0.57 0.0 
2536.85 0.59 0.0 
2536.88 0.61 0.0 
3449.09 0.47 0.0 
3612.07 0.95 0.0 
3668.82 0.58 0.0 
4018.53 0.36 0.0 
4034.48 0.89 0.0 
4063.43 0.41 0.0 
4361.17 0.40 0.0 
4274.48 0.47 0.0 
4375.63 0.38 0.0 
4409.29 0.69 0.0 
4608.13 0.36 0.0 
4720.29 0.38 0.0 
4608.16 0.73 0.0 
4739.35 0.36 0.0 
4783.71 0.43 0.0 
5512.98 0.75 0.0 
5512.96 0.66 0.0 
5653.07 0.32 0.0 
6042.40 0.79 0.0 
5965.71 0.51 0.0 
6199.84 0.40 0.0 
6199.85 0.69 0.0 
7194.87 0.48 0.0 
7467.84 0.43 0.0 
7398.49 0.30 0.0 
7695.07 0.63 0.0 
7655.88 0.68 0.0 
7655.87 0.60 0.0 
7751.15 0.89 0.0 
7751.16 0.56 0.0 
8080.08 0.41 0.0 
7991.73 0.35 0.0 
8208.62 0.59 0.0 
8208.64 0.34 0.0 
8291.39 0.42 0.0 
8517.28 0.35 0.0 
8517.32 0.81 0.0 
9355.68 0.31 0.0 
9748.07 0.83 0.0 
9794.40 0.87 0.0 
10877.53 0.32 0.0 
11560.60 0.57 0.0 
11798.91 0.79 0.0 
11947.52 0.56 0.0 
12059.25 0.56 0.0 
12178.79 0.91 0.0 
12225.24 0.55 0.0 
12225.27 0.37 0.0 
12433.53 0.39 0.0 
13309.77 0.32 0.0 
13309.77 0.47 0.0 
13481.36 0.72 0.0 
13481.27 0.37 0.0 
13790.61 0.40 0.0 
14173.19 0.80 0.0 
14186.63 0.60 0.0 
14173.23 0.63 0.0 
14338.92 0.43 0.0 
14620.80 0.57 0.0 
14696.03 0.32 0.0 
15426.15 0.33 0.0 
15986.41 0.31 0.0 
15926.52 0.30 0.0 
16813.77 0.45 0.0 
16864.41 0.84 0.0 
16864.39 0.35 0.0 
17185.83 0.34 0.0 
17395.81 0.40 0.0 
17910.24 0.83 0.0 
18128.65 0.75 0.0 
18737.88 0.34 0.0 
18737.88 0.64 0.0 
18862.53 0.41 0.0 
18862.49 0.49 0.0 
18987.91 0.36 0.0 
19242.65 0.65 0.0 
19510.81 0.41 0.0 
19752.09 0.70 0.0 
19968.04 0.44 0.0 
20038.96 0.37 0.0 
20187.43 0.37 0.0 
20426.88 0.66 0.0 
20368.07 0.78 0.0 
20740.13 0.45 0.0 
20759.37 0.40 0.0 
20740.10 0.91 0.0 
20928.73 0.69 0.0 
21409.41 0.54 0.0 
21662.16 0.60 0.0 
22003.94 0.65 0.0 
22227.73 0.56 0.0 
22816.48 0.54 0.0 
22817.63 0.39 0.0 
23040.13 0.41 0.0 
23084.34 0.88 0.0 
23213.52 0.40 0.0 
23213.56 0.87 0.0 
23380.44 0.48 0.0 
23729.13 0.40 0.0 
23925.15 0.42 0.0 
24116.90 0.92 0.0 
24495.27 0.36 0.0 
24515.87 0.46 0.0 
24973.23 0.71 0.0 
25258.95 0.46 0.0 
25475.60 0.34 0.0 
26079.73 0.38 0.0 
26219.12 0.33 0.0 
26655.12 0.44 0.0 
26950.99 0.31 0.0 
27448.89 0.32 0.0 
27594.95 0.56 0.0 
27569.05 0.69 0.0 
28228.72 0.82 0.0 
28543.75 0.43 0.0 
28664.44 0.47 0.0 
28904.51 0.50 0.0 
29217.81 0.41 0.0 
29267.01 0.30 0.0 
29775.86 0.74 0.0 
29877.04 0.42 0.0 
30229.37 0.75 0.0 
30229.40 0.47 0.0 
30437.36 0.83 0.0 
31077.69 0.38 0.0 
31332.27 0.52 0.0 
31392.97 0.58 0.0 
31949.40 0.53 0.0 
31978.23 0.56 0.0 
32472.41 0.32 0.0 
33448.83 0.85 0.0 
33744.35 0.34 0.0 
33761.08 0.51 0.0 
33761.09 0.33 0.0 
33819.73 0.35 0.0 
34064.19 0.36 0.0 
39119.31 0.41 0.0 
41616.35 0.35 0.0 
42232.99 0.33 0.0 
42238.96 0.43 0.0 
42289.72 0.83 0.0 
42289.76 0.86 0.0 
42493.92 0.75 0.0 
42448.88 0.74 0.0 
43469.59 0.31 0.0 
43627.20 0.58 0.0 
43677.36 0.37 0.0 
43769.52 0.84 0.0 
44099.56 0.41 0.0 
44264.51 0.50 0.0 
44552.97 0.52 0.0 
45130.35 0.45 0.0 
45268.08 0.85 0.0 
45629.04 0.41 0.0 
45569.48 0.33 0.0 
45779.01 0.49 0.0 
45823.68 0.40 0.0 
46017.04 0.50 0.0 
46229.60 0.42 0.0 
46556.13 0.47 0.0 
47187.48 0.91 0.0 
47187.48 0.73 0.0 
47383.02 0.40 0.0 
47668.96 0.74 0.0 
47803.21 0.50 0.0 
47951.85 0.33 0.0 
47953.23 0.34 0.0 
48147.47 0.48 0.0 
49077.85 0.30 0.0 
49318.90 0.88 0.0 
50158.04 0.31 0.0 
50219.58 0.42 0.0 
50216.44 0.36 0.0 
51462.88 0.35 0.0 
51569.12 0.36 0.0 
52061.57 0.49 0.0 
52274.03 0.39 0.0 
52504.41 0.50 0.0 
52676.84 0.87 0.0 
52798.44 0.88 0.0 
52978.20 0.75 0.0 
53006.68 0.42 0.0 
53204.09 0.61 0.0 
53294.48 0.43 0.0 
53369.32 0.50 0.0 
53564.49 0.35 0.0 
53668.80 0.31 0.0 
54011.61 0.30 0.0 
54209.03 0.85 0.0 
54307.04 0.53 0.0 
54353.75 0.38 0.0 
54629.15 0.53 0.0 
55004.41 0.34 0.0 
54971.97 0.31 0.0 
55319.07 0.40 0.0 
55724.37 0.45 0.0 
56038.28 0.77 0.0 
56547.57 0.51 0.0 
56453.16 0.32 0.0 
56834.39 0.33 0.0 
57148.47 0.73 0.0 
57282.83 0.42 0.0 
57478.32 0.44 0.0 
57628.52 0.34 0.0 
58586.93 0.36 0.0 
58699.59 0.45 0.0 
58699.57 0.37 0.0 
58917.19 0.60 0.0 
59111.07 0.55 0.0 
59564.13 0.41 0.0 
59627.51 0.33 0.0 
60389.05 0.53 0.0 
60342.91 0.42 0.0 
60598.37 0.51 0.0 
60659.51 0.35 0.0 
61243.99 0.84 0.0 
61993.69 0.47 0.0 
62098.88 0.76 0.0 
62414.54 0.38 0.0 
64636.88 0.88 0.0 
64636.90 0.89 0.0 
64798.91 0.59 0.0 
65026.49 0.49 0.0 
66057.71 0.45 0.0 
66254.51 0.55 0.0 
66449.44 0.61 0.0 
66749.15 0.77 0.0 
67091.01 0.34 0.0 
67110.34 0.56 0.0 
67199.54 0.87 0.0 
67161.72 0.34 0.0 
67168.97 0.36 0.0 
67438.72 0.51 0.0 
68219.41 0.53 0.0 
69342.61 0.46 0.0 
70034.28 0.76 0.0 
70212.17 0.40 0.0 
70564.96 0.56 0.0 
71482.53 0.59 0.0 
71482.52 0.38 0.0 
71818.28 0.34 0.0 
71927.80 0.85 0.0 
71927.79 0.74 0.0 
72988.29 0.40 0.0 
73329.53 0.58 0.0 
73600.33 0.64 0.0 
73574.45 0.63 0.0 
73934.08 0.37 0.0 
74128.57 0.35 0.0 
74669.56 0.42 0.0 
74607.39 0.31 0.0 
75026.40 0.33 0.0 
75026.41 0.37 0.0 
75132.76 0.30 0.0 
75403.48 0.78 0.0 
75684.09 0.42 0.0 
77560.57 0.38 0.0 
77804.41 0.33 0.0 
78638.40 0.41 0.0 
78638.41 0.49 0.0 
79349.27 0.32 0.0 
79574.45 0.52 0.0 
79783.30 0.77 0.0 
80349.79 0.53 0.0 
80414.51 0.76 0.0 
80895.50 0.49 0.0 
81102.68 0.42 0.0 
81325.35 0.34 0.0 
81432.68 0.39 0.0 
81987.51 0.84 0.0 
82124.49 0.51 0.0 
82289.33 0.33 0.0 
82514.65 0.42 0.0 
82649.56 0.82 0.0 
82662.09 0.46 0.0 
83548.53 0.82 0.0 
83651.77 0.49 0.0 
84359.41 0.40 0.0 
84432.88 0.63 0.0 
84689.23 0.36 0.0 
85390.68 0.34 0.0 
