1453.41 0.36 0.0 
2624.04 0.34 0.0 
3119.49 0.46 0.0 
4903.99 0.51 0.0 
6284.57 0.31 0.0 
7138.89 0.35 0.0 
7970.87 0.32 0.0 
8068.81 0.37 0.0 
11668.69 0.37 0.0 
11625.59 0.34 0.0 
11892.68 0.30 0.0 
13256.51 0.51 0.0 
13363.79 0.34 0.0 
14743.65 0.34 0.0 
15028.80 0.34 0.0 
15253.12 0.58 0.0 
15719.21 0.36 0.0 
16498.33 0.31 0.0 
16603.72 0.35 0.0 
17045.15 0.41 0.0 
17302.09 0.37 0.0 
17424.93 0.39 0.0 
17390.05 0.55 0.0 
17825.07 0.35 0.0 
20326.27 0.61 0.0 
21086.88 0.77 0.0 
23006.27 0.35 0.0 
23894.08 0.61 0.0 
28304.12 0.48 0.0 
28871.43 0.31 0.0 
29849.05 0.38 0.0 
31726.63 0.31 0.0 
33190.00 0.39 0.0 
33222.63 0.45 0.0 
34704.71 0.43 0.0 
34704.65 0.73 0.0 
35072.15 0.53 0.0 
35008.49 0.31 0.0 
35169.43 0.37 0.0 
36493.12 0.65 0.0 
37783.39 0.31 0.0 
37963.81 0.55 0.0 
38578.84 0.36 0.0 
40004.45 0.37 0.0 
42359.49 0.63 0.0 
44111.81 0.48 0.0 
44724.88 0.30 0.0 
44743.19 0.82 0.0 
45254.39 0.30 0.0 
45644.16 0.36 0.0 
45704.51 0.39 0.0 
47909.01 0.60 0.0 
49079.11 0.45 0.0 
50381.51 0.30 0.0 
52602.39 0.31 0.0 
54899.05 0.32 0.0 
61334.59 0.44 0.0 
62953.33 0.56 0.0 
63419.33 0.49 0.0 
65114.11 0.65 0.0 
65338.27 0.47 0.0 
66043.09 0.32 0.0 
66241.23 0.37 0.0 
67065.99 0.31 0.0 
67631.65 0.39 0.0 
67695.57 0.59 0.0 
68178.07 0.40 0.0 
69826.60 0.63 0.0 
70457.56 0.33 0.0 
71311.59 0.34 0.0 
71595.31 0.30 0.0 
73624.95 0.31 0.0 
73624.99 0.34 0.0 
73995.37 0.32 0.0 
74505.45 0.70 0.0 
74670.17 0.31 0.0 
75435.11 0.39 0.0 
75930.47 0.34 0.0 
76680.48 0.37 0.0 
77177.44 0.61 0.0 
77670.33 0.34 0.0 
78270.41 0.58 0.0 
78868.57 0.45 0.0 
79859.25 0.63 0.0 
80083.91 0.44 0.0 
80069.45 0.64 0.0 
80892.79 0.62 0.0 
81433.17 0.46 0.0 
81524.31 0.42 0.0 
81583.68 0.38 0.0 
82794.04 0.35 0.0 
82794.08 0.38 0.0 
84944.37 0.33 0.0 
85196.83 0.39 0.0 
