1812.83 0.36 0.0 
3995.40 0.45 0.0 
4106.48 0.53 0.0 
4572.83 0.46 0.0 
5294.33 0.53 0.0 
5977.29 0.55 0.0 
6055.65 0.49 0.0 
6463.89 0.32 0.0 
6911.13 0.41 0.0 
6868.02 0.54 0.0 
7314.59 0.33 0.0 
7768.93 0.47 0.0 
8008.01 0.46 0.0 
8368.96 0.46 0.0 
8939.17 0.68 0.0 
9935.33 0.31 0.0 
9968.59 0.75 0.0 
10632.61 0.60 0.0 
10749.89 0.51 0.0 
12319.13 0.40 0.0 
12584.05 0.49 0.0 
13526.64 0.31 0.0 
13849.76 0.55 0.0 
14247.13 0.31 0.0 
14832.56 0.41 0.0 
14799.53 0.39 0.0 
15149.25 0.32 0.0 
17643.72 0.33 0.0 
18626.41 0.51 0.0 
19166.65 0.52 0.0 
19508.37 0.54 0.0 
20142.89 0.46 0.0 
20642.76 0.58 0.0 
22244.57 0.31 0.0 
26877.81 0.71 0.0 
27463.97 0.32 0.0 
28094.15 0.60 0.0 
28452.97 0.58 0.0 
28843.64 0.33 0.0 
29159.43 0.37 0.0 
29473.77 0.77 0.0 
29548.55 0.74 0.0 
30569.03 0.41 0.0 
31092.24 0.40 0.0 
31451.61 0.38 0.0 
31692.27 0.31 0.0 
32645.14 0.56 0.0 
33423.21 0.44 0.0 
33371.89 0.32 0.0 
33423.25 0.62 0.0 
33763.69 0.35 0.0 
36177.57 0.67 0.0 
36224.69 0.47 0.0 
36656.61 0.46 0.0 
38419.61 0.35 0.0 
38968.13 0.33 0.0 
39329.27 0.84 0.0 
39775.64 0.57 0.0 
39867.53 0.43 0.0 
40484.41 0.35 0.0 
42234.44 0.39 0.0 
42779.44 0.39 0.0 
44638.05 0.43 0.0 
44994.68 0.50 0.0 
47022.06 0.50 0.0 
47263.57 0.56 0.0 
47682.14 0.37 0.0 
48358.41 0.34 0.0 
48358.40 0.32 0.0 
49051.57 0.39 0.0 
49424.19 0.43 0.0 
50232.04 0.58 0.0 
52120.09 0.36 0.0 
52120.13 0.44 0.0 
52780.23 0.38 0.0 
53858.11 0.47 0.0 
53938.72 0.31 0.0 
54414.48 0.37 0.0 
54579.44 0.45 0.0 
54942.05 0.42 0.0 
55299.45 0.31 0.0 
55589.05 0.36 0.0 
57927.41 0.44 0.0 
57967.45 0.49 0.0 
57967.46 0.38 0.0 
58592.24 0.48 0.0 
58592.24 0.67 0.0 
60449.12 0.42 0.0 
61274.40 0.44 0.0 
61873.33 0.44 0.0 
62157.73 0.68 0.0 
62238.36 0.32 0.0 
62181.93 0.31 0.0 
63868.01 0.72 0.0 
63972.83 0.35 0.0 
64407.25 0.43 0.0 
64407.23 0.33 0.0 
65686.17 0.51 0.0 
66510.09 0.33 0.0 
68081.17 0.34 0.0 
69088.08 0.37 0.0 
71488.79 0.60 0.0 
71967.81 0.57 0.0 
73524.96 0.37 0.0 
73767.57 0.46 0.0 
75928.70 0.42 0.0 
75836.28 0.50 0.0 
76105.79 0.51 0.0 
76256.33 0.36 0.0 
78446.08 0.69 0.0 
78375.36 0.34 0.0 
79540.45 0.36 0.0 
80862.45 0.32 0.0 
80784.64 0.62 0.0 
82004.12 0.59 0.0 
82798.93 0.39 0.0 
83801.13 0.62 0.0 
83963.36 0.31 0.0 
84509.05 0.37 0.0 
84649.72 0.43 0.0 
85524.57 0.33 0.0 
85647.09 0.51 0.0 
85633.84 0.78 0.0 
85589.09 0.77 0.0 
85589.05 0.68 0.0 
85938.27 0.31 0.0 
86172.25 0.48 0.0 
