207.65 0.47 0.0 
941.93 0.75 0.0 
1378.55 0.44 0.0 
1768.85 0.64 0.0 
3239.12 0.41 0.0 
3198.09 0.41 0.0 
4679.33 0.49 0.0 
5458.96 0.35 0.0 
5579.20 0.68 0.0 
7259.03 0.48 0.0 
8204.04 0.63 0.0 
9103.93 0.42 0.0 
9348.01 0.37 0.0 
10962.89 0.67 0.0 
10966.52 0.83 0.0 
10994.37 0.47 0.0 
10978.28 0.36 0.0 
12236.49 0.42 0.0 
12760.63 0.87 0.0 
13587.97 0.37 0.0 
14776.28 0.52 0.0 
14923.77 0.40 0.0 
17157.32 0.61 0.0 
16649.09 0.54 0.0 
17627.36 0.63 0.0 
17564.40 0.93 0.0 
19873.39 0.52 0.0 
20491.30 0.31 0.0 
20336.32 0.37 0.0 
21254.48 0.41 0.0 
23234.12 0.83 0.0 
23129.57 0.56 0.0 
25603.84 0.57 0.0 
29713.69 0.82 0.0 
34964.12 0.40 0.0 
37933.69 0.51 0.0 
38935.60 0.46 0.0 
39294.36 0.70 0.0 
39824.37 0.33 0.0 
39329.44 0.61 0.0 
41879.57 0.57 0.0 
41219.09 0.35 0.0 
41459.17 0.72 0.0 
42284.52 0.84 0.0 
41819.57 0.72 0.0 
41728.96 0.42 0.0 
42827.56 0.74 0.0 
42827.53 0.57 0.0 
43334.05 0.40 0.0 
44743.05 0.52 0.0 
45242.24 0.76 0.0 
45372.91 0.48 0.0 
45242.27 0.63 0.0 
46090.35 0.66 0.0 
47862.16 0.47 0.0 
47713.53 0.47 0.0 
49662.88 0.39 0.0 
51102.97 0.32 0.0 
53278.97 0.48 0.0 
53471.49 0.74 0.0 
57449.31 0.30 0.0 
60718.89 0.42 0.0 
60400.32 0.71 0.0 
60809.33 0.34 0.0 
61633.57 0.33 0.0 
63403.28 0.32 0.0 
67707.77 0.50 0.0 
71157.04 0.53 0.0 
71952.84 0.78 0.0 
73857.84 0.40 0.0 
75959.37 0.44 0.0 
79874.16 0.35 0.0 
83172.88 0.44 0.0 
82738.95 0.35 0.0 
84013.07 0.45 0.0 
84418.16 0.49 0.0 
85776.96 0.61 0.0 
