3031.40 0.44 0.0 
3047.72 0.75 0.0 
3031.41 0.38 0.0 
3479.95 0.43 0.0 
3534.89 0.60 0.0 
3534.87 0.37 0.0 
3660.45 0.31 0.0 
8456.77 0.43 0.0 
9463.35 0.44 0.0 
23149.95 0.58 0.0 
24074.96 0.31 0.0 
24160.11 0.34 0.0 
24405.76 0.36 0.0 
24953.27 0.46 0.0 
24996.99 0.52 0.0 
24953.29 0.43 0.0 
25122.19 0.34 0.0 
24997.05 0.62 0.0 
25682.75 0.33 0.0 
25593.05 0.42 0.0 
26551.31 0.44 0.0 
27230.59 0.47 0.0 
27930.77 0.31 0.0 
28119.96 0.45 0.0 
28043.87 0.32 0.0 
29046.12 0.35 0.0 
31321.73 0.62 0.0 
31288.17 0.32 0.0 
31418.49 0.51 0.0 
31418.48 0.67 0.0 
32418.67 0.39 0.0 
35065.29 0.33 0.0 
35065.33 0.32 0.0 
35170.84 0.68 0.0 
35757.27 0.45 0.0 
35757.26 0.80 0.0 
35936.23 0.37 0.0 
35936.27 0.53 0.0 
36058.23 0.33 0.0 
36009.89 0.36 0.0 
36093.97 0.79 0.0 
36153.61 0.83 0.0 
36128.13 0.67 0.0 
36133.24 0.43 0.0 
36148.84 0.75 0.0 
36093.98 0.79 0.0 
36058.22 0.33 0.0 
36166.74 0.32 0.0 
36183.28 0.45 0.0 
36128.12 0.89 0.0 
36218.15 0.74 0.0 
36280.81 0.63 0.0 
36248.10 0.85 0.0 
36254.95 0.74 0.0 
36218.15 0.52 0.0 
36183.27 0.69 0.0 
36153.64 0.87 0.0 
36248.11 0.84 0.0 
36280.81 0.67 0.0 
36497.51 0.34 0.0 
36516.13 0.45 0.0 
36625.28 0.76 0.0 
36516.15 0.45 0.0 
36726.99 0.39 0.0 
37112.56 0.43 0.0 
37865.84 0.68 0.0 
37865.83 0.76 0.0 
39395.71 0.31 0.0 
39569.91 0.64 0.0 
39843.56 0.44 0.0 
41041.12 0.83 0.0 
41041.15 0.65 0.0 
41837.75 0.38 0.0 
43457.76 0.67 0.0 
45606.03 0.32 0.0 
46231.65 0.30 0.0 
48346.23 0.49 0.0 
48587.79 0.37 0.0 
48995.99 0.37 0.0 
51614.63 0.31 0.0 
52079.39 0.32 0.0 
65553.98 0.52 0.0 
65567.87 0.69 0.0 
65613.40 0.58 0.0 
65596.33 0.34 0.0 
65613.33 0.49 0.0 
65553.98 0.79 0.0 
65648.27 0.70 0.0 
65596.31 0.32 0.0 
66752.87 0.41 0.0 
69582.07 0.71 0.0 
71837.63 0.44 0.0 
73983.84 0.49 0.0 
84948.39 0.77 0.0 
84983.23 0.54 0.0 
84983.27 0.31 0.0 
84948.39 0.77 0.0 
86139.63 0.31 0.0 
