687.11 0.48 0.0 
4642.29 0.53 0.0 
8229.69 0.42 0.0 
8430.57 0.49 0.0 
8430.44 0.59 0.0 
8482.37 0.66 0.0 
8482.39 0.51 0.0 
8701.08 0.33 0.0 
8814.11 0.30 0.0 
11583.80 0.77 0.0 
11764.89 0.47 0.0 
13517.88 0.49 0.0 
14273.17 0.46 0.0 
14469.96 0.64 0.0 
16715.40 0.38 0.0 
17372.37 0.53 0.0 
18091.35 0.33 0.0 
27846.51 0.31 0.0 
27846.55 0.36 0.0 
28413.33 0.46 0.0 
30795.43 0.31 0.0 
32318.68 0.40 0.0 
32318.63 0.37 0.0 
35983.33 0.43 0.0 
39675.61 0.49 0.0 
41595.89 0.31 0.0 
42947.63 0.31 0.0 
46590.93 0.32 0.0 
48586.91 0.37 0.0 
51475.09 0.30 0.0 
51480.49 0.67 0.0 
52936.51 0.33 0.0 
53132.17 0.60 0.0 
53387.17 0.30 0.0 
54031.19 0.55 0.0 
54516.01 0.31 0.0 
56171.15 0.56 0.0 
56171.17 0.49 0.0 
57758.33 0.33 0.0 
57945.93 0.60 0.0 
60750.81 0.33 0.0 
60736.87 0.30 0.0 
61127.13 0.42 0.0 
61127.09 0.52 0.0 
61539.09 0.43 0.0 
61958.65 0.51 0.0 
62265.69 0.52 0.0 
62620.52 0.51 0.0 
62620.47 0.46 0.0 
66766.64 0.50 0.0 
68583.61 0.32 0.0 
70546.00 0.66 0.0 
70680.57 0.56 0.0 
70810.71 0.53 0.0 
71843.97 0.87 0.0 
71843.97 0.83 0.0 
71784.59 0.49 0.0 
71986.39 0.33 0.0 
71784.61 0.74 0.0 
72001.66 0.80 0.0 
72346.73 0.33 0.0 
72744.31 0.46 0.0 
73599.91 0.35 0.0 
74589.29 0.41 0.0 
74971.83 0.35 0.0 
77379.03 0.50 0.0 
77580.46 0.87 0.0 
78889.93 0.72 0.0 
78889.93 0.34 0.0 
79907.31 0.40 0.0 
79915.17 0.40 0.0 
81784.47 0.31 0.0 
81873.33 0.45 0.0 
86115.47 0.52 0.0 
