864.87 0.30 0.0 
2548.75 0.61 0.0 
2548.76 0.82 0.0 
3667.85 0.63 0.0 
3979.29 0.81 0.0 
3667.83 0.55 0.0 
4044.22 0.63 0.0 
4044.22 0.44 0.0 
5416.73 0.42 0.0 
6090.56 0.30 0.0 
6797.12 0.73 0.0 
6804.33 0.66 0.0 
8534.51 0.49 0.0 
12203.19 0.31 0.0 
12150.59 0.37 0.0 
15407.43 0.35 0.0 
15890.59 0.44 0.0 
16445.12 0.43 0.0 
16534.76 0.53 0.0 
16534.75 0.69 0.0 
16921.44 0.58 0.0 
17882.36 0.37 0.0 
18721.27 0.44 0.0 
18703.71 0.53 0.0 
19008.90 0.79 0.0 
19016.07 0.48 0.0 
19011.51 0.41 0.0 
19016.11 0.47 0.0 
19900.83 0.31 0.0 
19917.36 0.71 0.0 
19917.37 0.75 0.0 
19876.51 0.43 0.0 
19883.03 0.82 0.0 
19900.87 0.31 0.0 
20174.83 0.37 0.0 
20657.53 0.69 0.0 
20657.55 0.43 0.0 
20751.82 0.92 0.0 
20751.82 0.90 0.0 
20881.68 0.75 0.0 
23230.65 0.88 0.0 
23230.64 0.85 0.0 
23722.05 0.74 0.0 
23712.25 0.68 0.0 
23722.05 0.71 0.0 
23729.86 0.60 0.0 
24470.19 0.50 0.0 
25073.40 0.34 0.0 
25073.39 0.34 0.0 
29999.46 0.64 0.0 
30000.79 0.39 0.0 
29999.45 0.35 0.0 
32597.95 0.34 0.0 
32970.47 0.43 0.0 
32597.96 0.53 0.0 
34182.69 0.51 0.0 
37673.40 0.37 0.0 
37861.26 0.65 0.0 
40059.87 0.31 0.0 
40083.77 0.53 0.0 
40197.33 0.38 0.0 
40059.85 0.43 0.0 
40190.24 0.34 0.0 
40197.33 0.53 0.0 
40311.50 0.35 0.0 
40319.19 0.39 0.0 
40426.71 0.75 0.0 
40457.92 0.68 0.0 
40426.70 0.76 0.0 
40580.31 0.30 0.0 
40567.38 0.74 0.0 
40546.31 0.37 0.0 
40567.40 0.71 0.0 
40709.81 0.48 0.0 
40682.73 0.33 0.0 
40692.83 0.33 0.0 
40700.84 0.34 0.0 
40609.97 0.51 0.0 
40609.99 0.36 0.0 
40852.76 0.49 0.0 
40831.12 0.65 0.0 
40852.81 0.52 0.0 
40966.72 0.40 0.0 
40861.70 0.43 0.0 
41236.80 0.73 0.0 
40983.37 0.48 0.0 
41400.71 0.71 0.0 
41357.37 0.62 0.0 
41225.93 0.49 0.0 
41236.80 0.51 0.0 
41246.39 0.40 0.0 
41445.56 0.41 0.0 
41357.35 0.59 0.0 
41550.71 0.89 0.0 
42138.72 0.43 0.0 
42155.41 0.57 0.0 
42165.89 0.81 0.0 
42155.40 0.66 0.0 
42170.05 0.43 0.0 
42317.11 0.77 0.0 
42497.33 0.48 0.0 
42283.58 0.57 0.0 
42438.45 0.43 0.0 
42413.72 0.54 0.0 
42317.15 0.52 0.0 
42438.43 0.38 0.0 
46619.87 0.47 0.0 
51838.67 0.33 0.0 
51838.72 0.65 0.0 
55302.89 0.51 0.0 
55302.85 0.45 0.0 
63586.64 0.58 0.0 
75287.29 0.44 0.0 
75287.31 0.48 0.0 
80860.67 0.40 0.0 
80774.41 0.68 0.0 
81097.75 0.37 0.0 
81078.77 0.31 0.0 
80942.44 0.31 0.0 
80942.45 0.71 0.0 
81274.40 0.79 0.0 
86132.43 0.38 0.0 
86132.47 0.31 0.0 
