3683.73 0.36 0.0 
4513.05 0.50 0.0 
4539.99 0.33 0.0 
4662.16 0.61 0.0 
8802.83 0.81 0.0 
9147.71 0.32 0.0 
9716.45 0.52 0.0 
9869.41 0.30 0.0 
15117.71 0.46 0.0 
21022.40 0.69 0.0 
21868.16 0.60 0.0 
22468.89 0.47 0.0 
23576.09 0.62 0.0 
23782.25 0.31 0.0 
23782.27 0.82 0.0 
23788.30 0.38 0.0 
24584.63 0.47 0.0 
24584.51 0.64 0.0 
25465.92 0.43 0.0 
30749.24 0.57 0.0 
32502.00 0.50 0.0 
36820.73 0.43 0.0 
40228.12 0.35 0.0 
41748.84 0.58 0.0 
51564.40 0.85 0.0 
51564.35 0.51 0.0 
68173.47 0.38 0.0 
72432.79 0.49 0.0 
77246.24 0.35 0.0 
79333.99 0.47 0.0 
83968.79 0.60 0.0 
84277.25 0.36 0.0 
84297.36 0.74 0.0 
84925.51 0.77 0.0 
84957.20 0.45 0.0 
86362.91 0.34 0.0 
