2217.33 0.41 0.0 
2983.23 0.32 0.0 
3509.51 0.38 0.0 
3464.07 0.53 0.0 
4711.24 0.32 0.0 
4767.91 0.41 0.0 
5188.53 0.40 0.0 
5189.07 0.34 0.0 
5126.05 0.56 0.0 
5244.08 0.31 0.0 
5247.33 0.56 0.0 
5534.44 0.58 0.0 
6728.48 0.51 0.0 
6730.74 0.47 0.0 
6864.69 0.35 0.0 
7977.41 0.72 0.0 
8234.04 0.32 0.0 
9718.87 0.44 0.0 
11617.72 0.49 0.0 
11864.00 0.36 0.0 
12164.06 0.91 0.0 
13334.43 0.40 0.0 
23149.52 0.53 0.0 
23149.48 0.82 0.0 
23249.08 0.37 0.0 
24160.11 0.95 0.0 
24160.13 0.51 0.0 
24389.37 0.33 0.0 
24628.72 0.67 0.0 
24823.72 0.45 0.0 
24991.36 0.45 0.0 
24972.39 0.50 0.0 
25122.20 0.47 0.0 
24991.36 0.74 0.0 
25300.30 0.50 0.0 
25469.36 0.56 0.0 
25505.48 0.37 0.0 
25680.68 0.60 0.0 
25828.47 0.40 0.0 
27148.85 0.69 0.0 
27088.13 0.32 0.0 
27226.84 0.35 0.0 
27226.83 0.78 0.0 
27401.39 0.47 0.0 
28364.39 0.32 0.0 
28482.88 0.35 0.0 
29043.75 0.37 0.0 
29908.25 0.44 0.0 
30673.76 0.51 0.0 
31416.04 0.41 0.0 
31469.49 0.35 0.0 
31416.04 0.55 0.0 
31914.83 0.31 0.0 
32174.37 0.31 0.0 
32247.72 0.40 0.0 
32396.63 0.34 0.0 
32834.32 0.50 0.0 
33869.49 0.32 0.0 
33824.04 0.37 0.0 
34106.40 0.41 0.0 
34258.94 0.71 0.0 
34528.67 0.62 0.0 
34572.15 0.51 0.0 
34796.21 0.51 0.0 
35056.99 0.38 0.0 
35169.84 0.67 0.0 
35170.79 0.58 0.0 
35751.10 0.50 0.0 
35751.05 0.59 0.0 
36044.21 0.41 0.0 
36013.32 0.37 0.0 
36148.83 0.84 0.0 
36164.29 0.52 0.0 
36123.16 0.32 0.0 
36143.73 0.78 0.0 
36174.12 0.31 0.0 
36123.15 0.54 0.0 
36133.16 0.55 0.0 
36245.40 0.92 0.0 
36252.21 0.32 0.0 
36223.01 0.59 0.0 
36245.39 0.89 0.0 
36355.09 0.30 0.0 
36374.04 0.87 0.0 
36598.36 0.48 0.0 
36624.44 0.65 0.0 
36513.00 0.41 0.0 
36612.82 0.65 0.0 
36723.99 0.50 0.0 
36957.67 0.58 0.0 
37094.55 0.86 0.0 
37184.13 0.48 0.0 
37349.31 0.60 0.0 
37863.59 0.36 0.0 
37863.55 0.48 0.0 
38158.61 0.34 0.0 
38864.12 0.39 0.0 
39224.17 0.41 0.0 
39389.58 0.77 0.0 
39434.37 0.33 0.0 
39567.41 0.50 0.0 
39794.39 0.42 0.0 
40904.52 0.83 0.0 
41084.36 0.63 0.0 
41803.28 0.83 0.0 
42614.48 0.36 0.0 
42822.01 0.37 0.0 
43273.23 0.31 0.0 
43555.17 0.43 0.0 
43827.40 0.58 0.0 
43964.48 0.78 0.0 
44112.20 0.64 0.0 
44411.23 0.71 0.0 
44803.69 0.59 0.0 
44831.84 0.41 0.0 
44861.17 0.44 0.0 
45011.37 0.55 0.0 
46212.31 0.52 0.0 
46393.77 0.45 0.0 
46602.77 0.36 0.0 
46829.39 0.32 0.0 
46948.58 0.45 0.0 
47009.17 0.38 0.0 
47188.04 0.38 0.0 
47260.29 0.66 0.0 
47260.32 0.40 0.0 
47739.69 0.93 0.0 
48029.32 0.39 0.0 
48650.80 0.37 0.0 
48650.77 0.42 0.0 
49079.19 0.66 0.0 
49499.35 0.74 0.0 
50186.54 0.41 0.0 
51059.45 0.37 0.0 
51176.71 0.33 0.0 
51473.85 0.42 0.0 
51959.58 0.52 0.0 
52024.61 0.54 0.0 
52032.43 0.37 0.0 
52079.35 0.41 0.0 
52074.99 0.41 0.0 
53189.07 0.48 0.0 
53098.91 0.60 0.0 
54179.43 0.40 0.0 
55839.15 0.31 0.0 
56713.84 0.41 0.0 
57104.02 0.41 0.0 
58963.12 0.54 0.0 
59743.84 0.38 0.0 
60294.87 0.33 0.0 
64662.71 0.34 0.0 
64664.51 0.67 0.0 
65558.59 0.32 0.0 
65528.65 0.69 0.0 
65596.26 0.43 0.0 
65643.15 0.36 0.0 
65596.28 0.58 0.0 
65921.08 0.50 0.0 
66562.61 0.53 0.0 
67739.56 0.53 0.0 
68563.89 0.41 0.0 
68849.48 0.33 0.0 
69224.43 0.65 0.0 
69373.20 0.39 0.0 
69581.41 0.50 0.0 
70391.56 0.33 0.0 
71683.32 0.59 0.0 
73123.95 0.54 0.0 
77127.63 0.30 0.0 
84058.85 0.42 0.0 
84943.88 0.31 0.0 
84977.69 0.41 0.0 
85139.43 0.58 0.0 
85349.35 0.40 0.0 
85964.56 0.59 0.0 
