611.41 0.38 0.0 
1001.04 0.42 0.0 
1273.09 0.46 0.0 
1244.37 0.46 0.0 
2489.47 0.35 0.0 
4125.48 0.32 0.0 
4169.51 0.36 0.0 
4439.49 0.57 0.0 
4768.89 0.39 0.0 
5158.67 0.33 0.0 
5743.75 0.30 0.0 
6548.71 0.62 0.0 
7724.51 0.42 0.0 
10062.01 0.51 0.0 
10870.84 0.78 0.0 
11130.37 0.33 0.0 
11110.90 0.53 0.0 
12526.85 0.38 0.0 
14131.77 0.46 0.0 
14711.78 0.72 0.0 
14752.37 0.54 0.0 
15350.13 0.41 0.0 
15484.73 0.34 0.0 
15473.75 0.54 0.0 
15535.29 0.31 0.0 
15473.85 0.53 0.0 
16542.79 0.37 0.0 
21004.01 0.36 0.0 
22310.01 0.34 0.0 
22690.56 0.68 0.0 
22812.55 0.33 0.0 
23846.47 0.42 0.0 
24944.12 0.40 0.0 
25044.04 0.32 0.0 
26935.69 0.37 0.0 
28500.83 0.33 0.0 
28916.93 0.47 0.0 
29333.21 0.33 0.0 
30037.15 0.36 0.0 
30328.28 0.31 0.0 
31033.77 0.65 0.0 
32472.53 0.37 0.0 
32892.23 0.30 0.0 
33369.55 0.45 0.0 
33854.58 0.66 0.0 
34363.48 0.53 0.0 
34750.03 0.66 0.0 
35773.65 0.40 0.0 
36743.92 0.34 0.0 
36985.36 0.41 0.0 
37061.95 0.34 0.0 
37102.37 0.50 0.0 
37318.47 0.33 0.0 
37543.77 0.54 0.0 
37800.65 0.35 0.0 
38077.08 0.35 0.0 
38241.63 0.55 0.0 
38282.13 0.33 0.0 
39089.33 0.69 0.0 
40257.11 0.35 0.0 
42328.49 0.33 0.0 
42782.00 0.40 0.0 
43541.19 0.57 0.0 
43660.83 0.30 0.0 
43679.07 0.34 0.0 
45569.19 0.38 0.0 
45729.81 0.43 0.0 
46332.63 0.31 0.0 
46453.95 0.41 0.0 
47144.15 0.30 0.0 
47411.31 0.37 0.0 
48643.97 0.45 0.0 
53141.73 0.40 0.0 
54013.67 0.65 0.0 
55064.16 0.45 0.0 
56966.57 0.61 0.0 
57287.04 0.61 0.0 
57493.03 0.38 0.0 
58993.99 0.34 0.0 
60312.79 0.61 0.0 
60494.15 0.49 0.0 
61169.09 0.59 0.0 
62973.27 0.36 0.0 
63313.99 0.32 0.0 
63419.35 0.30 0.0 
64247.79 0.37 0.0 
64169.27 0.31 0.0 
65714.31 0.43 0.0 
66673.51 0.31 0.0 
67541.41 0.32 0.0 
67631.41 0.41 0.0 
70403.85 0.39 0.0 
70887.61 0.59 0.0 
71458.95 0.58 0.0 
71834.19 0.36 0.0 
72556.09 0.37 0.0 
73393.07 0.46 0.0 
77159.11 0.41 0.0 
77579.15 0.30 0.0 
78178.98 0.56 0.0 
78674.39 0.77 0.0 
78883.80 0.56 0.0 
81134.39 0.33 0.0 
83428.27 0.36 0.0 
83474.49 0.32 0.0 
83594.41 0.34 0.0 
84298.90 0.44 0.0 
84389.51 0.53 0.0 
85333.93 0.35 0.0 
85377.38 0.32 0.0 
85618.95 0.86 0.0 
85720.29 0.37 0.0 
85873.96 0.49 0.0 
