1696.91 0.36 0.0 
2547.93 0.48 0.0 
2547.89 0.67 0.0 
2534.12 0.34 0.0 
3665.87 0.66 0.0 
3976.27 0.94 0.0 
3665.89 0.65 0.0 
4039.85 0.64 0.0 
4244.12 0.37 0.0 
4044.20 0.45 0.0 
6803.19 0.31 0.0 
10679.23 0.86 0.0 
11270.33 0.41 0.0 
11440.16 0.32 0.0 
12208.80 0.41 0.0 
12208.83 0.82 0.0 
13724.24 0.67 0.0 
14145.09 0.47 0.0 
14586.49 0.32 0.0 
15887.89 0.33 0.0 
16183.92 0.37 0.0 
16422.27 0.56 0.0 
16531.11 0.93 0.0 
16531.11 0.91 0.0 
16737.44 0.76 0.0 
16885.03 0.49 0.0 
17092.17 0.30 0.0 
17773.90 0.31 0.0 
17773.87 0.94 0.0 
18700.79 0.59 0.0 
18837.35 0.47 0.0 
18655.37 0.65 0.0 
19008.89 0.40 0.0 
19347.52 0.78 0.0 
19280.67 0.30 0.0 
19633.92 0.35 0.0 
19911.32 0.37 0.0 
19913.84 0.44 0.0 
19882.09 0.55 0.0 
20383.71 0.42 0.0 
20750.47 0.83 0.0 
20750.44 0.75 0.0 
20685.16 0.73 0.0 
20885.76 0.31 0.0 
23229.73 0.94 0.0 
23229.73 0.95 0.0 
23721.94 0.31 0.0 
23712.19 0.91 0.0 
25078.93 0.34 0.0 
25452.36 0.33 0.0 
25452.33 0.86 0.0 
25763.80 0.74 0.0 
25763.78 0.87 0.0 
28270.44 0.48 0.0 
29177.33 0.37 0.0 
29999.38 0.43 0.0 
31731.59 0.31 0.0 
34448.40 0.56 0.0 
34448.48 0.54 0.0 
34408.60 0.49 0.0 
34408.57 0.87 0.0 
37679.35 0.94 0.0 
37824.60 0.44 0.0 
37824.53 0.90 0.0 
40078.05 0.77 0.0 
40078.04 0.42 0.0 
40194.88 0.57 0.0 
40051.75 0.44 0.0 
40240.69 0.63 0.0 
40194.89 0.64 0.0 
40213.81 0.31 0.0 
40331.21 0.75 0.0 
40423.72 0.39 0.0 
40455.04 0.40 0.0 
40475.97 0.43 0.0 
40571.73 0.37 0.0 
40571.49 0.43 0.0 
40704.52 0.45 0.0 
40704.48 0.33 0.0 
40692.73 0.42 0.0 
40737.37 0.36 0.0 
40847.53 0.35 0.0 
40858.88 0.37 0.0 
40847.53 0.37 0.0 
41143.21 0.37 0.0 
40987.93 0.31 0.0 
41399.48 0.66 0.0 
41008.05 0.57 0.0 
41514.45 0.47 0.0 
42283.55 0.31 0.0 
42396.08 0.40 0.0 
42165.72 0.41 0.0 
42326.88 0.53 0.0 
42435.84 0.65 0.0 
42408.01 0.32 0.0 
42396.04 0.37 0.0 
42408.01 0.52 0.0 
42717.45 0.50 0.0 
42326.95 0.81 0.0 
42435.87 0.60 0.0 
44463.52 0.63 0.0 
44463.53 0.49 0.0 
46615.25 0.36 0.0 
50317.64 0.42 0.0 
50611.66 0.46 0.0 
51834.67 0.38 0.0 
51860.27 0.45 0.0 
51834.69 0.50 0.0 
51835.68 0.46 0.0 
53968.41 0.63 0.0 
53968.42 0.94 0.0 
55300.57 0.42 0.0 
55315.87 0.31 0.0 
55300.59 0.46 0.0 
55517.92 0.48 0.0 
55517.88 0.45 0.0 
58583.89 0.67 0.0 
58583.89 0.52 0.0 
68442.45 0.35 0.0 
68668.48 0.47 0.0 
68442.50 0.46 0.0 
74668.01 0.48 0.0 
74783.85 0.57 0.0 
75388.44 0.76 0.0 
79853.92 0.44 0.0 
80652.59 0.37 0.0 
80769.55 0.62 0.0 
80769.56 0.36 0.0 
80696.91 0.33 0.0 
80593.64 0.34 0.0 
81094.48 0.43 0.0 
80847.57 0.32 0.0 
84496.96 0.33 0.0 
