148.96 0.85 0.0 
313.00 0.80 0.0 
670.69 0.55 0.0 
941.12 0.34 0.0 
1821.88 0.31 0.0 
2190.15 0.31 0.0 
2195.92 0.66 0.0 
2593.55 0.87 0.0 
3074.59 0.76 0.0 
3074.61 0.57 0.0 
3145.79 0.35 0.0 
3206.73 0.65 0.0 
3206.71 0.44 0.0 
3538.79 0.34 0.0 
5785.51 0.84 0.0 
6396.18 0.82 0.0 
7109.37 0.31 0.0 
7557.56 0.84 0.0 
7572.83 0.89 0.0 
7572.83 0.52 0.0 
7739.49 0.51 0.0 
8045.00 0.52 0.0 
8057.97 0.41 0.0 
8338.96 0.70 0.0 
8350.72 0.68 0.0 
8350.72 0.80 0.0 
8458.46 0.36 0.0 
8731.44 0.42 0.0 
8755.20 0.52 0.0 
8919.73 0.55 0.0 
9071.24 0.86 0.0 
9806.45 0.33 0.0 
9820.33 0.52 0.0 
9820.34 0.31 0.0 
9853.03 0.82 0.0 
9886.88 0.37 0.0 
10007.25 0.41 0.0 
10095.76 0.81 0.0 
10095.55 0.38 0.0 
10120.28 0.32 0.0 
10226.23 0.34 0.0 
11517.32 0.38 0.0 
14573.28 0.63 0.0 
14573.29 0.52 0.0 
14962.52 0.86 0.0 
15244.53 0.46 0.0 
15291.67 0.61 0.0 
15685.96 0.49 0.0 
16813.51 0.78 0.0 
17531.59 0.80 0.0 
20918.90 0.87 0.0 
21103.43 0.81 0.0 
21474.20 0.72 0.0 
21474.16 0.54 0.0 
22501.59 0.41 0.0 
22858.79 0.47 0.0 
23144.08 0.69 0.0 
23509.59 0.31 0.0 
23636.45 0.58 0.0 
23713.28 0.67 0.0 
23713.31 0.54 0.0 
23727.25 0.56 0.0 
24486.49 0.63 0.0 
24828.76 0.39 0.0 
24939.15 0.82 0.0 
25013.48 0.91 0.0 
25013.53 0.37 0.0 
25519.08 0.72 0.0 
25794.39 0.82 0.0 
25947.45 0.34 0.0 
26078.84 0.73 0.0 
26409.92 0.35 0.0 
26653.64 0.78 0.0 
27399.60 0.49 0.0 
27462.67 0.42 0.0 
28263.04 0.49 0.0 
28435.81 0.89 0.0 
28435.83 0.46 0.0 
31331.75 0.58 0.0 
32437.65 0.55 0.0 
33034.69 0.51 0.0 
33034.73 0.32 0.0 
35590.35 0.33 0.0 
36636.95 0.77 0.0 
38082.03 0.60 0.0 
38143.88 0.42 0.0 
39205.04 0.34 0.0 
39491.59 0.92 0.0 
39491.59 0.42 0.0 
39788.45 0.35 0.0 
44953.09 0.37 0.0 
51727.00 0.95 0.0 
53302.58 0.90 0.0 
54534.58 0.86 0.0 
72014.51 0.33 0.0 
75267.32 0.54 0.0 
80202.92 0.45 0.0 
83970.48 0.41 0.0 
86275.87 0.44 0.0 
