215.95 0.36 0.0 
368.09 0.61 0.0 
5784.68 0.70 0.0 
7537.51 0.97 0.0 
7537.51 0.97 0.0 
7680.84 0.77 0.0 
7682.43 0.82 0.0 
13688.28 0.72 0.0 
13693.72 0.93 0.0 
13688.27 0.37 0.0 
13693.72 0.96 0.0 
13786.87 0.42 0.0 
15078.21 0.96 0.0 
15078.20 0.96 0.0 
15394.78 0.96 0.0 
15394.78 0.96 0.0 
15550.42 0.96 0.0 
15550.42 0.96 0.0 
16827.22 0.96 0.0 
16827.22 0.96 0.0 
17438.24 0.94 0.0 
17438.24 0.96 0.0 
32394.53 0.31 0.0 
32639.50 0.95 0.0 
32639.51 0.97 0.0 
32671.59 0.64 0.0 
32684.88 0.64 0.0 
32655.39 0.74 0.0 
32655.40 0.95 0.0 
33015.27 0.97 0.0 
33015.29 0.73 0.0 
33151.95 0.89 0.0 
33558.88 0.43 0.0 
41565.91 0.42 0.0 
43127.23 0.33 0.0 
44246.61 0.95 0.0 
44246.60 0.94 0.0 
49981.83 0.50 0.0 
53322.08 0.37 0.0 
60781.95 0.58 0.0 
63604.85 0.79 0.0 
63604.85 0.80 0.0 
65069.08 0.84 0.0 
65069.08 0.72 0.0 
85070.28 0.44 0.0 
86213.15 0.95 0.0 
86213.15 0.96 0.0 
