388.85 0.47 0.0 
973.55 0.36 0.0 
2428.00 0.85 0.0 
3507.27 0.39 0.0 
4034.00 0.41 0.0 
5833.05 0.37 0.0 
6986.61 0.48 0.0 
7536.27 0.99 0.0 
7536.27 0.99 0.0 
7679.60 0.65 0.0 
7679.61 0.86 0.0 
7737.04 0.36 0.0 
7680.84 0.72 0.0 
9498.12 0.36 0.0 
11125.44 0.46 0.0 
13687.04 0.83 0.0 
13692.48 0.98 0.0 
13687.04 0.57 0.0 
13692.48 0.98 0.0 
15076.98 0.98 0.0 
15076.97 0.98 0.0 
15393.55 0.99 0.0 
15393.55 0.99 0.0 
15549.20 0.99 0.0 
15549.20 0.99 0.0 
16825.97 0.99 0.0 
16825.96 0.98 0.0 
17437.00 0.97 0.0 
17437.00 0.98 0.0 
18073.32 0.49 0.0 
22137.67 0.45 0.0 
25346.24 0.71 0.0 
32050.85 0.49 0.0 
32502.25 0.57 0.0 
32638.24 0.98 0.0 
32638.24 0.99 0.0 
32675.85 0.43 0.0 
32683.56 0.74 0.0 
32654.12 0.82 0.0 
32729.56 0.45 0.0 
33013.99 0.98 0.0 
33014.00 0.99 0.0 
33015.18 0.53 0.0 
33133.97 0.49 0.0 
33150.69 0.95 0.0 
33150.71 0.69 0.0 
33432.93 0.42 0.0 
33434.20 0.51 0.0 
33557.65 0.40 0.0 
35246.96 0.38 0.0 
37753.04 0.50 0.0 
40902.28 0.42 0.0 
43911.60 0.37 0.0 
44245.11 0.99 0.0 
44245.11 0.99 0.0 
45783.76 0.51 0.0 
50899.80 0.32 0.0 
52109.20 0.43 0.0 
52697.71 0.56 0.0 
53537.73 0.35 0.0 
55362.43 0.47 0.0 
60671.87 0.56 0.0 
62966.52 0.74 0.0 
63599.49 0.40 0.0 
65064.48 0.80 0.0 
70643.97 0.36 0.0 
74968.16 0.58 0.0 
76407.20 0.65 0.0 
78383.19 0.31 0.0 
79153.04 0.31 0.0 
81566.64 0.51 0.0 
85064.44 0.33 0.0 
85069.08 0.44 0.0 
85069.05 0.88 0.0 
85617.37 0.46 0.0 
86211.90 0.99 0.0 
86211.90 0.99 0.0 
