402.01 0.42 0.0 
2938.88 0.49 0.0 
7122.67 0.58 0.0 
7392.20 0.71 0.0 
7569.71 0.44 0.0 
9089.37 0.41 0.0 
10351.77 0.34 0.0 
19363.56 0.62 0.0 
21449.55 0.81 0.0 
23008.33 0.35 0.0 
23742.25 0.31 0.0 
24534.13 0.33 0.0 
27493.68 0.39 0.0 
28242.84 0.72 0.0 
28742.29 0.33 0.0 
31647.88 0.31 0.0 
32203.03 0.31 0.0 
33827.75 0.60 0.0 
34530.68 0.58 0.0 
34923.04 0.47 0.0 
34922.97 0.39 0.0 
35244.24 0.84 0.0 
35244.24 0.30 0.0 
38579.54 0.84 0.0 
48655.37 0.33 0.0 
52659.17 0.42 0.0 
56587.13 0.87 0.0 
70872.24 0.75 0.0 
71069.44 0.49 0.0 
