3597.40 0.67 0.0 
6809.01 0.38 0.0 
8743.48 0.31 0.0 
11234.32 0.59 0.0 
17113.79 0.30 0.0 
20564.20 0.55 0.0 
23264.04 0.35 0.0 
26774.03 0.40 0.0 
30583.43 0.32 0.0 
32653.85 0.44 0.0 
34004.59 0.55 0.0 
34252.45 0.34 0.0 
41892.27 0.33 0.0 
42912.87 0.90 0.0 
45147.64 0.31 0.0 
45932.95 0.30 0.0 
52438.80 0.60 0.0 
55902.84 0.38 0.0 
56159.05 0.56 0.0 
60716.33 0.40 0.0 
66434.39 0.39 0.0 
68279.55 0.52 0.0 
70828.53 0.43 0.0 
75343.17 0.33 0.0 
75657.57 0.61 0.0 
75853.68 0.40 0.0 
77412.68 0.60 0.0 
77468.83 0.95 0.0 
77468.83 0.94 0.0 
77544.36 0.61 0.0 
77548.43 0.39 0.0 
77563.86 0.92 0.0 
82814.41 0.31 0.0 
