978.56 0.38 0.0 
1877.03 0.38 0.0 
2993.17 0.51 0.0 
6345.65 0.40 0.0 
6698.75 0.33 0.0 
6698.71 0.48 0.0 
6769.84 0.65 0.0 
6769.83 0.53 0.0 
6875.99 0.56 0.0 
8719.89 0.35 0.0 
9278.85 0.40 0.0 
9525.45 0.56 0.0 
10793.49 0.38 0.0 
11912.15 0.45 0.0 
14157.57 0.34 0.0 
14330.33 0.51 0.0 
14330.37 0.59 0.0 
14832.23 0.41 0.0 
15013.43 0.38 0.0 
15395.75 0.42 0.0 
15481.09 0.56 0.0 
16636.07 0.37 0.0 
17741.53 0.31 0.0 
20461.93 0.56 0.0 
21109.62 0.51 0.0 
22036.51 0.40 0.0 
22970.57 0.34 0.0 
24607.49 0.36 0.0 
27902.87 0.41 0.0 
30227.19 0.35 0.0 
32935.71 0.34 0.0 
32935.73 0.38 0.0 
32968.00 0.50 0.0 
35964.41 0.55 0.0 
35964.43 0.32 0.0 
41693.09 0.42 0.0 
43008.47 0.45 0.0 
43008.53 0.67 0.0 
44209.23 0.31 0.0 
47289.05 0.34 0.0 
47649.87 0.42 0.0 
47649.91 0.42 0.0 
49217.15 0.45 0.0 
49936.34 0.63 0.0 
51814.97 0.53 0.0 
52651.09 0.46 0.0 
52870.17 0.33 0.0 
52959.45 0.37 0.0 
53792.69 0.49 0.0 
54175.45 0.38 0.0 
54376.83 0.45 0.0 
56415.87 0.47 0.0 
57602.73 0.36 0.0 
58711.91 0.33 0.0 
59212.23 0.39 0.0 
62492.15 0.31 0.0 
63170.03 0.60 0.0 
63981.63 0.40 0.0 
64877.27 0.34 0.0 
65033.55 0.34 0.0 
65071.96 0.34 0.0 
67695.64 0.50 0.0 
67695.65 0.55 0.0 
67707.23 0.31 0.0 
68314.11 0.35 0.0 
68570.01 0.30 0.0 
68797.81 0.39 0.0 
69121.37 0.52 0.0 
69482.92 0.47 0.0 
69848.72 0.77 0.0 
69848.73 0.44 0.0 
70741.69 0.71 0.0 
71132.09 0.38 0.0 
71132.05 0.59 0.0 
71216.59 0.33 0.0 
71216.63 0.34 0.0 
71702.03 0.40 0.0 
71702.01 0.50 0.0 
73021.03 0.48 0.0 
73630.95 0.39 0.0 
73787.25 0.57 0.0 
75496.23 0.31 0.0 
75995.80 0.31 0.0 
76037.95 0.36 0.0 
79125.79 0.41 0.0 
80011.31 0.37 0.0 
80011.29 0.60 0.0 
80463.33 0.59 0.0 
80703.79 0.38 0.0 
82338.56 0.40 0.0 
84529.91 0.30 0.0 
85907.21 0.55 0.0 
