577.75 0.33 0.0 
1494.41 0.32 0.0 
1556.41 0.37 0.0 
2737.89 0.48 0.0 
3824.07 0.31 0.0 
4423.17 0.63 0.0 
4677.21 0.51 0.0 
4798.31 0.31 0.0 
5529.01 0.37 0.0 
5872.65 0.33 0.0 
6692.13 0.58 0.0 
6768.53 0.84 0.0 
6768.52 0.75 0.0 
6875.96 0.80 0.0 
7603.00 0.42 0.0 
8010.65 0.51 0.0 
9310.37 0.32 0.0 
9321.52 0.44 0.0 
9434.48 0.42 0.0 
10387.85 0.49 0.0 
10798.04 0.72 0.0 
10797.96 0.42 0.0 
11317.83 0.31 0.0 
11429.48 0.62 0.0 
11423.43 0.44 0.0 
11668.44 0.75 0.0 
11681.21 0.42 0.0 
11966.61 0.49 0.0 
11966.61 0.38 0.0 
12865.92 0.42 0.0 
14294.33 0.89 0.0 
14832.57 0.38 0.0 
15013.52 0.71 0.0 
15024.37 0.60 0.0 
15395.80 0.36 0.0 
15519.37 0.31 0.0 
16825.09 0.38 0.0 
16945.89 0.41 0.0 
17811.53 0.36 0.0 
18268.07 0.33 0.0 
18444.80 0.55 0.0 
18868.53 0.41 0.0 
19002.97 0.38 0.0 
20634.83 0.73 0.0 
23548.80 0.34 0.0 
24335.17 0.43 0.0 
24601.85 0.40 0.0 
24601.85 0.36 0.0 
27628.04 0.56 0.0 
30309.89 0.35 0.0 
30614.41 0.86 0.0 
31229.48 0.32 0.0 
34206.19 0.69 0.0 
34206.15 0.32 0.0 
34331.81 0.36 0.0 
35150.69 0.37 0.0 
35875.83 0.53 0.0 
35959.83 0.37 0.0 
36175.55 0.73 0.0 
36564.85 0.35 0.0 
39644.21 0.61 0.0 
40473.69 0.48 0.0 
40594.28 0.59 0.0 
42584.49 0.33 0.0 
43047.29 0.36 0.0 
45656.24 0.37 0.0 
46843.08 0.32 0.0 
47169.52 0.35 0.0 
47288.95 0.37 0.0 
47526.69 0.37 0.0 
47526.63 0.54 0.0 
48523.77 0.71 0.0 
51133.15 0.49 0.0 
51489.85 0.59 0.0 
51513.01 0.32 0.0 
51609.69 0.54 0.0 
51849.53 0.38 0.0 
52959.15 0.44 0.0 
56456.77 0.32 0.0 
56534.33 0.42 0.0 
63166.97 0.46 0.0 
65031.76 0.67 0.0 
67700.67 0.43 0.0 
68424.21 0.44 0.0 
68514.97 0.43 0.0 
69204.71 0.35 0.0 
70124.19 0.36 0.0 
70271.56 0.34 0.0 
71209.89 0.50 0.0 
71665.13 0.42 0.0 
71693.81 0.40 0.0 
73364.33 0.65 0.0 
79449.56 0.47 0.0 
80204.08 0.31 0.0 
82090.80 0.63 0.0 
82495.49 0.51 0.0 
82991.53 0.46 0.0 
83862.31 0.36 0.0 
83876.71 0.50 0.0 
83909.28 0.40 0.0 
84281.65 0.43 0.0 
84387.40 0.50 0.0 
84642.73 0.53 0.0 
85039.39 0.34 0.0 
