7586.27 0.56 0.0 
9043.67 0.50 0.0 
9173.13 0.51 0.0 
10453.89 0.37 0.0 
11133.52 0.49 0.0 
11292.17 0.62 0.0 
11489.52 0.85 0.0 
11489.47 0.35 0.0 
11852.11 0.38 0.0 
11891.08 0.57 0.0 
11890.13 0.52 0.0 
11891.08 0.79 0.0 
11897.49 0.55 0.0 
12034.07 0.41 0.0 
12052.52 0.78 0.0 
12103.56 0.37 0.0 
12103.61 0.44 0.0 
12052.50 0.56 0.0 
12105.27 0.33 0.0 
12111.06 0.36 0.0 
12215.16 0.37 0.0 
12278.71 0.90 0.0 
12342.46 0.39 0.0 
12308.73 0.60 0.0 
12398.04 0.36 0.0 
12405.41 0.42 0.0 
12405.35 0.31 0.0 
12432.76 0.93 0.0 
12775.68 0.53 0.0 
12775.68 0.68 0.0 
12846.97 0.69 0.0 
12846.93 0.65 0.0 
13064.35 0.63 0.0 
13088.55 0.95 0.0 
13088.54 0.96 0.0 
13481.68 0.34 0.0 
14479.96 0.44 0.0 
14923.01 0.59 0.0 
15088.12 0.59 0.0 
15574.32 0.88 0.0 
15661.65 0.33 0.0 
15691.02 0.57 0.0 
15784.80 0.38 0.0 
15779.05 0.31 0.0 
15811.04 0.59 0.0 
15784.80 0.48 0.0 
15853.92 0.72 0.0 
15928.95 0.98 0.0 
15899.36 0.70 0.0 
15928.96 0.80 0.0 
15969.64 0.32 0.0 
16019.36 0.63 0.0 
16067.68 0.67 0.0 
16109.52 0.87 0.0 
16138.60 0.49 0.0 
16288.94 0.66 0.0 
16253.32 0.78 0.0 
16253.29 0.59 0.0 
16492.81 0.37 0.0 
16558.85 0.47 0.0 
16664.32 0.59 0.0 
16781.45 0.49 0.0 
16787.49 0.67 0.0 
16787.52 0.81 0.0 
16823.77 0.32 0.0 
16941.12 0.50 0.0 
16941.12 0.76 0.0 
16967.29 0.31 0.0 
17144.48 0.84 0.0 
17217.80 0.35 0.0 
17309.21 0.52 0.0 
17382.80 0.60 0.0 
17486.85 0.58 0.0 
17518.87 0.81 0.0 
17679.66 0.94 0.0 
17679.65 0.81 0.0 
17744.00 0.57 0.0 
17884.68 0.79 0.0 
18026.52 0.33 0.0 
18159.91 0.78 0.0 
18159.89 0.50 0.0 
18373.80 0.35 0.0 
18538.32 0.33 0.0 
18583.05 0.36 0.0 
18570.77 0.59 0.0 
18702.25 0.56 0.0 
18776.54 0.93 0.0 
18776.56 0.54 0.0 
18899.10 0.54 0.0 
19177.00 0.32 0.0 
19392.25 0.63 0.0 
19457.17 0.34 0.0 
19646.45 0.56 0.0 
19716.27 0.80 0.0 
19716.28 0.37 0.0 
19915.72 0.45 0.0 
19915.72 0.46 0.0 
19947.33 0.43 0.0 
20043.33 0.32 0.0 
20068.87 0.38 0.0 
20171.63 0.93 0.0 
20171.61 0.30 0.0 
20282.65 0.33 0.0 
20308.57 0.32 0.0 
20453.43 0.61 0.0 
20453.41 0.42 0.0 
20533.23 0.42 0.0 
20830.81 0.54 0.0 
21176.13 0.88 0.0 
21269.32 0.61 0.0 
21401.63 0.81 0.0 
21419.60 0.80 0.0 
21492.12 0.39 0.0 
21492.07 0.44 0.0 
21625.44 0.92 0.0 
21625.44 0.65 0.0 
21642.40 0.61 0.0 
21853.93 0.54 0.0 
21859.34 0.93 0.0 
21859.32 0.60 0.0 
21919.89 0.38 0.0 
21919.85 0.50 0.0 
21989.51 0.34 0.0 
22030.86 0.67 0.0 
22014.04 0.42 0.0 
22030.90 0.86 0.0 
22087.73 0.51 0.0 
22087.69 0.52 0.0 
22289.32 0.70 0.0 
22279.05 0.35 0.0 
22336.75 0.38 0.0 
22418.69 0.37 0.0 
22448.21 0.32 0.0 
22464.33 0.34 0.0 
22542.76 0.73 0.0 
22530.41 0.44 0.0 
22665.28 0.56 0.0 
22687.15 0.47 0.0 
22689.85 0.33 0.0 
22696.05 0.57 0.0 
22708.55 0.50 0.0 
22696.08 0.69 0.0 
22824.47 0.95 0.0 
22824.48 0.95 0.0 
22889.56 0.71 0.0 
22918.76 0.74 0.0 
22918.73 0.33 0.0 
22926.57 0.33 0.0 
22965.47 0.55 0.0 
23113.17 0.39 0.0 
23113.21 0.39 0.0 
23188.85 0.38 0.0 
23488.23 0.84 0.0 
23519.19 0.44 0.0 
23770.03 0.83 0.0 
24024.60 0.34 0.0 
24038.17 0.70 0.0 
24054.04 0.58 0.0 
24074.53 0.32 0.0 
24131.55 0.81 0.0 
24131.57 0.72 0.0 
24252.26 0.36 0.0 
24912.21 0.61 0.0 
25007.75 0.91 0.0 
25007.75 0.87 0.0 
29158.45 0.37 0.0 
33329.52 0.53 0.0 
33656.41 0.60 0.0 
34149.84 0.43 0.0 
38501.51 0.34 0.0 
41562.32 0.59 0.0 
49091.60 0.35 0.0 
49091.60 0.51 0.0 
49237.60 0.30 0.0 
50516.87 0.51 0.0 
51689.36 0.74 0.0 
52351.41 0.46 0.0 
52811.57 0.49 0.0 
53128.33 0.35 0.0 
53396.75 0.31 0.0 
53481.92 0.39 0.0 
53759.16 0.60 0.0 
54609.32 0.34 0.0 
54952.73 0.49 0.0 
58436.65 0.54 0.0 
59157.25 0.66 0.0 
59467.93 0.57 0.0 
63461.83 0.38 0.0 
63521.88 0.68 0.0 
64026.88 0.71 0.0 
64917.41 0.32 0.0 
64998.65 0.38 0.0 
64998.47 0.35 0.0 
66072.59 0.33 0.0 
66245.92 0.54 0.0 
66916.29 0.33 0.0 
67676.91 0.33 0.0 
67930.45 0.32 0.0 
68217.00 0.45 0.0 
68947.36 0.38 0.0 
69116.11 0.40 0.0 
70854.20 0.57 0.0 
71834.05 0.42 0.0 
73481.80 0.34 0.0 
74201.27 0.41 0.0 
74627.00 0.42 0.0 
75102.31 0.40 0.0 
75102.31 0.30 0.0 
75340.41 0.50 0.0 
75509.40 0.58 0.0 
75509.44 0.46 0.0 
76382.99 0.47 0.0 
76904.88 0.36 0.0 
77561.41 0.37 0.0 
77728.00 0.40 0.0 
78171.72 0.35 0.0 
79660.73 0.51 0.0 
80238.52 0.56 0.0 
80741.28 0.52 0.0 
85484.20 0.61 0.0 
