995.79 0.32 0.0 
1542.67 0.77 0.0 
1542.65 0.67 0.0 
1914.71 0.40 0.0 
1939.75 0.31 0.0 
2795.93 0.31 0.0 
3119.39 0.33 0.0 
3179.64 0.59 0.0 
4533.52 0.42 0.0 
4596.13 0.34 0.0 
4948.51 0.48 0.0 
5274.81 0.39 0.0 
5254.03 0.30 0.0 
6556.65 0.41 0.0 
7584.21 0.35 0.0 
7584.19 0.57 0.0 
7637.23 0.41 0.0 
7663.83 0.39 0.0 
9502.15 0.38 0.0 
10771.81 0.62 0.0 
10771.75 0.35 0.0 
11625.51 0.46 0.0 
11955.91 0.38 0.0 
12395.65 0.49 0.0 
12395.64 0.35 0.0 
13954.81 0.41 0.0 
14796.05 0.35 0.0 
16402.04 0.50 0.0 
17796.04 0.54 0.0 
18262.51 0.39 0.0 
18262.53 0.55 0.0 
18394.85 0.36 0.0 
19596.11 0.32 0.0 
19830.65 0.54 0.0 
20796.05 0.37 0.0 
20796.05 0.37 0.0 
22477.59 0.32 0.0 
22593.17 0.40 0.0 
22993.09 0.36 0.0 
23646.49 0.35 0.0 
24009.51 0.51 0.0 
24009.47 0.37 0.0 
24359.43 0.35 0.0 
24410.57 0.53 0.0 
24410.53 0.62 0.0 
25021.89 0.31 0.0 
25655.15 0.33 0.0 
26513.16 0.72 0.0 
26513.16 0.80 0.0 
30346.13 0.50 0.0 
33395.88 0.33 0.0 
33454.07 0.40 0.0 
35439.93 0.35 0.0 
36465.60 0.33 0.0 
38796.01 0.45 0.0 
38839.71 0.31 0.0 
39995.53 0.40 0.0 
41432.15 0.37 0.0 
44264.41 0.34 0.0 
47195.91 0.31 0.0 
47521.19 0.33 0.0 
51826.13 0.36 0.0 
54396.05 0.43 0.0 
54930.59 0.31 0.0 
57511.31 0.35 0.0 
58596.07 0.34 0.0 
58596.05 0.51 0.0 
60557.49 0.31 0.0 
61341.53 0.30 0.0 
65277.29 0.40 0.0 
66267.87 0.30 0.0 
68493.31 0.55 0.0 
68497.42 0.68 0.0 
68497.44 0.51 0.0 
70859.00 0.32 0.0 
73030.79 0.34 0.0 
73079.23 0.38 0.0 
73391.40 0.58 0.0 
73712.20 0.40 0.0 
73712.19 0.34 0.0 
74497.31 0.31 0.0 
74474.59 0.90 0.0 
74544.39 0.36 0.0 
75396.09 0.42 0.0 
75846.68 0.33 0.0 
76049.09 0.34 0.0 
77072.32 0.43 0.0 
77072.31 0.44 0.0 
77673.99 0.43 0.0 
78420.95 0.36 0.0 
78809.23 0.30 0.0 
78987.73 0.34 0.0 
79548.96 0.37 0.0 
80039.67 0.55 0.0 
80196.43 0.52 0.0 
80196.43 0.64 0.0 
80949.59 0.38 0.0 
81258.63 0.46 0.0 
81818.95 0.58 0.0 
81818.96 0.80 0.0 
83049.43 0.76 0.0 
83654.91 0.34 0.0 
84044.91 0.32 0.0 
84396.03 0.34 0.0 
