1182.84 0.31 0.0 
1579.67 0.43 0.0 
1626.05 0.43 0.0 
1632.26 0.74 0.0 
1626.95 0.40 0.0 
1724.83 0.58 0.0 
1747.33 0.45 0.0 
1780.93 0.86 0.0 
1747.33 0.49 0.0 
1785.84 0.77 0.0 
1805.03 0.58 0.0 
1809.22 0.36 0.0 
1805.03 0.63 0.0 
2297.47 0.76 0.0 
2297.48 0.57 0.0 
2829.92 0.37 0.0 
3539.10 0.83 0.0 
4858.39 0.46 0.0 
4963.48 0.72 0.0 
5051.54 0.58 0.0 
5903.60 0.58 0.0 
5903.57 0.46 0.0 
6422.96 0.43 0.0 
6993.85 0.47 0.0 
6993.84 0.42 0.0 
7200.96 0.31 0.0 
7200.93 0.52 0.0 
7606.00 0.41 0.0 
8018.91 0.37 0.0 
8570.89 0.32 0.0 
8778.87 0.36 0.0 
8778.89 0.57 0.0 
9037.03 0.41 0.0 
9067.45 0.67 0.0 
9067.45 0.89 0.0 
10076.01 0.43 0.0 
10076.01 0.33 0.0 
10527.91 0.32 0.0 
10543.80 0.31 0.0 
11351.49 0.40 0.0 
11545.01 0.33 0.0 
12126.16 0.35 0.0 
12288.93 0.38 0.0 
12356.38 0.32 0.0 
12768.96 0.74 0.0 
12769.05 0.51 0.0 
12808.93 0.52 0.0 
12870.88 0.56 0.0 
13012.96 0.62 0.0 
13133.43 0.36 0.0 
13139.55 0.81 0.0 
13133.47 0.46 0.0 
13374.05 0.40 0.0 
13425.01 0.46 0.0 
13517.92 0.60 0.0 
13517.93 0.80 0.0 
13829.75 0.93 0.0 
14050.69 0.80 0.0 
14285.97 0.60 0.0 
14405.87 0.40 0.0 
14405.91 0.60 0.0 
14547.83 0.67 0.0 
14757.00 0.69 0.0 
14914.23 0.44 0.0 
15040.85 0.47 0.0 
15356.36 0.76 0.0 
15582.76 0.83 0.0 
15883.55 0.70 0.0 
15883.58 0.89 0.0 
15890.11 0.53 0.0 
15916.04 0.38 0.0 
15916.10 0.41 0.0 
16134.79 0.48 0.0 
16134.81 0.38 0.0 
16378.11 0.87 0.0 
16633.68 0.41 0.0 
16642.00 0.37 0.0 
16756.57 0.33 0.0 
17114.43 0.31 0.0 
17488.04 0.38 0.0 
17541.29 0.51 0.0 
17541.27 0.44 0.0 
17595.01 0.44 0.0 
17684.09 0.37 0.0 
17684.17 0.35 0.0 
17706.00 0.72 0.0 
17705.99 0.69 0.0 
17763.29 0.31 0.0 
17908.56 0.64 0.0 
17908.54 0.49 0.0 
17946.79 0.36 0.0 
18012.09 0.59 0.0 
18052.71 0.37 0.0 
18104.43 0.72 0.0 
18194.17 0.49 0.0 
18217.92 0.42 0.0 
18194.49 0.47 0.0 
18217.95 0.64 0.0 
18329.48 0.37 0.0 
18400.41 0.32 0.0 
18550.93 0.73 0.0 
18579.27 0.37 0.0 
18810.12 0.78 0.0 
18966.22 0.34 0.0 
19032.00 0.72 0.0 
19048.13 0.73 0.0 
19105.61 0.38 0.0 
19527.77 0.65 0.0 
19677.77 0.41 0.0 
19710.08 0.38 0.0 
19721.13 0.32 0.0 
19818.29 0.54 0.0 
19775.32 0.35 0.0 
19818.29 0.37 0.0 
20032.80 0.37 0.0 
20228.29 0.68 0.0 
20279.59 0.32 0.0 
20228.28 0.66 0.0 
20234.79 0.32 0.0 
20321.20 0.66 0.0 
20351.45 0.48 0.0 
20413.47 0.53 0.0 
20413.49 0.77 0.0 
20457.72 0.65 0.0 
20609.72 0.39 0.0 
20621.69 0.42 0.0 
20870.05 0.56 0.0 
20870.08 0.73 0.0 
20910.00 0.80 0.0 
21013.24 0.68 0.0 
21045.87 0.76 0.0 
21107.89 0.38 0.0 
21187.72 0.40 0.0 
21267.17 0.55 0.0 
21359.92 0.31 0.0 
21317.55 0.53 0.0 
21697.65 0.38 0.0 
22418.57 0.47 0.0 
22418.57 0.63 0.0 
22563.05 0.33 0.0 
22603.23 0.38 0.0 
22659.56 0.49 0.0 
22788.48 0.35 0.0 
24190.77 0.81 0.0 
24324.58 0.58 0.0 
24509.32 0.72 0.0 
24655.95 0.45 0.0 
24717.91 0.43 0.0 
24728.55 0.31 0.0 
24794.32 0.61 0.0 
24867.39 0.82 0.0 
25004.97 0.69 0.0 
25027.31 0.55 0.0 
25040.18 0.40 0.0 
25089.46 0.32 0.0 
25040.17 0.57 0.0 
25541.21 0.37 0.0 
25859.51 0.71 0.0 
25974.33 0.61 0.0 
25974.31 0.55 0.0 
26293.77 0.44 0.0 
26263.91 0.60 0.0 
26392.79 0.37 0.0 
26369.01 0.34 0.0 
26534.33 0.79 0.0 
26652.32 0.78 0.0 
26652.29 0.32 0.0 
26712.68 0.44 0.0 
26804.41 0.34 0.0 
26823.20 0.39 0.0 
26849.37 0.53 0.0 
26967.84 0.35 0.0 
27223.58 0.76 0.0 
27312.84 0.50 0.0 
27312.84 0.62 0.0 
27753.79 0.98 0.0 
27753.78 0.97 0.0 
27912.12 0.86 0.0 
27912.05 0.44 0.0 
27981.69 0.46 0.0 
28107.24 0.50 0.0 
28390.63 0.97 0.0 
28390.63 0.97 0.0 
28738.63 0.72 0.0 
28797.05 0.49 0.0 
29036.13 0.73 0.0 
29202.97 0.31 0.0 
29463.17 0.32 0.0 
30266.21 0.66 0.0 
30562.93 0.38 0.0 
31004.30 0.91 0.0 
31121.81 0.36 0.0 
31469.44 0.58 0.0 
32471.64 0.65 0.0 
33097.14 0.83 0.0 
33103.28 0.75 0.0 
33142.33 0.48 0.0 
33097.14 0.50 0.0 
33103.28 0.84 0.0 
33663.08 0.45 0.0 
33745.17 0.31 0.0 
33838.83 0.90 0.0 
33838.85 0.35 0.0 
35314.41 0.39 0.0 
35609.21 0.35 0.0 
35916.49 0.38 0.0 
36028.11 0.89 0.0 
36716.92 0.90 0.0 
37378.15 0.71 0.0 
37844.33 0.32 0.0 
38053.81 0.90 0.0 
38777.25 0.50 0.0 
38969.26 0.32 0.0 
39422.05 0.58 0.0 
39422.04 0.72 0.0 
40018.94 0.55 0.0 
40071.68 0.67 0.0 
40071.74 0.60 0.0 
40779.54 0.31 0.0 
40779.48 0.73 0.0 
41460.35 0.33 0.0 
41460.36 0.47 0.0 
41668.69 0.43 0.0 
41971.04 0.32 0.0 
42835.41 0.54 0.0 
43497.25 0.79 0.0 
43629.64 0.79 0.0 
43629.64 0.80 0.0 
44171.36 0.82 0.0 
45731.76 0.31 0.0 
45764.15 0.85 0.0 
46864.29 0.50 0.0 
46864.29 0.36 0.0 
47533.03 0.77 0.0 
47661.95 0.38 0.0 
47661.89 0.36 0.0 
48873.86 0.35 0.0 
49539.13 0.66 0.0 
50229.81 0.74 0.0 
50935.62 0.89 0.0 
50935.62 0.48 0.0 
51654.21 0.53 0.0 
52724.03 0.43 0.0 
53100.09 0.65 0.0 
53757.52 0.57 0.0 
54446.76 0.84 0.0 
55168.67 0.89 0.0 
56541.81 0.64 0.0 
56541.81 0.40 0.0 
57209.01 0.92 0.0 
57209.01 0.32 0.0 
58647.95 0.94 0.0 
58647.96 0.97 0.0 
58804.41 0.45 0.0 
58804.35 0.38 0.0 
60747.91 0.51 0.0 
60762.72 0.49 0.0 
61038.61 0.35 0.0 
61722.96 0.30 0.0 
61747.84 0.52 0.0 
63191.26 0.90 0.0 
63917.07 0.33 0.0 
66152.85 0.33 0.0 
66898.18 0.79 0.0 
67595.31 0.52 0.0 
69112.93 0.54 0.0 
69861.28 0.47 0.0 
69939.99 0.50 0.0 
69939.96 0.73 0.0 
69943.92 0.32 0.0 
71410.68 0.90 0.0 
72172.25 0.32 0.0 
72478.59 0.88 0.0 
72522.91 0.57 0.0 
72522.94 0.79 0.0 
72841.93 0.69 0.0 
72841.96 0.61 0.0 
72973.77 0.94 0.0 
73387.93 0.55 0.0 
73387.91 0.57 0.0 
73723.60 0.69 0.0 
75270.05 0.52 0.0 
75270.04 0.39 0.0 
75583.84 0.43 0.0 
76014.00 0.51 0.0 
76482.60 0.43 0.0 
76589.93 0.40 0.0 
76633.93 0.31 0.0 
76737.52 0.72 0.0 
76730.93 0.67 0.0 
76777.49 0.52 0.0 
77113.93 0.36 0.0 
77114.68 0.31 0.0 
77546.80 0.80 0.0 
77546.86 0.37 0.0 
77900.96 0.59 0.0 
77900.96 0.34 0.0 
78325.92 0.62 0.0 
78539.88 0.44 0.0 
78643.37 0.36 0.0 
78688.83 0.33 0.0 
78778.88 0.43 0.0 
78837.97 0.78 0.0 
78955.93 0.55 0.0 
79092.96 0.55 0.0 
79273.89 0.57 0.0 
79381.49 0.45 0.0 
79618.95 0.60 0.0 
79960.19 0.75 0.0 
80323.41 0.67 0.0 
81026.85 0.42 0.0 
81877.05 0.58 0.0 
81876.99 0.67 0.0 
82484.68 0.54 0.0 
83314.61 0.43 0.0 
83314.67 0.31 0.0 
84935.36 0.31 0.0 
85767.72 0.91 0.0 
