7586.39 0.38 0.0 
8733.73 0.40 0.0 
8733.77 0.62 0.0 
9207.75 0.43 0.0 
9428.21 0.32 0.0 
10448.03 0.49 0.0 
10447.99 0.37 0.0 
11136.90 0.83 0.0 
11221.85 0.46 0.0 
11567.87 0.40 0.0 
11629.49 0.46 0.0 
11863.19 0.44 0.0 
11882.53 0.70 0.0 
11892.13 0.64 0.0 
11882.57 0.78 0.0 
11892.17 0.70 0.0 
12105.29 0.42 0.0 
12111.68 0.55 0.0 
12111.68 0.77 0.0 
12283.15 0.60 0.0 
12405.57 0.36 0.0 
12405.62 0.80 0.0 
12777.44 0.47 0.0 
12777.45 0.41 0.0 
12849.07 0.56 0.0 
13094.91 0.51 0.0 
13309.64 0.40 0.0 
14481.47 0.36 0.0 
14539.57 0.71 0.0 
14568.11 0.34 0.0 
15075.51 0.52 0.0 
15075.49 0.71 0.0 
15451.74 0.74 0.0 
15570.82 0.82 0.0 
15576.65 0.45 0.0 
15691.13 0.41 0.0 
15787.41 0.36 0.0 
15791.83 0.36 0.0 
15854.60 0.52 0.0 
15878.03 0.59 0.0 
15918.04 0.34 0.0 
15971.19 0.31 0.0 
16080.49 0.41 0.0 
16254.27 0.92 0.0 
16275.45 0.57 0.0 
16254.27 0.79 0.0 
16788.64 0.77 0.0 
16788.66 0.91 0.0 
17302.12 0.47 0.0 
17302.09 0.35 0.0 
17384.32 0.40 0.0 
17386.85 0.39 0.0 
17460.53 0.45 0.0 
17680.10 0.86 0.0 
17680.11 0.90 0.0 
17692.11 0.43 0.0 
17776.67 0.41 0.0 
17970.61 0.84 0.0 
18572.07 0.53 0.0 
18572.07 0.66 0.0 
18778.63 0.30 0.0 
19415.08 0.48 0.0 
19647.64 0.61 0.0 
19686.83 0.51 0.0 
19686.84 0.58 0.0 
19724.75 0.43 0.0 
19916.48 0.70 0.0 
19916.51 0.74 0.0 
20040.83 0.35 0.0 
20168.17 0.61 0.0 
20284.57 0.50 0.0 
20304.04 0.40 0.0 
20453.74 0.81 0.0 
20453.72 0.79 0.0 
20833.79 0.39 0.0 
21001.53 0.50 0.0 
21160.43 0.52 0.0 
21318.53 0.58 0.0 
21318.52 0.60 0.0 
21286.27 0.44 0.0 
21405.39 0.35 0.0 
21627.38 0.93 0.0 
21627.39 0.56 0.0 
21697.37 0.65 0.0 
21717.68 0.32 0.0 
21861.14 0.50 0.0 
21963.61 0.39 0.0 
22034.15 0.31 0.0 
22083.97 0.30 0.0 
22084.01 0.53 0.0 
22284.33 0.37 0.0 
22275.51 0.33 0.0 
22289.36 0.57 0.0 
22342.95 0.34 0.0 
22423.17 0.36 0.0 
22600.45 0.30 0.0 
22670.71 0.33 0.0 
22700.39 0.54 0.0 
22700.41 0.54 0.0 
22708.59 0.32 0.0 
22789.43 0.30 0.0 
22816.87 0.38 0.0 
22827.56 0.85 0.0 
22816.65 0.42 0.0 
22827.54 0.85 0.0 
22882.07 0.44 0.0 
22921.04 0.62 0.0 
22965.51 0.31 0.0 
23118.75 0.47 0.0 
23509.47 0.35 0.0 
23629.41 0.41 0.0 
23718.05 0.54 0.0 
24126.48 0.71 0.0 
24133.07 0.79 0.0 
24126.47 0.50 0.0 
24133.06 0.85 0.0 
24252.31 0.36 0.0 
25010.92 0.82 0.0 
25010.90 0.82 0.0 
26536.48 0.38 0.0 
28804.71 0.34 0.0 
29160.84 0.58 0.0 
29160.86 0.64 0.0 
34154.44 0.36 0.0 
53418.39 0.48 0.0 
55097.81 0.61 0.0 
56718.79 0.31 0.0 
58154.03 0.35 0.0 
58620.93 0.41 0.0 
59131.67 0.31 0.0 
60348.19 0.34 0.0 
61441.51 0.37 0.0 
61790.51 0.37 0.0 
63160.73 0.53 0.0 
65003.35 0.43 0.0 
65656.81 0.32 0.0 
66248.09 0.44 0.0 
67647.39 0.32 0.0 
68495.67 0.71 0.0 
68495.64 0.73 0.0 
69136.79 0.47 0.0 
69421.24 0.50 0.0 
69512.32 0.47 0.0 
70233.16 0.63 0.0 
71851.73 0.48 0.0 
72421.79 0.32 0.0 
74809.43 0.43 0.0 
75316.35 0.33 0.0 
75475.67 0.31 0.0 
75585.53 0.52 0.0 
75874.43 0.31 0.0 
76726.55 0.34 0.0 
76845.97 0.30 0.0 
77423.80 0.35 0.0 
77622.81 0.30 0.0 
77626.27 0.30 0.0 
77854.60 0.63 0.0 
79806.52 0.79 0.0 
80241.87 0.31 0.0 
81138.44 0.38 0.0 
81817.99 0.32 0.0 
82321.77 0.65 0.0 
82782.89 0.37 0.0 
