10509.04 0.57 0.0 
10509.04 0.36 0.0 
15404.49 0.82 0.0 
15761.95 0.61 0.0 
15761.91 0.35 0.0 
18524.53 0.74 0.0 
19049.43 0.34 0.0 
24004.00 0.48 0.0 
24140.29 0.32 0.0 
24211.32 0.60 0.0 
24631.29 0.34 0.0 
25410.95 0.67 0.0 
25501.29 0.33 0.0 
26177.65 0.64 0.0 
26288.24 0.37 0.0 
26308.93 0.33 0.0 
27140.04 0.78 0.0 
27140.04 0.89 0.0 
27157.36 0.78 0.0 
27157.32 0.85 0.0 
27211.09 0.56 0.0 
27255.63 0.38 0.0 
27720.57 0.33 0.0 
28402.87 0.35 0.0 
29055.81 0.45 0.0 
29596.12 0.34 0.0 
29731.77 0.34 0.0 
29895.47 0.42 0.0 
31576.61 0.50 0.0 
31808.59 0.34 0.0 
33750.61 0.49 0.0 
34213.57 0.51 0.0 
34425.09 0.33 0.0 
34670.51 0.39 0.0 
35385.09 0.30 0.0 
37910.75 0.32 0.0 
38466.40 0.48 0.0 
39586.43 0.62 0.0 
39945.17 0.30 0.0 
40187.99 0.33 0.0 
40397.51 0.31 0.0 
40488.55 0.47 0.0 
40817.63 0.34 0.0 
40890.83 0.41 0.0 
41086.22 0.80 0.0 
41402.95 0.32 0.0 
42330.35 0.30 0.0 
42436.08 0.49 0.0 
43036.87 0.54 0.0 
47025.35 0.46 0.0 
48945.43 0.44 0.0 
49365.81 0.48 0.0 
49575.33 0.33 0.0 
49605.33 0.43 0.0 
50460.97 0.51 0.0 
51931.04 0.59 0.0 
55803.59 0.41 0.0 
57106.19 0.33 0.0 
57780.39 0.54 0.0 
58561.23 0.40 0.0 
68610.65 0.41 0.0 
69585.17 0.44 0.0 
72630.59 0.32 0.0 
74748.23 0.43 0.0 
80460.58 0.57 0.0 
82367.07 0.37 0.0 
85426.41 0.67 0.0 
85831.45 0.32 0.0 
