609.58 0.54 0.0 
714.47 0.33 0.0 
606.84 0.37 0.0 
1510.97 0.30 0.0 
2561.15 0.42 0.0 
6493.95 0.43 0.0 
8215.07 0.54 0.0 
8790.53 0.38 0.0 
8833.94 0.93 0.0 
8536.76 0.33 0.0 
9426.77 0.37 0.0 
9702.27 0.47 0.0 
9935.15 0.51 0.0 
9597.56 0.37 0.0 
10165.41 0.31 0.0 
10302.72 0.33 0.0 
9935.12 0.37 0.0 
10764.41 0.42 0.0 
10649.65 0.30 0.0 
10827.04 0.31 0.0 
11683.81 0.33 0.0 
11621.97 0.46 0.0 
12598.00 0.31 0.0 
13508.87 0.41 0.0 
13916.25 0.52 0.0 
13867.49 0.44 0.0 
14142.89 0.84 0.0 
16061.13 0.39 0.0 
17945.63 0.39 0.0 
19498.89 0.81 0.0 
20757.77 0.49 0.0 
21130.03 0.77 0.0 
21424.59 0.76 0.0 
21385.69 0.42 0.0 
23318.52 0.35 0.0 
23318.63 0.44 0.0 
26426.82 0.33 0.0 
26787.11 0.65 0.0 
26787.11 0.89 0.0 
28508.87 0.36 0.0 
28707.95 0.41 0.0 
32833.23 0.72 0.0 
35396.39 0.75 0.0 
35989.99 0.69 0.0 
36427.47 0.73 0.0 
37553.63 0.43 0.0 
37459.95 0.53 0.0 
39298.14 0.86 0.0 
40692.71 0.62 0.0 
41485.11 0.70 0.0 
44572.71 0.54 0.0 
46309.12 0.88 0.0 
48040.27 0.50 0.0 
49136.03 0.32 0.0 
49470.47 0.32 0.0 
50619.65 0.50 0.0 
51327.07 0.83 0.0 
51719.55 0.49 0.0 
51955.51 0.46 0.0 
55853.05 0.38 0.0 
55990.75 0.30 0.0 
78829.73 0.37 0.0 
81767.88 0.31 0.0 
83635.27 0.38 0.0 
84296.25 0.39 0.0 
