609.67 0.38 0.0 
375.48 0.62 0.0 
609.67 0.80 0.0 
1452.48 0.52 0.0 
1791.71 0.60 0.0 
1452.51 0.39 0.0 
1791.70 0.59 0.0 
2162.60 0.38 0.0 
2561.15 0.42 0.0 
2162.57 0.71 0.0 
4011.34 0.59 0.0 
4799.19 0.40 0.0 
4799.15 0.33 0.0 
5148.88 0.69 0.0 
5790.04 0.35 0.0 
6350.80 0.55 0.0 
6708.51 0.41 0.0 
8215.09 0.63 0.0 
8539.89 0.73 0.0 
8539.83 0.44 0.0 
9386.37 0.49 0.0 
10173.33 0.71 0.0 
10173.32 0.84 0.0 
10828.32 0.31 0.0 
11175.51 0.37 0.0 
11621.96 0.67 0.0 
12874.64 0.87 0.0 
12874.68 0.56 0.0 
13867.52 0.70 0.0 
14463.54 0.70 0.0 
14142.90 0.80 0.0 
15706.10 0.82 0.0 
15995.94 0.57 0.0 
17584.16 0.71 0.0 
17062.96 0.68 0.0 
17584.19 0.39 0.0 
17945.59 0.36 0.0 
17882.19 0.37 0.0 
18506.79 0.37 0.0 
18506.79 0.44 0.0 
19498.91 0.65 0.0 
19788.11 0.32 0.0 
19788.15 0.48 0.0 
21242.87 0.38 0.0 
21242.84 0.76 0.0 
21845.95 0.57 0.0 
22158.46 0.57 0.0 
21845.94 0.84 0.0 
24900.49 0.33 0.0 
24843.66 0.51 0.0 
24601.86 0.71 0.0 
25485.39 0.30 0.0 
24982.29 0.51 0.0 
24843.66 0.81 0.0 
25485.40 0.48 0.0 
25809.27 0.38 0.0 
26345.83 0.30 0.0 
26236.70 0.82 0.0 
25809.21 0.69 0.0 
26426.85 0.58 0.0 
26426.87 0.37 0.0 
28254.28 0.56 0.0 
28557.63 0.38 0.0 
28708.05 0.70 0.0 
31952.98 0.48 0.0 
31890.71 0.36 0.0 
32029.22 0.84 0.0 
31890.68 0.86 0.0 
32833.24 0.77 0.0 
33948.68 0.76 0.0 
34546.82 0.83 0.0 
35396.44 0.66 0.0 
35990.00 0.87 0.0 
36427.48 0.75 0.0 
36787.34 0.69 0.0 
37471.35 0.36 0.0 
37553.59 0.57 0.0 
37834.60 0.71 0.0 
37787.74 0.72 0.0 
37787.75 0.38 0.0 
38370.51 0.49 0.0 
39031.21 0.34 0.0 
39298.16 0.42 0.0 
39558.30 0.79 0.0 
39902.64 0.86 0.0 
39902.67 0.86 0.0 
40244.96 0.83 0.0 
41485.07 0.62 0.0 
40924.57 0.54 0.0 
44492.75 0.38 0.0 
45289.07 0.47 0.0 
45289.04 0.80 0.0 
46309.12 0.89 0.0 
47270.02 0.85 0.0 
47270.03 0.51 0.0 
47986.47 0.30 0.0 
47926.96 0.68 0.0 
48915.51 0.32 0.0 
49135.99 0.31 0.0 
49475.88 0.66 0.0 
50621.58 0.58 0.0 
50621.56 0.74 0.0 
51302.70 0.70 0.0 
51327.11 0.68 0.0 
51719.66 0.43 0.0 
51719.63 0.31 0.0 
51955.67 0.46 0.0 
52157.89 0.57 0.0 
52429.58 0.85 0.0 
52550.59 0.51 0.0 
53359.26 0.66 0.0 
54689.65 0.45 0.0 
71386.74 0.79 0.0 
71386.75 0.44 0.0 
78829.70 0.85 0.0 
78829.68 0.35 0.0 
81870.83 0.43 0.0 
82291.07 0.36 0.0 
83254.46 0.44 0.0 
83594.99 0.58 0.0 
83254.42 0.85 0.0 
83929.64 0.67 0.0 
83651.72 0.49 0.0 
84648.81 0.35 0.0 
84907.70 0.74 0.0 
84648.78 0.82 0.0 
84825.50 0.55 0.0 
84907.75 0.33 0.0 
86029.88 0.83 0.0 
86029.92 0.49 0.0 
86285.63 0.57 0.0 
86285.60 0.84 0.0 
