4963.32 0.55 0.0 
7962.56 0.33 0.0 
14411.60 0.31 0.0 
17713.53 0.53 0.0 
19812.34 0.87 0.0 
21791.88 0.98 0.0 
21791.87 0.97 0.0 
25225.71 0.39 0.0 
25225.69 0.51 0.0 
26967.96 0.71 0.0 
29533.35 0.30 0.0 
30515.95 0.80 0.0 
30515.96 0.84 0.0 
32038.97 0.36 0.0 
32739.75 0.84 0.0 
49798.87 0.98 0.0 
49798.88 0.98 0.0 
50772.64 0.54 0.0 
50772.60 0.96 0.0 
68344.51 0.97 0.0 
68344.52 0.94 0.0 
73243.80 0.81 0.0 
73977.12 0.62 0.0 
79319.31 0.36 0.0 
81403.03 0.35 0.0 
81811.18 0.98 0.0 
81811.18 0.98 0.0 
