1215.21 0.35 0.0 
1753.88 0.69 0.0 
2174.57 0.73 0.0 
2339.65 0.35 0.0 
3134.33 0.58 0.0 
3479.53 0.33 0.0 
3403.45 0.78 0.0 
2964.07 0.51 0.0 
4227.49 0.49 0.0 
4184.44 0.44 0.0 
4304.18 0.59 0.0 
5053.48 0.53 0.0 
5175.28 0.64 0.0 
5938.60 0.59 0.0 
6658.88 0.49 0.0 
7723.76 0.33 0.0 
7932.67 0.81 0.0 
8645.69 0.66 0.0 
8653.85 0.43 0.0 
9734.56 0.43 0.0 
10153.67 0.55 0.0 
9660.28 0.50 0.0 
10873.93 0.39 0.0 
10949.43 0.41 0.0 
10405.84 0.40 0.0 
11283.13 0.33 0.0 
11804.60 0.51 0.0 
12492.72 0.69 0.0 
13692.77 0.37 0.0 
14005.28 0.37 0.0 
14832.16 0.35 0.0 
15175.49 0.41 0.0 
17005.83 0.87 0.0 
18104.40 0.50 0.0 
18539.37 0.34 0.0 
21749.20 0.59 0.0 
21895.99 0.61 0.0 
22154.45 0.37 0.0 
22393.80 0.30 0.0 
25349.45 0.38 0.0 
31812.93 0.47 0.0 
33463.00 0.43 0.0 
34049.11 0.80 0.0 
35533.99 0.90 0.0 
36222.81 0.65 0.0 
36569.11 0.35 0.0 
37827.96 0.32 0.0 
38697.88 0.52 0.0 
38361.60 0.31 0.0 
39418.80 0.45 0.0 
39554.36 0.43 0.0 
40364.01 0.54 0.0 
41282.45 0.41 0.0 
42358.16 0.83 0.0 
42509.56 0.82 0.0 
42538.09 0.33 0.0 
43992.29 0.40 0.0 
44429.05 0.35 0.0 
44772.59 0.75 0.0 
46199.04 0.30 0.0 
49423.15 0.86 0.0 
50757.13 0.36 0.0 
53743.71 0.32 0.0 
56443.69 0.57 0.0 
56952.00 0.52 0.0 
59502.91 0.67 0.0 
60131.13 0.51 0.0 
61062.52 0.45 0.0 
64378.88 0.43 0.0 
67582.43 0.46 0.0 
67769.01 0.51 0.0 
71367.89 0.30 0.0 
71367.89 0.80 0.0 
73584.96 0.52 0.0 
74909.31 0.54 0.0 
77277.59 0.36 0.0 
78717.59 0.71 0.0 
79073.80 0.48 0.0 
79073.80 0.41 0.0 
80053.28 0.43 0.0 
80984.53 0.49 0.0 
82424.17 0.67 0.0 
82780.79 0.51 0.0 
83107.13 0.37 0.0 
83756.52 0.31 0.0 
84253.92 0.31 0.0 
84374.40 0.91 0.0 
85813.85 0.50 0.0 
86010.21 0.39 0.0 
86263.63 0.64 0.0 
