1031.11 0.51 0.0 
1446.91 0.43 0.0 
1562.77 0.61 0.0 
1446.95 0.53 0.0 
1031.08 0.62 0.0 
1562.71 0.40 0.0 
2051.26 0.69 0.0 
2051.28 0.31 0.0 
2182.91 0.75 0.0 
2402.90 0.91 0.0 
2402.88 0.92 0.0 
2331.02 0.95 0.0 
2347.59 0.31 0.0 
2331.02 0.82 0.0 
2546.29 0.38 0.0 
2566.00 0.46 0.0 
2578.47 0.50 0.0 
2578.49 0.50 0.0 
2363.81 0.40 0.0 
2347.65 0.48 0.0 
2363.81 0.55 0.0 
2595.88 0.82 0.0 
2595.91 0.45 0.0 
3175.08 0.80 0.0 
3175.09 0.71 0.0 
3932.01 0.40 0.0 
3753.68 0.61 0.0 
3960.53 0.58 0.0 
3753.69 0.69 0.0 
3960.49 0.44 0.0 
4449.07 0.37 0.0 
4532.26 0.79 0.0 
4348.83 0.37 0.0 
4569.46 0.72 0.0 
5163.21 0.43 0.0 
4532.27 0.70 0.0 
5611.47 0.64 0.0 
5578.59 0.32 0.0 
5463.93 0.35 0.0 
6335.55 0.44 0.0 
6271.87 0.40 0.0 
6767.50 0.80 0.0 
6767.53 0.67 0.0 
7244.68 0.34 0.0 
8423.79 0.31 0.0 
7742.84 0.61 0.0 
8423.79 0.37 0.0 
8441.91 0.42 0.0 
8775.87 0.48 0.0 
8460.55 0.41 0.0 
8998.23 0.31 0.0 
9376.71 0.35 0.0 
8917.21 0.32 0.0 
8821.35 0.36 0.0 
8956.85 0.38 0.0 
9540.85 0.40 0.0 
10055.23 0.43 0.0 
9584.10 0.90 0.0 
9540.81 0.42 0.0 
9567.85 0.33 0.0 
10023.23 0.42 0.0 
10546.21 0.45 0.0 
10876.69 0.46 0.0 
10876.67 0.32 0.0 
11643.67 0.51 0.0 
11386.91 0.67 0.0 
11883.10 0.83 0.0 
11344.03 0.40 0.0 
11883.11 0.40 0.0 
12086.87 0.34 0.0 
13577.01 0.34 0.0 
13578.86 0.53 0.0 
13584.30 0.76 0.0 
13231.24 0.88 0.0 
13576.99 0.33 0.0 
13578.88 0.56 0.0 
13584.30 0.79 0.0 
13891.77 0.48 0.0 
13912.51 0.34 0.0 
13923.85 0.63 0.0 
13494.12 0.67 0.0 
13923.83 0.51 0.0 
14100.70 0.91 0.0 
14131.45 0.59 0.0 
14136.95 0.36 0.0 
14100.73 0.67 0.0 
14129.03 0.40 0.0 
15383.65 0.78 0.0 
15643.47 0.35 0.0 
15844.19 0.35 0.0 
15844.11 0.36 0.0 
15990.69 0.36 0.0 
15990.68 0.58 0.0 
16917.88 0.41 0.0 
16621.19 0.37 0.0 
16687.17 0.71 0.0 
17087.50 0.72 0.0 
17320.64 0.42 0.0 
16758.39 0.71 0.0 
16758.39 0.62 0.0 
17320.65 0.36 0.0 
17384.51 0.38 0.0 
18332.76 0.62 0.0 
18836.47 0.33 0.0 
18332.76 0.48 0.0 
19088.01 0.45 0.0 
18946.60 0.34 0.0 
19344.07 0.47 0.0 
18878.79 0.51 0.0 
19723.02 0.51 0.0 
19142.65 0.62 0.0 
19723.01 0.36 0.0 
19877.79 0.33 0.0 
20327.75 0.39 0.0 
19990.63 0.33 0.0 
20440.25 0.62 0.0 
21245.40 0.58 0.0 
21875.96 0.53 0.0 
22177.83 0.67 0.0 
22304.57 0.33 0.0 
21875.99 0.62 0.0 
21917.33 0.61 0.0 
21917.31 0.39 0.0 
22177.83 0.48 0.0 
22668.51 0.33 0.0 
23510.16 0.46 0.0 
23116.63 0.31 0.0 
24009.63 0.32 0.0 
24228.07 0.48 0.0 
24039.67 0.35 0.0 
23501.85 0.79 0.0 
23911.85 0.61 0.0 
23932.41 0.49 0.0 
24228.08 0.82 0.0 
24162.33 0.42 0.0 
24812.37 0.46 0.0 
24538.85 0.32 0.0 
24585.59 0.40 0.0 
24765.40 0.60 0.0 
24765.28 0.60 0.0 
24888.20 0.74 0.0 
24888.17 0.66 0.0 
25922.31 0.32 0.0 
26042.84 0.58 0.0 
26307.69 0.33 0.0 
25536.35 0.48 0.0 
26397.31 0.43 0.0 
26397.30 0.62 0.0 
26663.84 0.46 0.0 
26596.47 0.33 0.0 
27508.53 0.53 0.0 
27288.03 0.55 0.0 
27815.63 0.40 0.0 
27989.03 0.40 0.0 
27825.75 0.42 0.0 
27444.05 0.42 0.0 
27996.71 0.47 0.0 
28000.72 0.34 0.0 
28601.68 0.31 0.0 
28868.27 0.41 0.0 
28868.23 0.33 0.0 
30216.24 0.35 0.0 
30242.35 0.32 0.0 
29486.05 0.57 0.0 
29486.03 0.33 0.0 
30703.39 0.36 0.0 
30216.19 0.47 0.0 
30714.75 0.30 0.0 
31299.59 0.31 0.0 
30703.43 0.39 0.0 
32028.40 0.45 0.0 
32130.69 0.75 0.0 
32028.38 0.55 0.0 
32007.05 0.31 0.0 
33145.60 0.66 0.0 
33145.59 0.43 0.0 
33583.99 0.52 0.0 
32850.17 0.37 0.0 
33584.03 0.50 0.0 
34141.93 0.73 0.0 
34336.05 0.52 0.0 
34174.92 0.44 0.0 
34141.90 0.69 0.0 
34848.03 0.34 0.0 
36943.83 0.35 0.0 
39203.91 0.44 0.0 
47621.04 0.58 0.0 
47627.59 0.43 0.0 
47631.79 0.45 0.0 
47627.58 0.86 0.0 
49966.23 0.42 0.0 
49966.24 0.64 0.0 
49987.35 0.41 0.0 
52215.50 0.65 0.0 
55873.35 0.34 0.0 
56381.01 0.57 0.0 
55873.36 0.69 0.0 
57712.99 0.37 0.0 
58611.99 0.33 0.0 
59011.14 0.60 0.0 
59268.60 0.57 0.0 
59056.01 0.58 0.0 
59062.85 0.60 0.0 
59011.17 0.35 0.0 
60218.75 0.52 0.0 
60539.59 0.43 0.0 
60218.75 0.39 0.0 
60677.63 0.39 0.0 
61468.79 0.53 0.0 
61771.71 0.48 0.0 
62661.43 0.55 0.0 
62327.11 0.47 0.0 
62661.45 0.61 0.0 
62776.59 0.43 0.0 
62365.07 0.32 0.0 
62926.03 0.39 0.0 
64144.27 0.36 0.0 
64541.10 0.75 0.0 
64115.07 0.36 0.0 
64250.01 0.61 0.0 
64144.21 0.52 0.0 
64937.03 0.41 0.0 
64541.07 0.38 0.0 
72094.97 0.37 0.0 
74378.37 0.76 0.0 
74159.87 0.34 0.0 
74378.41 0.46 0.0 
74347.75 0.34 0.0 
75154.13 0.54 0.0 
75651.32 0.55 0.0 
77505.71 0.64 0.0 
77359.35 0.60 0.0 
77359.35 0.48 0.0 
79321.65 0.82 0.0 
79321.64 0.70 0.0 
80106.77 0.60 0.0 
80114.43 0.33 0.0 
80612.95 0.31 0.0 
80658.87 0.49 0.0 
80682.87 0.35 0.0 
81019.23 0.44 0.0 
80985.55 0.41 0.0 
80996.27 0.39 0.0 
81336.49 0.66 0.0 
80705.85 0.47 0.0 
80721.55 0.39 0.0 
81981.03 0.39 0.0 
81981.01 0.59 0.0 
82247.58 0.58 0.0 
83017.24 0.58 0.0 
82964.44 0.51 0.0 
82408.31 0.35 0.0 
83374.08 0.82 0.0 
83642.41 0.77 0.0 
82997.99 0.54 0.0 
83017.25 0.69 0.0 
83642.44 0.64 0.0 
83374.07 0.70 0.0 
84559.55 0.35 0.0 
85233.09 0.47 0.0 
85035.48 0.66 0.0 
85233.12 0.57 0.0 
