3346.93 0.48 0.0 
5493.12 0.75 0.0 
7861.17 0.44 0.0 
26806.35 0.48 0.0 
27421.93 0.52 0.0 
28631.35 0.31 0.0 
37914.57 0.34 0.0 
37914.55 0.42 0.0 
52907.01 0.60 0.0 
55358.35 0.42 0.0 
55706.03 0.37 0.0 
58020.77 0.50 0.0 
58231.03 0.34 0.0 
61375.17 0.39 0.0 
61375.11 0.33 0.0 
61911.16 0.43 0.0 
62438.29 0.32 0.0 
64112.43 0.33 0.0 
65432.23 0.30 0.0 
66907.96 0.52 0.0 
69258.79 0.42 0.0 
72059.95 0.37 0.0 
72044.09 0.39 0.0 
74619.27 0.49 0.0 
75106.62 0.69 0.0 
75672.39 0.37 0.0 
84289.47 0.36 0.0 
84582.41 0.64 0.0 
85560.51 0.50 0.0 
