478.93 0.31 0.0 
724.05 0.34 0.0 
930.81 0.47 0.0 
1050.55 0.41 0.0 
1214.85 0.31 0.0 
1688.17 0.40 0.0 
2604.88 0.31 0.0 
2850.51 0.32 0.0 
3083.25 0.34 0.0 
3374.83 0.38 0.0 
3481.99 0.32 0.0 
3482.02 0.51 0.0 
3812.92 0.44 0.0 
4208.39 0.45 0.0 
4070.87 0.47 0.0 
4772.41 0.39 0.0 
4878.72 0.42 0.0 
5246.31 0.38 0.0 
5370.84 0.58 0.0 
5810.56 0.47 0.0 
5810.55 0.35 0.0 
5874.15 0.34 0.0 
6366.47 0.37 0.0 
6456.89 0.31 0.0 
6484.51 0.44 0.0 
6696.03 0.33 0.0 
7013.20 0.46 0.0 
7112.79 0.36 0.0 
6900.77 0.30 0.0 
7193.49 0.52 0.0 
7343.87 0.40 0.0 
7323.67 0.36 0.0 
8093.55 0.32 0.0 
8050.41 0.34 0.0 
8401.93 0.51 0.0 
8502.47 0.33 0.0 
8401.91 0.32 0.0 
8885.03 0.33 0.0 
8890.53 0.59 0.0 
8890.52 0.77 0.0 
9384.64 0.43 0.0 
9559.85 0.35 0.0 
9880.43 0.39 0.0 
10267.00 0.41 0.0 
10272.85 0.75 0.0 
10272.86 0.65 0.0 
10876.29 0.46 0.0 
10747.23 0.32 0.0 
11477.31 0.43 0.0 
12167.95 0.32 0.0 
12962.33 0.54 0.0 
13364.41 0.30 0.0 
13269.34 0.40 0.0 
14287.13 0.35 0.0 
14492.60 0.61 0.0 
15586.87 0.35 0.0 
15827.83 0.36 0.0 
15932.89 0.67 0.0 
16111.00 0.35 0.0 
15827.83 0.46 0.0 
16598.11 0.33 0.0 
16306.05 0.51 0.0 
17198.19 0.38 0.0 
17240.03 0.37 0.0 
17158.07 0.43 0.0 
17413.81 0.36 0.0 
18291.15 0.45 0.0 
18810.61 0.62 0.0 
18933.05 0.49 0.0 
19407.26 0.52 0.0 
19605.45 0.37 0.0 
19381.99 0.33 0.0 
19407.28 0.48 0.0 
19544.89 0.58 0.0 
19427.41 0.43 0.0 
19654.39 0.32 0.0 
19835.62 0.59 0.0 
19774.69 0.37 0.0 
19774.68 0.67 0.0 
19893.03 0.34 0.0 
20064.77 0.58 0.0 
19893.11 0.54 0.0 
19863.45 0.34 0.0 
20064.77 0.41 0.0 
20417.49 0.60 0.0 
20551.61 0.52 0.0 
20417.51 0.34 0.0 
20654.83 0.43 0.0 
20700.81 0.36 0.0 
22175.83 0.41 0.0 
22175.83 0.34 0.0 
23496.79 0.31 0.0 
24116.27 0.34 0.0 
24501.65 0.47 0.0 
24872.63 0.47 0.0 
25047.43 0.31 0.0 
25047.39 0.33 0.0 
25906.35 0.57 0.0 
26165.00 0.49 0.0 
26165.01 0.41 0.0 
29777.59 0.33 0.0 
29927.03 0.33 0.0 
29850.55 0.38 0.0 
30379.03 0.34 0.0 
31762.95 0.39 0.0 
32215.60 0.54 0.0 
31889.13 0.39 0.0 
32416.13 0.53 0.0 
32416.17 0.47 0.0 
32744.91 0.32 0.0 
32985.50 0.76 0.0 
33089.12 0.33 0.0 
33570.51 0.31 0.0 
33900.67 0.50 0.0 
34261.07 0.36 0.0 
33971.89 0.30 0.0 
34732.85 0.60 0.0 
34509.05 0.59 0.0 
34829.91 0.36 0.0 
34750.76 0.31 0.0 
35077.32 0.49 0.0 
35161.00 0.50 0.0 
35244.39 0.41 0.0 
35570.74 0.40 0.0 
35570.71 0.33 0.0 
35407.87 0.32 0.0 
35780.64 0.32 0.0 
36197.03 0.41 0.0 
36645.41 0.47 0.0 
36629.17 0.51 0.0 
36740.45 0.45 0.0 
36875.23 0.41 0.0 
36720.59 0.52 0.0 
36718.21 0.31 0.0 
36940.21 0.43 0.0 
36940.20 0.57 0.0 
37262.83 0.32 0.0 
37605.37 0.31 0.0 
37443.26 0.32 0.0 
37622.27 0.34 0.0 
37935.67 0.68 0.0 
38200.75 0.36 0.0 
38776.47 0.54 0.0 
39361.21 0.40 0.0 
39558.05 0.53 0.0 
39540.48 0.42 0.0 
39693.39 0.35 0.0 
39858.41 0.34 0.0 
40485.71 0.39 0.0 
40328.36 0.38 0.0 
40605.71 0.39 0.0 
40470.52 0.31 0.0 
40711.05 0.70 0.0 
40673.46 0.43 0.0 
40762.89 0.38 0.0 
41655.59 0.36 0.0 
42171.81 0.43 0.0 
41957.80 0.31 0.0 
42255.41 0.31 0.0 
42212.63 0.33 0.0 
42348.01 0.47 0.0 
42928.97 0.30 0.0 
43187.25 0.32 0.0 
43727.67 0.32 0.0 
43848.25 0.37 0.0 
43558.76 0.74 0.0 
43685.11 0.31 0.0 
44191.92 0.37 0.0 
44029.91 0.31 0.0 
45151.03 0.38 0.0 
45349.28 0.42 0.0 
46142.75 0.38 0.0 
46515.72 0.73 0.0 
46438.15 0.46 0.0 
46845.51 0.40 0.0 
46683.61 0.61 0.0 
46746.92 0.38 0.0 
46937.11 0.33 0.0 
47061.25 0.41 0.0 
47256.19 0.36 0.0 
47427.60 0.36 0.0 
47570.66 0.33 0.0 
47640.42 0.82 0.0 
47511.55 0.66 0.0 
48579.95 0.31 0.0 
48781.18 0.34 0.0 
50537.11 0.32 0.0 
50778.45 0.45 0.0 
51225.88 0.41 0.0 
51184.99 0.32 0.0 
51225.87 0.60 0.0 
51481.93 0.41 0.0 
52499.29 0.35 0.0 
53162.09 0.54 0.0 
53038.79 0.32 0.0 
53415.44 0.48 0.0 
53353.65 0.35 0.0 
54019.68 0.43 0.0 
54726.73 0.34 0.0 
57207.09 0.38 0.0 
58088.57 0.52 0.0 
59447.99 0.34 0.0 
59220.48 0.36 0.0 
60128.89 0.57 0.0 
60128.87 0.49 0.0 
61307.83 0.32 0.0 
61847.17 0.55 0.0 
61875.51 0.36 0.0 
62261.16 0.31 0.0 
62261.17 0.34 0.0 
62936.23 0.33 0.0 
66419.25 0.47 0.0 
68190.51 0.47 0.0 
68118.41 0.45 0.0 
68341.52 0.39 0.0 
68896.39 0.45 0.0 
70960.43 0.33 0.0 
71602.17 0.35 0.0 
72488.43 0.32 0.0 
73351.66 0.33 0.0 
73530.47 0.40 0.0 
73684.07 0.41 0.0 
73530.49 0.65 0.0 
73684.05 0.49 0.0 
74115.46 0.65 0.0 
74283.05 0.47 0.0 
74945.23 0.39 0.0 
74945.25 0.31 0.0 
75435.67 0.44 0.0 
75825.39 0.64 0.0 
76132.44 0.40 0.0 
76398.59 0.34 0.0 
76513.41 0.34 0.0 
77865.83 0.31 0.0 
78394.19 0.42 0.0 
78980.91 0.33 0.0 
79269.83 0.31 0.0 
79170.55 0.32 0.0 
79914.07 0.32 0.0 
80434.71 0.49 0.0 
80434.71 0.33 0.0 
81018.91 0.42 0.0 
82952.79 0.34 0.0 
82654.21 0.36 0.0 
84642.68 0.41 0.0 
85023.01 0.47 0.0 
85023.01 0.59 0.0 
85157.13 0.68 0.0 
85157.12 0.62 0.0 
85307.89 0.31 0.0 
85636.30 0.31 0.0 
86274.83 0.32 0.0 
