23234.51 0.46 0.0 
26683.03 0.37 0.0 
35395.08 0.38 0.0 
39491.43 0.35 0.0 
39689.21 0.65 0.0 
40103.31 0.50 0.0 
41472.72 0.59 0.0 
41339.08 0.86 0.0 
43064.31 0.52 0.0 
45659.57 0.65 0.0 
46512.17 0.43 0.0 
49120.89 0.32 0.0 
49994.09 0.62 0.0 
50325.76 0.69 0.0 
59098.07 0.34 0.0 
59738.57 0.76 0.0 
59738.57 0.60 0.0 
59924.28 0.70 0.0 
63452.63 0.43 0.0 
63765.28 0.62 0.0 
65219.12 0.43 0.0 
68082.66 0.71 0.0 
69223.33 0.31 0.0 
69381.19 0.88 0.0 
69381.17 0.74 0.0 
69347.18 0.97 0.0 
69374.51 0.52 0.0 
69347.17 0.54 0.0 
69357.36 0.54 0.0 
69463.55 0.64 0.0 
69459.69 0.36 0.0 
69435.93 0.33 0.0 
69597.64 0.41 0.0 
70644.39 0.46 0.0 
73888.95 0.40 0.0 
74269.00 0.53 0.0 
74333.48 0.57 0.0 
74333.48 0.65 0.0 
75419.36 0.78 0.0 
75419.33 0.45 0.0 
76648.73 0.36 0.0 
76788.13 0.32 0.0 
76799.59 0.66 0.0 
76828.93 0.32 0.0 
78333.24 0.31 0.0 
78794.43 0.35 0.0 
78949.67 0.78 0.0 
78949.68 0.72 0.0 
79154.23 0.31 0.0 
79228.72 0.68 0.0 
79498.73 0.39 0.0 
81104.25 0.39 0.0 
82496.99 0.45 0.0 
82619.33 0.53 0.0 
83262.91 0.30 0.0 
83456.31 0.31 0.0 
84523.07 0.61 0.0 
84752.47 0.60 0.0 
85977.85 0.30 0.0 
