11388.59 0.53 0.0 
23972.00 0.33 0.0 
23972.01 0.43 0.0 
35396.87 0.35 0.0 
39675.99 0.73 0.0 
39675.99 0.86 0.0 
40103.41 0.51 0.0 
45659.57 0.36 0.0 
46832.79 0.55 0.0 
49037.53 0.64 0.0 
50328.96 0.68 0.0 
59741.39 0.54 0.0 
59741.41 0.48 0.0 
61215.43 0.51 0.0 
62018.00 0.60 0.0 
62037.27 0.34 0.0 
63768.91 0.56 0.0 
64710.11 0.42 0.0 
67593.44 0.60 0.0 
68082.64 0.70 0.0 
68627.41 0.42 0.0 
68957.33 0.44 0.0 
69241.05 0.30 0.0 
69254.12 0.61 0.0 
69230.55 0.45 0.0 
69382.01 0.83 0.0 
69374.65 0.42 0.0 
69381.94 0.79 0.0 
69386.31 0.55 0.0 
69351.90 0.88 0.0 
69357.39 0.58 0.0 
69351.91 0.86 0.0 
69357.39 0.33 0.0 
69442.20 0.72 0.0 
69442.22 0.85 0.0 
69581.47 0.48 0.0 
69601.35 0.31 0.0 
69601.27 0.42 0.0 
69581.45 0.59 0.0 
69749.88 0.60 0.0 
69732.87 0.55 0.0 
70853.11 0.30 0.0 
73815.51 0.45 0.0 
73888.95 0.30 0.0 
74271.68 0.41 0.0 
74335.36 0.74 0.0 
74335.35 0.59 0.0 
75420.75 0.59 0.0 
76413.77 0.54 0.0 
76886.97 0.39 0.0 
77835.64 0.71 0.0 
78403.89 0.37 0.0 
78645.59 0.34 0.0 
78953.26 0.54 0.0 
78953.31 0.34 0.0 
78986.76 0.34 0.0 
80673.59 0.31 0.0 
83269.65 0.45 0.0 
83350.65 0.33 0.0 
