342.04 0.45 0.0 
1057.49 0.34 0.0 
1189.08 0.77 0.0 
3747.91 0.34 0.0 
4959.85 0.41 0.0 
6313.81 0.58 0.0 
7438.16 0.65 0.0 
8091.36 0.68 0.0 
8073.68 0.48 0.0 
9685.53 0.40 0.0 
9389.33 0.64 0.0 
9609.41 0.32 0.0 
10422.50 0.51 0.0 
11264.00 0.37 0.0 
11335.65 0.41 0.0 
11335.69 0.59 0.0 
12372.04 0.50 0.0 
12683.78 0.62 0.0 
12837.56 0.55 0.0 
14516.53 0.59 0.0 
16434.12 0.31 0.0 
17174.21 0.61 0.0 
17819.25 0.34 0.0 
18432.88 0.65 0.0 
18162.21 0.46 0.0 
19553.54 0.37 0.0 
20171.97 0.54 0.0 
20189.36 0.88 0.0 
20203.47 0.35 0.0 
20459.13 0.45 0.0 
22034.17 0.40 0.0 
22034.17 0.58 0.0 
23333.60 0.33 0.0 
25389.25 0.49 0.0 
27819.05 0.54 0.0 
28304.33 0.58 0.0 
28812.96 0.32 0.0 
29681.61 0.36 0.0 
30199.09 0.36 0.0 
33313.60 0.34 0.0 
34374.01 0.48 0.0 
37493.41 0.37 0.0 
37493.45 0.40 0.0 
38336.41 0.63 0.0 
38517.72 0.39 0.0 
39182.35 0.71 0.0 
41652.09 0.49 0.0 
41652.08 0.37 0.0 
42239.33 0.37 0.0 
43208.77 0.39 0.0 
45167.91 0.32 0.0 
46003.53 0.32 0.0 
46003.56 0.51 0.0 
46609.07 0.32 0.0 
47427.96 0.65 0.0 
47672.76 0.44 0.0 
48219.97 0.31 0.0 
48266.81 0.31 0.0 
49588.53 0.57 0.0 
51988.53 0.33 0.0 
53517.32 0.61 0.0 
53788.92 0.47 0.0 
54116.67 0.31 0.0 
56631.45 0.49 0.0 
58340.81 0.41 0.0 
59779.88 0.37 0.0 
60593.87 0.39 0.0 
60774.41 0.34 0.0 
60950.93 0.39 0.0 
60860.57 0.41 0.0 
61888.83 0.44 0.0 
66351.57 0.53 0.0 
66545.09 0.37 0.0 
66532.97 0.37 0.0 
66532.91 0.40 0.0 
67730.90 0.60 0.0 
68818.52 0.47 0.0 
68990.15 0.31 0.0 
69162.43 0.47 0.0 
72664.17 0.35 0.0 
72648.53 0.37 0.0 
75357.24 0.49 0.0 
77060.04 0.31 0.0 
78221.96 0.60 0.0 
79493.08 0.34 0.0 
80258.89 0.54 0.0 
80335.28 0.61 0.0 
80747.45 0.51 0.0 
80923.77 0.34 0.0 
82408.88 0.90 0.0 
82418.32 0.37 0.0 
83706.37 0.54 0.0 
84088.25 0.38 0.0 
84349.69 0.58 0.0 
85887.41 0.43 0.0 
