1157.36 0.40 0.0 
1595.01 0.42 0.0 
1090.88 0.77 0.0 
1632.61 0.87 0.0 
1580.35 0.30 0.0 
1604.58 0.80 0.0 
1649.57 0.89 0.0 
1844.41 0.43 0.0 
1932.73 0.60 0.0 
2384.51 0.92 0.0 
2934.76 0.36 0.0 
2717.40 0.40 0.0 
2934.69 0.40 0.0 
2398.36 0.42 0.0 
6613.99 0.65 0.0 
7469.19 0.50 0.0 
7589.28 0.40 0.0 
11168.12 0.33 0.0 
11023.07 0.74 0.0 
15834.85 0.44 0.0 
16427.11 0.54 0.0 
17011.23 0.54 0.0 
17011.23 0.84 0.0 
19102.28 0.53 0.0 
19713.67 0.78 0.0 
20477.11 0.68 0.0 
21299.25 0.38 0.0 
22017.56 0.63 0.0 
21372.98 0.90 0.0 
21929.84 0.46 0.0 
22047.96 0.79 0.0 
21953.16 0.35 0.0 
23426.20 0.44 0.0 
23588.97 0.35 0.0 
23478.09 0.40 0.0 
23504.49 0.80 0.0 
23939.59 0.73 0.0 
23589.00 0.34 0.0 
25558.48 0.32 0.0 
27042.63 0.42 0.0 
27436.77 0.60 0.0 
28566.88 0.82 0.0 
28749.29 0.63 0.0 
28637.92 0.41 0.0 
28658.50 0.88 0.0 
28603.98 0.78 0.0 
28872.16 0.34 0.0 
28780.09 0.71 0.0 
28637.92 0.53 0.0 
28976.45 0.31 0.0 
28566.90 0.66 0.0 
28980.88 0.41 0.0 
28658.51 0.67 0.0 
30899.11 0.89 0.0 
30704.41 0.92 0.0 
30566.54 0.53 0.0 
31002.65 0.59 0.0 
30928.89 0.32 0.0 
31365.48 0.77 0.0 
31334.49 0.45 0.0 
31693.41 0.80 0.0 
32354.00 0.34 0.0 
34108.57 0.30 0.0 
39067.12 0.40 0.0 
40473.47 0.44 0.0 
42206.61 0.76 0.0 
43256.78 0.93 0.0 
43336.63 0.69 0.0 
44083.77 0.50 0.0 
45419.16 0.48 0.0 
45896.09 0.55 0.0 
49694.21 0.33 0.0 
54025.30 0.88 0.0 
53385.87 0.52 0.0 
54050.65 0.40 0.0 
53385.98 0.36 0.0 
56951.68 0.78 0.0 
57411.89 0.37 0.0 
57411.87 0.59 0.0 
59012.99 0.35 0.0 
64169.08 0.44 0.0 
64051.31 0.59 0.0 
65758.24 0.47 0.0 
66208.68 0.41 0.0 
66133.99 0.33 0.0 
68383.97 0.32 0.0 
73009.85 0.44 0.0 
72573.53 0.37 0.0 
73754.49 0.34 0.0 
73172.26 0.60 0.0 
76243.52 0.73 0.0 
78639.45 0.40 0.0 
79153.40 0.73 0.0 
79004.60 0.34 0.0 
79603.93 0.33 0.0 
80253.84 0.39 0.0 
80253.84 0.32 0.0 
80609.43 0.30 0.0 
80847.79 0.49 0.0 
82548.81 0.52 0.0 
