1249.72 0.43 0.0 
1249.72 0.36 0.0 
1258.00 0.53 0.0 
2182.86 0.89 0.0 
2051.19 0.69 0.0 
2546.23 0.54 0.0 
2396.84 0.58 0.0 
2344.24 0.35 0.0 
2528.75 0.47 0.0 
2590.59 0.87 0.0 
2565.80 0.72 0.0 
2575.67 0.38 0.0 
2363.71 0.58 0.0 
2347.04 0.63 0.0 
2363.76 0.41 0.0 
3237.12 0.74 0.0 
3171.15 0.49 0.0 
3748.63 0.76 0.0 
3894.41 0.48 0.0 
4348.80 0.36 0.0 
4569.43 0.82 0.0 
5865.91 0.43 0.0 
5653.30 0.32 0.0 
5376.56 0.50 0.0 
5384.03 0.31 0.0 
6238.69 0.74 0.0 
6766.79 0.38 0.0 
6766.83 0.37 0.0 
7389.04 0.48 0.0 
7741.32 0.45 0.0 
7389.05 0.72 0.0 
8435.64 0.41 0.0 
7883.63 0.35 0.0 
8668.79 0.71 0.0 
8773.49 0.46 0.0 
8668.76 0.43 0.0 
8435.64 0.68 0.0 
8245.75 0.58 0.0 
9373.60 0.37 0.0 
9373.55 0.37 0.0 
9431.21 0.31 0.0 
9583.13 0.55 0.0 
10018.09 0.38 0.0 
10360.88 0.86 0.0 
10937.65 0.35 0.0 
11050.71 0.30 0.0 
10413.65 0.37 0.0 
11054.04 0.55 0.0 
10873.97 0.70 0.0 
11665.35 0.32 0.0 
11881.25 0.88 0.0 
11643.77 0.56 0.0 
11801.69 0.38 0.0 
11817.88 0.89 0.0 
12988.91 0.86 0.0 
12849.69 0.52 0.0 
12988.91 0.41 0.0 
13211.61 0.41 0.0 
13576.97 0.33 0.0 
13483.08 0.71 0.0 
13577.04 0.62 0.0 
13581.65 0.42 0.0 
13060.03 0.55 0.0 
13572.35 0.36 0.0 
13902.69 0.56 0.0 
13491.29 0.38 0.0 
13263.40 0.43 0.0 
13738.61 0.36 0.0 
14381.77 0.35 0.0 
14097.25 0.67 0.0 
14097.24 0.62 0.0 
13902.76 0.78 0.0 
14129.04 0.70 0.0 
14135.31 0.59 0.0 
14238.96 0.33 0.0 
15383.59 0.39 0.0 
15744.63 0.37 0.0 
15609.57 0.37 0.0 
16084.89 0.35 0.0 
16685.07 0.80 0.0 
17381.09 0.33 0.0 
17317.17 0.90 0.0 
16782.88 0.78 0.0 
16754.21 0.44 0.0 
17327.80 0.54 0.0 
17317.18 0.84 0.0 
17247.73 0.73 0.0 
17381.04 0.69 0.0 
18310.01 0.52 0.0 
18834.77 0.42 0.0 
18539.11 0.34 0.0 
18329.20 0.50 0.0 
19083.88 0.46 0.0 
18875.04 0.65 0.0 
19706.39 0.77 0.0 
19723.09 0.38 0.0 
19693.05 0.32 0.0 
20081.88 0.55 0.0 
19765.48 0.50 0.0 
20098.21 0.32 0.0 
20436.31 0.62 0.0 
21538.13 0.49 0.0 
22078.94 0.78 0.0 
22173.45 0.49 0.0 
22298.87 0.81 0.0 
22100.87 0.40 0.0 
22259.08 0.33 0.0 
22665.05 0.40 0.0 
22679.24 0.66 0.0 
21915.05 0.47 0.0 
22298.87 0.87 0.0 
22874.37 0.49 0.0 
22908.89 0.38 0.0 
22529.16 0.41 0.0 
22993.99 0.85 0.0 
23459.09 0.62 0.0 
23797.89 0.44 0.0 
23827.68 0.34 0.0 
23500.81 0.65 0.0 
23929.04 0.43 0.0 
24612.91 0.32 0.0 
23827.65 0.51 0.0 
24158.00 0.42 0.0 
24762.95 0.39 0.0 
24734.21 0.40 0.0 
24793.73 0.31 0.0 
24762.95 0.32 0.0 
24885.91 0.33 0.0 
25534.41 0.34 0.0 
25946.11 0.42 0.0 
25534.45 0.40 0.0 
26391.09 0.38 0.0 
26391.13 0.49 0.0 
26452.89 0.45 0.0 
26452.88 0.35 0.0 
26890.44 0.54 0.0 
27475.09 0.36 0.0 
27506.21 0.33 0.0 
27357.53 0.31 0.0 
27506.25 0.63 0.0 
27285.29 0.36 0.0 
27444.06 0.86 0.0 
28601.54 0.40 0.0 
29589.24 0.78 0.0 
29653.13 0.41 0.0 
30701.93 0.51 0.0 
30714.72 0.61 0.0 
30702.01 0.61 0.0 
32026.55 0.31 0.0 
31299.64 0.44 0.0 
31870.72 0.80 0.0 
32538.70 0.47 0.0 
31999.88 0.43 0.0 
33143.60 0.36 0.0 
33184.49 0.32 0.0 
33580.37 0.82 0.0 
33535.92 0.38 0.0 
33539.33 0.30 0.0 
33580.35 0.85 0.0 
34136.68 0.80 0.0 
34172.73 0.38 0.0 
35637.99 0.51 0.0 
36458.25 0.32 0.0 
36941.48 0.59 0.0 
38773.41 0.44 0.0 
38773.44 0.62 0.0 
39201.08 0.40 0.0 
39204.00 0.43 0.0 
40299.96 0.40 0.0 
41647.01 0.32 0.0 
42217.97 0.43 0.0 
42217.96 0.78 0.0 
47621.05 0.47 0.0 
49964.20 0.37 0.0 
49970.29 0.31 0.0 
52124.51 0.56 0.0 
52214.31 0.44 0.0 
54222.89 0.48 0.0 
55869.77 0.67 0.0 
56577.33 0.33 0.0 
56380.65 0.56 0.0 
57508.95 0.67 0.0 
57705.20 0.48 0.0 
57508.92 0.67 0.0 
58213.20 0.39 0.0 
57928.93 0.34 0.0 
58609.16 0.51 0.0 
59145.22 0.36 0.0 
59278.81 0.40 0.0 
59060.12 0.48 0.0 
59394.21 0.42 0.0 
59394.23 0.32 0.0 
59833.00 0.33 0.0 
60213.96 0.62 0.0 
60215.05 0.33 0.0 
60479.31 0.62 0.0 
60213.97 0.30 0.0 
60215.05 0.36 0.0 
60539.51 0.59 0.0 
60672.68 0.76 0.0 
60882.88 0.32 0.0 
61000.75 0.81 0.0 
61463.04 0.66 0.0 
61465.64 0.34 0.0 
61468.79 0.40 0.0 
61465.64 0.76 0.0 
61042.41 0.33 0.0 
62392.72 0.48 0.0 
61769.03 0.47 0.0 
62197.19 0.36 0.0 
62659.56 0.57 0.0 
62659.53 0.62 0.0 
62774.48 0.33 0.0 
63569.11 0.81 0.0 
64243.13 0.53 0.0 
64141.09 0.33 0.0 
65082.75 0.41 0.0 
65504.01 0.47 0.0 
66178.03 0.33 0.0 
69251.08 0.42 0.0 
69251.08 0.61 0.0 
71289.71 0.39 0.0 
72296.57 0.58 0.0 
73962.89 0.40 0.0 
74209.99 0.75 0.0 
74209.97 0.54 0.0 
75034.16 0.33 0.0 
75151.31 0.62 0.0 
75072.91 0.37 0.0 
75151.32 0.79 0.0 
75462.28 0.71 0.0 
76774.91 0.34 0.0 
76797.88 0.49 0.0 
76774.93 0.33 0.0 
78100.73 0.44 0.0 
80272.92 0.37 0.0 
80113.80 0.61 0.0 
80559.64 0.42 0.0 
80682.85 0.68 0.0 
81333.47 0.37 0.0 
80718.44 0.38 0.0 
81715.24 0.63 0.0 
81279.72 0.43 0.0 
81328.90 0.78 0.0 
82198.68 0.31 0.0 
82963.20 0.40 0.0 
82407.09 0.72 0.0 
83111.81 0.52 0.0 
83010.00 0.69 0.0 
83370.21 0.50 0.0 
84862.11 0.44 0.0 
84868.20 0.30 0.0 
84087.83 0.38 0.0 
84868.19 0.51 0.0 
84556.01 0.45 0.0 
84556.52 0.43 0.0 
85034.03 0.38 0.0 
84556.58 0.40 0.0 
86037.76 0.67 0.0 
