1057.56 0.45 0.0 
10695.57 0.38 0.0 
18602.63 0.44 0.0 
19982.33 0.35 0.0 
21767.17 0.43 0.0 
22760.34 0.32 0.0 
22850.35 0.36 0.0 
26076.20 0.46 0.0 
29582.61 0.51 0.0 
29582.61 0.44 0.0 
31770.95 0.31 0.0 
31970.09 0.40 0.0 
32251.50 0.64 0.0 
34773.07 0.37 0.0 
41535.68 0.38 0.0 
42180.56 0.58 0.0 
44191.67 0.43 0.0 
46395.49 0.66 0.0 
46614.99 0.42 0.0 
46952.35 0.38 0.0 
47070.70 0.44 0.0 
47676.79 0.35 0.0 
48167.29 0.53 0.0 
49261.03 0.50 0.0 
51015.93 0.45 0.0 
51918.01 0.31 0.0 
51918.01 0.35 0.0 
52501.27 0.34 0.0 
52593.67 0.39 0.0 
53506.18 0.51 0.0 
54830.37 0.49 0.0 
55103.11 0.31 0.0 
55737.01 0.33 0.0 
56280.53 0.71 0.0 
57619.24 0.30 0.0 
59266.19 0.38 0.0 
59807.19 0.33 0.0 
60408.09 0.45 0.0 
60870.47 0.35 0.0 
62044.89 0.35 0.0 
62932.65 0.34 0.0 
63336.60 0.41 0.0 
64205.93 0.31 0.0 
66803.62 0.56 0.0 
66846.32 0.47 0.0 
67098.03 0.45 0.0 
67702.88 0.53 0.0 
70336.86 0.57 0.0 
72660.56 0.46 0.0 
72651.57 0.62 0.0 
72651.61 0.49 0.0 
76431.51 0.31 0.0 
76522.89 0.30 0.0 
78060.47 0.34 0.0 
78150.87 0.33 0.0 
79516.19 0.36 0.0 
79670.47 0.31 0.0 
81346.09 0.32 0.0 
81562.41 0.38 0.0 
81562.43 0.49 0.0 
81482.71 0.31 0.0 
82053.07 0.31 0.0 
