388.39 0.39 0.0 
805.60 0.50 0.0 
765.61 0.33 0.0 
1870.16 0.81 0.0 
1542.77 0.36 0.0 
2234.56 0.53 0.0 
2275.36 0.49 0.0 
3359.64 0.83 0.0 
3839.44 0.36 0.0 
4183.67 0.32 0.0 
6441.92 0.59 0.0 
6441.89 0.66 0.0 
6604.60 0.48 0.0 
7641.69 0.37 0.0 
8804.97 0.45 0.0 
9431.76 0.43 0.0 
9205.05 0.43 0.0 
10129.89 0.55 0.0 
10078.00 0.55 0.0 
10129.92 0.44 0.0 
10595.41 0.30 0.0 
11741.41 0.40 0.0 
11877.45 0.47 0.0 
11743.49 0.30 0.0 
12612.91 0.86 0.0 
13376.99 0.70 0.0 
13994.17 0.66 0.0 
15056.64 0.41 0.0 
17426.89 0.33 0.0 
18482.27 0.50 0.0 
19086.91 0.47 0.0 
20291.99 0.76 0.0 
21247.64 0.53 0.0 
21614.08 0.38 0.0 
21412.44 0.58 0.0 
21613.99 0.33 0.0 
22880.17 0.46 0.0 
25164.21 0.49 0.0 
25835.47 0.32 0.0 
26039.57 0.38 0.0 
26410.67 0.69 0.0 
26510.36 0.32 0.0 
27133.33 0.60 0.0 
27135.13 0.38 0.0 
27133.35 0.84 0.0 
27610.81 0.54 0.0 
29034.13 0.45 0.0 
29591.13 0.62 0.0 
29616.17 0.34 0.0 
29966.12 0.67 0.0 
29966.08 0.31 0.0 
30291.85 0.47 0.0 
33582.33 0.31 0.0 
34584.36 0.60 0.0 
35170.99 0.68 0.0 
35572.94 0.40 0.0 
36092.88 0.39 0.0 
37825.65 0.43 0.0 
39123.91 0.37 0.0 
39249.63 0.78 0.0 
39569.58 0.77 0.0 
39569.60 0.52 0.0 
43119.85 0.55 0.0 
43119.85 0.50 0.0 
46434.35 0.82 0.0 
46807.75 0.81 0.0 
48022.92 0.90 0.0 
49491.72 0.90 0.0 
49549.53 0.46 0.0 
50170.47 0.83 0.0 
51063.72 0.47 0.0 
51016.48 0.38 0.0 
50769.69 0.76 0.0 
51392.89 0.33 0.0 
51472.69 0.32 0.0 
54371.01 0.74 0.0 
55430.27 0.35 0.0 
55900.20 0.34 0.0 
56769.79 0.69 0.0 
57520.71 0.43 0.0 
57480.47 0.43 0.0 
58115.15 0.76 0.0 
58945.08 0.75 0.0 
59749.33 0.41 0.0 
62380.52 0.32 0.0 
64269.83 0.41 0.0 
78801.51 0.86 0.0 
79520.51 0.39 0.0 
79945.49 0.37 0.0 
80999.37 0.37 0.0 
82182.07 0.41 0.0 
84668.32 0.46 0.0 
85423.41 0.37 0.0 
