765.58 0.88 0.0 
450.97 0.54 0.0 
765.58 0.31 0.0 
1542.81 0.60 0.0 
1542.83 0.41 0.0 
1870.25 0.73 0.0 
2234.57 0.75 0.0 
3361.24 0.38 0.0 
3373.72 0.62 0.0 
3361.27 0.41 0.0 
3373.68 0.59 0.0 
3675.49 0.51 0.0 
4700.87 0.44 0.0 
6446.80 0.49 0.0 
6378.69 0.71 0.0 
8472.51 0.48 0.0 
9045.83 0.30 0.0 
8808.35 0.31 0.0 
9747.23 0.51 0.0 
9747.25 0.34 0.0 
10133.50 0.72 0.0 
10133.51 0.38 0.0 
10878.13 0.59 0.0 
11359.67 0.73 0.0 
11359.66 0.76 0.0 
11678.94 0.39 0.0 
12612.95 0.58 0.0 
13377.04 0.69 0.0 
12872.34 0.87 0.0 
13994.18 0.68 0.0 
14238.24 0.67 0.0 
14238.20 0.80 0.0 
15061.34 0.78 0.0 
15061.34 0.83 0.0 
15720.72 0.82 0.0 
15720.70 0.85 0.0 
17758.85 0.54 0.0 
18337.44 0.74 0.0 
18567.43 0.36 0.0 
19212.55 0.48 0.0 
20292.00 0.75 0.0 
21255.12 0.69 0.0 
21872.73 0.57 0.0 
22489.81 0.74 0.0 
22880.20 0.80 0.0 
25113.96 0.76 0.0 
25837.26 0.52 0.0 
25837.24 0.81 0.0 
26221.19 0.43 0.0 
26221.18 0.78 0.0 
26410.71 0.33 0.0 
26465.85 0.44 0.0 
26518.31 0.58 0.0 
26847.77 0.73 0.0 
27148.50 0.70 0.0 
26847.76 0.73 0.0 
27148.47 0.55 0.0 
27153.03 0.31 0.0 
27134.31 0.52 0.0 
27547.71 0.55 0.0 
27201.40 0.54 0.0 
27547.72 0.77 0.0 
28727.56 0.75 0.0 
28727.54 0.68 0.0 
29901.81 0.49 0.0 
30896.61 0.32 0.0 
32258.40 0.67 0.0 
32258.38 0.49 0.0 
34584.38 0.57 0.0 
35170.99 0.49 0.0 
34919.79 0.31 0.0 
35572.88 0.53 0.0 
35572.88 0.40 0.0 
36092.88 0.87 0.0 
36092.90 0.39 0.0 
36512.75 0.42 0.0 
36459.93 0.60 0.0 
39249.66 0.85 0.0 
39131.39 0.33 0.0 
39454.09 0.64 0.0 
40656.17 0.46 0.0 
41580.84 0.80 0.0 
41891.59 0.35 0.0 
42457.95 0.40 0.0 
43459.23 0.30 0.0 
44063.17 0.51 0.0 
44534.86 0.61 0.0 
46434.37 0.74 0.0 
46651.67 0.53 0.0 
46651.64 0.86 0.0 
47252.97 0.46 0.0 
47824.98 0.60 0.0 
48022.94 0.65 0.0 
48546.81 0.48 0.0 
48441.15 0.40 0.0 
48797.03 0.33 0.0 
49491.72 0.87 0.0 
50170.52 0.37 0.0 
50059.24 0.60 0.0 
50769.68 0.79 0.0 
51030.58 0.69 0.0 
51396.67 0.34 0.0 
51332.65 0.45 0.0 
51768.95 0.44 0.0 
52402.23 0.51 0.0 
52402.23 0.49 0.0 
53356.47 0.66 0.0 
53356.46 0.84 0.0 
54361.55 0.40 0.0 
54371.04 0.78 0.0 
54711.58 0.79 0.0 
55430.28 0.64 0.0 
56769.78 0.85 0.0 
57480.51 0.80 0.0 
58115.18 0.84 0.0 
58945.16 0.58 0.0 
60942.61 0.41 0.0 
62521.14 0.74 0.0 
63914.82 0.39 0.0 
63859.84 0.51 0.0 
64269.85 0.71 0.0 
78801.50 0.80 0.0 
80910.40 0.67 0.0 
80910.46 0.79 0.0 
83370.78 0.85 0.0 
83719.31 0.43 0.0 
83370.80 0.33 0.0 
83491.03 0.48 0.0 
83719.34 0.83 0.0 
83973.70 0.78 0.0 
83973.71 0.37 0.0 
84668.34 0.80 0.0 
84902.82 0.68 0.0 
85696.91 0.36 0.0 
85696.93 0.64 0.0 
85560.19 0.60 0.0 
86027.36 0.76 0.0 
86257.96 0.72 0.0 
86258.00 0.58 0.0 
