1432.21 0.61 0.0 
3351.13 0.63 0.0 
3386.49 0.58 0.0 
3351.12 0.89 0.0 
6172.17 0.33 0.0 
6606.27 0.60 0.0 
6949.37 0.42 0.0 
7181.51 0.34 0.0 
7708.41 0.36 0.0 
7874.06 0.49 0.0 
17144.51 0.75 0.0 
17407.09 0.38 0.0 
20368.80 0.43 0.0 
22505.69 0.46 0.0 
22505.67 0.32 0.0 
22791.60 0.35 0.0 
24742.05 0.62 0.0 
24674.48 0.34 0.0 
25021.05 0.36 0.0 
24741.97 0.54 0.0 
26382.76 0.31 0.0 
26819.48 0.40 0.0 
27127.59 0.32 0.0 
27127.64 0.69 0.0 
30529.04 0.30 0.0 
30626.23 0.34 0.0 
30813.27 0.53 0.0 
35604.92 0.42 0.0 
35433.44 0.33 0.0 
35593.08 0.78 0.0 
35942.49 0.32 0.0 
36357.85 0.44 0.0 
37933.75 0.34 0.0 
37917.91 0.41 0.0 
38710.93 0.32 0.0 
38831.92 0.37 0.0 
39853.53 0.49 0.0 
40782.77 0.31 0.0 
45391.41 0.31 0.0 
46063.35 0.35 0.0 
48026.69 0.39 0.0 
48415.77 0.31 0.0 
49460.37 0.52 0.0 
51004.50 0.97 0.0 
51004.49 0.98 0.0 
51209.49 0.59 0.0 
52030.21 0.34 0.0 
55708.11 0.33 0.0 
56126.04 0.39 0.0 
56608.21 0.41 0.0 
58949.21 0.31 0.0 
59081.60 0.39 0.0 
61048.99 0.71 0.0 
68981.69 0.32 0.0 
71817.99 0.48 0.0 
76993.73 0.37 0.0 
77957.16 0.31 0.0 
81239.56 0.69 0.0 
82820.21 0.50 0.0 
83575.43 0.51 0.0 
84944.57 0.36 0.0 
84776.01 0.41 0.0 
