9601.61 0.50 0.0 
12955.07 0.41 0.0 
12955.04 0.57 0.0 
14215.51 0.96 0.0 
14215.51 0.96 0.0 
27137.93 0.73 0.0 
27137.93 0.79 0.0 
27125.79 0.56 0.0 
27781.55 0.33 0.0 
28612.13 0.40 0.0 
30547.46 0.61 0.0 
30547.51 0.43 0.0 
30838.13 0.58 0.0 
31423.67 0.96 0.0 
31423.67 0.94 0.0 
34609.40 0.60 0.0 
34622.17 0.30 0.0 
34609.40 0.43 0.0 
35962.61 0.32 0.0 
39804.72 0.34 0.0 
39804.71 0.65 0.0 
40066.79 0.38 0.0 
41012.16 0.60 0.0 
43516.35 0.57 0.0 
47897.33 0.43 0.0 
54483.21 0.95 0.0 
54483.21 0.95 0.0 
70878.71 0.46 0.0 
78964.42 0.95 0.0 
78964.42 0.96 0.0 
80545.03 0.50 0.0 
80545.00 0.77 0.0 
