4032.09 0.41 0.0 
6668.68 0.78 0.0 
7978.57 0.31 0.0 
9029.44 0.78 0.0 
9043.29 0.38 0.0 
14693.89 0.31 0.0 
20123.81 0.33 0.0 
23390.81 0.34 0.0 
26863.28 0.77 0.0 
27387.61 0.38 0.0 
31063.75 0.79 0.0 
32728.47 0.34 0.0 
33107.28 0.49 0.0 
33107.29 0.41 0.0 
34315.44 0.61 0.0 
34273.79 0.78 0.0 
35613.13 0.75 0.0 
35613.16 0.43 0.0 
35758.72 0.44 0.0 
39012.24 0.57 0.0 
44714.03 0.32 0.0 
51026.84 0.72 0.0 
50802.73 0.33 0.0 
51026.84 0.77 0.0 
52154.20 0.57 0.0 
55274.13 0.43 0.0 
55829.07 0.34 0.0 
69344.56 0.31 0.0 
79747.92 0.36 0.0 
