4259.00 0.74 0.0 
5907.91 0.74 0.0 
9972.09 0.35 0.0 
10492.48 0.65 0.0 
10492.48 0.49 0.0 
12043.42 0.93 0.0 
14214.48 0.98 0.0 
14214.48 0.98 0.0 
15268.87 0.31 0.0 
16049.13 0.36 0.0 
20515.28 0.68 0.0 
21221.15 0.49 0.0 
21883.99 0.43 0.0 
23664.79 0.33 0.0 
24688.69 0.47 0.0 
24641.65 0.34 0.0 
25647.19 0.50 0.0 
27123.59 0.96 0.0 
27134.52 0.75 0.0 
27284.37 0.34 0.0 
27123.60 0.95 0.0 
27134.51 0.51 0.0 
30835.19 0.32 0.0 
31422.32 0.98 0.0 
31422.32 0.98 0.0 
32402.59 0.47 0.0 
32487.19 0.41 0.0 
35710.17 0.39 0.0 
37348.47 0.52 0.0 
39971.04 0.32 0.0 
41108.57 0.32 0.0 
43377.91 0.75 0.0 
52139.23 0.43 0.0 
54481.48 0.99 0.0 
54481.49 0.99 0.0 
63869.43 0.36 0.0 
68548.53 0.31 0.0 
78962.71 0.99 0.0 
78962.71 0.98 0.0 
80543.60 0.66 0.0 
