1761.28 0.43 0.0 
3992.80 0.43 0.0 
4538.69 0.47 0.0 
4538.67 0.37 0.0 
5848.95 0.65 0.0 
6482.17 0.61 0.0 
12671.39 0.35 0.0 
13119.01 0.36 0.0 
19635.21 0.93 0.0 
19635.35 0.37 0.0 
22410.89 0.83 0.0 
23911.75 0.47 0.0 
35011.31 0.38 0.0 
40545.63 0.43 0.0 
43277.21 0.46 0.0 
43277.23 0.88 0.0 
45285.48 0.82 0.0 
49037.92 0.79 0.0 
49936.19 0.54 0.0 
56912.88 0.81 0.0 
56912.88 0.59 0.0 
62625.09 0.81 0.0 
68432.27 0.43 0.0 
70190.27 0.33 0.0 
71671.23 0.45 0.0 
71689.23 0.64 0.0 
71689.20 0.46 0.0 
82807.88 0.94 0.0 
82807.88 0.90 0.0 
82910.96 0.39 0.0 
85002.74 0.93 0.0 
85002.74 0.91 0.0 
85322.38 0.90 0.0 
85322.39 0.31 0.0 
