88.85 0.32 0.0 
2443.69 0.52 0.0 
3643.55 0.39 0.0 
3992.89 0.31 0.0 
4536.93 0.55 0.0 
4500.53 0.52 0.0 
4536.92 0.73 0.0 
4784.52 0.78 0.0 
5610.40 0.67 0.0 
5878.89 0.31 0.0 
5848.94 0.54 0.0 
6207.97 0.40 0.0 
6773.80 0.49 0.0 
8755.12 0.34 0.0 
12667.73 0.31 0.0 
12707.17 0.33 0.0 
12667.69 0.32 0.0 
13118.05 0.89 0.0 
13118.04 0.83 0.0 
13321.85 0.33 0.0 
13271.72 0.56 0.0 
13842.25 0.37 0.0 
15372.36 0.58 0.0 
17921.63 0.42 0.0 
18613.84 0.38 0.0 
19025.69 0.33 0.0 
19632.46 0.98 0.0 
19632.44 0.98 0.0 
20694.23 0.65 0.0 
20564.44 0.87 0.0 
21784.85 0.33 0.0 
23759.25 0.78 0.0 
24438.76 0.45 0.0 
24679.81 0.41 0.0 
24974.59 0.55 0.0 
25533.52 0.46 0.0 
24914.25 0.70 0.0 
27717.70 0.84 0.0 
27674.49 0.40 0.0 
30178.48 0.53 0.0 
30807.43 0.44 0.0 
32411.77 0.51 0.0 
33702.57 0.42 0.0 
34601.40 0.41 0.0 
34989.79 0.81 0.0 
37049.10 0.76 0.0 
40545.56 0.31 0.0 
43274.56 0.48 0.0 
44364.32 0.96 0.0 
44364.33 0.32 0.0 
44984.40 0.31 0.0 
45387.12 0.65 0.0 
45404.60 0.39 0.0 
48269.17 0.39 0.0 
49037.29 0.70 0.0 
50037.68 0.42 0.0 
50477.61 0.30 0.0 
52904.56 0.53 0.0 
54068.48 0.72 0.0 
54068.52 0.77 0.0 
54072.26 0.31 0.0 
56910.72 0.70 0.0 
56893.85 0.61 0.0 
57268.80 0.85 0.0 
56910.65 0.36 0.0 
61795.76 0.47 0.0 
62622.52 0.76 0.0 
63703.37 0.70 0.0 
63629.08 0.84 0.0 
63823.95 0.41 0.0 
65753.33 0.54 0.0 
70153.72 0.76 0.0 
69642.79 0.44 0.0 
70190.24 0.47 0.0 
70153.71 0.97 0.0 
70858.92 0.55 0.0 
70932.81 0.33 0.0 
71455.64 0.66 0.0 
71272.57 0.37 0.0 
71670.24 0.59 0.0 
71687.01 0.47 0.0 
71687.00 0.75 0.0 
72029.05 0.38 0.0 
74518.21 0.44 0.0 
76949.36 0.64 0.0 
79677.11 0.63 0.0 
80443.55 0.75 0.0 
81853.84 0.56 0.0 
82909.93 0.47 0.0 
82858.37 0.65 0.0 
82807.45 0.76 0.0 
82807.48 0.44 0.0 
82909.96 0.47 0.0 
83339.33 0.54 0.0 
84480.96 0.64 0.0 
85000.50 0.96 0.0 
84974.41 0.31 0.0 
85033.24 0.51 0.0 
85000.50 0.94 0.0 
85769.57 0.35 0.0 
85322.00 0.89 0.0 
