1948.97 0.47 0.0 
2817.85 0.44 0.0 
3445.37 0.32 0.0 
3749.51 0.34 0.0 
3657.93 0.51 0.0 
4214.47 0.39 0.0 
7889.59 0.38 0.0 
10163.95 0.41 0.0 
10798.67 0.72 0.0 
10798.64 0.93 0.0 
14062.43 0.33 0.0 
15056.73 0.55 0.0 
15117.52 0.55 0.0 
15689.31 0.38 0.0 
16377.95 0.43 0.0 
18494.13 0.51 0.0 
18554.41 0.57 0.0 
20370.39 0.35 0.0 
20398.17 0.45 0.0 
20652.75 0.32 0.0 
22154.29 0.34 0.0 
22229.45 0.50 0.0 
22333.71 0.48 0.0 
23123.36 0.43 0.0 
25784.48 0.36 0.0 
25724.25 0.42 0.0 
27196.93 0.90 0.0 
27196.92 0.81 0.0 
27640.95 0.35 0.0 
28049.51 0.42 0.0 
28354.63 0.36 0.0 
28726.24 0.34 0.0 
29368.51 0.36 0.0 
30508.87 0.45 0.0 
33560.35 0.75 0.0 
33560.33 0.66 0.0 
34677.98 0.69 0.0 
36296.27 0.35 0.0 
36449.13 0.38 0.0 
36296.29 0.69 0.0 
36569.57 0.74 0.0 
37814.01 0.59 0.0 
38173.91 0.35 0.0 
38518.96 0.35 0.0 
40004.40 0.34 0.0 
42448.97 0.38 0.0 
43678.51 0.31 0.0 
46047.99 0.45 0.0 
48105.84 0.35 0.0 
48298.55 0.45 0.0 
50609.57 0.55 0.0 
50564.59 0.31 0.0 
51447.04 0.87 0.0 
54104.49 0.62 0.0 
54164.58 0.66 0.0 
55354.80 0.39 0.0 
60732.39 0.31 0.0 
61570.95 0.32 0.0 
63298.75 0.33 0.0 
63673.99 0.31 0.0 
63986.51 0.35 0.0 
67544.00 0.56 0.0 
73663.92 0.39 0.0 
77938.95 0.37 0.0 
78929.51 0.63 0.0 
80397.07 0.35 0.0 
83832.08 0.52 0.0 
85651.07 0.30 0.0 
86039.05 0.47 0.0 
