7750.79 0.31 0.0 
9215.51 0.30 0.0 
10810.03 0.59 0.0 
10810.01 0.72 0.0 
11566.35 0.31 0.0 
11960.88 0.70 0.0 
13109.51 0.39 0.0 
13110.86 0.73 0.0 
13109.47 0.42 0.0 
16430.87 0.44 0.0 
21782.63 0.56 0.0 
21892.25 0.63 0.0 
21892.24 0.78 0.0 
22456.35 0.37 0.0 
23295.60 0.49 0.0 
23372.17 0.44 0.0 
24393.01 0.39 0.0 
24892.56 0.62 0.0 
25351.33 0.30 0.0 
25763.33 0.30 0.0 
26245.85 0.38 0.0 
27118.16 0.78 0.0 
27173.13 0.41 0.0 
28634.91 0.37 0.0 
30539.19 0.31 0.0 
30629.47 0.30 0.0 
31203.59 0.42 0.0 
32466.79 0.31 0.0 
34245.68 0.83 0.0 
34245.66 0.81 0.0 
34622.35 0.48 0.0 
34622.32 0.41 0.0 
35527.12 0.43 0.0 
37951.23 0.35 0.0 
38972.23 0.31 0.0 
38972.25 0.50 0.0 
39074.12 0.30 0.0 
39488.85 0.30 0.0 
39985.39 0.34 0.0 
41296.49 0.56 0.0 
41351.23 0.33 0.0 
42101.13 0.33 0.0 
42207.97 0.37 0.0 
45898.83 0.32 0.0 
48343.99 0.34 0.0 
49299.11 0.32 0.0 
49299.13 0.30 0.0 
52533.53 0.34 0.0 
54551.11 0.35 0.0 
55750.89 0.32 0.0 
56634.61 0.40 0.0 
56634.65 0.33 0.0 
59116.99 0.35 0.0 
60813.23 0.35 0.0 
60745.97 0.74 0.0 
60745.93 0.37 0.0 
60813.21 0.69 0.0 
60781.73 0.40 0.0 
60803.37 0.62 0.0 
60876.03 0.43 0.0 
60778.09 0.32 0.0 
61089.35 0.68 0.0 
61052.41 0.56 0.0 
60991.64 0.60 0.0 
61002.01 0.47 0.0 
60979.91 0.37 0.0 
61052.38 0.64 0.0 
61063.36 0.48 0.0 
61168.05 0.60 0.0 
61021.67 0.37 0.0 
61097.59 0.49 0.0 
61168.03 0.42 0.0 
63059.95 0.36 0.0 
63440.35 0.38 0.0 
64636.47 0.52 0.0 
65310.43 0.46 0.0 
66579.77 0.31 0.0 
