1019.20 0.74 0.0 
2908.81 0.54 0.0 
3604.20 0.49 0.0 
3958.54 0.95 0.0 
4183.67 0.80 0.0 
7558.19 0.88 0.0 
7737.41 0.32 0.0 
9043.96 0.64 0.0 
9641.08 0.53 0.0 
9761.88 0.37 0.0 
9970.17 0.36 0.0 
11384.47 0.34 0.0 
11338.29 0.61 0.0 
11957.91 0.39 0.0 
11957.87 0.36 0.0 
12149.44 0.34 0.0 
12872.24 0.31 0.0 
13106.47 0.36 0.0 
13106.43 0.56 0.0 
13273.05 0.80 0.0 
14279.05 0.30 0.0 
18239.28 0.41 0.0 
18944.44 0.52 0.0 
19994.33 0.90 0.0 
20578.57 0.57 0.0 
20593.96 0.35 0.0 
21269.04 0.56 0.0 
21749.77 0.30 0.0 
21889.41 0.48 0.0 
21890.95 0.73 0.0 
21889.40 0.71 0.0 
21890.96 0.75 0.0 
22173.27 0.56 0.0 
22258.55 0.77 0.0 
22724.44 0.41 0.0 
23384.53 0.57 0.0 
23317.75 0.30 0.0 
23615.11 0.72 0.0 
23615.12 0.66 0.0 
24386.84 0.41 0.0 
25004.49 0.37 0.0 
25180.60 0.54 0.0 
25137.96 0.76 0.0 
25153.00 0.32 0.0 
25439.05 0.45 0.0 
26054.09 0.61 0.0 
25994.08 0.68 0.0 
25994.06 0.96 0.0 
26244.76 0.32 0.0 
26321.16 0.47 0.0 
26297.41 0.32 0.0 
26512.41 0.39 0.0 
26699.40 0.41 0.0 
27132.73 0.54 0.0 
27222.88 0.45 0.0 
27142.64 0.75 0.0 
27173.09 0.61 0.0 
27142.63 0.52 0.0 
27149.05 0.36 0.0 
27268.98 0.68 0.0 
27470.14 0.36 0.0 
27702.41 0.40 0.0 
27658.77 0.80 0.0 
28081.81 0.33 0.0 
28330.09 0.54 0.0 
28528.78 0.82 0.0 
28528.77 0.97 0.0 
28632.71 0.88 0.0 
29519.56 0.73 0.0 
29519.51 0.62 0.0 
29424.80 0.35 0.0 
29798.84 0.65 0.0 
30403.45 0.49 0.0 
30313.61 0.32 0.0 
30795.21 0.44 0.0 
30795.23 0.30 0.0 
31203.60 0.73 0.0 
31203.64 0.38 0.0 
31468.52 0.33 0.0 
31914.35 0.43 0.0 
32202.33 0.61 0.0 
32444.57 0.41 0.0 
32547.69 0.31 0.0 
32594.08 0.81 0.0 
33538.44 0.59 0.0 
34334.48 0.42 0.0 
34479.39 0.34 0.0 
34609.65 0.40 0.0 
34609.69 0.44 0.0 
34739.12 0.47 0.0 
35039.09 0.47 0.0 
36223.63 0.85 0.0 
36223.64 0.65 0.0 
36764.44 0.47 0.0 
38005.05 0.38 0.0 
38954.22 0.91 0.0 
39074.10 0.88 0.0 
39314.44 0.78 0.0 
39718.32 0.42 0.0 
40319.28 0.74 0.0 
40932.28 0.40 0.0 
40976.88 0.45 0.0 
41161.37 0.63 0.0 
41129.51 0.73 0.0 
41295.80 0.33 0.0 
42104.57 0.55 0.0 
42281.88 0.33 0.0 
42523.79 0.86 0.0 
42807.64 0.73 0.0 
42968.52 0.36 0.0 
43079.21 0.49 0.0 
43122.76 0.71 0.0 
43318.80 0.79 0.0 
44504.41 0.77 0.0 
44488.93 0.42 0.0 
46183.35 0.30 0.0 
46079.59 0.46 0.0 
46664.27 0.32 0.0 
48223.72 0.34 0.0 
48404.31 0.82 0.0 
48522.09 0.50 0.0 
51687.84 0.42 0.0 
53533.56 0.73 0.0 
54026.72 0.64 0.0 
54857.85 0.45 0.0 
54857.89 0.43 0.0 
55118.27 0.33 0.0 
55514.00 0.65 0.0 
56098.21 0.70 0.0 
56294.54 0.66 0.0 
56627.71 0.30 0.0 
58827.97 0.49 0.0 
58919.51 0.91 0.0 
59294.33 0.73 0.0 
59623.73 0.34 0.0 
59894.25 0.56 0.0 
60324.32 0.43 0.0 
60478.51 0.82 0.0 
60702.66 0.56 0.0 
60822.07 0.52 0.0 
60778.01 0.49 0.0 
60741.82 0.71 0.0 
60741.85 0.49 0.0 
60838.21 0.45 0.0 
60798.57 0.50 0.0 
60863.68 0.71 0.0 
60865.70 0.54 0.0 
60778.00 0.31 0.0 
60865.67 0.47 0.0 
61085.53 0.34 0.0 
61092.91 0.70 0.0 
61050.91 0.66 0.0 
61015.39 0.31 0.0 
60987.93 0.60 0.0 
60998.01 0.33 0.0 
60984.71 0.34 0.0 
60987.99 0.34 0.0 
61050.91 0.85 0.0 
61164.53 0.51 0.0 
61096.36 0.39 0.0 
61164.52 0.33 0.0 
61168.05 0.34 0.0 
61559.51 0.46 0.0 
61513.32 0.47 0.0 
63958.89 0.31 0.0 
64003.41 0.39 0.0 
64558.69 0.42 0.0 
64467.93 0.35 0.0 
64633.00 0.57 0.0 
64904.28 0.40 0.0 
64828.69 0.70 0.0 
65129.59 0.74 0.0 
65638.52 0.46 0.0 
65682.68 0.40 0.0 
65849.44 0.94 0.0 
66151.21 0.39 0.0 
66464.04 0.72 0.0 
67004.57 0.44 0.0 
67049.01 0.75 0.0 
67343.77 0.33 0.0 
67615.92 0.42 0.0 
68743.08 0.85 0.0 
69041.80 0.32 0.0 
75552.41 0.31 0.0 
