1641.83 0.51 0.0 
2209.39 0.46 0.0 
3441.16 0.60 0.0 
3273.12 0.43 0.0 
3273.13 0.40 0.0 
4693.07 0.43 0.0 
4933.99 0.31 0.0 
4939.77 0.36 0.0 
5428.69 0.39 0.0 
5726.40 0.32 0.0 
7827.19 0.50 0.0 
7617.67 0.81 0.0 
8126.53 0.45 0.0 
8480.24 0.80 0.0 
8480.23 0.84 0.0 
8486.79 0.89 0.0 
10301.40 0.66 0.0 
10406.08 0.58 0.0 
11845.08 0.49 0.0 
12678.96 0.52 0.0 
12531.80 0.37 0.0 
12715.21 0.36 0.0 
13536.44 0.52 0.0 
13255.79 0.69 0.0 
13262.67 0.35 0.0 
13255.80 0.75 0.0 
13901.54 0.39 0.0 
14015.99 0.85 0.0 
14105.11 0.84 0.0 
14069.25 0.40 0.0 
14105.13 0.85 0.0 
14015.97 0.73 0.0 
15440.67 0.34 0.0 
16483.29 0.86 0.0 
16950.20 0.37 0.0 
17481.91 0.75 0.0 
17320.99 0.30 0.0 
18863.97 0.33 0.0 
18864.01 0.51 0.0 
19665.09 0.46 0.0 
19668.46 0.30 0.0 
19618.79 0.87 0.0 
19618.78 0.90 0.0 
20488.95 0.38 0.0 
20772.68 0.45 0.0 
20444.58 0.88 0.0 
21142.05 0.58 0.0 
21142.07 0.69 0.0 
21806.37 0.83 0.0 
22046.32 0.32 0.0 
21596.08 0.43 0.0 
21869.67 0.51 0.0 
21914.15 0.34 0.0 
22622.92 0.78 0.0 
22885.96 0.45 0.0 
22901.80 0.81 0.0 
22947.80 0.33 0.0 
22893.85 0.64 0.0 
22901.09 0.43 0.0 
22919.37 0.43 0.0 
23519.69 0.40 0.0 
23438.98 0.54 0.0 
23766.20 0.58 0.0 
23392.09 0.56 0.0 
24558.92 0.38 0.0 
24178.89 0.90 0.0 
24558.89 0.43 0.0 
24922.73 0.40 0.0 
24942.19 0.59 0.0 
25316.40 0.79 0.0 
25983.44 0.38 0.0 
25914.93 0.46 0.0 
26369.43 0.73 0.0 
25983.48 0.42 0.0 
26651.13 0.31 0.0 
26677.20 0.44 0.0 
26758.17 0.33 0.0 
27140.81 0.53 0.0 
27465.47 0.96 0.0 
27449.60 0.79 0.0 
27449.70 0.64 0.0 
27140.76 0.48 0.0 
27161.40 0.34 0.0 
27163.46 0.57 0.0 
27398.59 0.55 0.0 
27745.68 0.66 0.0 
27465.47 0.97 0.0 
28395.16 0.65 0.0 
29053.56 0.36 0.0 
29110.88 0.52 0.0 
29583.84 0.31 0.0 
29085.09 0.58 0.0 
29110.91 0.66 0.0 
29585.55 0.38 0.0 
29921.40 0.63 0.0 
30476.27 0.41 0.0 
30679.49 0.40 0.0 
30644.37 0.48 0.0 
30891.16 0.40 0.0 
31663.48 0.33 0.0 
33150.57 0.38 0.0 
34059.29 0.42 0.0 
34008.97 0.40 0.0 
34018.04 0.46 0.0 
34059.31 0.61 0.0 
34009.04 0.54 0.0 
34827.73 0.64 0.0 
35324.24 0.31 0.0 
37077.71 0.49 0.0 
38158.89 0.40 0.0 
38607.39 0.76 0.0 
39287.37 0.31 0.0 
39296.45 0.37 0.0 
44234.57 0.81 0.0 
44994.06 0.32 0.0 
44994.02 0.60 0.0 
45654.37 0.37 0.0 
46379.07 0.71 0.0 
47069.22 0.93 0.0 
47773.96 0.92 0.0 
50121.85 0.34 0.0 
50121.75 0.32 0.0 
51025.16 0.55 0.0 
51025.12 0.30 0.0 
51043.31 0.42 0.0 
51553.11 0.92 0.0 
52362.41 0.75 0.0 
53186.33 0.55 0.0 
54024.00 0.33 0.0 
56549.31 0.91 0.0 
57837.99 0.67 0.0 
59261.44 0.48 0.0 
61189.13 0.51 0.0 
63181.33 0.39 0.0 
65467.93 0.56 0.0 
67761.49 0.41 0.0 
67761.45 0.37 0.0 
68836.44 0.36 0.0 
68836.44 0.69 0.0 
70067.65 0.50 0.0 
70067.69 0.40 0.0 
77638.85 0.61 0.0 
79719.39 0.36 0.0 
81190.43 0.64 0.0 
81195.21 0.70 0.0 
81629.48 0.35 0.0 
85953.17 0.43 0.0 
