494.28 0.50 0.0 
1291.27 0.47 0.0 
2539.96 0.30 0.0 
2539.92 0.47 0.0 
3812.00 0.64 0.0 
4919.60 0.68 0.0 
7603.35 0.83 0.0 
10256.81 0.31 0.0 
10889.23 0.41 0.0 
11932.72 0.33 0.0 
12313.09 0.30 0.0 
12767.61 0.45 0.0 
14188.80 0.41 0.0 
16580.88 0.52 0.0 
17973.36 0.32 0.0 
18404.51 0.58 0.0 
18207.27 0.43 0.0 
23143.92 0.30 0.0 
24628.92 0.34 0.0 
24734.51 0.44 0.0 
25063.31 0.46 0.0 
25519.04 0.44 0.0 
26579.44 0.47 0.0 
26471.21 0.83 0.0 
27352.73 0.36 0.0 
27352.75 0.60 0.0 
27511.23 0.38 0.0 
27529.11 0.54 0.0 
27460.81 0.35 0.0 
27529.08 0.50 0.0 
27748.09 0.32 0.0 
29172.41 0.34 0.0 
29354.51 0.93 0.0 
29486.40 0.56 0.0 
29472.52 0.40 0.0 
29486.40 0.30 0.0 
30348.45 0.57 0.0 
31364.56 0.65 0.0 
31949.12 0.54 0.0 
32728.45 0.47 0.0 
33568.36 0.37 0.0 
34026.05 0.32 0.0 
34720.03 0.62 0.0 
34677.04 0.63 0.0 
34619.43 0.87 0.0 
34739.01 0.49 0.0 
37648.07 0.45 0.0 
40893.34 0.53 0.0 
43187.59 0.50 0.0 
44548.37 0.74 0.0 
48494.29 0.94 0.0 
48463.40 0.85 0.0 
51311.95 0.31 0.0 
52435.88 0.40 0.0 
54283.69 0.63 0.0 
55520.69 0.35 0.0 
55646.58 0.83 0.0 
57897.41 0.52 0.0 
59607.57 0.46 0.0 
61943.34 0.47 0.0 
61943.45 0.72 0.0 
62069.45 0.33 0.0 
62011.12 0.72 0.0 
66358.52 0.66 0.0 
66344.58 0.75 0.0 
73228.21 0.53 0.0 
74794.49 0.70 0.0 
76177.52 0.82 0.0 
77383.72 0.84 0.0 
82374.69 0.31 0.0 
82710.80 0.39 0.0 
83315.76 0.68 0.0 
86099.16 0.47 0.0 
