2211.51 0.42 0.0 
3435.99 0.35 0.0 
3441.85 0.57 0.0 
3385.67 0.33 0.0 
3275.59 0.35 0.0 
3275.57 0.55 0.0 
4741.83 0.38 0.0 
4723.32 0.36 0.0 
4936.03 0.41 0.0 
4941.99 0.33 0.0 
5670.74 0.76 0.0 
7155.65 0.61 0.0 
7147.11 0.49 0.0 
7138.45 0.33 0.0 
8482.55 0.50 0.0 
8488.73 0.40 0.0 
8493.92 0.71 0.0 
8482.56 0.80 0.0 
8488.71 0.60 0.0 
8771.91 0.39 0.0 
8839.33 0.39 0.0 
8776.16 0.53 0.0 
8493.91 0.62 0.0 
8776.17 0.62 0.0 
10303.63 0.35 0.0 
10095.99 0.35 0.0 
11223.91 0.45 0.0 
11880.93 0.43 0.0 
11847.24 0.32 0.0 
11880.89 0.69 0.0 
13260.59 0.39 0.0 
13265.16 0.47 0.0 
13258.33 0.67 0.0 
13265.17 0.35 0.0 
13625.21 0.51 0.0 
13630.39 0.40 0.0 
13258.34 0.80 0.0 
13907.40 0.46 0.0 
14016.47 0.55 0.0 
14107.30 0.48 0.0 
14341.95 0.33 0.0 
14107.32 0.49 0.0 
14620.71 0.48 0.0 
15442.39 0.31 0.0 
15570.73 0.67 0.0 
16483.63 0.38 0.0 
16875.91 0.34 0.0 
17485.85 0.43 0.0 
18157.71 0.47 0.0 
18157.71 0.64 0.0 
20160.91 0.39 0.0 
20160.85 0.38 0.0 
21556.19 0.35 0.0 
21806.37 0.42 0.0 
21825.51 0.41 0.0 
21889.90 0.40 0.0 
21876.35 0.34 0.0 
22897.10 0.63 0.0 
22924.99 0.51 0.0 
22897.10 0.76 0.0 
22901.84 0.83 0.0 
23179.55 0.43 0.0 
23528.21 0.32 0.0 
23535.48 0.42 0.0 
24853.23 0.45 0.0 
24872.25 0.33 0.0 
25380.59 0.35 0.0 
25345.41 0.33 0.0 
25345.40 0.43 0.0 
25364.80 0.44 0.0 
25934.73 0.45 0.0 
25994.15 0.41 0.0 
26000.11 0.57 0.0 
26000.11 0.62 0.0 
25935.39 0.34 0.0 
25951.22 0.45 0.0 
25968.11 0.32 0.0 
25994.19 0.43 0.0 
27466.77 0.54 0.0 
27491.65 0.33 0.0 
27491.63 0.36 0.0 
27163.48 0.52 0.0 
27747.99 0.32 0.0 
27466.71 0.37 0.0 
27997.05 0.37 0.0 
28710.51 0.41 0.0 
29411.89 0.32 0.0 
29358.94 0.51 0.0 
29585.61 0.75 0.0 
29416.01 0.64 0.0 
29585.63 0.31 0.0 
30422.16 0.45 0.0 
30571.15 0.30 0.0 
30635.05 0.33 0.0 
30750.42 0.72 0.0 
30526.93 0.50 0.0 
30635.03 0.33 0.0 
30895.32 0.58 0.0 
30750.29 0.51 0.0 
31545.43 0.42 0.0 
32368.53 0.48 0.0 
34013.81 0.35 0.0 
34019.97 0.40 0.0 
34062.67 0.45 0.0 
34500.47 0.47 0.0 
34523.47 0.38 0.0 
39292.60 0.36 0.0 
45469.87 0.44 0.0 
54061.01 0.77 0.0 
81195.22 0.88 0.0 
81195.35 0.36 0.0 
84769.52 0.34 0.0 
84779.65 0.38 0.0 
85940.01 0.31 0.0 
85958.24 0.49 0.0 
85939.99 0.40 0.0 
85958.29 0.42 0.0 
