1516.21 0.40 0.0 
1878.45 0.59 0.0 
4248.15 0.32 0.0 
6497.31 0.40 0.0 
9693.85 0.56 0.0 
11412.60 0.57 0.0 
12111.37 0.46 0.0 
13307.85 0.35 0.0 
15164.91 0.41 0.0 
15164.85 0.55 0.0 
15794.39 0.37 0.0 
16553.52 0.47 0.0 
19501.19 0.40 0.0 
22488.29 0.32 0.0 
22960.39 0.33 0.0 
23565.87 0.34 0.0 
25681.57 0.52 0.0 
28757.39 0.31 0.0 
29416.03 0.43 0.0 
30091.11 0.45 0.0 
30675.44 0.80 0.0 
31114.09 0.34 0.0 
37067.66 0.37 0.0 
39015.60 0.52 0.0 
40050.53 0.48 0.0 
41333.09 0.40 0.0 
41333.08 0.41 0.0 
47884.69 0.42 0.0 
49658.81 0.47 0.0 
51461.44 0.32 0.0 
51529.71 0.35 0.0 
52576.53 0.66 0.0 
53357.05 0.49 0.0 
53777.33 0.50 0.0 
55756.53 0.46 0.0 
57060.44 0.62 0.0 
57060.37 0.48 0.0 
57345.87 0.39 0.0 
58203.55 0.30 0.0 
61418.17 0.38 0.0 
62010.47 0.32 0.0 
65505.55 0.31 0.0 
66482.77 0.67 0.0 
67743.29 0.40 0.0 
68389.71 0.38 0.0 
69336.63 0.48 0.0 
72067.79 0.41 0.0 
73052.32 0.40 0.0 
73883.75 0.33 0.0 
73683.57 0.51 0.0 
73683.61 0.54 0.0 
74940.87 0.31 0.0 
75630.17 0.57 0.0 
78149.16 0.80 0.0 
79096.03 0.55 0.0 
79539.55 0.38 0.0 
81482.05 0.34 0.0 
82905.55 0.41 0.0 
83657.31 0.38 0.0 
85386.19 0.34 0.0 
85756.19 0.35 0.0 
