1755.86 0.50 0.0 
4053.85 0.33 0.0 
7259.39 0.31 0.0 
8237.75 0.38 0.0 
8385.97 0.58 0.0 
9180.99 0.31 0.0 
9361.51 0.57 0.0 
10164.00 0.46 0.0 
10558.11 0.30 0.0 
10755.71 0.32 0.0 
10858.07 0.31 0.0 
11657.65 0.30 0.0 
11760.19 0.40 0.0 
11777.09 0.35 0.0 
12287.99 0.34 0.0 
12272.43 0.42 0.0 
12709.51 0.30 0.0 
12709.49 0.34 0.0 
13920.85 0.43 0.0 
14870.65 0.46 0.0 
15119.92 0.39 0.0 
15346.85 0.32 0.0 
18614.61 0.38 0.0 
20398.16 0.40 0.0 
20379.80 0.59 0.0 
21454.69 0.57 0.0 
22093.25 0.33 0.0 
22651.32 0.73 0.0 
23915.19 0.35 0.0 
26318.99 0.32 0.0 
27221.57 0.42 0.0 
27221.55 0.44 0.0 
27540.78 0.59 0.0 
27496.28 0.47 0.0 
27769.73 0.53 0.0 
27769.75 0.37 0.0 
28049.58 0.31 0.0 
29012.77 0.38 0.0 
33561.59 0.32 0.0 
33856.57 0.51 0.0 
34678.01 0.76 0.0 
34701.73 0.30 0.0 
36629.91 0.53 0.0 
37144.23 0.37 0.0 
37413.15 0.46 0.0 
37413.15 0.32 0.0 
37814.01 0.49 0.0 
38133.09 0.31 0.0 
38645.99 0.38 0.0 
38645.96 0.64 0.0 
39216.15 0.32 0.0 
39150.97 0.65 0.0 
39736.13 0.30 0.0 
40245.59 0.35 0.0 
42293.83 0.35 0.0 
44190.75 0.38 0.0 
44280.95 0.38 0.0 
45785.31 0.34 0.0 
45868.91 0.38 0.0 
46278.33 0.30 0.0 
48255.87 0.32 0.0 
48255.84 0.41 0.0 
48380.11 0.33 0.0 
48380.16 0.48 0.0 
49081.51 0.41 0.0 
50073.85 0.32 0.0 
50403.73 0.40 0.0 
50895.99 0.51 0.0 
52217.92 0.42 0.0 
54704.91 0.34 0.0 
59370.81 0.33 0.0 
60680.99 0.52 0.0 
63148.03 0.31 0.0 
63360.89 0.61 0.0 
63986.57 0.34 0.0 
66211.83 0.33 0.0 
69465.97 0.61 0.0 
72721.03 0.38 0.0 
74287.15 0.33 0.0 
77310.83 0.37 0.0 
77753.03 0.38 0.0 
77892.45 0.35 0.0 
78327.11 0.37 0.0 
81580.31 0.38 0.0 
82483.97 0.46 0.0 
85316.05 0.45 0.0 
85858.05 0.32 0.0 
86340.53 0.46 0.0 
86340.54 0.74 0.0 
