492.27 0.41 0.0 
1452.38 0.72 0.0 
2999.09 0.34 0.0 
4231.79 0.33 0.0 
4232.55 0.72 0.0 
4231.79 0.38 0.0 
4232.55 0.73 0.0 
8118.32 0.91 0.0 
8118.31 0.88 0.0 
8389.56 0.33 0.0 
10308.96 0.65 0.0 
10297.12 0.76 0.0 
11448.59 0.39 0.0 
11706.97 0.64 0.0 
12085.54 0.38 0.0 
12085.56 0.54 0.0 
12361.35 0.32 0.0 
12605.46 0.92 0.0 
12520.47 0.81 0.0 
12361.36 0.80 0.0 
12520.44 0.77 0.0 
12531.16 0.86 0.0 
12531.20 0.76 0.0 
12605.44 0.74 0.0 
13309.05 0.97 0.0 
13309.05 0.97 0.0 
13547.08 0.45 0.0 
14563.72 0.33 0.0 
15712.44 0.40 0.0 
19278.84 0.42 0.0 
19869.05 0.52 0.0 
21139.08 0.48 0.0 
25646.97 0.37 0.0 
25815.79 0.42 0.0 
30873.36 0.34 0.0 
32772.84 0.75 0.0 
33494.05 0.32 0.0 
33542.45 0.30 0.0 
34557.45 0.73 0.0 
37527.13 0.50 0.0 
37527.15 0.45 0.0 
38617.09 0.43 0.0 
38454.73 0.66 0.0 
39131.32 0.76 0.0 
39131.32 0.79 0.0 
39355.27 0.32 0.0 
41711.79 0.81 0.0 
42254.53 0.36 0.0 
43645.05 0.32 0.0 
46362.87 0.83 0.0 
48053.32 0.36 0.0 
48431.75 0.31 0.0 
50243.41 0.51 0.0 
51683.05 0.44 0.0 
51683.05 0.35 0.0 
51760.85 0.30 0.0 
52542.13 0.37 0.0 
52390.75 0.62 0.0 
52337.16 0.42 0.0 
54756.35 0.52 0.0 
56821.09 0.32 0.0 
57528.08 0.48 0.0 
58916.87 0.91 0.0 
60963.31 0.34 0.0 
66760.53 0.31 0.0 
70646.68 0.40 0.0 
78821.15 0.86 0.0 
84328.69 0.47 0.0 
84890.81 0.39 0.0 
85918.32 0.67 0.0 
