2473.19 0.60 0.0 
3583.44 0.54 0.0 
4228.09 0.62 0.0 
4228.11 0.92 0.0 
8104.88 0.97 0.0 
8104.88 0.97 0.0 
8423.32 0.50 0.0 
8423.32 0.65 0.0 
8752.44 0.93 0.0 
8752.44 0.69 0.0 
9116.52 0.41 0.0 
10285.84 0.82 0.0 
10285.84 0.86 0.0 
11162.03 0.86 0.0 
11443.49 0.49 0.0 
12511.99 0.98 0.0 
12388.79 0.40 0.0 
12373.41 0.42 0.0 
12418.09 0.30 0.0 
12511.98 0.96 0.0 
12601.91 0.83 0.0 
12601.88 0.87 0.0 
13318.79 0.64 0.0 
13318.79 0.51 0.0 
13533.41 0.97 0.0 
13533.41 0.97 0.0 
13828.08 0.80 0.0 
13896.99 0.75 0.0 
13896.97 0.45 0.0 
15643.66 0.90 0.0 
15643.67 0.97 0.0 
16903.81 0.36 0.0 
17067.73 0.82 0.0 
17530.32 0.57 0.0 
18913.80 0.64 0.0 
19592.32 0.39 0.0 
20009.11 0.56 0.0 
20368.32 0.36 0.0 
20934.80 0.61 0.0 
21573.88 0.41 0.0 
21573.84 0.39 0.0 
22392.47 0.39 0.0 
24144.73 0.31 0.0 
24629.51 0.50 0.0 
25420.97 0.35 0.0 
26067.77 0.32 0.0 
26654.48 0.33 0.0 
29519.53 0.36 0.0 
29977.05 0.62 0.0 
29977.03 0.38 0.0 
31303.44 0.33 0.0 
33112.72 0.48 0.0 
33531.85 0.36 0.0 
33518.59 0.53 0.0 
33571.80 0.33 0.0 
34419.68 0.45 0.0 
35012.67 0.31 0.0 
35012.56 0.51 0.0 
36359.32 0.30 0.0 
36853.92 0.37 0.0 
41503.65 0.39 0.0 
43316.93 0.36 0.0 
45108.19 0.38 0.0 
48971.29 0.49 0.0 
50500.29 0.52 0.0 
52327.36 0.31 0.0 
54209.51 0.34 0.0 
54689.15 0.52 0.0 
56787.69 0.45 0.0 
58044.53 0.54 0.0 
61265.87 0.60 0.0 
67258.53 0.43 0.0 
70030.93 0.35 0.0 
69975.55 0.40 0.0 
74065.80 0.46 0.0 
74369.53 0.40 0.0 
76765.96 0.95 0.0 
76765.95 0.88 0.0 
79439.45 0.37 0.0 
81745.45 0.34 0.0 
81749.25 0.32 0.0 
84275.29 0.37 0.0 
84565.49 0.41 0.0 
85093.00 0.48 0.0 
