8107.05 0.89 0.0 
8116.55 0.31 0.0 
8107.04 0.85 0.0 
8426.23 0.63 0.0 
8435.75 0.41 0.0 
8280.63 0.31 0.0 
8426.19 0.41 0.0 
8435.76 0.61 0.0 
8766.83 0.37 0.0 
10292.87 0.41 0.0 
11166.02 0.54 0.0 
12061.71 0.31 0.0 
12516.98 0.88 0.0 
12616.10 0.50 0.0 
12516.98 0.82 0.0 
12615.22 0.55 0.0 
12603.98 0.50 0.0 
13333.99 0.57 0.0 
13333.97 0.44 0.0 
13260.87 0.33 0.0 
13537.45 0.87 0.0 
13537.45 0.85 0.0 
13839.71 0.33 0.0 
13828.19 0.31 0.0 
13839.71 0.31 0.0 
13898.78 0.70 0.0 
13910.10 0.46 0.0 
13910.08 0.42 0.0 
15647.37 0.54 0.0 
21584.67 0.30 0.0 
24131.77 0.88 0.0 
24131.77 0.75 0.0 
29982.61 0.43 0.0 
31412.80 0.41 0.0 
31412.80 0.55 0.0 
33571.79 0.48 0.0 
33571.75 0.47 0.0 
33586.97 0.42 0.0 
33587.07 0.38 0.0 
35024.83 0.68 0.0 
35024.86 0.78 0.0 
40384.23 0.30 0.0 
45480.91 0.31 0.0 
51645.86 0.46 0.0 
60619.49 0.32 0.0 
69978.08 0.58 0.0 
76769.02 0.89 0.0 
76769.01 0.61 0.0 
85081.87 0.32 0.0 
