2956.13 0.48 0.0 
8095.85 0.62 0.0 
8095.87 0.42 0.0 
9106.01 0.65 0.0 
12189.57 0.45 0.0 
12189.57 0.74 0.0 
12093.06 0.40 0.0 
12525.21 0.32 0.0 
12539.51 0.47 0.0 
12539.52 0.68 0.0 
12795.55 0.33 0.0 
12660.49 0.66 0.0 
12883.88 0.64 0.0 
13330.25 0.40 0.0 
13330.24 0.36 0.0 
13317.40 0.70 0.0 
13924.68 0.57 0.0 
14339.03 0.40 0.0 
14339.07 0.48 0.0 
15634.11 0.45 0.0 
17731.37 0.34 0.0 
24146.57 0.32 0.0 
27704.85 0.53 0.0 
27704.82 0.68 0.0 
29272.79 0.42 0.0 
32762.80 0.60 0.0 
33516.61 0.53 0.0 
33528.69 0.68 0.0 
33528.69 0.82 0.0 
33573.39 0.42 0.0 
41690.19 0.91 0.0 
41690.20 0.94 0.0 
41823.60 0.91 0.0 
41823.62 0.94 0.0 
44721.75 0.45 0.0 
72142.26 0.86 0.0 
72142.28 0.85 0.0 
72508.75 0.34 0.0 
75530.84 0.96 0.0 
75530.84 0.96 0.0 
80954.11 0.35 0.0 
