3196.07 0.33 0.0 
4235.39 0.41 0.0 
5791.05 0.30 0.0 
8139.24 0.48 0.0 
8429.79 0.43 0.0 
8236.69 0.49 0.0 
8429.79 0.48 0.0 
9124.11 0.44 0.0 
10308.21 0.64 0.0 
10295.62 0.79 0.0 
10295.63 0.57 0.0 
10308.25 0.55 0.0 
10672.02 0.75 0.0 
10672.02 0.79 0.0 
11441.06 0.91 0.0 
11445.67 0.38 0.0 
11441.04 0.90 0.0 
12528.61 0.62 0.0 
12603.20 0.39 0.0 
12528.67 0.44 0.0 
12366.16 0.54 0.0 
12544.29 0.51 0.0 
13322.87 0.44 0.0 
13547.55 0.31 0.0 
13562.05 0.35 0.0 
13322.89 0.74 0.0 
13562.10 0.33 0.0 
14751.01 0.38 0.0 
15566.75 0.52 0.0 
15672.71 0.34 0.0 
15566.78 0.64 0.0 
15580.67 0.38 0.0 
15658.27 0.42 0.0 
15480.59 0.34 0.0 
17009.95 0.42 0.0 
27211.62 0.42 0.0 
27542.57 0.57 0.0 
28845.51 0.64 0.0 
31413.32 0.46 0.0 
33557.99 0.68 0.0 
33557.97 0.71 0.0 
34097.73 0.36 0.0 
34112.04 0.78 0.0 
34112.02 0.82 0.0 
34097.89 0.34 0.0 
35045.47 0.32 0.0 
35656.38 0.55 0.0 
36738.15 0.32 0.0 
45752.01 0.46 0.0 
58004.26 0.58 0.0 
