4223.39 0.93 0.0 
4230.16 0.48 0.0 
4223.40 0.94 0.0 
5864.16 0.44 0.0 
8232.24 0.76 0.0 
8232.23 0.94 0.0 
8428.79 0.58 0.0 
10293.59 0.92 0.0 
10293.58 0.92 0.0 
10671.27 0.53 0.0 
10671.28 0.53 0.0 
10870.56 0.68 0.0 
11439.56 0.86 0.0 
11449.12 0.42 0.0 
11439.56 0.84 0.0 
12527.84 0.41 0.0 
12597.03 0.76 0.0 
12527.84 0.43 0.0 
12363.47 0.81 0.0 
12597.03 0.93 0.0 
13331.65 0.34 0.0 
13546.53 0.65 0.0 
13557.16 0.32 0.0 
13331.61 0.44 0.0 
13928.35 0.32 0.0 
14338.99 0.93 0.0 
15566.08 0.39 0.0 
15566.08 0.58 0.0 
15669.93 0.31 0.0 
16997.93 0.39 0.0 
21538.49 0.54 0.0 
27831.81 0.71 0.0 
30012.61 0.35 0.0 
30912.13 0.35 0.0 
31033.31 0.64 0.0 
31390.91 0.58 0.0 
31390.87 0.64 0.0 
33553.11 0.39 0.0 
34096.83 0.40 0.0 
36736.60 0.39 0.0 
38849.21 0.40 0.0 
42133.52 0.43 0.0 
49889.33 0.43 0.0 
50383.92 0.46 0.0 
53366.96 0.46 0.0 
53366.81 0.34 0.0 
58000.85 0.47 0.0 
58001.60 0.36 0.0 
