17.52 0.79 0.0 
3375.52 0.32 0.0 
3585.40 0.82 0.0 
3766.96 0.42 0.0 
4187.31 0.68 0.0 
4967.55 0.48 0.0 
5410.57 0.72 0.0 
5567.40 0.46 0.0 
6631.16 0.71 0.0 
7669.09 0.30 0.0 
8792.24 0.79 0.0 
10162.64 0.80 0.0 
10162.64 0.81 0.0 
10109.80 0.52 0.0 
11478.24 0.58 0.0 
12797.35 0.45 0.0 
13070.48 0.72 0.0 
13070.48 0.77 0.0 
13638.43 0.44 0.0 
14981.99 0.78 0.0 
14926.43 0.42 0.0 
14982.00 0.87 0.0 
15563.95 0.32 0.0 
16090.39 0.39 0.0 
16090.40 0.65 0.0 
26475.85 0.85 0.0 
26475.84 0.83 0.0 
26806.14 0.70 0.0 
26806.13 0.60 0.0 
27241.69 0.58 0.0 
27720.47 0.37 0.0 
28780.67 0.49 0.0 
28780.67 0.50 0.0 
31125.57 0.33 0.0 
31413.71 0.37 0.0 
34099.01 0.31 0.0 
37437.53 0.84 0.0 
37437.52 0.62 0.0 
47282.70 0.59 0.0 
48103.57 0.36 0.0 
48103.55 0.53 0.0 
52983.25 0.41 0.0 
62716.79 0.38 0.0 
63316.59 0.34 0.0 
71311.52 0.59 0.0 
74536.11 0.36 0.0 
80176.23 0.58 0.0 
80791.67 0.43 0.0 
81573.59 0.44 0.0 
81573.58 0.70 0.0 
82095.64 0.79 0.0 
82279.84 0.31 0.0 
82697.16 0.38 0.0 
83734.64 0.89 0.0 
84222.63 0.32 0.0 
84222.64 0.47 0.0 
84999.31 0.80 0.0 
84999.31 0.82 0.0 
85502.49 0.59 0.0 
