1388.53 0.39 0.0 
1388.51 0.74 0.0 
1874.60 0.31 0.0 
2080.53 0.64 0.0 
2445.46 0.81 0.0 
2509.59 0.55 0.0 
2509.56 0.37 0.0 
2896.99 0.58 0.0 
3107.20 0.76 0.0 
3107.16 0.40 0.0 
3405.87 0.33 0.0 
3916.60 0.43 0.0 
4411.69 0.36 0.0 
4832.07 0.37 0.0 
5011.96 0.76 0.0 
5551.12 0.71 0.0 
5896.60 0.82 0.0 
8197.72 0.54 0.0 
8197.72 0.61 0.0 
8692.07 0.81 0.0 
8883.36 0.36 0.0 
8692.10 0.76 0.0 
8883.36 0.94 0.0 
8851.48 0.45 0.0 
8877.68 0.57 0.0 
9169.04 0.72 0.0 
11630.31 0.83 0.0 
11630.32 0.36 0.0 
12255.67 0.52 0.0 
12363.69 0.75 0.0 
12531.98 0.58 0.0 
13320.47 0.48 0.0 
14795.93 0.44 0.0 
14970.56 0.75 0.0 
15352.24 0.66 0.0 
15629.75 0.58 0.0 
15676.44 0.31 0.0 
16107.62 0.84 0.0 
16107.63 0.88 0.0 
16478.61 0.32 0.0 
16478.63 0.80 0.0 
18005.48 0.66 0.0 
18994.84 0.54 0.0 
19727.35 0.60 0.0 
21679.02 0.34 0.0 
21981.32 0.51 0.0 
25861.79 0.82 0.0 
25861.78 0.46 0.0 
26627.96 0.46 0.0 
27043.53 0.36 0.0 
32536.03 0.85 0.0 
32536.04 0.88 0.0 
32683.07 0.53 0.0 
41245.12 0.58 0.0 
41245.13 0.44 0.0 
48317.96 0.46 0.0 
50621.36 0.92 0.0 
50621.36 0.89 0.0 
57239.03 0.37 0.0 
65076.83 0.35 0.0 
70015.99 0.40 0.0 
73707.04 0.31 0.0 
80514.89 0.60 0.0 
80514.89 0.34 0.0 
81499.20 0.69 0.0 
85423.25 0.43 0.0 
