807.24 0.71 0.0 
1388.50 0.39 0.0 
1874.62 0.94 0.0 
2080.47 0.41 0.0 
1874.63 0.33 0.0 
2507.56 0.62 0.0 
3384.56 0.39 0.0 
3405.79 0.47 0.0 
3722.17 0.46 0.0 
5011.03 0.40 0.0 
4979.28 0.37 0.0 
5653.88 0.76 0.0 
5744.59 0.75 0.0 
5895.24 0.85 0.0 
6239.16 0.42 0.0 
7516.46 0.33 0.0 
8306.77 0.32 0.0 
8882.51 0.87 0.0 
8935.64 0.30 0.0 
8998.08 0.40 0.0 
10302.32 0.82 0.0 
10512.89 0.77 0.0 
11630.30 0.38 0.0 
12119.19 0.73 0.0 
12269.20 0.92 0.0 
12255.47 0.31 0.0 
12359.86 0.95 0.0 
12179.57 0.38 0.0 
12528.11 0.59 0.0 
12550.88 0.64 0.0 
12792.51 0.61 0.0 
12550.87 0.57 0.0 
12900.66 0.44 0.0 
13632.49 0.32 0.0 
14081.29 0.31 0.0 
14084.55 0.39 0.0 
14795.90 0.59 0.0 
14795.91 0.46 0.0 
15419.07 0.92 0.0 
15626.16 0.53 0.0 
16679.49 0.92 0.0 
17684.11 0.90 0.0 
18475.73 0.31 0.0 
18973.96 0.70 0.0 
18808.23 0.42 0.0 
18994.03 0.30 0.0 
22214.15 0.56 0.0 
25195.49 0.32 0.0 
27043.50 0.55 0.0 
41245.15 0.39 0.0 
42717.83 0.39 0.0 
46124.00 0.36 0.0 
48733.67 0.74 0.0 
57230.72 0.37 0.0 
66731.95 0.85 0.0 
66731.91 0.62 0.0 
72688.96 0.48 0.0 
73707.02 0.62 0.0 
73707.05 0.59 0.0 
80954.37 0.34 0.0 
81943.61 0.80 0.0 
