59.49 0.55 0.0 
506.43 0.34 0.0 
879.39 0.41 0.0 
1540.85 0.56 0.0 
2051.77 0.53 0.0 
3312.91 0.65 0.0 
3582.61 0.35 0.0 
5652.60 0.32 0.0 
6449.41 0.58 0.0 
7120.76 0.76 0.0 
7937.61 0.85 0.0 
7937.63 0.79 0.0 
8803.37 0.33 0.0 
9343.44 0.34 0.0 
9314.25 0.73 0.0 
9609.65 0.36 0.0 
10734.43 0.32 0.0 
11309.37 0.38 0.0 
11549.52 0.94 0.0 
12232.29 0.37 0.0 
12265.57 0.44 0.0 
12655.24 0.37 0.0 
12761.33 0.37 0.0 
13829.37 0.36 0.0 
13957.09 0.59 0.0 
14758.05 0.41 0.0 
15132.66 0.75 0.0 
15144.96 0.81 0.0 
17383.68 0.35 0.0 
17517.29 0.33 0.0 
18207.69 0.34 0.0 
20459.01 0.78 0.0 
21869.16 0.74 0.0 
22029.84 0.60 0.0 
24025.60 0.55 0.0 
24875.57 0.48 0.0 
24875.57 0.43 0.0 
24883.77 0.50 0.0 
25542.25 0.59 0.0 
25904.26 0.34 0.0 
27490.81 0.45 0.0 
29722.76 0.84 0.0 
29665.69 0.41 0.0 
29983.89 0.32 0.0 
30546.77 0.59 0.0 
30546.80 0.39 0.0 
33704.57 0.48 0.0 
36354.97 0.40 0.0 
37889.17 0.40 0.0 
42220.85 0.50 0.0 
42412.01 0.32 0.0 
45972.45 0.68 0.0 
46029.16 0.32 0.0 
48411.37 0.62 0.0 
50924.40 0.30 0.0 
57177.32 0.33 0.0 
57222.48 0.33 0.0 
57911.89 0.47 0.0 
57987.35 0.37 0.0 
58288.92 0.32 0.0 
58722.01 0.67 0.0 
59069.09 0.36 0.0 
61045.97 0.35 0.0 
64888.67 0.33 0.0 
66355.57 0.76 0.0 
70137.13 0.50 0.0 
73723.05 0.43 0.0 
74030.63 0.43 0.0 
76528.05 0.37 0.0 
80009.37 0.41 0.0 
80346.01 0.43 0.0 
81129.56 0.62 0.0 
81372.48 0.43 0.0 
81689.09 0.44 0.0 
82209.73 0.50 0.0 
83110.53 0.32 0.0 
83877.25 0.33 0.0 
83934.96 0.44 0.0 
84088.29 0.62 0.0 
85729.74 0.68 0.0 
85460.17 0.65 0.0 
85973.17 0.71 0.0 
