664.63 0.34 0.0 
7140.89 0.38 0.0 
8183.83 0.35 0.0 
8243.89 0.53 0.0 
8683.45 0.43 0.0 
9255.39 0.35 0.0 
10375.03 0.43 0.0 
10362.17 0.31 0.0 
11106.43 0.46 0.0 
12423.91 0.65 0.0 
12423.90 0.78 0.0 
12584.80 0.48 0.0 
12602.84 0.40 0.0 
12585.37 0.83 0.0 
12603.32 0.54 0.0 
12585.28 0.73 0.0 
12689.25 0.53 0.0 
12936.83 0.41 0.0 
13666.87 0.48 0.0 
13666.84 0.54 0.0 
15919.27 0.33 0.0 
16980.54 0.94 0.0 
17794.10 0.69 0.0 
17794.11 0.46 0.0 
17873.09 0.36 0.0 
20595.81 0.37 0.0 
25320.97 0.53 0.0 
29239.31 0.32 0.0 
33972.23 0.31 0.0 
34934.76 0.73 0.0 
35716.64 0.40 0.0 
35758.61 0.42 0.0 
36079.71 0.40 0.0 
43733.52 0.43 0.0 
44504.05 0.45 0.0 
44462.00 0.62 0.0 
44462.00 0.59 0.0 
44504.03 0.33 0.0 
45758.65 0.45 0.0 
46034.17 0.35 0.0 
46005.69 0.31 0.0 
46395.93 0.63 0.0 
47824.95 0.37 0.0 
47800.42 0.70 0.0 
47824.95 0.36 0.0 
47880.71 0.38 0.0 
47968.94 0.82 0.0 
47968.94 0.71 0.0 
47800.39 0.65 0.0 
47880.81 0.58 0.0 
51058.91 0.48 0.0 
51135.85 0.65 0.0 
51229.64 0.68 0.0 
51229.68 0.63 0.0 
51446.01 0.38 0.0 
51446.01 0.41 0.0 
53090.83 0.34 0.0 
53582.16 0.75 0.0 
53593.63 0.33 0.0 
53568.57 0.43 0.0 
53568.55 0.33 0.0 
53582.13 0.75 0.0 
53760.92 0.38 0.0 
56579.12 0.43 0.0 
56728.63 0.34 0.0 
57417.67 0.41 0.0 
57417.67 0.40 0.0 
57589.84 0.51 0.0 
58621.33 0.60 0.0 
58854.37 0.41 0.0 
58854.37 0.38 0.0 
59159.43 0.31 0.0 
60523.88 0.77 0.0 
60523.88 0.74 0.0 
62310.76 0.85 0.0 
62407.82 0.77 0.0 
62310.76 0.79 0.0 
62407.83 0.51 0.0 
63852.87 0.43 0.0 
63852.87 0.41 0.0 
65360.57 0.34 0.0 
65421.15 0.31 0.0 
65637.87 0.32 0.0 
66172.91 0.31 0.0 
66786.37 0.40 0.0 
67590.53 0.48 0.0 
68454.77 0.50 0.0 
69437.79 0.33 0.0 
70306.03 0.48 0.0 
72232.16 0.37 0.0 
72232.15 0.39 0.0 
72689.15 0.53 0.0 
73717.41 0.32 0.0 
75948.83 0.35 0.0 
76529.39 0.35 0.0 
77416.08 0.60 0.0 
77894.91 0.38 0.0 
79236.47 0.43 0.0 
82718.83 0.37 0.0 
82718.85 0.37 0.0 
83336.03 0.36 0.0 
84024.23 0.40 0.0 
84378.91 0.40 0.0 
84378.87 0.38 0.0 
