130.75 0.85 0.0 
136.85 0.65 0.0 
162.71 0.88 0.0 
569.03 0.93 0.0 
1439.33 0.48 0.0 
1712.55 0.57 0.0 
1843.11 0.90 0.0 
1843.12 0.82 0.0 
2264.48 0.31 0.0 
4244.37 0.69 0.0 
5237.75 0.35 0.0 
10332.91 0.63 0.0 
10310.12 0.63 0.0 
12370.63 0.31 0.0 
12382.12 0.44 0.0 
12548.40 0.36 0.0 
12851.72 0.55 0.0 
12854.58 0.55 0.0 
13314.00 0.56 0.0 
13313.96 0.87 0.0 
14342.76 0.40 0.0 
17368.80 0.58 0.0 
18102.03 0.74 0.0 
18223.94 0.91 0.0 
18137.77 0.32 0.0 
18209.44 0.77 0.0 
18311.52 0.38 0.0 
18225.77 0.40 0.0 
18458.45 0.72 0.0 
18311.44 0.31 0.0 
18458.39 0.55 0.0 
21958.44 0.85 0.0 
22138.72 0.67 0.0 
22272.89 0.40 0.0 
22879.72 0.40 0.0 
23053.65 0.79 0.0 
23653.09 0.38 0.0 
24192.04 0.41 0.0 
24434.09 0.33 0.0 
24893.56 0.34 0.0 
25723.21 0.90 0.0 
26953.29 0.69 0.0 
26903.64 0.43 0.0 
27178.64 0.90 0.0 
27241.81 0.37 0.0 
28613.09 0.69 0.0 
28613.09 0.79 0.0 
28938.97 0.40 0.0 
30689.48 0.48 0.0 
32759.44 0.32 0.0 
32802.01 0.68 0.0 
32759.56 0.70 0.0 
33026.43 0.77 0.0 
33026.44 0.30 0.0 
34739.60 0.51 0.0 
35099.37 0.38 0.0 
35746.48 0.38 0.0 
36044.48 0.40 0.0 
36379.20 0.57 0.0 
36794.08 0.31 0.0 
36809.40 0.84 0.0 
36898.05 0.33 0.0 
39216.01 0.57 0.0 
39314.37 0.49 0.0 
39798.91 0.38 0.0 
40124.41 0.41 0.0 
40479.13 0.57 0.0 
41380.79 0.36 0.0 
41882.76 0.59 0.0 
41882.76 0.95 0.0 
42195.81 0.33 0.0 
43404.32 0.70 0.0 
43393.89 0.60 0.0 
43708.84 0.81 0.0 
43678.91 0.30 0.0 
43785.32 0.32 0.0 
44247.59 0.50 0.0 
44579.89 0.59 0.0 
44552.88 0.73 0.0 
44538.52 0.53 0.0 
44552.90 0.57 0.0 
47020.99 0.32 0.0 
46888.48 0.43 0.0 
48678.65 0.36 0.0 
48673.32 0.42 0.0 
53519.57 0.66 0.0 
55977.83 0.42 0.0 
57925.67 0.63 0.0 
58303.95 0.90 0.0 
58076.81 0.32 0.0 
58334.23 0.37 0.0 
60194.15 0.84 0.0 
60126.15 0.46 0.0 
60156.76 0.50 0.0 
60520.61 0.35 0.0 
60568.55 0.78 0.0 
62023.80 0.38 0.0 
61932.32 0.77 0.0 
61953.82 0.31 0.0 
61932.29 0.36 0.0 
69013.44 0.72 0.0 
72959.59 0.58 0.0 
73312.60 0.31 0.0 
73439.09 0.80 0.0 
76149.84 0.38 0.0 
77951.55 0.92 0.0 
78358.57 0.89 0.0 
78763.16 0.63 0.0 
78888.36 0.30 0.0 
78693.33 0.34 0.0 
78929.14 0.54 0.0 
80433.89 0.37 0.0 
82509.72 0.84 0.0 
82769.26 0.88 0.0 
83151.05 0.48 0.0 
83159.41 0.44 0.0 
83774.60 0.39 0.0 
83774.65 0.32 0.0 
84253.25 0.33 0.0 
84433.61 0.86 0.0 
84642.49 0.36 0.0 
84732.35 0.51 0.0 
85318.69 0.80 0.0 
86144.16 0.75 0.0 
