0.59 0.38 0.0 
391.15 0.31 0.0 
516.51 0.42 0.0 
1022.31 0.45 0.0 
1295.61 0.41 0.0 
1289.91 0.30 0.0 
3231.92 0.83 0.0 
4023.51 0.32 0.0 
4340.29 0.49 0.0 
5310.49 0.43 0.0 
5447.63 0.45 0.0 
5292.29 0.34 0.0 
5477.47 0.58 0.0 
6137.55 0.47 0.0 
6592.85 0.31 0.0 
6615.87 0.34 0.0 
6885.55 0.50 0.0 
6803.84 0.72 0.0 
6706.00 0.41 0.0 
6883.33 0.38 0.0 
6946.19 0.61 0.0 
6944.04 0.44 0.0 
6961.17 0.60 0.0 
6803.82 0.50 0.0 
7046.54 0.78 0.0 
6946.16 0.32 0.0 
6961.17 0.50 0.0 
7070.35 0.32 0.0 
7046.49 0.75 0.0 
7146.01 0.34 0.0 
8323.77 0.66 0.0 
8421.63 0.35 0.0 
8411.55 0.36 0.0 
8421.67 0.40 0.0 
8764.14 0.77 0.0 
8764.17 0.59 0.0 
9090.47 0.37 0.0 
9107.80 0.37 0.0 
9107.84 0.45 0.0 
9438.21 0.50 0.0 
9501.97 0.31 0.0 
9694.53 0.84 0.0 
9719.91 0.38 0.0 
9694.52 0.74 0.0 
10323.37 0.54 0.0 
10482.85 0.35 0.0 
10323.36 0.49 0.0 
10520.45 0.41 0.0 
10845.48 0.68 0.0 
10880.77 0.61 0.0 
10951.60 0.51 0.0 
10907.53 0.31 0.0 
11946.72 0.72 0.0 
12063.85 0.70 0.0 
11946.71 0.44 0.0 
12255.49 0.60 0.0 
12063.85 0.82 0.0 
12242.81 0.55 0.0 
12409.20 0.63 0.0 
12367.93 0.38 0.0 
12545.52 0.55 0.0 
12629.33 0.41 0.0 
12776.47 0.31 0.0 
12545.57 0.58 0.0 
13008.00 0.69 0.0 
12952.37 0.31 0.0 
12781.35 0.32 0.0 
12952.37 0.37 0.0 
13382.83 0.38 0.0 
13600.48 0.51 0.0 
13382.80 0.73 0.0 
13695.51 0.43 0.0 
14341.48 0.54 0.0 
14889.03 0.34 0.0 
15087.72 0.43 0.0 
15260.32 0.41 0.0 
17065.73 0.47 0.0 
17065.71 0.38 0.0 
17385.73 0.40 0.0 
17731.87 0.33 0.0 
17850.50 0.91 0.0 
18073.43 0.61 0.0 
18212.67 0.38 0.0 
18206.46 0.76 0.0 
18525.49 0.64 0.0 
18529.71 0.38 0.0 
18688.93 0.47 0.0 
18688.89 0.37 0.0 
19798.73 0.51 0.0 
19798.71 0.35 0.0 
20806.38 0.88 0.0 
20806.36 0.92 0.0 
22799.61 0.36 0.0 
23342.45 0.56 0.0 
23692.65 0.51 0.0 
24162.89 0.62 0.0 
24168.97 0.50 0.0 
24162.97 0.40 0.0 
24337.98 0.67 0.0 
24337.95 0.72 0.0 
24756.21 0.33 0.0 
25021.07 0.38 0.0 
24928.33 0.32 0.0 
26537.94 0.72 0.0 
27121.47 0.66 0.0 
27297.99 0.35 0.0 
27278.72 0.44 0.0 
27718.60 0.55 0.0 
27887.73 0.69 0.0 
27718.56 0.68 0.0 
28159.14 0.91 0.0 
28159.15 0.50 0.0 
28185.97 0.42 0.0 
29441.69 0.64 0.0 
29441.69 0.50 0.0 
30827.49 0.70 0.0 
31495.03 0.46 0.0 
31987.57 0.66 0.0 
31950.43 0.85 0.0 
31891.15 0.60 0.0 
31899.03 0.38 0.0 
31918.11 0.32 0.0 
31933.85 0.34 0.0 
32323.10 0.38 0.0 
32285.13 0.48 0.0 
32740.47 0.33 0.0 
33407.36 0.52 0.0 
33554.66 0.34 0.0 
33554.68 0.57 0.0 
33664.59 0.31 0.0 
34249.97 0.54 0.0 
34108.01 0.43 0.0 
34160.90 0.74 0.0 
34160.87 0.67 0.0 
35016.95 0.38 0.0 
35159.55 0.59 0.0 
35159.54 0.72 0.0 
35595.51 0.58 0.0 
38207.08 0.68 0.0 
39120.57 0.53 0.0 
39061.63 0.38 0.0 
39210.51 0.45 0.0 
39226.31 0.35 0.0 
39349.17 0.34 0.0 
41233.35 0.51 0.0 
42256.85 0.33 0.0 
44540.96 0.32 0.0 
44605.43 0.32 0.0 
45139.16 0.37 0.0 
45139.19 0.41 0.0 
49109.92 0.50 0.0 
49109.91 0.39 0.0 
49678.83 0.35 0.0 
51396.25 0.31 0.0 
51613.09 0.37 0.0 
51957.09 0.39 0.0 
53649.21 0.49 0.0 
57779.91 0.49 0.0 
59114.35 0.55 0.0 
60857.41 0.71 0.0 
61480.10 0.75 0.0 
61480.10 0.76 0.0 
61547.35 0.32 0.0 
62189.98 0.60 0.0 
62580.53 0.49 0.0 
63379.30 0.49 0.0 
63586.76 0.57 0.0 
64422.23 0.38 0.0 
64427.64 0.52 0.0 
66284.81 0.36 0.0 
67858.85 0.35 0.0 
68773.45 0.33 0.0 
70485.76 0.73 0.0 
72721.47 0.39 0.0 
72871.85 0.63 0.0 
72962.63 0.35 0.0 
78034.87 0.32 0.0 
77893.35 0.38 0.0 
78034.97 0.48 0.0 
78106.08 0.54 0.0 
85459.68 0.51 0.0 
85459.68 0.36 0.0 
