2817.23 0.66 0.0 
3866.61 0.32 0.0 
4857.21 0.56 0.0 
5286.24 0.77 0.0 
5286.24 0.49 0.0 
5743.31 0.64 0.0 
7138.81 0.37 0.0 
7314.13 0.55 0.0 
8759.29 0.40 0.0 
10308.39 0.31 0.0 
10297.97 0.31 0.0 
11111.63 0.31 0.0 
11084.24 0.84 0.0 
11694.53 0.33 0.0 
12071.63 0.80 0.0 
12071.62 0.73 0.0 
12082.61 0.40 0.0 
12629.95 0.76 0.0 
12774.80 0.53 0.0 
12774.77 0.32 0.0 
13197.39 0.47 0.0 
13559.49 0.42 0.0 
13753.89 0.32 0.0 
13900.32 0.40 0.0 
15566.19 0.31 0.0 
17191.28 0.45 0.0 
22254.93 0.42 0.0 
23426.12 0.75 0.0 
23426.08 0.36 0.0 
28120.16 0.59 0.0 
28835.23 0.65 0.0 
31213.89 0.30 0.0 
31330.59 0.69 0.0 
36673.95 0.61 0.0 
39822.35 0.43 0.0 
47951.75 0.55 0.0 
51822.55 0.42 0.0 
53969.17 0.39 0.0 
73229.28 0.31 0.0 
74848.87 0.32 0.0 
80711.45 0.38 0.0 
82884.96 0.46 0.0 
