2250.24 0.57 0.0 
2793.28 0.62 0.0 
3597.19 0.31 0.0 
3971.31 0.40 0.0 
4244.46 0.40 0.0 
4731.60 0.38 0.0 
4731.65 0.51 0.0 
8133.71 0.47 0.0 
8248.09 0.75 0.0 
8248.09 0.76 0.0 
8350.95 0.36 0.0 
8350.93 0.32 0.0 
9114.04 0.36 0.0 
9074.72 0.63 0.0 
9114.03 0.42 0.0 
9192.53 0.54 0.0 
9192.49 0.33 0.0 
9375.23 0.46 0.0 
9551.05 0.34 0.0 
9856.05 0.44 0.0 
10333.85 0.46 0.0 
12081.58 0.78 0.0 
12069.50 0.91 0.0 
12069.51 0.92 0.0 
12081.57 0.79 0.0 
12282.72 0.44 0.0 
12370.31 0.75 0.0 
12381.95 0.52 0.0 
12409.15 0.55 0.0 
12370.32 0.87 0.0 
12539.91 0.31 0.0 
12618.15 0.55 0.0 
12639.35 0.59 0.0 
12639.37 0.83 0.0 
12775.89 0.73 0.0 
12775.89 0.57 0.0 
12929.37 0.46 0.0 
13331.49 0.47 0.0 
13318.61 0.39 0.0 
13318.59 0.39 0.0 
13331.53 0.60 0.0 
13351.08 0.57 0.0 
13750.35 0.31 0.0 
14332.95 0.51 0.0 
14333.01 0.65 0.0 
14347.12 0.86 0.0 
14347.11 0.88 0.0 
14894.75 0.34 0.0 
14825.39 0.38 0.0 
15611.28 0.70 0.0 
15611.28 0.76 0.0 
15929.76 0.55 0.0 
17540.08 0.37 0.0 
17540.06 0.75 0.0 
17742.41 0.49 0.0 
17729.83 0.78 0.0 
17729.91 0.52 0.0 
18367.34 0.92 0.0 
18367.35 0.87 0.0 
19572.20 0.58 0.0 
19572.20 0.80 0.0 
21418.67 0.30 0.0 
22232.72 0.47 0.0 
23213.23 0.37 0.0 
27843.52 0.47 0.0 
30410.27 0.33 0.0 
33572.25 0.40 0.0 
33563.43 0.33 0.0 
34915.31 0.32 0.0 
36875.84 0.43 0.0 
37309.11 0.38 0.0 
39312.29 0.62 0.0 
40338.28 0.69 0.0 
40309.29 0.47 0.0 
40338.29 0.57 0.0 
40491.37 0.51 0.0 
40878.85 0.61 0.0 
41722.53 0.35 0.0 
42226.92 0.37 0.0 
42432.99 0.33 0.0 
43459.31 0.37 0.0 
44373.01 0.30 0.0 
44407.03 0.35 0.0 
44407.04 0.49 0.0 
44495.91 0.35 0.0 
44508.13 0.31 0.0 
44951.21 0.32 0.0 
45333.40 0.41 0.0 
45913.27 0.36 0.0 
45979.06 0.45 0.0 
45991.44 0.58 0.0 
46151.21 0.35 0.0 
47745.52 0.58 0.0 
47745.52 0.68 0.0 
47913.99 0.30 0.0 
47914.01 0.51 0.0 
49151.21 0.37 0.0 
50970.21 0.34 0.0 
51175.20 0.75 0.0 
51175.25 0.61 0.0 
51326.21 0.43 0.0 
53538.72 0.79 0.0 
53776.01 0.63 0.0 
55998.83 0.33 0.0 
57226.21 0.41 0.0 
57226.20 0.48 0.0 
57348.24 0.52 0.0 
57348.22 0.50 0.0 
57425.95 0.55 0.0 
57425.92 0.73 0.0 
57967.49 0.59 0.0 
58592.12 0.55 0.0 
58692.67 0.36 0.0 
58652.19 0.50 0.0 
60710.03 0.39 0.0 
62311.43 0.36 0.0 
62352.75 0.32 0.0 
63237.13 0.60 0.0 
63237.10 0.63 0.0 
65351.15 0.38 0.0 
66007.31 0.36 0.0 
74567.72 0.56 0.0 
74951.17 0.35 0.0 
74951.16 0.46 0.0 
77389.07 0.37 0.0 
78551.21 0.32 0.0 
79385.33 0.50 0.0 
79385.35 0.82 0.0 
79751.08 0.35 0.0 
84147.87 0.31 0.0 
85150.95 0.30 0.0 
85358.79 0.32 0.0 
