2818.23 0.42 0.0 
2884.83 0.35 0.0 
4307.25 0.73 0.0 
4260.52 0.59 0.0 
4727.03 0.43 0.0 
9115.13 0.54 0.0 
9115.09 0.59 0.0 
10308.43 0.49 0.0 
10833.81 0.57 0.0 
11641.33 0.35 0.0 
12085.49 0.54 0.0 
12085.47 0.46 0.0 
12367.87 0.31 0.0 
12421.34 0.70 0.0 
12788.13 0.41 0.0 
13550.49 0.30 0.0 
13902.87 0.42 0.0 
14178.43 0.69 0.0 
14333.57 0.55 0.0 
14348.31 0.36 0.0 
14348.41 0.46 0.0 
14333.59 0.32 0.0 
25399.73 0.47 0.0 
28835.29 0.46 0.0 
40532.00 0.32 0.0 
59973.99 0.39 0.0 
83177.39 0.55 0.0 
85005.08 0.63 0.0 
