1468.58 0.82 0.0 
1438.37 0.72 0.0 
2459.29 0.40 0.0 
2742.13 0.31 0.0 
3569.48 0.35 0.0 
4244.46 0.77 0.0 
4244.41 0.39 0.0 
4544.44 0.50 0.0 
6429.57 0.34 0.0 
6567.36 0.34 0.0 
8131.03 0.86 0.0 
8247.11 0.87 0.0 
8264.00 0.69 0.0 
8247.13 0.90 0.0 
8354.37 0.44 0.0 
8756.40 0.64 0.0 
8756.39 0.33 0.0 
8771.85 0.82 0.0 
9098.16 0.68 0.0 
9098.17 0.79 0.0 
9069.39 0.91 0.0 
9373.83 0.70 0.0 
9358.09 0.51 0.0 
9415.81 0.35 0.0 
9373.85 0.69 0.0 
9438.81 0.39 0.0 
10311.07 0.63 0.0 
10311.07 0.55 0.0 
10329.85 0.37 0.0 
10333.68 0.37 0.0 
12067.56 0.88 0.0 
12067.55 0.89 0.0 
12368.34 0.91 0.0 
12407.04 0.57 0.0 
12368.34 0.96 0.0 
12373.99 0.47 0.0 
12407.04 0.61 0.0 
12532.76 0.69 0.0 
12618.07 0.47 0.0 
12635.79 0.55 0.0 
12635.79 0.63 0.0 
12773.68 0.97 0.0 
12773.68 0.95 0.0 
12899.23 0.81 0.0 
13316.66 0.97 0.0 
13316.66 0.97 0.0 
14331.35 0.91 0.0 
14331.36 0.89 0.0 
14891.40 0.39 0.0 
15029.40 0.47 0.0 
15607.49 0.51 0.0 
15929.45 0.32 0.0 
16787.36 0.57 0.0 
16787.33 0.30 0.0 
17518.55 0.55 0.0 
17539.04 0.77 0.0 
17539.04 0.84 0.0 
17728.27 0.93 0.0 
17742.37 0.64 0.0 
17728.27 0.88 0.0 
18366.43 0.94 0.0 
18366.43 0.93 0.0 
19469.35 0.82 0.0 
19570.85 0.73 0.0 
19570.84 0.89 0.0 
20397.57 0.48 0.0 
22063.61 0.59 0.0 
27842.08 0.37 0.0 
27793.55 0.49 0.0 
28859.56 0.36 0.0 
32158.80 0.49 0.0 
33533.56 0.69 0.0 
33533.57 0.33 0.0 
34664.08 0.34 0.0 
34828.48 0.34 0.0 
35126.96 0.41 0.0 
35519.49 0.61 0.0 
37211.08 0.55 0.0 
39704.27 0.30 0.0 
39929.15 0.61 0.0 
40337.13 0.59 0.0 
40337.13 0.37 0.0 
40877.44 0.49 0.0 
40877.49 0.72 0.0 
43457.49 0.38 0.0 
43815.79 0.36 0.0 
44339.12 0.70 0.0 
44339.08 0.61 0.0 
44412.43 0.35 0.0 
44493.85 0.48 0.0 
44493.87 0.46 0.0 
45550.92 0.44 0.0 
45913.06 0.93 0.0 
45913.04 0.79 0.0 
45978.98 0.30 0.0 
46753.60 0.62 0.0 
47757.51 0.40 0.0 
47785.99 0.69 0.0 
47786.00 0.66 0.0 
49108.48 0.69 0.0 
50669.51 0.35 0.0 
50969.64 0.37 0.0 
50969.58 0.57 0.0 
51174.60 0.92 0.0 
51174.60 0.60 0.0 
52368.17 0.36 0.0 
53537.95 0.61 0.0 
53514.07 0.32 0.0 
53537.99 0.90 0.0 
53564.28 0.62 0.0 
53564.28 0.70 0.0 
55513.69 0.57 0.0 
57221.26 0.54 0.0 
57221.21 0.49 0.0 
57253.27 0.32 0.0 
57388.03 0.81 0.0 
57346.66 0.94 0.0 
57346.65 0.95 0.0 
57388.01 0.44 0.0 
57967.40 0.50 0.0 
58603.76 0.42 0.0 
58633.53 0.86 0.0 
59096.48 0.53 0.0 
60076.60 0.33 0.0 
60466.40 0.66 0.0 
60492.41 0.35 0.0 
60958.13 0.76 0.0 
62748.01 0.35 0.0 
62748.04 0.38 0.0 
63107.35 0.34 0.0 
63234.85 0.43 0.0 
63234.81 0.36 0.0 
64439.17 0.61 0.0 
65128.52 0.33 0.0 
65203.80 0.72 0.0 
65351.07 0.42 0.0 
66724.79 0.37 0.0 
68179.56 0.59 0.0 
68179.53 0.31 0.0 
68682.88 0.64 0.0 
68924.16 0.31 0.0 
69689.33 0.39 0.0 
69777.40 0.63 0.0 
70150.75 0.33 0.0 
73196.47 0.33 0.0 
73196.49 0.70 0.0 
75508.84 0.66 0.0 
75743.57 0.59 0.0 
77386.85 0.42 0.0 
78449.45 0.45 0.0 
78823.41 0.36 0.0 
79588.14 0.71 0.0 
79711.67 0.30 0.0 
80204.49 0.31 0.0 
80743.69 0.63 0.0 
81928.96 0.37 0.0 
82108.96 0.39 0.0 
82676.31 0.83 0.0 
84147.36 0.39 0.0 
84554.00 0.44 0.0 
84567.84 0.39 0.0 
85199.01 0.52 0.0 
85588.16 0.36 0.0 
86279.04 0.36 0.0 
