7489.67 0.35 0.0 
7946.75 0.39 0.0 
7946.79 0.51 0.0 
8640.77 0.52 0.0 
10200.45 0.33 0.0 
12078.65 0.42 0.0 
14347.95 0.32 0.0 
15145.83 0.66 0.0 
15145.86 0.66 0.0 
15458.97 0.62 0.0 
17613.48 0.42 0.0 
17655.51 0.34 0.0 
18090.51 0.43 0.0 
20299.71 0.36 0.0 
23209.78 0.65 0.0 
24876.24 0.52 0.0 
24876.23 0.56 0.0 
27495.83 0.36 0.0 
33919.89 0.30 0.0 
40249.68 0.41 0.0 
44251.43 0.54 0.0 
49435.11 0.31 0.0 
52891.77 0.49 0.0 
58725.57 0.51 0.0 
59250.47 0.37 0.0 
60076.99 0.31 0.0 
60977.79 0.30 0.0 
61140.62 0.65 0.0 
63301.81 0.36 0.0 
63479.01 0.40 0.0 
64034.47 0.36 0.0 
64932.61 0.47 0.0 
64932.57 0.64 0.0 
66736.24 0.34 0.0 
68918.91 0.43 0.0 
72765.39 0.43 0.0 
73020.53 0.52 0.0 
74739.32 0.69 0.0 
74739.31 0.52 0.0 
75000.89 0.46 0.0 
75256.85 0.47 0.0 
75265.43 0.65 0.0 
75265.45 0.46 0.0 
78521.36 0.31 0.0 
79065.51 0.34 0.0 
79187.37 0.34 0.0 
80311.09 0.51 0.0 
80673.64 0.48 0.0 
81423.27 0.31 0.0 
81573.64 0.55 0.0 
81585.45 0.62 0.0 
82273.14 0.35 0.0 
83088.27 0.40 0.0 
83290.65 0.36 0.0 
84465.88 0.31 0.0 
84968.96 0.46 0.0 
85072.11 0.31 0.0 
85072.13 0.36 0.0 
84968.89 0.31 0.0 
85628.20 0.66 0.0 
