3591.45 0.39 0.0 
4834.27 0.37 0.0 
5055.89 0.67 0.0 
6392.25 0.52 0.0 
7950.15 0.63 0.0 
8583.51 0.69 0.0 
9504.91 0.34 0.0 
9878.67 0.32 0.0 
10128.56 0.55 0.0 
11175.83 0.51 0.0 
12186.34 0.61 0.0 
12225.97 0.54 0.0 
12212.67 0.69 0.0 
12887.31 0.78 0.0 
14155.65 0.64 0.0 
14483.64 0.64 0.0 
14483.63 0.43 0.0 
14717.96 0.76 0.0 
14702.49 0.34 0.0 
14717.95 0.46 0.0 
15072.57 0.56 0.0 
15698.09 0.44 0.0 
19088.71 0.34 0.0 
23153.43 0.38 0.0 
30493.61 0.36 0.0 
30506.11 0.31 0.0 
30690.50 0.64 0.0 
31906.37 0.42 0.0 
32349.87 0.33 0.0 
32349.87 0.30 0.0 
33240.11 0.45 0.0 
33691.27 0.52 0.0 
34279.57 0.36 0.0 
36452.66 0.79 0.0 
36748.91 0.40 0.0 
36748.95 0.32 0.0 
37048.59 0.30 0.0 
39211.52 0.81 0.0 
41482.05 0.57 0.0 
47327.34 0.67 0.0 
51742.60 0.65 0.0 
53369.39 0.32 0.0 
54697.56 0.68 0.0 
54775.23 0.30 0.0 
54775.19 0.30 0.0 
78690.45 0.52 0.0 
82000.65 0.79 0.0 
82000.65 0.80 0.0 
83367.07 0.38 0.0 
83367.07 0.42 0.0 
84327.91 0.35 0.0 
84458.39 0.37 0.0 
84768.85 0.70 0.0 
84863.19 0.42 0.0 
84863.15 0.39 0.0 
85367.27 0.40 0.0 
85453.27 0.38 0.0 
85773.68 0.74 0.0 
86237.95 0.41 0.0 
