10972.58 0.99 0.0 
10972.58 0.99 0.0 
12157.32 0.87 0.0 
12157.35 0.83 0.0 
12222.65 0.51 0.0 
12724.29 0.38 0.0 
12724.23 0.30 0.0 
12740.73 0.47 0.0 
13024.87 0.39 0.0 
13024.96 0.36 0.0 
14156.08 0.32 0.0 
14246.78 0.94 0.0 
14246.79 0.81 0.0 
14518.91 0.43 0.0 
14720.69 0.67 0.0 
14720.63 0.56 0.0 
16408.48 0.50 0.0 
16960.36 0.45 0.0 
17277.21 0.36 0.0 
19721.73 0.41 0.0 
20173.73 0.42 0.0 
22191.45 0.71 0.0 
22349.51 0.49 0.0 
24796.34 0.98 0.0 
24796.35 0.97 0.0 
25820.35 0.98 0.0 
25820.35 0.98 0.0 
28813.73 0.31 0.0 
29174.17 0.31 0.0 
29369.19 0.34 0.0 
30413.97 0.51 0.0 
31658.93 0.40 0.0 
32459.47 0.35 0.0 
32819.51 0.31 0.0 
34238.00 0.36 0.0 
34558.25 0.54 0.0 
35547.81 0.53 0.0 
35547.80 0.50 0.0 
35558.93 0.36 0.0 
35558.95 0.39 0.0 
36189.01 0.43 0.0 
36084.49 0.39 0.0 
41481.37 0.31 0.0 
42553.19 0.53 0.0 
43629.97 0.40 0.0 
47653.36 0.42 0.0 
48065.09 0.43 0.0 
48149.31 0.32 0.0 
51509.16 0.30 0.0 
55927.96 0.58 0.0 
58547.53 0.43 0.0 
58896.49 0.45 0.0 
59138.29 0.31 0.0 
63029.45 0.40 0.0 
64990.05 0.39 0.0 
66397.19 0.37 0.0 
77684.48 0.30 0.0 
79704.88 0.34 0.0 
81460.06 0.45 0.0 
81989.77 0.37 0.0 
83214.87 0.50 0.0 
83743.03 0.34 0.0 
84627.09 0.34 0.0 
85304.56 0.39 0.0 
85977.45 0.42 0.0 
