6127.79 0.47 0.0 
6127.80 0.42 0.0 
12185.93 0.35 0.0 
13036.33 0.57 0.0 
13023.02 0.85 0.0 
13023.03 0.87 0.0 
13762.05 0.39 0.0 
14415.74 0.63 0.0 
14432.02 0.74 0.0 
14724.87 0.65 0.0 
14724.89 0.72 0.0 
16580.79 0.55 0.0 
16580.78 0.68 0.0 
16592.49 0.77 0.0 
17034.08 0.83 0.0 
17045.70 0.61 0.0 
17034.07 0.67 0.0 
18162.58 0.39 0.0 
30468.27 0.36 0.0 
36602.36 0.53 0.0 
36586.36 0.73 0.0 
36602.37 0.55 0.0 
52126.30 0.54 0.0 
82020.47 0.37 0.0 
84586.85 0.65 0.0 
85446.65 0.37 0.0 
85902.95 0.30 0.0 
86210.39 0.52 0.0 
