8178.45 0.31 0.0 
12225.58 0.64 0.0 
12212.61 0.32 0.0 
12212.59 0.64 0.0 
12225.56 0.54 0.0 
12482.48 0.83 0.0 
12725.19 0.50 0.0 
14719.19 0.55 0.0 
14719.19 0.59 0.0 
14731.46 0.75 0.0 
14731.48 0.83 0.0 
15217.97 0.45 0.0 
18515.53 0.51 0.0 
22739.66 0.39 0.0 
29887.05 0.56 0.0 
31372.31 0.40 0.0 
31372.33 0.32 0.0 
32583.85 0.55 0.0 
47613.51 0.97 0.0 
47647.11 0.97 0.0 
47613.51 0.97 0.0 
47647.11 0.97 0.0 
48523.67 0.95 0.0 
48523.67 0.94 0.0 
66309.20 0.89 0.0 
66309.23 0.86 0.0 
70279.23 0.33 0.0 
79636.31 0.54 0.0 
81680.63 0.95 0.0 
81680.62 0.95 0.0 
