300.17 0.60 0.0 
300.16 0.68 0.0 
525.97 0.38 0.0 
868.45 0.35 0.0 
1916.80 0.54 0.0 
2007.25 0.56 0.0 
2324.25 0.79 0.0 
2983.99 0.84 0.0 
3490.97 0.43 0.0 
4573.61 0.49 0.0 
6044.37 0.59 0.0 
6136.05 0.31 0.0 
6260.73 0.60 0.0 
6492.25 0.50 0.0 
7147.82 0.90 0.0 
7619.57 0.35 0.0 
7724.45 0.32 0.0 
8623.45 0.62 0.0 
9478.68 0.57 0.0 
10783.12 0.53 0.0 
10842.44 0.45 0.0 
11183.25 0.41 0.0 
11460.85 0.59 0.0 
11939.57 0.31 0.0 
12554.51 0.56 0.0 
12583.87 0.67 0.0 
13028.59 0.38 0.0 
13042.00 0.33 0.0 
13302.04 0.35 0.0 
13604.21 0.37 0.0 
13719.43 0.98 0.0 
13719.43 0.97 0.0 
13829.03 0.68 0.0 
13873.33 0.32 0.0 
14157.81 0.54 0.0 
14594.35 0.79 0.0 
14789.28 0.39 0.0 
15144.52 0.42 0.0 
15179.48 0.87 0.0 
16845.04 0.99 0.0 
17592.08 0.70 0.0 
19527.35 0.81 0.0 
19887.41 0.77 0.0 
21552.88 0.39 0.0 
21893.65 0.40 0.0 
24549.48 0.77 0.0 
26819.38 0.86 0.0 
27598.07 0.94 0.0 
27598.07 0.91 0.0 
27687.56 0.38 0.0 
29727.40 0.73 0.0 
30886.92 0.74 0.0 
32083.93 0.33 0.0 
32126.15 0.44 0.0 
32190.59 0.48 0.0 
33121.21 0.41 0.0 
33508.80 0.30 0.0 
33642.76 0.82 0.0 
34422.29 0.97 0.0 
34422.29 0.97 0.0 
34700.71 0.46 0.0 
34700.73 0.63 0.0 
37057.31 0.78 0.0 
37244.12 0.65 0.0 
37486.47 0.61 0.0 
37992.24 0.64 0.0 
38053.25 0.69 0.0 
38248.76 0.59 0.0 
38412.27 0.37 0.0 
39539.32 0.42 0.0 
39747.23 0.47 0.0 
40632.89 0.60 0.0 
40620.44 0.39 0.0 
40649.40 0.89 0.0 
40798.24 0.79 0.0 
41009.48 0.57 0.0 
43317.59 0.50 0.0 
44028.37 0.52 0.0 
44028.41 0.70 0.0 
44563.72 0.46 0.0 
46154.51 0.72 0.0 
46273.61 0.35 0.0 
47263.89 0.33 0.0 
49047.73 0.78 0.0 
49610.09 0.89 0.0 
49610.09 0.94 0.0 
54822.04 0.47 0.0 
58469.48 0.72 0.0 
60410.75 0.85 0.0 
61634.28 0.59 0.0 
61931.37 0.41 0.0 
62415.29 0.32 0.0 
62639.49 0.82 0.0 
62894.40 0.30 0.0 
64408.55 0.75 0.0 
68288.61 0.92 0.0 
68288.61 0.91 0.0 
69373.96 0.33 0.0 
74815.92 0.35 0.0 
76016.68 0.51 0.0 
76108.87 0.86 0.0 
76782.48 0.85 0.0 
77520.16 0.40 0.0 
81013.35 0.38 0.0 
82754.01 0.55 0.0 
83085.32 0.76 0.0 
83085.28 0.35 0.0 
83203.84 0.56 0.0 
85406.84 0.31 0.0 
86084.25 0.66 0.0 
