526.64 0.48 0.0 
2374.87 0.33 0.0 
2796.45 0.56 0.0 
3946.72 0.40 0.0 
4996.47 0.39 0.0 
11462.30 0.87 0.0 
13045.97 0.49 0.0 
13721.97 0.76 0.0 
13721.95 0.61 0.0 
13861.43 0.41 0.0 
16846.59 0.47 0.0 
17656.87 0.44 0.0 
22186.79 0.40 0.0 
27600.79 0.31 0.0 
30887.70 0.85 0.0 
32042.20 0.61 0.0 
32191.86 0.73 0.0 
34424.61 0.73 0.0 
34425.47 0.39 0.0 
34424.67 0.64 0.0 
34744.55 0.38 0.0 
34744.56 0.38 0.0 
36810.63 0.38 0.0 
37282.41 0.43 0.0 
37487.19 0.55 0.0 
38594.04 0.49 0.0 
40837.24 0.30 0.0 
42408.37 0.33 0.0 
44031.15 0.39 0.0 
47835.46 0.80 0.0 
52615.27 0.32 0.0 
60416.45 0.31 0.0 
61932.15 0.42 0.0 
68291.36 0.85 0.0 
68291.36 0.84 0.0 
78489.21 0.42 0.0 
78617.86 0.30 0.0 
78570.47 0.39 0.0 
83086.19 0.62 0.0 
83086.20 0.82 0.0 
86026.80 0.33 0.0 
