5566.11 0.75 0.0 
5773.52 0.69 0.0 
5773.52 0.89 0.0 
6362.43 0.40 0.0 
6495.68 0.90 0.0 
7201.51 0.63 0.0 
7837.99 0.71 0.0 
7837.99 0.59 0.0 
8072.32 0.39 0.0 
8237.43 0.43 0.0 
8250.06 0.88 0.0 
8640.50 0.78 0.0 
8942.28 0.38 0.0 
9244.89 0.79 0.0 
9244.88 0.40 0.0 
9331.60 0.67 0.0 
9370.11 0.92 0.0 
9370.10 0.90 0.0 
9434.16 0.43 0.0 
9465.06 0.73 0.0 
9538.68 0.53 0.0 
9538.67 0.52 0.0 
9894.13 0.47 0.0 
9867.94 0.65 0.0 
9905.96 0.33 0.0 
9894.15 0.84 0.0 
9946.28 0.39 0.0 
10261.95 0.68 0.0 
10270.00 0.39 0.0 
10440.48 0.51 0.0 
10562.29 0.57 0.0 
10574.99 0.49 0.0 
10643.77 0.78 0.0 
10643.78 0.84 0.0 
10972.28 0.47 0.0 
10972.24 0.36 0.0 
11053.04 0.45 0.0 
11814.05 0.34 0.0 
11814.04 0.32 0.0 
11853.60 0.76 0.0 
11912.72 0.78 0.0 
11912.71 0.33 0.0 
12850.60 0.55 0.0 
12850.60 0.74 0.0 
12933.63 0.51 0.0 
13022.11 0.35 0.0 
13686.60 0.32 0.0 
13979.65 0.77 0.0 
13979.63 0.84 0.0 
14482.33 0.41 0.0 
14596.35 0.82 0.0 
14735.99 0.60 0.0 
14926.96 0.42 0.0 
14986.96 0.53 0.0 
15301.46 0.93 0.0 
15301.47 0.62 0.0 
15421.72 0.53 0.0 
15685.68 0.36 0.0 
15856.35 0.72 0.0 
16100.04 0.91 0.0 
16100.03 0.93 0.0 
16289.68 0.32 0.0 
16759.16 0.90 0.0 
17331.00 0.42 0.0 
17386.25 0.54 0.0 
17671.58 0.50 0.0 
17671.58 0.35 0.0 
17684.30 0.83 0.0 
17742.35 0.43 0.0 
18615.40 0.57 0.0 
18886.36 0.56 0.0 
18905.42 0.33 0.0 
18886.38 0.89 0.0 
19053.33 0.41 0.0 
19053.32 0.59 0.0 
20040.38 0.45 0.0 
20040.31 0.42 0.0 
20205.43 0.92 0.0 
20308.75 0.52 0.0 
20401.71 0.47 0.0 
20578.76 0.55 0.0 
20537.49 0.46 0.0 
20654.31 0.79 0.0 
21016.12 0.87 0.0 
21016.12 0.62 0.0 
21212.83 0.31 0.0 
21270.99 0.37 0.0 
21280.36 0.49 0.0 
21280.37 0.62 0.0 
21328.64 0.46 0.0 
21230.96 0.30 0.0 
21414.56 0.65 0.0 
21377.12 0.90 0.0 
21377.14 0.57 0.0 
21747.13 0.64 0.0 
21790.07 0.53 0.0 
21773.52 0.33 0.0 
21790.07 0.76 0.0 
21887.04 0.57 0.0 
21969.20 0.47 0.0 
22225.83 0.39 0.0 
22225.86 0.56 0.0 
22276.11 0.35 0.0 
22624.38 0.51 0.0 
22732.47 0.33 0.0 
22961.92 0.69 0.0 
22961.92 0.53 0.0 
23194.27 0.38 0.0 
23296.18 0.44 0.0 
23291.11 0.39 0.0 
26231.47 0.55 0.0 
26231.44 0.67 0.0 
26831.11 0.63 0.0 
26831.12 0.60 0.0 
26868.24 0.72 0.0 
39200.11 0.44 0.0 
39200.08 0.55 0.0 
40936.54 0.80 0.0 
40924.54 0.56 0.0 
40936.55 0.66 0.0 
41104.05 0.35 0.0 
43763.25 0.36 0.0 
49235.69 0.34 0.0 
50447.35 0.40 0.0 
51228.55 0.35 0.0 
52590.65 0.31 0.0 
53385.50 0.74 0.0 
54013.01 0.52 0.0 
54572.19 0.31 0.0 
54774.58 0.50 0.0 
54774.54 0.54 0.0 
55227.07 0.55 0.0 
57025.43 0.31 0.0 
57287.23 0.34 0.0 
57287.24 0.61 0.0 
57448.19 0.38 0.0 
57454.59 0.56 0.0 
57691.23 0.32 0.0 
57779.59 0.35 0.0 
57900.59 0.51 0.0 
58263.31 0.56 0.0 
58496.81 0.37 0.0 
58542.05 0.32 0.0 
58797.67 0.40 0.0 
58815.87 0.49 0.0 
58823.39 0.41 0.0 
58852.49 0.41 0.0 
58845.43 0.58 0.0 
58852.46 0.48 0.0 
59055.74 0.50 0.0 
59100.57 0.55 0.0 
59418.23 0.36 0.0 
59730.88 0.58 0.0 
60123.44 0.39 0.0 
60798.76 0.34 0.0 
60929.83 0.39 0.0 
60970.67 0.46 0.0 
61029.87 0.38 0.0 
60970.69 0.61 0.0 
61029.79 0.59 0.0 
62203.26 0.67 0.0 
62188.41 0.35 0.0 
62556.51 0.33 0.0 
62470.21 0.50 0.0 
62581.91 0.38 0.0 
62779.19 0.37 0.0 
62687.32 0.71 0.0 
62838.95 0.44 0.0 
63058.49 0.45 0.0 
63278.73 0.43 0.0 
63935.69 0.43 0.0 
64112.33 0.44 0.0 
64005.91 0.32 0.0 
64353.38 0.48 0.0 
64245.59 0.34 0.0 
64415.11 0.33 0.0 
64415.05 0.49 0.0 
64431.63 0.38 0.0 
64431.59 0.30 0.0 
64531.61 0.46 0.0 
64619.58 0.44 0.0 
64678.10 0.55 0.0 
65308.13 0.43 0.0 
65215.03 0.41 0.0 
65308.10 0.58 0.0 
65542.34 0.62 0.0 
65542.35 0.60 0.0 
65612.75 0.48 0.0 
65618.36 0.53 0.0 
65877.77 0.72 0.0 
66152.33 0.57 0.0 
66703.49 0.51 0.0 
66752.07 0.35 0.0 
67081.29 0.72 0.0 
67198.11 0.50 0.0 
67232.51 0.44 0.0 
67128.69 0.33 0.0 
67999.40 0.64 0.0 
79173.22 0.95 0.0 
79173.22 0.95 0.0 
79403.23 0.59 0.0 
79403.24 0.53 0.0 
81305.96 0.75 0.0 
81305.98 0.49 0.0 
