2924.17 0.33 0.0 
4889.33 0.38 0.0 
5543.00 0.36 0.0 
5548.61 0.67 0.0 
5819.03 0.89 0.0 
6822.88 0.79 0.0 
6839.19 0.86 0.0 
7424.36 0.48 0.0 
7649.59 0.78 0.0 
8084.46 0.69 0.0 
8237.42 0.39 0.0 
8248.29 0.96 0.0 
8248.31 0.96 0.0 
8549.42 0.82 0.0 
8549.43 0.97 0.0 
9093.32 0.59 0.0 
9242.87 0.44 0.0 
9369.79 0.49 0.0 
9369.76 0.43 0.0 
9432.16 0.31 0.0 
9460.88 0.68 0.0 
9538.64 0.31 0.0 
9864.00 0.33 0.0 
9942.65 0.34 0.0 
9931.53 0.61 0.0 
9959.03 0.71 0.0 
10019.08 0.81 0.0 
10351.67 0.36 0.0 
10379.51 0.69 0.0 
10639.15 0.39 0.0 
11813.99 0.65 0.0 
11852.03 0.87 0.0 
11912.72 0.35 0.0 
12198.68 0.52 0.0 
12493.69 0.54 0.0 
12869.37 0.32 0.0 
12850.31 0.46 0.0 
12932.52 0.66 0.0 
12958.60 0.63 0.0 
13184.52 0.80 0.0 
13684.72 0.59 0.0 
13686.58 0.45 0.0 
13829.60 0.35 0.0 
13978.35 0.64 0.0 
13978.32 0.83 0.0 
14444.24 0.89 0.0 
14477.80 0.93 0.0 
14482.31 0.33 0.0 
14655.20 0.87 0.0 
14714.13 0.37 0.0 
15055.09 0.35 0.0 
15089.19 0.55 0.0 
15103.35 0.44 0.0 
14985.57 0.46 0.0 
15221.45 0.36 0.0 
15486.08 0.55 0.0 
15486.10 0.43 0.0 
15628.85 0.93 0.0 
15734.24 0.75 0.0 
15856.34 0.36 0.0 
16099.48 0.82 0.0 
16099.48 0.76 0.0 
16738.72 0.34 0.0 
16756.96 0.96 0.0 
17339.31 0.80 0.0 
17385.68 0.91 0.0 
17671.60 0.30 0.0 
17678.79 0.50 0.0 
17669.60 0.41 0.0 
17888.84 0.59 0.0 
18151.69 0.53 0.0 
18491.01 0.39 0.0 
18750.21 0.44 0.0 
18754.20 0.40 0.0 
18885.65 0.52 0.0 
18885.68 0.94 0.0 
19052.80 0.31 0.0 
19213.62 0.87 0.0 
19454.60 0.32 0.0 
19663.09 0.35 0.0 
19693.48 0.57 0.0 
19753.32 0.34 0.0 
19949.32 0.60 0.0 
20040.30 0.65 0.0 
20198.17 0.44 0.0 
20162.88 0.91 0.0 
20307.04 0.30 0.0 
20398.88 0.49 0.0 
20416.25 0.90 0.0 
20518.00 0.47 0.0 
20576.88 0.73 0.0 
20536.44 0.62 0.0 
20624.04 0.86 0.0 
20639.40 0.68 0.0 
20653.76 0.71 0.0 
20834.44 0.75 0.0 
21210.87 0.56 0.0 
21344.49 0.50 0.0 
21375.96 0.60 0.0 
21375.99 0.31 0.0 
22094.24 0.93 0.0 
22225.78 0.40 0.0 
22273.16 0.50 0.0 
22624.30 0.45 0.0 
22732.49 0.37 0.0 
22610.55 0.37 0.0 
22624.34 0.50 0.0 
22732.48 0.32 0.0 
23290.90 0.48 0.0 
23294.44 0.86 0.0 
26098.60 0.57 0.0 
27147.50 0.73 0.0 
30131.36 0.36 0.0 
30131.32 0.54 0.0 
31289.12 0.50 0.0 
33012.80 0.45 0.0 
37424.15 0.64 0.0 
38833.99 0.39 0.0 
39013.60 0.33 0.0 
39196.05 0.55 0.0 
39196.03 0.79 0.0 
43498.89 0.37 0.0 
44784.33 0.34 0.0 
45929.56 0.47 0.0 
46203.29 0.32 0.0 
46513.89 0.40 0.0 
47171.31 0.44 0.0 
52918.64 0.43 0.0 
53293.51 0.35 0.0 
53909.47 0.31 0.0 
54239.60 0.50 0.0 
54327.20 0.81 0.0 
54770.72 0.80 0.0 
54770.72 0.85 0.0 
55618.15 0.35 0.0 
57641.08 0.31 0.0 
57821.03 0.52 0.0 
57898.76 0.32 0.0 
57794.04 0.71 0.0 
58118.33 0.53 0.0 
58244.13 0.41 0.0 
58516.84 0.45 0.0 
58535.39 0.71 0.0 
58535.37 0.48 0.0 
58820.49 0.73 0.0 
58959.51 0.50 0.0 
59441.47 0.35 0.0 
60838.60 0.82 0.0 
61070.68 0.35 0.0 
61999.56 0.55 0.0 
62200.44 0.37 0.0 
62185.83 0.52 0.0 
62495.20 0.46 0.0 
62488.97 0.31 0.0 
62467.83 0.47 0.0 
62473.83 0.77 0.0 
64017.67 0.63 0.0 
65302.87 0.69 0.0 
65302.92 0.62 0.0 
66229.23 0.30 0.0 
66194.24 0.66 0.0 
66701.76 0.60 0.0 
67528.95 0.38 0.0 
78359.14 0.87 0.0 
78402.63 0.38 0.0 
79172.68 0.93 0.0 
79172.68 0.93 0.0 
79668.68 0.56 0.0 
79668.68 0.73 0.0 
80759.39 0.41 0.0 
83083.07 0.67 0.0 
