522.81 0.42 0.0 
522.79 0.38 0.0 
1215.31 0.43 0.0 
1523.91 0.31 0.0 
2637.55 0.41 0.0 
3204.80 0.53 0.0 
3601.19 0.46 0.0 
4034.01 0.36 0.0 
5675.15 0.36 0.0 
6705.97 0.49 0.0 
7238.60 0.48 0.0 
7397.62 0.36 0.0 
7412.19 0.30 0.0 
8318.65 0.42 0.0 
9345.95 0.33 0.0 
9912.55 0.30 0.0 
9986.88 0.34 0.0 
10698.67 0.44 0.0 
10719.99 0.31 0.0 
10698.69 0.36 0.0 
10880.23 0.33 0.0 
11398.82 0.64 0.0 
11372.43 0.42 0.0 
11700.71 0.32 0.0 
11833.03 0.30 0.0 
12240.60 0.48 0.0 
12531.11 0.37 0.0 
12863.04 0.44 0.0 
13021.03 0.33 0.0 
13119.89 0.39 0.0 
13217.73 0.36 0.0 
13290.51 0.36 0.0 
14019.07 0.41 0.0 
14170.89 0.34 0.0 
14391.04 0.48 0.0 
14506.42 0.59 0.0 
14494.57 0.93 0.0 
14506.45 0.41 0.0 
14494.58 0.94 0.0 
15225.70 0.85 0.0 
15245.09 0.76 0.0 
15245.06 0.67 0.0 
15225.62 0.39 0.0 
15315.85 0.50 0.0 
15649.23 0.41 0.0 
15767.09 0.43 0.0 
16131.99 0.31 0.0 
16275.97 0.31 0.0 
16454.91 0.31 0.0 
17136.79 0.30 0.0 
17222.83 0.43 0.0 
17649.98 0.44 0.0 
18156.09 0.40 0.0 
19102.85 0.69 0.0 
19888.10 0.63 0.0 
20073.72 0.45 0.0 
20073.76 0.53 0.0 
20219.47 0.33 0.0 
20793.39 0.36 0.0 
21257.61 0.32 0.0 
21257.57 0.36 0.0 
22755.21 0.40 0.0 
22831.23 0.34 0.0 
22870.91 0.30 0.0 
23897.31 0.37 0.0 
25532.16 0.40 0.0 
26389.17 0.58 0.0 
26417.39 0.39 0.0 
26417.45 0.49 0.0 
27051.67 0.35 0.0 
27464.99 0.37 0.0 
27630.51 0.33 0.0 
27746.23 0.34 0.0 
28348.75 0.37 0.0 
28921.35 0.35 0.0 
29029.05 0.31 0.0 
29556.25 0.42 0.0 
29556.14 0.32 0.0 
29752.88 0.40 0.0 
29837.75 0.40 0.0 
30307.80 0.43 0.0 
30640.81 0.41 0.0 
30899.47 0.33 0.0 
31658.61 0.35 0.0 
31769.15 0.34 0.0 
32596.03 0.31 0.0 
33827.25 0.32 0.0 
33997.05 0.42 0.0 
35999.23 0.66 0.0 
36111.01 0.47 0.0 
36111.03 0.45 0.0 
37195.43 0.32 0.0 
38415.72 0.39 0.0 
40136.41 0.33 0.0 
40549.99 0.30 0.0 
40757.99 0.32 0.0 
41339.05 0.40 0.0 
41414.35 0.33 0.0 
43191.73 0.55 0.0 
43623.29 0.41 0.0 
43669.55 0.30 0.0 
44928.71 0.48 0.0 
44872.11 0.45 0.0 
45921.11 0.33 0.0 
46055.23 0.39 0.0 
46335.87 0.42 0.0 
47673.31 0.33 0.0 
47754.09 0.34 0.0 
48434.04 0.32 0.0 
49924.39 0.31 0.0 
50132.59 0.41 0.0 
52864.63 0.46 0.0 
52864.65 0.57 0.0 
52953.53 0.32 0.0 
52893.16 0.55 0.0 
52893.11 0.44 0.0 
53083.47 0.31 0.0 
53083.49 0.31 0.0 
53132.95 0.61 0.0 
53132.95 0.36 0.0 
54843.25 0.36 0.0 
54843.24 0.63 0.0 
54931.79 0.34 0.0 
55818.24 0.37 0.0 
56629.07 0.51 0.0 
57050.75 0.45 0.0 
57108.40 0.41 0.0 
57138.25 0.39 0.0 
58216.03 0.31 0.0 
58371.27 0.32 0.0 
59159.31 0.30 0.0 
59452.88 0.37 0.0 
59353.07 0.34 0.0 
61171.79 0.38 0.0 
67830.91 0.32 0.0 
68415.59 0.31 0.0 
68941.21 0.56 0.0 
70422.01 0.46 0.0 
71678.67 0.36 0.0 
71678.71 0.37 0.0 
72049.81 0.53 0.0 
72945.47 0.65 0.0 
73002.50 0.37 0.0 
74067.03 0.36 0.0 
74219.73 0.45 0.0 
74310.92 0.54 0.0 
75035.93 0.40 0.0 
75352.44 0.38 0.0 
75675.73 0.50 0.0 
76628.99 0.33 0.0 
76789.11 0.33 0.0 
77476.80 0.43 0.0 
79366.08 0.38 0.0 
81094.29 0.50 0.0 
81094.29 0.38 0.0 
81617.47 0.47 0.0 
82018.73 0.72 0.0 
82018.73 0.76 0.0 
82051.85 0.41 0.0 
82396.67 0.37 0.0 
83226.12 0.41 0.0 
83401.03 0.32 0.0 
84294.51 0.33 0.0 
84294.52 0.41 0.0 
84520.65 0.38 0.0 
84605.79 0.35 0.0 
85425.07 0.32 0.0 
