1829.51 0.38 0.0 
1996.27 0.75 0.0 
3477.40 0.71 0.0 
3477.40 0.81 0.0 
6264.48 0.44 0.0 
6200.80 0.74 0.0 
6371.72 0.68 0.0 
9003.40 0.89 0.0 
9003.40 0.57 0.0 
11818.00 0.80 0.0 
19269.35 0.78 0.0 
19269.36 0.73 0.0 
20892.95 0.86 0.0 
21337.63 0.32 0.0 
22632.24 0.45 0.0 
23054.24 0.47 0.0 
28326.59 0.55 0.0 
28859.44 0.50 0.0 
29697.51 0.37 0.0 
29760.87 0.54 0.0 
30196.83 0.36 0.0 
31856.80 0.36 0.0 
32022.16 0.91 0.0 
33092.61 0.36 0.0 
33177.19 0.77 0.0 
34095.07 0.56 0.0 
35400.28 0.49 0.0 
35445.99 0.47 0.0 
37887.48 0.77 0.0 
39628.44 0.42 0.0 
39541.04 0.71 0.0 
39541.09 0.31 0.0 
39854.36 0.58 0.0 
40360.73 0.36 0.0 
40483.31 0.35 0.0 
40559.40 0.61 0.0 
41023.52 0.86 0.0 
41338.63 0.42 0.0 
41384.58 0.37 0.0 
41498.11 0.64 0.0 
41498.10 0.41 0.0 
41522.29 0.36 0.0 
41597.79 0.46 0.0 
41875.41 0.41 0.0 
42505.33 0.78 0.0 
42505.35 0.86 0.0 
42618.57 0.51 0.0 
42644.00 0.78 0.0 
42618.59 0.85 0.0 
42628.77 0.34 0.0 
43138.39 0.65 0.0 
43676.44 0.73 0.0 
43676.41 0.48 0.0 
44023.55 0.73 0.0 
44036.15 0.54 0.0 
44036.19 0.30 0.0 
44712.49 0.41 0.0 
44899.45 0.56 0.0 
44899.45 0.53 0.0 
44869.43 0.30 0.0 
44943.97 0.33 0.0 
44943.97 0.41 0.0 
45104.16 0.55 0.0 
45091.12 0.77 0.0 
45089.19 0.62 0.0 
45167.16 0.89 0.0 
45167.15 0.95 0.0 
45228.28 0.36 0.0 
45329.84 0.59 0.0 
45419.57 0.40 0.0 
45599.51 0.79 0.0 
45979.09 0.37 0.0 
45974.48 0.33 0.0 
46189.88 0.34 0.0 
46168.37 0.38 0.0 
46151.91 0.33 0.0 
46424.35 0.75 0.0 
46404.68 0.51 0.0 
46619.26 0.81 0.0 
46707.16 0.79 0.0 
46709.26 0.42 0.0 
46632.43 0.41 0.0 
46689.39 0.39 0.0 
47560.80 0.49 0.0 
47611.71 0.54 0.0 
47611.72 0.67 0.0 
48096.01 0.79 0.0 
48104.23 0.62 0.0 
48096.03 0.79 0.0 
48134.41 0.35 0.0 
48235.39 0.53 0.0 
48235.44 0.45 0.0 
48374.44 0.50 0.0 
48552.48 0.35 0.0 
49053.68 0.54 0.0 
49228.88 0.79 0.0 
49362.45 0.35 0.0 
49362.40 0.46 0.0 
49454.19 0.42 0.0 
49693.99 0.31 0.0 
49996.92 0.40 0.0 
50069.08 0.78 0.0 
49996.92 0.34 0.0 
50143.65 0.48 0.0 
50159.17 0.50 0.0 
50185.31 0.41 0.0 
50113.95 0.66 0.0 
50191.35 0.50 0.0 
50231.97 0.37 0.0 
50472.91 0.58 0.0 
50594.51 0.46 0.0 
50942.41 0.48 0.0 
51138.43 0.36 0.0 
51070.83 0.31 0.0 
51169.33 0.51 0.0 
51179.19 0.55 0.0 
51238.08 0.60 0.0 
51265.79 0.35 0.0 
51254.36 0.35 0.0 
51390.13 0.43 0.0 
51340.39 0.37 0.0 
51359.10 0.44 0.0 
51313.68 0.46 0.0 
51499.59 0.39 0.0 
51390.16 0.39 0.0 
51409.33 0.87 0.0 
51479.25 0.31 0.0 
51499.53 0.32 0.0 
51506.13 0.41 0.0 
51434.71 0.33 0.0 
51446.55 0.50 0.0 
51409.34 0.84 0.0 
51419.95 0.36 0.0 
51510.56 0.50 0.0 
51598.73 0.68 0.0 
51626.35 0.37 0.0 
51557.96 0.30 0.0 
51525.07 0.37 0.0 
51742.56 0.79 0.0 
51680.82 0.35 0.0 
51742.56 0.72 0.0 
51660.07 0.56 0.0 
51680.84 0.46 0.0 
51657.69 0.68 0.0 
51660.12 0.52 0.0 
51875.71 0.49 0.0 
51843.45 0.48 0.0 
51807.36 0.51 0.0 
51832.94 0.39 0.0 
51843.40 0.37 0.0 
51951.03 0.36 0.0 
51900.63 0.31 0.0 
51957.37 0.32 0.0 
51969.47 0.86 0.0 
52068.16 0.31 0.0 
52068.17 0.39 0.0 
52286.08 0.30 0.0 
52421.91 0.93 0.0 
52421.89 0.78 0.0 
52444.91 0.67 0.0 
52427.17 0.33 0.0 
52444.89 0.45 0.0 
52695.55 0.38 0.0 
52672.47 0.47 0.0 
52632.59 0.87 0.0 
52667.75 0.33 0.0 
52729.20 0.38 0.0 
52738.58 0.42 0.0 
52780.85 0.61 0.0 
52754.81 0.62 0.0 
52769.54 0.62 0.0 
52727.31 0.39 0.0 
52730.80 0.56 0.0 
52814.41 0.67 0.0 
52842.40 0.42 0.0 
52861.08 0.32 0.0 
52865.23 0.69 0.0 
52889.51 0.53 0.0 
52865.21 0.72 0.0 
52874.57 0.48 0.0 
52907.44 0.30 0.0 
52910.20 0.53 0.0 
53049.05 0.43 0.0 
53049.92 0.34 0.0 
53049.07 0.51 0.0 
54599.21 0.76 0.0 
54778.75 0.89 0.0 
54767.48 0.33 0.0 
56076.71 0.65 0.0 
56084.49 0.73 0.0 
56276.88 0.38 0.0 
56420.19 0.90 0.0 
56396.85 0.40 0.0 
56489.51 0.66 0.0 
56505.31 0.92 0.0 
56755.57 0.50 0.0 
56782.93 0.30 0.0 
56879.24 0.76 0.0 
57056.20 0.32 0.0 
57170.07 0.41 0.0 
57675.96 0.73 0.0 
57675.93 0.32 0.0 
58359.25 0.45 0.0 
58370.00 0.57 0.0 
58394.17 0.34 0.0 
58453.93 0.51 0.0 
58604.28 0.53 0.0 
58677.39 0.56 0.0 
58672.25 0.42 0.0 
58903.85 0.50 0.0 
58858.25 0.47 0.0 
59006.04 0.58 0.0 
59143.60 0.84 0.0 
59427.45 0.30 0.0 
59359.41 0.33 0.0 
59427.48 0.69 0.0 
59551.32 0.34 0.0 
60014.51 0.78 0.0 
62791.13 0.49 0.0 
62699.09 0.45 0.0 
62791.12 0.34 0.0 
62864.40 0.56 0.0 
62968.16 0.53 0.0 
62968.16 0.84 0.0 
63239.20 0.64 0.0 
63807.49 0.40 0.0 
64120.68 0.39 0.0 
64048.39 0.50 0.0 
64147.36 0.33 0.0 
64423.91 0.31 0.0 
65023.83 0.34 0.0 
65158.95 0.44 0.0 
65315.52 0.85 0.0 
65323.57 0.33 0.0 
65315.50 0.58 0.0 
65384.19 0.90 0.0 
65409.16 0.43 0.0 
65409.16 0.35 0.0 
65532.44 0.71 0.0 
65654.50 0.72 0.0 
65699.00 0.37 0.0 
65833.00 0.31 0.0 
65867.08 0.46 0.0 
65979.72 0.66 0.0 
66539.52 0.57 0.0 
66734.13 0.39 0.0 
66779.57 0.38 0.0 
66910.87 0.30 0.0 
67237.97 0.32 0.0 
67213.51 0.38 0.0 
67213.53 0.82 0.0 
67301.43 0.45 0.0 
67454.23 0.91 0.0 
67750.00 0.55 0.0 
68257.77 0.45 0.0 
68257.75 0.50 0.0 
68669.85 0.58 0.0 
68786.48 0.39 0.0 
68983.16 0.95 0.0 
68983.16 0.59 0.0 
68954.31 0.46 0.0 
69119.53 0.33 0.0 
69127.16 0.61 0.0 
69127.13 0.54 0.0 
69134.27 0.90 0.0 
69508.93 0.39 0.0 
69581.91 0.76 0.0 
69581.89 0.46 0.0 
69630.76 0.41 0.0 
69632.23 0.56 0.0 
69778.23 0.79 0.0 
69989.19 0.65 0.0 
70032.71 0.65 0.0 
70218.57 0.42 0.0 
70181.79 0.82 0.0 
70181.80 0.56 0.0 
70258.92 0.42 0.0 
70303.21 0.71 0.0 
70722.03 0.93 0.0 
70883.86 0.73 0.0 
71038.65 0.59 0.0 
71380.75 0.37 0.0 
71503.94 0.72 0.0 
71681.76 0.60 0.0 
71725.41 0.39 0.0 
71851.67 0.35 0.0 
71824.72 0.59 0.0 
71952.48 0.59 0.0 
71953.05 0.35 0.0 
72217.36 0.46 0.0 
72217.36 0.92 0.0 
72239.26 0.42 0.0 
72507.17 0.46 0.0 
72550.21 0.35 0.0 
72764.57 0.33 0.0 
72911.88 0.39 0.0 
73723.57 0.31 0.0 
73708.05 0.31 0.0 
74489.45 0.71 0.0 
74653.09 0.47 0.0 
75988.55 0.41 0.0 
76949.12 0.42 0.0 
77112.15 0.32 0.0 
77146.92 0.31 0.0 
77261.93 0.36 0.0 
77572.05 0.68 0.0 
77572.08 0.60 0.0 
77594.01 0.50 0.0 
77989.15 0.58 0.0 
78013.77 0.56 0.0 
78402.92 0.42 0.0 
78389.56 0.71 0.0 
78718.29 0.43 0.0 
78974.13 0.41 0.0 
79304.17 0.50 0.0 
79316.22 0.42 0.0 
80069.45 0.69 0.0 
80054.50 0.80 0.0 
81989.91 0.67 0.0 
81915.59 0.37 0.0 
82474.16 0.56 0.0 
82375.84 0.35 0.0 
82474.15 0.36 0.0 
82619.33 0.63 0.0 
82731.52 0.58 0.0 
82919.40 0.40 0.0 
83063.72 0.45 0.0 
83129.44 0.44 0.0 
83339.44 0.71 0.0 
83399.35 0.50 0.0 
83577.95 0.57 0.0 
83804.25 0.33 0.0 
83819.51 0.79 0.0 
83852.92 0.39 0.0 
83909.12 0.36 0.0 
83893.46 0.68 0.0 
84255.49 0.42 0.0 
84388.96 0.80 0.0 
84388.94 0.46 0.0 
84555.80 0.46 0.0 
84882.81 0.90 0.0 
85034.59 0.93 0.0 
85149.69 0.33 0.0 
85363.23 0.41 0.0 
85367.76 0.74 0.0 
85601.86 0.43 0.0 
85544.51 0.37 0.0 
85558.67 0.60 0.0 
85726.04 0.75 0.0 
85862.73 0.38 0.0 
85873.88 0.62 0.0 
