131.93 0.42 0.0 
5526.75 0.41 0.0 
7514.17 0.31 0.0 
12224.76 0.46 0.0 
14481.05 0.30 0.0 
17967.89 0.59 0.0 
19037.21 0.58 0.0 
20035.75 0.47 0.0 
20039.45 0.43 0.0 
20142.25 0.40 0.0 
20527.44 0.39 0.0 
21084.39 0.49 0.0 
44490.39 0.69 0.0 
47983.49 0.39 0.0 
48791.88 0.39 0.0 
50563.41 0.49 0.0 
57493.97 0.36 0.0 
63494.03 0.59 0.0 
65031.36 0.35 0.0 
69630.44 0.72 0.0 
69793.63 0.78 0.0 
70979.19 0.75 0.0 
71159.32 0.31 0.0 
78223.45 0.35 0.0 
79785.65 0.42 0.0 
79811.89 0.32 0.0 
79785.67 0.60 0.0 
80739.03 0.34 0.0 
81102.04 0.37 0.0 
81235.61 0.38 0.0 
81614.20 0.49 0.0 
84836.59 0.50 0.0 
