312.89 0.36 0.0 
521.93 0.56 0.0 
521.93 0.39 0.0 
1934.13 0.48 0.0 
2832.40 0.34 0.0 
3344.41 0.43 0.0 
3642.43 0.60 0.0 
3989.51 0.41 0.0 
5103.19 0.42 0.0 
5128.53 0.31 0.0 
5103.21 0.31 0.0 
5502.61 0.47 0.0 
6764.41 0.55 0.0 
6941.08 0.54 0.0 
7404.79 0.62 0.0 
7529.33 0.40 0.0 
7970.57 0.37 0.0 
8219.36 0.63 0.0 
8219.40 0.31 0.0 
8344.56 0.54 0.0 
9085.61 0.62 0.0 
10017.13 0.68 0.0 
10300.76 0.36 0.0 
10198.13 0.82 0.0 
10555.85 0.33 0.0 
10813.56 0.33 0.0 
10991.01 0.60 0.0 
11367.77 0.34 0.0 
11367.81 0.42 0.0 
11443.80 0.61 0.0 
12028.21 0.32 0.0 
12876.61 0.46 0.0 
12876.33 0.35 0.0 
13318.21 0.35 0.0 
13344.25 0.50 0.0 
14279.47 0.78 0.0 
14794.39 0.50 0.0 
15299.57 0.50 0.0 
15495.58 0.34 0.0 
15495.60 0.31 0.0 
15942.96 0.34 0.0 
17137.17 0.51 0.0 
17983.97 0.74 0.0 
19528.20 0.45 0.0 
20808.87 0.68 0.0 
21641.33 0.30 0.0 
21733.68 0.34 0.0 
22798.88 0.45 0.0 
23562.65 0.45 0.0 
23743.68 0.38 0.0 
24343.99 0.64 0.0 
24476.76 0.46 0.0 
24958.30 0.31 0.0 
25452.36 0.32 0.0 
27824.19 0.38 0.0 
28048.08 0.37 0.0 
28214.40 0.37 0.0 
28571.72 0.44 0.0 
29115.65 0.57 0.0 
30208.80 0.35 0.0 
30187.37 0.33 0.0 
32176.32 0.90 0.0 
32176.32 0.57 0.0 
32352.68 0.68 0.0 
34663.92 0.32 0.0 
35035.49 0.59 0.0 
36554.33 0.39 0.0 
37649.11 0.34 0.0 
38591.29 0.36 0.0 
39194.17 0.76 0.0 
39236.01 0.53 0.0 
39911.72 0.53 0.0 
40963.64 0.46 0.0 
41274.60 0.37 0.0 
44215.29 0.41 0.0 
45238.08 0.72 0.0 
45238.03 0.31 0.0 
47424.69 0.42 0.0 
47779.77 0.35 0.0 
49345.29 0.37 0.0 
49698.97 0.37 0.0 
51989.00 0.39 0.0 
52751.23 0.62 0.0 
52699.32 0.46 0.0 
53624.45 0.61 0.0 
55423.71 0.63 0.0 
56184.69 0.48 0.0 
56423.29 0.52 0.0 
57629.09 0.46 0.0 
58018.13 0.31 0.0 
59943.61 0.31 0.0 
59947.79 0.33 0.0 
64615.07 0.30 0.0 
66344.48 0.31 0.0 
67377.61 0.39 0.0 
69162.33 0.51 0.0 
69162.29 0.63 0.0 
69233.77 0.40 0.0 
71351.15 0.35 0.0 
71351.17 0.54 0.0 
71354.40 0.44 0.0 
72100.09 0.34 0.0 
72807.80 0.40 0.0 
74166.49 0.31 0.0 
74713.52 0.42 0.0 
74886.15 0.34 0.0 
75008.93 0.34 0.0 
75298.49 0.43 0.0 
76330.53 0.47 0.0 
78280.73 0.62 0.0 
78392.87 0.33 0.0 
78518.37 0.43 0.0 
80829.35 0.38 0.0 
81221.44 0.41 0.0 
81221.44 0.68 0.0 
81310.77 0.40 0.0 
81847.41 0.47 0.0 
82708.37 0.38 0.0 
83279.28 0.60 0.0 
83696.25 0.41 0.0 
83776.79 0.53 0.0 
83776.85 0.35 0.0 
84209.01 0.72 0.0 
84607.05 0.50 0.0 
85150.21 0.32 0.0 
85195.61 0.30 0.0 
85273.97 0.47 0.0 
85677.33 0.41 0.0 
85986.20 0.41 0.0 
