202.93 0.94 0.0 
202.94 0.90 0.0 
929.19 0.76 0.0 
3074.28 0.66 0.0 
5024.55 0.72 0.0 
7049.19 0.30 0.0 
7238.53 0.34 0.0 
7817.48 0.59 0.0 
7904.57 0.51 0.0 
7963.23 0.33 0.0 
8219.19 0.62 0.0 
8443.63 0.42 0.0 
9494.51 0.42 0.0 
9972.80 0.38 0.0 
11066.77 0.32 0.0 
11356.29 0.35 0.0 
11845.76 0.32 0.0 
12222.28 0.72 0.0 
12222.27 0.96 0.0 
13109.50 0.97 0.0 
13119.90 0.80 0.0 
13109.48 0.67 0.0 
13119.87 0.48 0.0 
13573.73 0.43 0.0 
13554.45 0.38 0.0 
14492.32 0.89 0.0 
14492.35 0.87 0.0 
14632.95 0.32 0.0 
15225.69 0.53 0.0 
16132.00 0.55 0.0 
18164.51 0.78 0.0 
18224.45 0.41 0.0 
19097.17 0.96 0.0 
19109.48 0.56 0.0 
19097.16 0.96 0.0 
19439.13 0.56 0.0 
19709.12 0.54 0.0 
22421.27 0.32 0.0 
23396.56 0.30 0.0 
26722.80 0.76 0.0 
26722.82 0.53 0.0 
27037.79 0.32 0.0 
27133.79 0.46 0.0 
27164.51 0.60 0.0 
27400.67 0.36 0.0 
28337.79 0.37 0.0 
28481.20 0.52 0.0 
31152.88 0.40 0.0 
32563.27 0.35 0.0 
35518.93 0.55 0.0 
35729.53 0.38 0.0 
35997.96 0.44 0.0 
35998.57 0.30 0.0 
37769.16 0.30 0.0 
38983.36 0.36 0.0 
41384.49 0.35 0.0 
43994.33 0.53 0.0 
44999.65 0.40 0.0 
48195.79 0.34 0.0 
48554.51 0.52 0.0 
49033.95 0.46 0.0 
49545.33 0.39 0.0 
52589.23 0.66 0.0 
53279.53 0.38 0.0 
55349.05 0.58 0.0 
58079.09 0.60 0.0 
58773.91 0.39 0.0 
58773.93 0.37 0.0 
59353.09 0.37 0.0 
63814.87 0.39 0.0 
64559.45 0.42 0.0 
66329.07 0.34 0.0 
67168.81 0.36 0.0 
67750.19 0.53 0.0 
69678.25 0.50 0.0 
70421.92 0.35 0.0 
70633.01 0.56 0.0 
70724.15 0.38 0.0 
71594.37 0.50 0.0 
72337.43 0.37 0.0 
74053.59 0.32 0.0 
76491.09 0.38 0.0 
76491.13 0.44 0.0 
77579.45 0.44 0.0 
79574.53 0.31 0.0 
79708.11 0.47 0.0 
79889.05 0.69 0.0 
81763.97 0.35 0.0 
82003.54 0.93 0.0 
82003.56 0.97 0.0 
83221.64 0.63 0.0 
83639.01 0.66 0.0 
84298.12 0.90 0.0 
84237.27 0.50 0.0 
84519.92 0.56 0.0 
84605.67 0.30 0.0 
