537.27 0.31 0.0 
2828.13 0.34 0.0 
10334.87 0.43 0.0 
11444.67 0.42 0.0 
14596.99 0.31 0.0 
14794.45 0.41 0.0 
19787.65 0.53 0.0 
20181.25 0.55 0.0 
20808.91 0.66 0.0 
21097.72 0.35 0.0 
23067.36 0.66 0.0 
24200.61 0.40 0.0 
24200.65 0.47 0.0 
25907.09 0.72 0.0 
27825.55 0.35 0.0 
28742.44 0.35 0.0 
28970.03 0.58 0.0 
29115.81 0.37 0.0 
32176.95 0.49 0.0 
46276.27 0.41 0.0 
47550.55 0.32 0.0 
48310.17 0.62 0.0 
48310.21 0.60 0.0 
50423.68 0.44 0.0 
50423.63 0.31 0.0 
51870.52 0.52 0.0 
52751.23 0.43 0.0 
53311.19 0.34 0.0 
54421.19 0.31 0.0 
55997.76 0.63 0.0 
55997.75 0.31 0.0 
58237.63 0.47 0.0 
58237.77 0.34 0.0 
59432.61 0.42 0.0 
62372.00 0.42 0.0 
62936.97 0.47 0.0 
62925.47 0.81 0.0 
62936.95 0.38 0.0 
63826.03 0.36 0.0 
68867.53 0.43 0.0 
69442.61 0.48 0.0 
69945.99 0.33 0.0 
70282.51 0.40 0.0 
73981.73 0.36 0.0 
74716.05 0.33 0.0 
74707.05 0.35 0.0 
76054.08 0.35 0.0 
78283.33 0.50 0.0 
81905.04 0.50 0.0 
81905.03 0.53 0.0 
81956.89 0.52 0.0 
81956.91 0.49 0.0 
82304.17 0.31 0.0 
83287.69 0.36 0.0 
85877.07 0.38 0.0 
