24012.41 0.57 0.0 
24012.41 0.56 0.0 
25739.48 0.70 0.0 
26185.69 0.31 0.0 
27582.36 0.31 0.0 
28822.40 0.32 0.0 
31840.67 0.41 0.0 
33584.44 0.75 0.0 
33959.48 0.36 0.0 
34753.97 0.52 0.0 
35638.57 0.42 0.0 
37406.56 0.31 0.0 
37722.13 0.63 0.0 
37677.65 0.54 0.0 
37998.97 0.42 0.0 
38433.31 0.50 0.0 
38566.23 0.50 0.0 
39954.56 0.39 0.0 
39954.35 0.49 0.0 
40094.57 0.77 0.0 
40214.51 0.54 0.0 
40414.12 0.33 0.0 
40769.08 0.70 0.0 
40829.24 0.72 0.0 
42810.85 0.32 0.0 
45078.04 0.40 0.0 
45457.91 0.51 0.0 
46634.43 0.82 0.0 
46618.48 0.78 0.0 
47114.23 0.39 0.0 
47054.05 0.55 0.0 
47158.44 0.33 0.0 
47686.13 0.61 0.0 
47998.49 0.57 0.0 
48431.88 0.44 0.0 
49033.77 0.74 0.0 
49483.03 0.40 0.0 
49948.57 0.69 0.0 
50189.51 0.32 0.0 
50413.97 0.38 0.0 
50488.71 0.73 0.0 
50973.45 0.45 0.0 
50999.53 0.41 0.0 
51509.11 0.90 0.0 
51534.44 0.46 0.0 
51702.96 0.66 0.0 
52798.25 0.42 0.0 
54044.48 0.37 0.0 
55253.84 0.46 0.0 
56037.15 0.39 0.0 
56399.25 0.36 0.0 
57538.52 0.54 0.0 
58100.23 0.30 0.0 
59399.57 0.50 0.0 
59570.21 0.54 0.0 
60663.91 0.37 0.0 
60791.96 0.39 0.0 
60799.73 0.47 0.0 
61155.09 0.45 0.0 
61436.56 0.56 0.0 
62019.85 0.46 0.0 
62729.37 0.62 0.0 
64757.77 0.47 0.0 
65353.39 0.69 0.0 
65253.17 0.33 0.0 
65339.25 0.42 0.0 
66209.31 0.58 0.0 
69344.15 0.60 0.0 
69872.77 0.49 0.0 
70272.09 0.44 0.0 
75059.17 0.46 0.0 
76302.88 0.40 0.0 
77314.29 0.50 0.0 
77302.25 0.40 0.0 
77314.31 0.83 0.0 
77341.73 0.40 0.0 
77577.44 0.56 0.0 
78503.31 0.92 0.0 
78503.32 0.95 0.0 
79016.40 0.31 0.0 
79226.45 0.48 0.0 
79622.91 0.49 0.0 
80039.32 0.36 0.0 
80248.68 0.42 0.0 
81854.00 0.67 0.0 
82001.75 0.95 0.0 
82001.75 0.90 0.0 
82378.76 0.75 0.0 
83846.17 0.33 0.0 
84091.81 0.39 0.0 
84404.11 0.91 0.0 
85227.72 0.49 0.0 
85679.09 0.44 0.0 
85737.96 0.47 0.0 
86380.79 0.31 0.0 
