636.80 0.30 0.0 
1800.51 0.68 0.0 
2002.46 0.86 0.0 
2145.48 0.59 0.0 
3478.96 0.39 0.0 
6209.84 0.73 0.0 
7892.11 0.53 0.0 
8493.27 0.35 0.0 
9006.88 0.55 0.0 
9600.63 0.82 0.0 
12222.23 0.46 0.0 
14733.46 0.72 0.0 
19271.75 0.36 0.0 
19271.75 0.49 0.0 
19416.43 0.36 0.0 
20733.81 0.33 0.0 
21120.59 0.39 0.0 
21330.71 0.44 0.0 
22633.93 0.31 0.0 
28617.80 0.44 0.0 
29317.31 0.39 0.0 
29558.11 0.60 0.0 
29763.71 0.37 0.0 
29701.79 0.43 0.0 
31874.83 0.48 0.0 
33113.75 0.56 0.0 
33148.51 0.34 0.0 
33177.15 0.33 0.0 
34097.98 0.56 0.0 
34097.99 0.31 0.0 
35404.00 0.81 0.0 
35404.00 0.51 0.0 
35464.41 0.35 0.0 
35566.71 0.46 0.0 
36065.57 0.39 0.0 
37887.46 0.81 0.0 
38103.45 0.43 0.0 
38750.41 0.46 0.0 
39617.53 0.33 0.0 
39542.34 0.46 0.0 
39542.45 0.49 0.0 
39904.99 0.43 0.0 
40361.97 0.43 0.0 
40321.73 0.31 0.0 
40247.17 0.48 0.0 
40361.91 0.33 0.0 
40865.39 0.33 0.0 
40865.43 0.36 0.0 
41081.95 0.36 0.0 
41375.69 0.35 0.0 
41384.65 0.36 0.0 
41375.71 0.32 0.0 
41499.36 0.31 0.0 
41499.37 0.38 0.0 
41601.18 0.30 0.0 
42509.46 0.68 0.0 
42509.49 0.75 0.0 
42570.88 0.59 0.0 
42623.11 0.45 0.0 
42650.11 0.33 0.0 
42662.11 0.38 0.0 
42650.15 0.43 0.0 
42851.64 0.38 0.0 
43245.47 0.38 0.0 
43395.63 0.61 0.0 
43577.76 0.64 0.0 
43679.16 0.67 0.0 
43801.09 0.57 0.0 
44038.23 0.41 0.0 
44038.25 0.31 0.0 
44543.41 0.34 0.0 
44905.09 0.65 0.0 
44873.11 0.40 0.0 
44905.08 0.67 0.0 
44873.11 0.55 0.0 
45100.89 0.32 0.0 
45104.91 0.45 0.0 
45093.39 0.44 0.0 
45100.92 0.52 0.0 
45169.87 0.31 0.0 
45238.80 0.31 0.0 
46709.33 0.48 0.0 
47613.95 0.36 0.0 
47794.29 0.46 0.0 
47949.76 0.78 0.0 
47949.73 0.48 0.0 
48098.91 0.54 0.0 
48098.91 0.57 0.0 
48238.71 0.36 0.0 
48238.67 0.31 0.0 
48469.45 0.32 0.0 
48684.35 0.34 0.0 
49055.53 0.40 0.0 
49055.53 0.38 0.0 
49362.53 0.31 0.0 
49833.41 0.31 0.0 
49857.56 0.33 0.0 
50056.19 0.38 0.0 
50524.93 0.79 0.0 
50524.97 0.48 0.0 
50840.37 0.47 0.0 
50840.40 0.51 0.0 
50945.79 0.40 0.0 
51145.09 0.51 0.0 
51254.36 0.74 0.0 
51254.39 0.38 0.0 
51378.75 0.54 0.0 
51392.94 0.86 0.0 
51316.68 0.61 0.0 
51342.51 0.52 0.0 
51359.13 0.45 0.0 
51364.37 0.71 0.0 
51359.09 0.56 0.0 
51364.37 0.35 0.0 
51500.27 0.47 0.0 
51513.14 0.82 0.0 
51392.95 0.80 0.0 
51439.52 0.46 0.0 
51456.19 0.69 0.0 
51450.67 0.46 0.0 
51456.21 0.63 0.0 
51465.01 0.60 0.0 
51506.80 0.70 0.0 
51421.51 0.50 0.0 
51434.77 0.63 0.0 
51491.75 0.45 0.0 
51621.17 0.64 0.0 
51513.13 0.82 0.0 
51538.31 0.46 0.0 
51557.95 0.48 0.0 
51563.16 0.60 0.0 
51580.47 0.61 0.0 
51586.64 0.60 0.0 
51604.49 0.70 0.0 
51621.23 0.64 0.0 
51563.13 0.65 0.0 
51529.34 0.75 0.0 
51538.34 0.76 0.0 
51552.67 0.47 0.0 
51586.64 0.46 0.0 
51598.89 0.49 0.0 
51604.45 0.58 0.0 
51747.73 0.71 0.0 
51647.93 0.66 0.0 
51680.87 0.39 0.0 
51734.35 0.30 0.0 
51747.72 0.72 0.0 
51665.54 0.75 0.0 
51647.92 0.76 0.0 
51660.07 0.36 0.0 
51665.51 0.80 0.0 
51807.39 0.43 0.0 
51845.53 0.64 0.0 
51794.33 0.68 0.0 
51788.40 0.32 0.0 
51794.31 0.38 0.0 
51845.56 0.51 0.0 
51875.73 0.63 0.0 
51952.35 0.38 0.0 
51981.45 0.30 0.0 
51958.95 0.33 0.0 
51970.51 0.38 0.0 
52239.47 0.49 0.0 
52239.45 0.74 0.0 
52287.91 0.37 0.0 
52418.61 0.31 0.0 
52428.97 0.48 0.0 
52447.30 0.62 0.0 
52429.07 0.39 0.0 
52447.31 0.51 0.0 
52563.80 0.64 0.0 
52698.67 0.66 0.0 
52658.09 0.55 0.0 
52674.80 0.70 0.0 
52698.65 0.37 0.0 
52620.88 0.67 0.0 
52620.88 0.56 0.0 
52672.52 0.70 0.0 
52674.76 0.37 0.0 
52730.83 0.62 0.0 
52738.61 0.47 0.0 
52759.57 0.60 0.0 
52780.91 0.53 0.0 
52786.17 0.69 0.0 
52759.56 0.57 0.0 
52738.62 0.89 0.0 
52786.17 0.73 0.0 
52844.73 0.44 0.0 
52879.23 0.67 0.0 
52910.23 0.62 0.0 
52916.31 0.65 0.0 
52866.04 0.81 0.0 
52879.21 0.55 0.0 
52866.04 0.78 0.0 
52910.23 0.32 0.0 
52916.29 0.66 0.0 
53025.35 0.30 0.0 
53054.96 0.74 0.0 
54770.20 0.68 0.0 
54770.19 0.46 0.0 
56219.99 0.40 0.0 
56423.07 0.34 0.0 
56509.35 0.79 0.0 
56605.99 0.35 0.0 
57218.87 0.36 0.0 
57678.27 0.57 0.0 
57857.05 0.32 0.0 
57771.63 0.30 0.0 
57771.52 0.32 0.0 
57944.67 0.47 0.0 
58362.31 0.51 0.0 
58317.27 0.32 0.0 
58317.31 0.35 0.0 
58374.13 0.35 0.0 
58565.37 0.41 0.0 
58565.37 0.51 0.0 
58698.15 0.39 0.0 
58677.44 0.73 0.0 
58759.32 0.36 0.0 
58861.06 0.93 0.0 
58861.06 0.83 0.0 
59303.84 0.36 0.0 
59206.86 0.83 0.0 
59214.52 0.58 0.0 
59364.67 0.49 0.0 
59536.87 0.35 0.0 
62794.29 0.46 0.0 
62794.31 0.36 0.0 
63188.71 0.37 0.0 
63396.11 0.35 0.0 
64050.72 0.36 0.0 
64229.66 0.35 0.0 
64148.01 0.39 0.0 
64482.31 0.49 0.0 
64550.97 0.39 0.0 
64550.93 0.40 0.0 
65098.83 0.33 0.0 
65316.77 0.50 0.0 
65324.30 0.70 0.0 
65316.79 0.44 0.0 
65324.29 0.52 0.0 
65387.95 0.48 0.0 
65534.91 0.39 0.0 
65982.01 0.41 0.0 
66346.31 0.39 0.0 
66576.73 0.38 0.0 
67493.91 0.37 0.0 
67762.25 0.43 0.0 
68261.40 0.39 0.0 
68261.41 0.75 0.0 
68459.83 0.33 0.0 
68621.15 0.53 0.0 
68796.11 0.59 0.0 
68796.11 0.44 0.0 
68984.24 0.34 0.0 
69129.63 0.44 0.0 
69129.65 0.43 0.0 
69682.47 0.43 0.0 
69978.93 0.33 0.0 
69916.24 0.40 0.0 
69916.36 0.40 0.0 
70034.24 0.35 0.0 
70221.36 0.90 0.0 
70182.96 0.74 0.0 
70221.35 0.71 0.0 
70724.67 0.33 0.0 
70596.97 0.31 0.0 
70886.75 0.44 0.0 
71854.61 0.40 0.0 
71827.09 0.39 0.0 
71953.41 0.40 0.0 
72219.49 0.76 0.0 
72182.15 0.43 0.0 
72501.31 0.49 0.0 
72912.99 0.52 0.0 
72912.99 0.41 0.0 
73973.52 0.35 0.0 
74299.43 0.53 0.0 
75351.73 0.33 0.0 
75747.99 0.32 0.0 
77343.14 0.62 0.0 
77343.12 0.56 0.0 
77958.75 0.41 0.0 
77933.71 0.49 0.0 
77936.27 0.51 0.0 
78720.03 0.36 0.0 
79664.79 0.44 0.0 
80023.55 0.33 0.0 
81741.12 0.53 0.0 
81756.84 0.37 0.0 
81756.87 0.36 0.0 
81773.83 0.35 0.0 
81996.01 0.54 0.0 
81918.91 0.36 0.0 
82008.31 0.38 0.0 
82008.33 0.37 0.0 
82225.47 0.36 0.0 
82344.89 0.54 0.0 
82279.97 0.46 0.0 
82295.83 0.38 0.0 
82476.00 0.41 0.0 
82379.32 0.76 0.0 
82379.31 0.50 0.0 
82591.41 0.45 0.0 
82475.99 0.42 0.0 
82476.83 0.31 0.0 
82695.49 0.59 0.0 
82591.45 0.44 0.0 
82695.42 0.46 0.0 
82769.99 0.48 0.0 
82951.43 0.42 0.0 
83597.19 0.42 0.0 
84559.11 0.30 0.0 
84739.59 0.33 0.0 
85220.40 0.64 0.0 
85229.58 0.34 0.0 
85363.19 0.44 0.0 
85478.07 0.32 0.0 
85369.93 0.56 0.0 
85477.98 0.58 0.0 
85515.51 0.33 0.0 
85553.31 0.35 0.0 
85559.67 0.40 0.0 
85596.03 0.35 0.0 
85729.51 0.40 0.0 
85927.91 0.35 0.0 
85905.77 0.48 0.0 
86133.47 0.33 0.0 
86291.25 0.32 0.0 
