765.42 0.88 0.0 
765.36 0.90 0.0 
829.64 0.76 0.0 
880.43 0.51 0.0 
2104.03 0.84 0.0 
2127.45 0.33 0.0 
2127.51 0.56 0.0 
2896.21 0.33 0.0 
3885.53 0.78 0.0 
4037.36 0.50 0.0 
4732.77 0.32 0.0 
5423.35 0.37 0.0 
5475.94 0.89 0.0 
6495.81 0.77 0.0 
6561.23 0.54 0.0 
6647.63 0.48 0.0 
6642.15 0.33 0.0 
6647.61 0.36 0.0 
6991.13 0.72 0.0 
7083.27 0.90 0.0 
7331.80 0.54 0.0 
7331.89 0.67 0.0 
7458.25 0.32 0.0 
7726.38 0.55 0.0 
8492.27 0.30 0.0 
8988.12 0.59 0.0 
8988.12 0.47 0.0 
9332.07 0.32 0.0 
10719.36 0.40 0.0 
10719.37 0.47 0.0 
11000.61 0.43 0.0 
11170.83 0.31 0.0 
12096.99 0.35 0.0 
12744.59 0.40 0.0 
12794.67 0.57 0.0 
12744.59 0.45 0.0 
12837.59 0.47 0.0 
12794.63 0.69 0.0 
13038.21 0.71 0.0 
13246.10 0.84 0.0 
13250.95 0.65 0.0 
13300.22 0.58 0.0 
13300.21 0.51 0.0 
13593.08 0.36 0.0 
15210.94 0.62 0.0 
15231.67 0.35 0.0 
15210.91 0.46 0.0 
15989.15 0.41 0.0 
16025.19 0.54 0.0 
16327.19 0.33 0.0 
16563.95 0.38 0.0 
16563.97 0.58 0.0 
16968.04 0.42 0.0 
17991.80 0.94 0.0 
17991.80 0.94 0.0 
18879.79 0.34 0.0 
19109.49 0.47 0.0 
20131.02 0.36 0.0 
20158.87 0.42 0.0 
20158.85 0.86 0.0 
21298.76 0.50 0.0 
21389.97 0.44 0.0 
21387.17 0.36 0.0 
21422.79 0.33 0.0 
21665.45 0.60 0.0 
21906.80 0.35 0.0 
21906.81 0.37 0.0 
22083.47 0.32 0.0 
22231.97 0.42 0.0 
22430.03 0.65 0.0 
22633.34 0.60 0.0 
22633.36 0.70 0.0 
22758.32 0.77 0.0 
22758.32 0.82 0.0 
22990.95 0.37 0.0 
23021.55 0.46 0.0 
22990.96 0.73 0.0 
23089.67 0.35 0.0 
23206.63 0.86 0.0 
23575.91 0.32 0.0 
24718.53 0.41 0.0 
25008.07 0.34 0.0 
25462.65 0.32 0.0 
25560.91 0.30 0.0 
25571.95 0.36 0.0 
25560.81 0.31 0.0 
25571.99 0.39 0.0 
25515.88 0.70 0.0 
25894.98 0.31 0.0 
26094.71 0.40 0.0 
27035.55 0.33 0.0 
27260.87 0.62 0.0 
27260.83 0.32 0.0 
27405.51 0.62 0.0 
27781.33 0.72 0.0 
28476.43 0.33 0.0 
29206.96 0.56 0.0 
29160.41 0.32 0.0 
29164.83 0.37 0.0 
29170.49 0.58 0.0 
29250.47 0.66 0.0 
30542.33 0.48 0.0 
30542.27 0.46 0.0 
30677.64 0.40 0.0 
30677.65 0.75 0.0 
30826.29 0.33 0.0 
30826.31 0.65 0.0 
30833.55 0.35 0.0 
30838.51 0.33 0.0 
30840.55 0.62 0.0 
30974.72 0.74 0.0 
31008.31 0.59 0.0 
31457.20 0.41 0.0 
31457.15 0.34 0.0 
32028.67 0.31 0.0 
32028.67 0.45 0.0 
32714.67 0.45 0.0 
32940.44 0.86 0.0 
33774.40 0.41 0.0 
35882.56 0.82 0.0 
38032.79 0.59 0.0 
38032.71 0.36 0.0 
39010.63 0.39 0.0 
39471.75 0.45 0.0 
39975.66 0.82 0.0 
40920.81 0.72 0.0 
41165.15 0.41 0.0 
41293.19 0.64 0.0 
41880.66 0.88 0.0 
42479.91 0.39 0.0 
42479.89 0.70 0.0 
42490.91 0.62 0.0 
42751.19 0.33 0.0 
42936.75 0.55 0.0 
42936.75 0.57 0.0 
44665.41 0.39 0.0 
46230.84 0.91 0.0 
47147.64 0.47 0.0 
49051.14 0.55 0.0 
49531.31 0.71 0.0 
49982.79 0.38 0.0 
52993.69 0.50 0.0 
53490.87 0.37 0.0 
57539.24 0.46 0.0 
58606.31 0.61 0.0 
59053.44 0.65 0.0 
59603.19 0.31 0.0 
60550.99 0.31 0.0 
60768.77 0.59 0.0 
60768.76 0.75 0.0 
62117.47 0.39 0.0 
62117.43 0.38 0.0 
62359.65 0.77 0.0 
63070.43 0.31 0.0 
63121.09 0.48 0.0 
63566.33 0.32 0.0 
63617.77 0.43 0.0 
64055.15 0.36 0.0 
64055.19 0.42 0.0 
66751.75 0.32 0.0 
72945.55 0.46 0.0 
74551.87 0.51 0.0 
76028.64 0.39 0.0 
77119.91 0.65 0.0 
77119.92 0.60 0.0 
77323.95 0.36 0.0 
77464.79 0.51 0.0 
77464.74 0.45 0.0 
77678.21 0.52 0.0 
77815.48 0.57 0.0 
77815.49 0.51 0.0 
77820.96 0.50 0.0 
78298.99 0.37 0.0 
78631.66 0.63 0.0 
78838.69 0.42 0.0 
79411.21 0.38 0.0 
79710.82 0.47 0.0 
80689.94 0.47 0.0 
80733.61 0.51 0.0 
81150.86 0.91 0.0 
82003.52 0.42 0.0 
82003.51 0.47 0.0 
83693.24 0.83 0.0 
83693.23 0.37 0.0 
83993.45 0.40 0.0 
84342.99 0.40 0.0 
84703.52 0.40 0.0 
84804.02 0.51 0.0 
84797.28 0.86 0.0 
84804.06 0.75 0.0 
84948.24 0.59 0.0 
84948.25 0.79 0.0 
85020.91 0.86 0.0 
84928.39 0.41 0.0 
85020.91 0.83 0.0 
85891.55 0.47 0.0 
86224.28 0.44 0.0 
86224.25 0.62 0.0 
