705.62 0.88 0.0 
1446.31 0.79 0.0 
2250.76 0.77 0.0 
2538.29 0.53 0.0 
6540.59 0.39 0.0 
6829.35 0.37 0.0 
7879.96 0.79 0.0 
7879.95 0.63 0.0 
8156.75 0.46 0.0 
8546.01 0.37 0.0 
8674.59 0.84 0.0 
8674.60 0.67 0.0 
9863.61 0.48 0.0 
10115.05 0.57 0.0 
12186.22 0.60 0.0 
12589.49 0.55 0.0 
12589.51 0.34 0.0 
12873.62 0.79 0.0 
14224.67 0.33 0.0 
14483.18 0.79 0.0 
14483.18 0.87 0.0 
14587.55 0.43 0.0 
14680.17 0.36 0.0 
14772.15 0.67 0.0 
14772.19 0.34 0.0 
14792.79 0.45 0.0 
14851.77 0.54 0.0 
18380.33 0.35 0.0 
18517.64 0.62 0.0 
18955.95 0.66 0.0 
18955.99 0.48 0.0 
21096.99 0.31 0.0 
21152.43 0.40 0.0 
21548.69 0.34 0.0 
21548.67 0.55 0.0 
23162.48 0.45 0.0 
24226.54 0.78 0.0 
24226.52 0.57 0.0 
24797.94 0.68 0.0 
25312.56 0.54 0.0 
25312.55 0.44 0.0 
28072.18 0.65 0.0 
28799.87 0.53 0.0 
35520.51 0.43 0.0 
35976.15 0.65 0.0 
36403.21 0.50 0.0 
37060.58 0.82 0.0 
37844.19 0.31 0.0 
39262.01 0.61 0.0 
39261.97 0.67 0.0 
39814.39 0.33 0.0 
39810.66 0.62 0.0 
40906.00 0.59 0.0 
41515.09 0.42 0.0 
44703.58 0.47 0.0 
45378.86 0.91 0.0 
45378.85 0.88 0.0 
46342.65 0.51 0.0 
46342.69 0.76 0.0 
47997.23 0.65 0.0 
47997.21 0.54 0.0 
48454.81 0.78 0.0 
48649.99 0.31 0.0 
51285.83 0.34 0.0 
51540.59 0.36 0.0 
51747.68 0.56 0.0 
51900.55 0.39 0.0 
52140.47 0.35 0.0 
52140.47 0.41 0.0 
53441.79 0.40 0.0 
54771.41 0.70 0.0 
54771.42 0.78 0.0 
55336.37 0.46 0.0 
64877.91 0.30 0.0 
65908.03 0.45 0.0 
77657.35 0.39 0.0 
78515.73 0.59 0.0 
79052.40 0.58 0.0 
79052.41 0.70 0.0 
83296.82 0.86 0.0 
83296.82 0.89 0.0 
84683.65 0.64 0.0 
86059.60 0.65 0.0 
86278.99 0.66 0.0 
86278.97 0.56 0.0 
