1370.52 0.37 0.0 
2618.53 0.48 0.0 
2618.48 0.31 0.0 
2744.39 0.31 0.0 
6824.51 0.31 0.0 
6824.65 0.41 0.0 
8317.72 0.42 0.0 
8317.68 0.45 0.0 
11458.63 0.34 0.0 
11682.89 0.63 0.0 
11682.83 0.67 0.0 
13650.29 0.47 0.0 
14067.27 0.52 0.0 
15657.29 0.53 0.0 
15879.72 0.63 0.0 
15879.70 0.39 0.0 
17459.05 0.48 0.0 
21548.33 0.35 0.0 
27778.89 0.32 0.0 
28180.53 0.38 0.0 
28318.20 0.31 0.0 
33553.45 0.62 0.0 
35828.69 0.57 0.0 
35830.64 0.32 0.0 
36412.92 0.46 0.0 
36412.95 0.51 0.0 
36884.39 0.84 0.0 
37215.26 0.44 0.0 
39132.84 0.38 0.0 
40752.45 0.42 0.0 
40683.20 0.33 0.0 
45705.01 0.30 0.0 
48109.11 0.34 0.0 
48751.60 0.35 0.0 
52175.81 0.42 0.0 
53560.19 0.38 0.0 
56835.72 0.33 0.0 
57832.03 0.37 0.0 
58059.49 0.67 0.0 
62818.05 0.41 0.0 
63637.73 0.52 0.0 
63907.84 0.36 0.0 
67274.31 0.40 0.0 
67692.37 0.46 0.0 
68609.13 0.60 0.0 
69104.21 0.47 0.0 
69574.08 0.31 0.0 
69712.84 0.42 0.0 
70032.73 0.37 0.0 
70939.40 0.36 0.0 
72251.81 0.32 0.0 
72969.28 0.33 0.0 
74153.06 0.34 0.0 
74339.25 0.39 0.0 
74339.19 0.39 0.0 
75566.73 0.33 0.0 
76184.49 0.58 0.0 
76184.33 0.37 0.0 
76825.20 0.30 0.0 
76859.01 0.45 0.0 
77578.33 0.39 0.0 
80964.48 0.33 0.0 
81831.72 0.45 0.0 
82490.35 0.71 0.0 
82524.49 0.40 0.0 
84119.13 0.40 0.0 
84788.04 0.57 0.0 
