237.47 0.34 0.0 
4367.63 0.34 0.0 
7093.95 0.30 0.0 
7757.47 0.50 0.0 
7786.79 0.41 0.0 
8521.74 0.71 0.0 
12193.23 0.37 0.0 
16847.33 0.39 0.0 
17663.17 0.69 0.0 
17663.17 0.36 0.0 
17707.75 0.79 0.0 
17707.76 0.85 0.0 
17737.75 0.36 0.0 
17751.73 0.68 0.0 
17751.72 0.80 0.0 
18768.58 0.72 0.0 
18768.59 0.35 0.0 
22414.95 0.31 0.0 
22748.79 0.49 0.0 
24316.69 0.35 0.0 
24856.25 0.44 0.0 
29592.67 0.40 0.0 
38893.03 0.38 0.0 
39806.95 0.40 0.0 
40598.70 0.64 0.0 
40644.78 0.74 0.0 
40607.70 0.68 0.0 
40598.73 0.64 0.0 
40607.70 0.73 0.0 
40644.79 0.74 0.0 
43306.75 0.36 0.0 
44305.67 0.34 0.0 
44305.69 0.40 0.0 
44385.60 0.44 0.0 
44385.60 0.66 0.0 
46284.73 0.45 0.0 
48249.69 0.41 0.0 
49196.33 0.46 0.0 
49196.29 0.45 0.0 
