2814.01 0.30 0.0 
3521.05 0.44 0.0 
3837.21 0.32 0.0 
4918.68 0.33 0.0 
5622.67 0.52 0.0 
5848.51 0.82 0.0 
6818.88 0.52 0.0 
7642.61 0.82 0.0 
7642.60 0.83 0.0 
9599.00 0.33 0.0 
11368.69 0.55 0.0 
12418.92 0.63 0.0 
12507.72 0.62 0.0 
13066.11 0.31 0.0 
13272.63 0.62 0.0 
14636.87 0.38 0.0 
14750.49 0.32 0.0 
15388.80 0.37 0.0 
16619.81 0.30 0.0 
16664.19 0.55 0.0 
16758.25 0.33 0.0 
18819.97 0.50 0.0 
18876.12 0.39 0.0 
19083.65 0.40 0.0 
19213.93 0.35 0.0 
19142.01 0.31 0.0 
19304.16 0.36 0.0 
19485.72 0.32 0.0 
20217.63 0.32 0.0 
21655.80 0.47 0.0 
23038.12 0.35 0.0 
24163.77 0.34 0.0 
24809.32 0.31 0.0 
25256.41 0.47 0.0 
26240.41 0.40 0.0 
26240.45 0.39 0.0 
26609.01 0.31 0.0 
26608.97 0.59 0.0 
26876.92 0.32 0.0 
27154.71 0.73 0.0 
27154.72 0.78 0.0 
29578.37 0.43 0.0 
30281.52 0.37 0.0 
32523.91 0.42 0.0 
32699.56 0.67 0.0 
32863.67 0.31 0.0 
32863.60 0.34 0.0 
34893.85 0.51 0.0 
34893.84 0.47 0.0 
35045.16 0.32 0.0 
35428.35 0.79 0.0 
35504.01 0.74 0.0 
39938.98 0.85 0.0 
39938.95 0.81 0.0 
40574.48 0.41 0.0 
40574.41 0.42 0.0 
41526.80 0.64 0.0 
42402.28 0.42 0.0 
42493.45 0.58 0.0 
42773.60 0.97 0.0 
42773.60 0.96 0.0 
43108.68 0.31 0.0 
43703.33 0.38 0.0 
43788.53 0.46 0.0 
43788.57 0.45 0.0 
44442.24 0.42 0.0 
46318.97 0.31 0.0 
47112.68 0.40 0.0 
47743.90 0.31 0.0 
51493.87 0.86 0.0 
51896.28 0.31 0.0 
52854.84 0.38 0.0 
52946.99 0.62 0.0 
53233.15 0.40 0.0 
53413.55 0.58 0.0 
53833.63 0.46 0.0 
58964.48 0.63 0.0 
60900.06 0.96 0.0 
63757.09 0.97 0.0 
63763.83 0.55 0.0 
63757.09 0.98 0.0 
64846.73 0.35 0.0 
65799.64 0.39 0.0 
66042.57 0.35 0.0 
66267.51 0.82 0.0 
66384.82 0.95 0.0 
66384.83 0.95 0.0 
66902.73 0.46 0.0 
70287.99 0.46 0.0 
70828.72 0.70 0.0 
71217.12 0.55 0.0 
71546.43 0.48 0.0 
73106.52 0.68 0.0 
74743.15 0.35 0.0 
77337.67 0.35 0.0 
78552.61 0.41 0.0 
78618.94 0.98 0.0 
78618.93 0.98 0.0 
78637.75 0.51 0.0 
78637.72 0.78 0.0 
79153.96 0.80 0.0 
80608.00 0.33 0.0 
81553.05 0.41 0.0 
83090.21 0.50 0.0 
83889.95 0.66 0.0 
84654.28 0.81 0.0 
84654.28 0.72 0.0 
85108.95 0.36 0.0 
