210.71 0.31 0.0 
6829.57 0.52 0.0 
6829.85 0.41 0.0 
10196.49 0.42 0.0 
10262.03 0.70 0.0 
13811.55 0.39 0.0 
13811.59 0.37 0.0 
14442.23 0.33 0.0 
15076.57 0.58 0.0 
15654.59 0.37 0.0 
15654.53 0.35 0.0 
15739.01 0.51 0.0 
17636.99 0.32 0.0 
18661.27 0.30 0.0 
21437.49 0.46 0.0 
21428.19 0.31 0.0 
23023.05 0.31 0.0 
23023.04 0.47 0.0 
27721.15 0.35 0.0 
27733.93 0.59 0.0 
34249.23 0.39 0.0 
35100.00 0.66 0.0 
35865.91 0.33 0.0 
36522.13 0.73 0.0 
36522.13 0.76 0.0 
40380.71 0.39 0.0 
42956.96 0.38 0.0 
42956.97 0.44 0.0 
43434.51 0.35 0.0 
46459.35 0.40 0.0 
50456.55 0.45 0.0 
50456.51 0.44 0.0 
53209.38 0.43 0.0 
58156.79 0.39 0.0 
58890.51 0.43 0.0 
67652.66 0.41 0.0 
70549.40 0.46 0.0 
76200.47 0.35 0.0 
78660.79 0.40 0.0 
