2799.99 0.41 0.0 
3337.96 0.39 0.0 
3337.94 0.30 0.0 
3466.63 0.30 0.0 
3541.24 0.40 0.0 
3541.31 0.34 0.0 
3572.39 0.35 0.0 
3900.89 0.45 0.0 
4069.63 0.33 0.0 
4051.45 0.37 0.0 
4114.09 0.42 0.0 
4309.17 0.49 0.0 
4295.19 0.47 0.0 
4413.95 0.35 0.0 
4904.57 0.45 0.0 
5285.81 0.32 0.0 
5285.75 0.65 0.0 
5452.47 0.39 0.0 
5594.91 0.62 0.0 
7322.86 0.74 0.0 
8041.79 0.40 0.0 
8449.85 0.71 0.0 
8435.97 0.41 0.0 
8449.83 0.62 0.0 
9422.99 0.48 0.0 
9651.99 0.77 0.0 
10128.61 0.53 0.0 
11360.75 0.43 0.0 
12240.89 0.43 0.0 
12252.21 0.47 0.0 
12240.93 0.47 0.0 
12252.17 0.58 0.0 
12318.03 0.34 0.0 
13851.88 0.69 0.0 
13851.88 0.58 0.0 
14025.53 0.45 0.0 
14862.35 0.35 0.0 
15024.33 0.32 0.0 
15030.61 0.42 0.0 
15491.07 0.65 0.0 
16308.21 0.49 0.0 
17900.21 0.47 0.0 
19082.61 0.47 0.0 
20154.97 0.57 0.0 
21526.84 0.38 0.0 
23014.47 0.33 0.0 
25697.96 0.50 0.0 
27316.39 0.43 0.0 
36083.95 0.31 0.0 
36356.83 0.31 0.0 
36356.82 0.74 0.0 
36513.46 0.56 0.0 
37623.40 0.54 0.0 
39030.59 0.54 0.0 
39856.76 0.67 0.0 
40514.73 0.39 0.0 
42059.82 0.70 0.0 
42646.71 0.39 0.0 
43188.17 0.78 0.0 
43537.40 0.55 0.0 
43537.40 0.68 0.0 
44385.96 0.52 0.0 
45602.39 0.39 0.0 
46099.64 0.32 0.0 
46613.68 0.39 0.0 
49174.92 0.85 0.0 
49174.92 0.69 0.0 
50986.11 0.43 0.0 
51057.32 0.31 0.0 
51022.85 0.60 0.0 
51057.28 0.31 0.0 
51145.56 0.65 0.0 
51145.55 0.83 0.0 
51150.58 0.61 0.0 
52441.37 0.43 0.0 
52447.97 0.34 0.0 
52523.23 0.35 0.0 
53180.45 0.73 0.0 
53416.03 0.33 0.0 
55443.93 0.84 0.0 
55443.92 0.88 0.0 
63031.05 0.68 0.0 
64311.99 0.33 0.0 
64381.67 0.31 0.0 
65853.35 0.44 0.0 
67133.55 0.42 0.0 
67140.51 0.44 0.0 
