1362.68 0.78 0.0 
1962.65 0.62 0.0 
2127.89 0.37 0.0 
2474.53 0.39 0.0 
2804.25 0.41 0.0 
2877.65 0.48 0.0 
2983.84 0.82 0.0 
2993.71 0.36 0.0 
3029.03 0.55 0.0 
3245.85 0.39 0.0 
3337.98 0.48 0.0 
3463.96 0.37 0.0 
3538.93 0.70 0.0 
3538.93 0.52 0.0 
3571.55 0.52 0.0 
3834.77 0.45 0.0 
4067.56 0.74 0.0 
3981.81 0.32 0.0 
4067.56 0.33 0.0 
4080.69 0.78 0.0 
4111.69 0.77 0.0 
4306.99 0.52 0.0 
4380.44 0.58 0.0 
4422.73 0.44 0.0 
4896.89 0.66 0.0 
5285.05 0.52 0.0 
5294.56 0.62 0.0 
5285.04 0.62 0.0 
5449.87 0.48 0.0 
5449.84 0.42 0.0 
5589.74 0.80 0.0 
5769.85 0.33 0.0 
5998.72 0.53 0.0 
6112.35 0.56 0.0 
6129.37 0.43 0.0 
6112.39 0.86 0.0 
6718.53 0.58 0.0 
7318.65 0.56 0.0 
7318.69 0.35 0.0 
7322.28 0.41 0.0 
7463.61 0.58 0.0 
7858.93 0.56 0.0 
8041.85 0.42 0.0 
8447.79 0.69 0.0 
8433.69 0.43 0.0 
8433.70 0.93 0.0 
8447.81 0.60 0.0 
8459.09 0.66 0.0 
8891.29 0.40 0.0 
8861.21 0.89 0.0 
9422.19 0.32 0.0 
9943.13 0.55 0.0 
10124.13 0.46 0.0 
10124.19 0.80 0.0 
11235.16 0.38 0.0 
11360.33 0.73 0.0 
12238.33 0.71 0.0 
12249.73 0.66 0.0 
12238.35 0.76 0.0 
12249.71 0.78 0.0 
12552.32 0.38 0.0 
12569.09 0.34 0.0 
13274.59 0.58 0.0 
13851.49 0.34 0.0 
14025.49 0.34 0.0 
14307.41 0.47 0.0 
14856.92 0.57 0.0 
14856.93 0.60 0.0 
15021.78 0.96 0.0 
15021.78 0.93 0.0 
15465.09 0.36 0.0 
15839.31 0.62 0.0 
16088.57 0.69 0.0 
16080.21 0.37 0.0 
16088.59 0.43 0.0 
16319.47 0.94 0.0 
16376.23 0.91 0.0 
16738.63 0.82 0.0 
17899.09 0.40 0.0 
18357.65 0.44 0.0 
19902.95 0.84 0.0 
20039.53 0.53 0.0 
20073.39 0.42 0.0 
20356.53 0.46 0.0 
23011.84 0.30 0.0 
23141.33 0.78 0.0 
23531.61 0.84 0.0 
23889.85 0.50 0.0 
23837.08 0.31 0.0 
25513.32 0.71 0.0 
25697.09 0.47 0.0 
26249.17 0.33 0.0 
26441.80 0.58 0.0 
27315.37 0.47 0.0 
28439.49 0.59 0.0 
29174.07 0.43 0.0 
29592.55 0.80 0.0 
30041.77 0.74 0.0 
30898.96 0.62 0.0 
31026.08 0.31 0.0 
33686.84 0.47 0.0 
36080.92 0.38 0.0 
36080.90 0.41 0.0 
36354.84 0.64 0.0 
36354.85 0.72 0.0 
37169.35 0.78 0.0 
37622.83 0.33 0.0 
37996.52 0.82 0.0 
38984.41 0.69 0.0 
39118.85 0.42 0.0 
39346.41 0.37 0.0 
39747.82 0.37 0.0 
39747.80 0.84 0.0 
39855.92 0.59 0.0 
39969.79 0.32 0.0 
39865.01 0.34 0.0 
40098.32 0.32 0.0 
40513.17 0.52 0.0 
40660.65 0.50 0.0 
41413.13 0.68 0.0 
41535.53 0.30 0.0 
41728.80 0.32 0.0 
42059.24 0.80 0.0 
42059.27 0.74 0.0 
42613.89 0.51 0.0 
42646.17 0.84 0.0 
42646.16 0.31 0.0 
42762.52 0.31 0.0 
43124.49 0.35 0.0 
43187.68 0.35 0.0 
43213.05 0.74 0.0 
43197.57 0.79 0.0 
43333.20 0.43 0.0 
43379.12 0.81 0.0 
43536.15 0.35 0.0 
43536.24 0.72 0.0 
43588.53 0.33 0.0 
43769.44 0.73 0.0 
43929.36 0.54 0.0 
44009.59 0.81 0.0 
44145.63 0.44 0.0 
44174.09 0.32 0.0 
44279.16 0.62 0.0 
44892.84 0.57 0.0 
44911.05 0.44 0.0 
44911.03 0.87 0.0 
45595.60 0.44 0.0 
45595.60 0.41 0.0 
45643.20 0.51 0.0 
45659.23 0.82 0.0 
45929.35 0.55 0.0 
45980.97 0.42 0.0 
46098.57 0.33 0.0 
46365.87 0.52 0.0 
46377.32 0.32 0.0 
46868.24 0.31 0.0 
47503.56 0.52 0.0 
49173.85 0.73 0.0 
49179.61 0.63 0.0 
49173.84 0.68 0.0 
49498.69 0.31 0.0 
50218.16 0.40 0.0 
50986.12 0.47 0.0 
50962.76 0.61 0.0 
50962.78 0.78 0.0 
50986.13 0.47 0.0 
51057.20 0.71 0.0 
51022.81 0.40 0.0 
51022.78 0.32 0.0 
51057.22 0.82 0.0 
51145.50 0.31 0.0 
52445.55 0.31 0.0 
52445.56 0.32 0.0 
53954.56 0.34 0.0 
54911.52 0.55 0.0 
55441.38 0.94 0.0 
55441.38 0.96 0.0 
57284.23 0.41 0.0 
62518.87 0.45 0.0 
65398.48 0.65 0.0 
66673.08 0.41 0.0 
68546.63 0.47 0.0 
