6826.69 0.35 0.0 
6826.65 0.77 0.0 
8293.19 0.48 0.0 
10821.85 0.38 0.0 
11690.23 0.41 0.0 
11746.87 0.40 0.0 
12112.16 0.34 0.0 
12117.39 0.74 0.0 
12112.18 0.81 0.0 
12117.40 0.60 0.0 
12927.98 0.76 0.0 
12927.99 0.43 0.0 
26956.35 0.42 0.0 
30597.83 0.43 0.0 
33241.87 0.53 0.0 
33299.55 0.38 0.0 
35118.19 0.32 0.0 
35112.69 0.40 0.0 
35112.67 0.39 0.0 
39951.01 0.38 0.0 
42407.50 0.64 0.0 
42361.87 0.31 0.0 
42558.13 0.62 0.0 
42640.79 0.30 0.0 
42558.17 0.33 0.0 
42593.21 0.52 0.0 
42686.60 0.44 0.0 
42702.01 0.35 0.0 
42686.65 0.47 0.0 
43303.83 0.30 0.0 
43410.75 0.39 0.0 
43647.11 0.32 0.0 
43691.75 0.32 0.0 
44120.89 0.33 0.0 
44191.21 0.44 0.0 
44151.76 0.74 0.0 
44159.47 0.31 0.0 
44191.17 0.46 0.0 
44308.55 0.34 0.0 
44420.77 0.46 0.0 
44619.75 0.41 0.0 
44897.57 0.36 0.0 
45052.15 0.32 0.0 
45195.97 0.53 0.0 
45195.99 0.39 0.0 
45228.04 0.34 0.0 
45228.02 0.62 0.0 
45757.67 0.41 0.0 
45797.09 0.52 0.0 
45766.39 0.31 0.0 
45863.08 0.46 0.0 
45777.21 0.57 0.0 
45949.31 0.30 0.0 
46023.41 0.50 0.0 
45987.69 0.47 0.0 
46023.37 0.43 0.0 
46173.71 0.33 0.0 
46194.65 0.58 0.0 
46194.61 0.60 0.0 
46205.17 0.57 0.0 
46211.41 0.41 0.0 
46267.97 0.58 0.0 
46267.99 0.37 0.0 
46285.39 0.33 0.0 
46472.37 0.62 0.0 
46516.85 0.61 0.0 
46524.40 0.60 0.0 
46472.34 0.78 0.0 
46524.41 0.59 0.0 
46850.21 0.31 0.0 
47112.17 0.46 0.0 
47112.19 0.31 0.0 
47156.90 0.78 0.0 
47209.81 0.38 0.0 
47258.72 0.73 0.0 
47268.99 0.43 0.0 
47369.35 0.37 0.0 
47501.23 0.59 0.0 
47456.28 0.54 0.0 
47456.35 0.39 0.0 
47505.23 0.40 0.0 
47518.33 0.37 0.0 
47505.58 0.46 0.0 
47527.05 0.34 0.0 
47596.13 0.32 0.0 
47605.49 0.59 0.0 
47614.07 0.65 0.0 
47614.09 0.39 0.0 
47672.43 0.34 0.0 
47771.49 0.43 0.0 
47855.48 0.59 0.0 
47896.36 0.46 0.0 
47855.51 0.41 0.0 
47880.61 0.43 0.0 
47941.88 0.35 0.0 
47880.56 0.44 0.0 
47941.93 0.68 0.0 
47987.92 0.44 0.0 
48011.17 0.31 0.0 
48166.67 0.48 0.0 
48211.27 0.41 0.0 
48724.71 0.44 0.0 
48823.01 0.54 0.0 
48813.03 0.51 0.0 
48822.97 0.56 0.0 
48936.07 0.32 0.0 
49152.23 0.34 0.0 
49141.21 0.30 0.0 
49321.21 0.68 0.0 
49426.40 0.68 0.0 
50797.85 0.37 0.0 
50797.83 0.49 0.0 
52036.87 0.32 0.0 
52061.92 0.60 0.0 
52061.93 0.48 0.0 
52158.06 0.39 0.0 
52149.35 0.35 0.0 
52242.05 0.38 0.0 
52138.01 0.44 0.0 
52158.03 0.35 0.0 
52164.97 0.57 0.0 
52198.07 0.55 0.0 
52307.65 0.38 0.0 
52394.59 0.47 0.0 
53280.51 0.32 0.0 
53280.51 0.41 0.0 
53783.99 0.58 0.0 
78286.43 0.33 0.0 
80027.16 0.71 0.0 
