3461.15 0.36 0.0 
3656.33 0.38 0.0 
4956.15 0.47 0.0 
5615.23 0.54 0.0 
7319.56 0.64 0.0 
7646.68 0.43 0.0 
7647.44 0.31 0.0 
8286.25 0.39 0.0 
8559.85 0.63 0.0 
10818.61 0.35 0.0 
10932.17 0.38 0.0 
11339.57 0.43 0.0 
11802.55 0.51 0.0 
11787.45 0.36 0.0 
12115.65 0.35 0.0 
12115.61 0.64 0.0 
12823.68 0.32 0.0 
12926.58 0.94 0.0 
12926.57 0.95 0.0 
13574.48 0.33 0.0 
13856.32 0.35 0.0 
14668.48 0.69 0.0 
17464.87 0.55 0.0 
20202.97 0.31 0.0 
21179.28 0.60 0.0 
24506.44 0.32 0.0 
24538.10 0.32 0.0 
28451.24 0.31 0.0 
30074.01 0.39 0.0 
30595.20 0.51 0.0 
30658.63 0.46 0.0 
31780.73 0.52 0.0 
32836.28 0.33 0.0 
32877.65 0.42 0.0 
33298.09 0.57 0.0 
33539.52 0.65 0.0 
33939.85 0.40 0.0 
34694.43 0.49 0.0 
35122.03 0.31 0.0 
36329.25 0.34 0.0 
39459.99 0.57 0.0 
39943.09 0.66 0.0 
39943.09 0.67 0.0 
40212.29 0.33 0.0 
42471.19 0.72 0.0 
42478.96 0.39 0.0 
42471.15 0.82 0.0 
42608.04 0.36 0.0 
42680.29 0.64 0.0 
42680.27 0.53 0.0 
42896.92 0.54 0.0 
42926.24 0.48 0.0 
43156.00 0.52 0.0 
43603.28 0.33 0.0 
44186.13 0.49 0.0 
44248.17 0.49 0.0 
44668.00 0.70 0.0 
45583.64 0.47 0.0 
45877.05 0.70 0.0 
45805.51 0.76 0.0 
45862.95 0.35 0.0 
45974.33 0.45 0.0 
46027.24 0.36 0.0 
46189.97 0.44 0.0 
46199.40 0.37 0.0 
46189.97 0.49 0.0 
46246.51 0.39 0.0 
46469.20 0.64 0.0 
46453.57 0.33 0.0 
46520.25 0.51 0.0 
46516.95 0.43 0.0 
46691.29 0.45 0.0 
46753.87 0.35 0.0 
46753.89 0.38 0.0 
46948.62 0.69 0.0 
47107.45 0.39 0.0 
47154.83 0.80 0.0 
47209.75 0.32 0.0 
47312.12 0.31 0.0 
47512.86 0.61 0.0 
47508.91 0.34 0.0 
47512.86 0.35 0.0 
47599.49 0.56 0.0 
47609.91 0.37 0.0 
47623.64 0.35 0.0 
47576.23 0.43 0.0 
47935.73 0.49 0.0 
47985.11 0.41 0.0 
48011.22 0.39 0.0 
48088.84 0.52 0.0 
48721.44 0.36 0.0 
48721.44 0.51 0.0 
48974.00 0.33 0.0 
49124.51 0.36 0.0 
49333.79 0.34 0.0 
49376.59 0.76 0.0 
49721.93 0.44 0.0 
50172.68 0.56 0.0 
50172.69 0.54 0.0 
50794.16 0.69 0.0 
50794.07 0.35 0.0 
50908.73 0.42 0.0 
51867.41 0.32 0.0 
51987.16 0.57 0.0 
52161.69 0.45 0.0 
52135.01 0.48 0.0 
52135.00 0.74 0.0 
52317.43 0.81 0.0 
52317.41 0.74 0.0 
52391.08 0.61 0.0 
53273.91 0.77 0.0 
53273.96 0.56 0.0 
53789.43 0.83 0.0 
54583.88 0.33 0.0 
56518.96 0.72 0.0 
56968.87 0.73 0.0 
57733.89 0.33 0.0 
66403.56 0.47 0.0 
68909.44 0.70 0.0 
71203.39 0.60 0.0 
74789.07 0.42 0.0 
76289.27 0.75 0.0 
78014.31 0.39 0.0 
78369.63 0.44 0.0 
82242.01 0.49 0.0 
85003.25 0.34 0.0 
85830.31 0.30 0.0 
