105.88 0.38 0.0 
228.07 0.40 0.0 
333.55 0.30 0.0 
334.21 0.35 0.0 
346.87 0.37 0.0 
422.28 0.40 0.0 
711.71 0.39 0.0 
711.69 0.41 0.0 
727.83 0.41 0.0 
797.49 0.36 0.0 
1153.82 0.57 0.0 
1248.72 0.39 0.0 
1248.73 0.40 0.0 
1574.96 0.51 0.0 
1756.31 0.60 0.0 
2014.17 0.41 0.0 
2058.83 0.41 0.0 
2535.55 0.44 0.0 
2574.93 0.46 0.0 
2847.15 0.33 0.0 
2997.75 0.44 0.0 
2997.71 0.39 0.0 
3219.83 0.32 0.0 
3290.15 0.33 0.0 
3271.01 0.37 0.0 
3317.45 0.41 0.0 
3347.17 0.36 0.0 
3435.31 0.36 0.0 
3696.21 0.59 0.0 
3712.25 0.38 0.0 
3774.87 0.34 0.0 
4178.91 0.37 0.0 
4273.59 0.52 0.0 
4533.87 0.46 0.0 
4658.07 0.32 0.0 
4658.11 0.41 0.0 
4831.17 0.35 0.0 
5076.55 0.44 0.0 
5090.95 0.31 0.0 
5146.83 0.39 0.0 
5146.87 0.39 0.0 
5525.55 0.45 0.0 
6017.09 0.41 0.0 
6668.17 0.35 0.0 
6823.40 0.85 0.0 
6803.87 0.62 0.0 
6823.41 0.85 0.0 
6837.41 0.64 0.0 
7187.75 0.48 0.0 
7374.31 0.31 0.0 
7875.07 0.60 0.0 
8014.79 0.37 0.0 
8014.81 0.60 0.0 
8117.43 0.30 0.0 
8299.89 0.40 0.0 
8400.57 0.30 0.0 
8900.15 0.31 0.0 
8887.59 0.34 0.0 
8900.13 0.46 0.0 
8953.64 0.46 0.0 
9177.89 0.45 0.0 
9577.25 0.41 0.0 
9714.99 0.33 0.0 
9806.27 0.45 0.0 
9779.92 0.40 0.0 
9864.35 0.43 0.0 
9806.31 0.33 0.0 
9864.39 0.48 0.0 
9971.89 0.33 0.0 
10063.32 0.48 0.0 
9996.03 0.34 0.0 
10139.35 0.32 0.0 
10415.48 0.30 0.0 
10428.81 0.38 0.0 
10677.13 0.34 0.0 
11072.00 0.33 0.0 
11071.99 0.41 0.0 
11537.16 0.58 0.0 
11593.43 0.61 0.0 
11609.45 0.42 0.0 
11704.40 0.37 0.0 
11896.90 0.60 0.0 
12195.88 0.52 0.0 
12184.21 0.57 0.0 
12184.19 0.30 0.0 
12195.83 0.47 0.0 
12804.87 0.60 0.0 
12804.83 0.40 0.0 
12830.77 0.43 0.0 
13179.65 0.45 0.0 
13253.21 0.53 0.0 
13460.25 0.37 0.0 
13520.64 0.59 0.0 
13480.12 0.39 0.0 
13878.83 0.61 0.0 
14086.15 0.44 0.0 
14160.53 0.50 0.0 
14397.35 0.36 0.0 
14481.49 0.65 0.0 
14458.09 0.30 0.0 
14546.71 0.45 0.0 
14481.47 0.59 0.0 
14508.74 0.72 0.0 
14508.72 0.70 0.0 
14520.30 0.59 0.0 
14520.36 0.77 0.0 
15019.89 0.37 0.0 
15125.81 0.47 0.0 
15125.80 0.49 0.0 
15199.23 0.33 0.0 
15219.71 0.36 0.0 
15330.73 0.69 0.0 
15330.71 0.41 0.0 
15516.91 0.36 0.0 
15779.69 0.62 0.0 
15935.80 0.45 0.0 
16177.93 0.41 0.0 
16430.55 0.49 0.0 
16660.71 0.66 0.0 
16660.71 0.55 0.0 
16734.97 0.54 0.0 
16888.69 0.65 0.0 
17438.11 0.36 0.0 
17406.77 0.32 0.0 
17718.45 0.46 0.0 
17795.97 0.47 0.0 
17937.13 0.32 0.0 
18042.15 0.45 0.0 
18557.55 0.33 0.0 
19144.87 0.33 0.0 
19144.87 0.32 0.0 
19252.37 0.49 0.0 
19252.41 0.32 0.0 
19319.92 0.43 0.0 
19368.87 0.38 0.0 
19757.79 0.30 0.0 
19727.47 0.38 0.0 
20250.15 0.33 0.0 
20580.53 0.40 0.0 
20716.40 0.46 0.0 
21334.48 0.40 0.0 
21742.37 0.54 0.0 
21709.53 0.30 0.0 
22070.55 0.34 0.0 
22154.75 0.37 0.0 
22154.67 0.34 0.0 
22195.44 0.55 0.0 
22275.68 0.56 0.0 
22274.25 0.49 0.0 
23239.67 0.40 0.0 
23565.36 0.58 0.0 
23778.11 0.33 0.0 
23753.59 0.37 0.0 
23778.09 0.38 0.0 
23849.77 0.35 0.0 
23902.43 0.40 0.0 
24032.35 0.32 0.0 
24257.87 0.31 0.0 
24416.87 0.38 0.0 
25032.23 0.61 0.0 
25168.67 0.34 0.0 
25458.71 0.34 0.0 
25458.67 0.38 0.0 
25715.35 0.30 0.0 
26537.63 0.50 0.0 
26725.21 0.33 0.0 
26757.86 0.87 0.0 
26848.34 0.64 0.0 
27270.53 0.34 0.0 
27827.41 0.51 0.0 
27827.39 0.39 0.0 
28424.97 0.33 0.0 
28528.37 0.42 0.0 
28630.29 0.44 0.0 
28789.87 0.34 0.0 
28812.99 0.39 0.0 
28904.84 0.46 0.0 
29018.32 0.32 0.0 
29148.15 0.39 0.0 
29986.29 0.43 0.0 
30085.27 0.32 0.0 
30127.27 0.40 0.0 
30494.41 0.41 0.0 
30861.77 0.31 0.0 
31034.63 0.40 0.0 
31199.84 0.65 0.0 
31441.73 0.47 0.0 
31529.48 0.58 0.0 
31590.56 0.77 0.0 
31710.51 0.50 0.0 
32540.09 0.58 0.0 
32540.13 0.54 0.0 
32792.71 0.40 0.0 
32792.68 0.45 0.0 
33019.39 0.33 0.0 
33113.94 0.66 0.0 
33113.95 0.65 0.0 
34242.85 0.53 0.0 
34242.85 0.35 0.0 
34326.19 0.35 0.0 
34397.75 0.41 0.0 
34574.32 0.36 0.0 
34760.72 0.35 0.0 
34760.75 0.30 0.0 
35121.33 0.57 0.0 
35234.29 0.38 0.0 
35204.95 0.43 0.0 
35234.31 0.39 0.0 
35254.97 0.38 0.0 
35371.03 0.46 0.0 
35371.03 0.57 0.0 
35389.27 0.30 0.0 
35410.31 0.41 0.0 
36241.39 0.31 0.0 
36374.31 0.32 0.0 
36445.62 0.47 0.0 
36434.48 0.35 0.0 
36445.61 0.40 0.0 
36579.77 0.40 0.0 
36785.04 0.33 0.0 
36881.97 0.37 0.0 
37008.39 0.79 0.0 
37019.62 0.79 0.0 
36996.09 0.47 0.0 
37008.39 0.91 0.0 
37079.60 0.32 0.0 
37494.83 0.51 0.0 
38022.40 0.49 0.0 
38022.39 0.48 0.0 
38036.11 0.31 0.0 
38193.47 0.37 0.0 
39138.91 0.37 0.0 
39114.45 0.49 0.0 
39335.93 0.40 0.0 
39483.83 0.44 0.0 
39483.83 0.50 0.0 
39687.39 0.59 0.0 
39687.40 0.72 0.0 
39942.13 0.65 0.0 
39942.13 0.57 0.0 
41059.51 0.31 0.0 
41193.29 0.45 0.0 
41159.99 0.32 0.0 
41193.23 0.41 0.0 
41570.40 0.83 0.0 
41580.01 0.79 0.0 
41570.39 0.77 0.0 
42215.20 0.58 0.0 
42215.19 0.51 0.0 
42584.09 0.37 0.0 
43782.45 0.41 0.0 
44044.31 0.32 0.0 
44258.17 0.32 0.0 
44281.63 0.67 0.0 
44466.83 0.48 0.0 
44466.85 0.64 0.0 
44565.59 0.45 0.0 
44576.55 0.35 0.0 
44782.27 0.35 0.0 
45259.45 0.52 0.0 
45224.41 0.45 0.0 
45259.43 0.35 0.0 
45396.09 0.43 0.0 
45855.89 0.54 0.0 
45976.19 0.35 0.0 
46114.41 0.31 0.0 
46459.17 0.36 0.0 
46517.35 0.30 0.0 
46875.95 0.34 0.0 
47155.12 0.54 0.0 
47196.05 0.37 0.0 
47485.33 0.32 0.0 
47471.64 0.68 0.0 
47545.61 0.65 0.0 
47471.68 0.74 0.0 
47545.56 0.50 0.0 
47861.63 0.44 0.0 
48337.33 0.39 0.0 
48996.03 0.37 0.0 
48996.09 0.33 0.0 
49247.09 0.36 0.0 
49291.49 0.31 0.0 
49420.85 0.33 0.0 
49420.89 0.57 0.0 
49438.79 0.33 0.0 
49446.63 0.41 0.0 
49554.99 0.36 0.0 
49596.09 0.35 0.0 
49657.89 0.41 0.0 
49824.97 0.59 0.0 
50178.59 0.42 0.0 
50943.78 0.84 0.0 
50943.81 0.36 0.0 
50954.05 0.62 0.0 
50984.99 0.38 0.0 
51519.41 0.54 0.0 
51808.91 0.46 0.0 
51808.91 0.34 0.0 
51996.03 0.30 0.0 
52053.98 0.39 0.0 
52230.59 0.42 0.0 
52595.83 0.30 0.0 
53099.45 0.31 0.0 
53170.95 0.52 0.0 
53384.83 0.86 0.0 
53385.91 0.46 0.0 
53394.79 0.36 0.0 
53902.69 0.37 0.0 
53902.69 0.52 0.0 
53977.88 0.83 0.0 
53977.88 0.56 0.0 
53992.06 0.32 0.0 
54130.41 0.52 0.0 
54287.25 0.36 0.0 
54287.25 0.50 0.0 
54358.99 0.41 0.0 
54597.17 0.34 0.0 
54694.79 0.38 0.0 
55075.05 0.55 0.0 
55699.87 0.30 0.0 
55724.74 0.71 0.0 
55739.73 0.41 0.0 
55985.83 0.43 0.0 
56793.23 0.40 0.0 
57573.76 0.43 0.0 
57573.76 0.46 0.0 
57760.09 0.41 0.0 
58018.59 0.37 0.0 
58283.77 0.62 0.0 
58422.81 0.31 0.0 
58443.55 0.34 0.0 
59196.09 0.45 0.0 
59196.09 0.50 0.0 
59533.51 0.32 0.0 
59661.01 0.53 0.0 
60340.65 0.32 0.0 
60395.35 0.45 0.0 
60996.08 0.30 0.0 
61334.65 0.33 0.0 
61595.65 0.31 0.0 
61866.05 0.46 0.0 
61983.32 0.47 0.0 
62619.87 0.38 0.0 
63558.97 0.31 0.0 
63723.99 0.34 0.0 
63724.04 0.45 0.0 
63776.11 0.31 0.0 
63964.39 0.34 0.0 
64768.54 0.59 0.0 
64770.59 0.37 0.0 
64868.01 0.43 0.0 
64936.99 0.32 0.0 
65314.92 0.48 0.0 
65768.22 0.55 0.0 
66248.41 0.57 0.0 
66457.73 0.38 0.0 
66531.47 0.53 0.0 
66531.47 0.41 0.0 
67596.05 0.45 0.0 
67540.83 0.33 0.0 
67596.05 0.53 0.0 
68196.05 0.41 0.0 
68601.63 0.31 0.0 
69507.20 0.52 0.0 
70688.59 0.36 0.0 
71071.31 0.30 0.0 
72320.81 0.45 0.0 
72375.27 0.35 0.0 
72394.71 0.36 0.0 
72746.09 0.39 0.0 
73533.27 0.32 0.0 
74025.59 0.54 0.0 
74418.39 0.34 0.0 
74727.17 0.42 0.0 
74961.32 0.35 0.0 
77218.09 0.53 0.0 
77423.99 0.35 0.0 
77424.01 0.41 0.0 
77603.21 0.32 0.0 
