309.05 0.67 0.0 
862.02 0.77 0.0 
862.01 0.47 0.0 
1302.41 0.47 0.0 
1302.41 0.32 0.0 
1647.51 0.32 0.0 
3111.00 0.59 0.0 
3130.72 0.50 0.0 
3130.72 0.67 0.0 
5056.12 0.42 0.0 
5276.69 0.34 0.0 
6838.85 0.66 0.0 
6824.33 0.53 0.0 
6824.23 0.44 0.0 
6838.87 0.41 0.0 
8416.17 0.43 0.0 
8477.03 0.37 0.0 
12220.23 0.34 0.0 
13410.99 0.38 0.0 
13660.86 0.39 0.0 
14415.55 0.34 0.0 
14516.18 0.70 0.0 
14506.07 0.55 0.0 
15727.46 0.42 0.0 
15727.47 0.76 0.0 
18832.45 0.50 0.0 
18832.44 0.38 0.0 
18905.92 0.52 0.0 
36353.92 0.44 0.0 
37232.64 0.68 0.0 
37232.65 0.74 0.0 
40016.21 0.52 0.0 
44504.75 0.30 0.0 
49262.65 0.38 0.0 
50364.16 0.65 0.0 
50364.14 0.73 0.0 
74042.42 0.59 0.0 
75301.67 0.38 0.0 
80154.13 0.48 0.0 
80331.63 0.32 0.0 
81035.27 0.42 0.0 
81259.62 0.60 0.0 
81259.60 0.37 0.0 
81884.64 0.52 0.0 
82145.71 0.38 0.0 
82413.58 0.38 0.0 
82456.37 0.43 0.0 
83298.63 0.33 0.0 
83946.83 0.32 0.0 
84646.85 0.49 0.0 
84636.15 0.35 0.0 
85012.17 0.61 0.0 
85012.19 0.37 0.0 
85643.07 0.35 0.0 
