333.51 0.43 0.0 
314.32 0.38 0.0 
350.97 0.50 0.0 
350.95 0.40 0.0 
915.73 0.51 0.0 
1601.23 0.36 0.0 
3328.83 0.80 0.0 
3642.91 0.74 0.0 
4301.41 0.32 0.0 
4819.37 0.37 0.0 
5441.59 0.38 0.0 
6072.64 0.36 0.0 
6134.60 0.58 0.0 
6704.35 0.86 0.0 
6821.95 0.95 0.0 
6802.87 0.31 0.0 
6821.96 0.95 0.0 
6828.85 0.32 0.0 
7079.48 0.46 0.0 
7569.67 0.33 0.0 
7638.57 0.67 0.0 
7638.56 0.60 0.0 
7962.27 0.77 0.0 
7830.12 0.35 0.0 
7872.03 0.45 0.0 
8097.79 0.36 0.0 
8174.04 0.73 0.0 
8261.77 0.54 0.0 
8529.51 0.34 0.0 
8579.48 0.51 0.0 
8983.64 0.44 0.0 
9118.64 0.96 0.0 
9177.88 0.45 0.0 
9581.77 0.81 0.0 
9683.77 0.33 0.0 
10456.44 0.35 0.0 
10512.27 0.35 0.0 
11216.16 0.71 0.0 
11592.33 0.94 0.0 
11592.35 0.38 0.0 
11606.35 0.68 0.0 
11728.99 0.34 0.0 
12061.79 0.36 0.0 
12181.96 0.71 0.0 
12255.53 0.56 0.0 
12509.57 0.71 0.0 
12702.97 0.38 0.0 
12752.67 0.31 0.0 
12702.93 0.46 0.0 
12803.35 0.94 0.0 
12803.35 0.96 0.0 
12928.55 0.36 0.0 
13184.57 0.69 0.0 
13128.16 0.32 0.0 
13250.75 0.36 0.0 
13250.75 0.64 0.0 
13258.51 0.59 0.0 
13679.67 0.34 0.0 
13974.76 0.31 0.0 
14143.68 0.49 0.0 
14479.38 0.93 0.0 
14479.39 0.90 0.0 
14506.80 0.84 0.0 
14506.79 0.86 0.0 
14517.91 0.33 0.0 
15223.80 0.53 0.0 
15265.46 0.66 0.0 
15384.03 0.31 0.0 
15389.51 0.46 0.0 
15514.25 0.61 0.0 
15416.72 0.49 0.0 
15417.84 0.38 0.0 
15514.24 0.74 0.0 
15762.88 0.36 0.0 
16289.51 0.63 0.0 
16427.92 0.44 0.0 
16427.95 0.48 0.0 
16659.37 0.32 0.0 
16617.13 0.31 0.0 
16739.49 0.77 0.0 
16886.47 0.45 0.0 
16993.71 0.50 0.0 
17123.07 0.30 0.0 
17428.05 0.68 0.0 
17954.28 0.47 0.0 
18063.25 0.36 0.0 
18105.21 0.35 0.0 
18133.69 0.43 0.0 
18299.48 0.71 0.0 
18331.25 0.40 0.0 
18556.28 0.56 0.0 
18556.32 0.71 0.0 
18567.52 0.75 0.0 
18975.04 0.40 0.0 
18951.51 0.40 0.0 
19259.58 0.41 0.0 
19496.56 0.39 0.0 
19527.88 0.42 0.0 
20007.44 0.46 0.0 
20129.37 0.46 0.0 
20296.39 0.48 0.0 
20579.49 0.34 0.0 
20932.37 0.41 0.0 
20993.41 0.33 0.0 
20993.39 0.46 0.0 
21149.04 0.61 0.0 
21374.45 0.40 0.0 
22150.72 0.64 0.0 
22195.42 0.73 0.0 
22271.88 0.48 0.0 
22603.73 0.37 0.0 
22498.71 0.80 0.0 
22635.09 0.49 0.0 
22753.12 0.39 0.0 
22769.27 0.76 0.0 
23173.85 0.35 0.0 
23239.19 0.32 0.0 
23398.04 0.77 0.0 
23633.60 0.42 0.0 
23654.35 0.36 0.0 
23923.04 0.58 0.0 
23970.55 0.59 0.0 
24087.53 0.41 0.0 
24399.76 0.32 0.0 
24329.37 0.30 0.0 
24596.93 0.46 0.0 
24728.04 0.37 0.0 
24874.64 0.48 0.0 
25031.45 0.64 0.0 
25055.16 0.35 0.0 
25077.96 0.52 0.0 
25184.12 0.58 0.0 
25243.92 0.62 0.0 
25482.73 0.62 0.0 
25663.84 0.52 0.0 
26176.79 0.46 0.0 
26256.63 0.38 0.0 
26564.13 0.31 0.0 
26757.00 0.74 0.0 
27127.96 0.32 0.0 
27133.87 0.59 0.0 
27165.20 0.65 0.0 
27264.64 0.46 0.0 
27301.32 0.38 0.0 
27329.23 0.82 0.0 
27704.88 0.31 0.0 
27717.45 0.35 0.0 
27867.77 0.37 0.0 
28104.66 0.44 0.0 
28138.60 0.31 0.0 
28259.44 0.57 0.0 
28454.45 0.38 0.0 
28454.47 0.40 0.0 
28544.47 0.33 0.0 
28812.97 0.51 0.0 
28827.16 0.37 0.0 
29354.40 0.63 0.0 
29500.77 0.35 0.0 
29641.60 0.36 0.0 
29669.32 0.78 0.0 
30012.96 0.41 0.0 
30164.12 0.60 0.0 
30088.83 0.35 0.0 
30089.35 0.72 0.0 
30125.61 0.40 0.0 
30203.80 0.51 0.0 
31004.03 0.41 0.0 
30972.23 0.47 0.0 
31034.13 0.46 0.0 
31123.91 0.38 0.0 
31047.44 0.32 0.0 
31153.53 0.39 0.0 
31335.12 0.30 0.0 
31424.28 0.73 0.0 
31525.97 0.40 0.0 
31576.10 0.38 0.0 
31525.95 0.67 0.0 
31644.76 0.34 0.0 
31767.52 0.56 0.0 
31798.77 0.48 0.0 
32539.35 0.49 0.0 
32540.03 0.31 0.0 
32437.75 0.35 0.0 
32539.40 0.56 0.0 
32540.02 0.46 0.0 
32639.51 0.69 0.0 
33084.87 0.32 0.0 
33112.16 0.56 0.0 
33459.56 0.89 0.0 
33459.56 0.43 0.0 
33824.60 0.71 0.0 
34004.25 0.38 0.0 
34241.61 0.72 0.0 
34241.61 0.32 0.0 
34288.48 0.44 0.0 
34396.44 0.32 0.0 
34423.39 0.30 0.0 
34396.39 0.60 0.0 
34513.80 0.46 0.0 
34799.32 0.86 0.0 
34889.01 0.84 0.0 
34998.84 0.40 0.0 
35149.67 0.40 0.0 
35293.18 0.34 0.0 
35364.05 0.58 0.0 
36887.31 0.48 0.0 
36973.32 0.32 0.0 
37007.23 0.44 0.0 
37018.23 0.33 0.0 
37007.24 0.50 0.0 
37019.55 0.84 0.0 
37136.99 0.46 0.0 
37604.24 0.68 0.0 
38020.49 0.42 0.0 
38020.53 0.57 0.0 
39314.51 0.61 0.0 
39447.61 0.38 0.0 
39468.19 0.37 0.0 
39468.20 0.58 0.0 
39733.84 0.58 0.0 
39846.48 0.32 0.0 
39935.01 0.81 0.0 
39934.33 0.46 0.0 
39935.04 0.57 0.0 
40745.77 0.37 0.0 
41157.07 0.70 0.0 
41157.08 0.63 0.0 
41383.95 0.80 0.0 
41339.00 0.82 0.0 
41383.88 0.73 0.0 
41567.75 0.56 0.0 
41578.15 0.56 0.0 
41682.28 0.75 0.0 
41567.77 0.62 0.0 
41578.15 0.67 0.0 
41610.21 0.31 0.0 
42583.71 0.54 0.0 
43782.43 0.34 0.0 
44281.62 0.79 0.0 
44466.25 0.53 0.0 
44465.45 0.34 0.0 
44466.27 0.30 0.0 
44575.72 0.36 0.0 
44653.24 0.49 0.0 
44744.19 0.47 0.0 
45224.41 0.53 0.0 
45190.17 0.46 0.0 
45396.05 0.31 0.0 
46133.32 0.40 0.0 
47470.88 0.77 0.0 
47544.74 0.39 0.0 
47470.88 0.77 0.0 
47953.91 0.86 0.0 
49245.92 0.49 0.0 
49258.97 0.49 0.0 
49618.31 0.33 0.0 
50984.25 0.42 0.0 
50941.63 0.72 0.0 
50953.99 0.56 0.0 
50943.74 0.33 0.0 
50983.80 0.47 0.0 
51519.39 0.33 0.0 
51494.51 0.41 0.0 
52120.39 0.36 0.0 
52258.01 0.61 0.0 
52257.99 0.91 0.0 
52934.31 0.53 0.0 
53383.67 0.80 0.0 
53637.11 0.39 0.0 
53924.27 0.33 0.0 
53975.77 0.62 0.0 
53975.77 0.37 0.0 
53976.93 0.31 0.0 
53988.21 0.47 0.0 
53988.20 0.43 0.0 
54269.56 0.40 0.0 
54279.96 0.37 0.0 
54692.68 0.65 0.0 
54680.05 0.33 0.0 
54692.69 0.70 0.0 
55074.97 0.34 0.0 
55724.04 0.89 0.0 
55724.05 0.71 0.0 
56204.47 0.32 0.0 
56656.01 0.37 0.0 
58482.91 0.34 0.0 
61981.81 0.85 0.0 
61981.78 0.50 0.0 
62041.32 0.76 0.0 
63261.93 0.69 0.0 
63261.93 0.73 0.0 
64258.23 0.72 0.0 
64393.72 0.31 0.0 
66013.31 0.31 0.0 
66248.37 0.36 0.0 
67364.42 0.37 0.0 
69450.77 0.41 0.0 
69539.43 0.37 0.0 
70475.69 0.49 0.0 
71309.31 0.38 0.0 
71369.57 0.42 0.0 
72193.89 0.50 0.0 
72523.96 0.35 0.0 
72629.19 0.36 0.0 
73376.75 0.45 0.0 
73499.48 0.37 0.0 
73678.81 0.61 0.0 
73739.29 0.54 0.0 
74368.97 0.35 0.0 
74504.37 0.54 0.0 
76124.49 0.67 0.0 
77789.59 0.69 0.0 
78509.49 0.41 0.0 
83909.49 0.48 0.0 
