146.83 0.37 0.0 
152.83 0.51 0.0 
163.15 0.46 0.0 
152.84 0.80 0.0 
163.12 0.77 0.0 
234.52 0.87 0.0 
234.52 0.89 0.0 
394.23 0.32 0.0 
497.44 0.67 0.0 
450.76 0.93 0.0 
1199.87 0.33 0.0 
1200.95 0.35 0.0 
1208.59 0.53 0.0 
1862.32 0.70 0.0 
1862.33 0.75 0.0 
2045.19 0.44 0.0 
2045.22 0.89 0.0 
2132.70 0.50 0.0 
2107.70 0.61 0.0 
2107.73 0.69 0.0 
2132.66 0.76 0.0 
3310.75 0.87 0.0 
3339.50 0.35 0.0 
3534.81 0.33 0.0 
3658.76 0.79 0.0 
3723.88 0.45 0.0 
3723.86 0.72 0.0 
3797.86 0.74 0.0 
3767.32 0.90 0.0 
3767.32 0.90 0.0 
3797.87 0.75 0.0 
4015.12 0.35 0.0 
4018.69 0.71 0.0 
4015.13 0.53 0.0 
4212.24 0.75 0.0 
4270.93 0.32 0.0 
4270.97 0.44 0.0 
4450.18 0.44 0.0 
4450.15 0.88 0.0 
4474.62 0.56 0.0 
4564.35 0.44 0.0 
4621.77 0.31 0.0 
5115.53 0.76 0.0 
5112.91 0.56 0.0 
5401.51 0.39 0.0 
5503.90 0.70 0.0 
5521.08 0.75 0.0 
6270.51 0.31 0.0 
6279.35 0.43 0.0 
6831.70 0.57 0.0 
6831.77 0.63 0.0 
7216.09 0.81 0.0 
7420.05 0.32 0.0 
7809.47 0.35 0.0 
8894.63 0.39 0.0 
9655.81 0.34 0.0 
9655.83 0.45 0.0 
9991.57 0.50 0.0 
10332.55 0.39 0.0 
10398.97 0.53 0.0 
11095.02 0.42 0.0 
11094.87 0.63 0.0 
11712.24 0.42 0.0 
12360.67 0.72 0.0 
12795.93 0.56 0.0 
13227.88 0.53 0.0 
13300.05 0.69 0.0 
13260.55 0.32 0.0 
13546.73 0.44 0.0 
13892.79 0.38 0.0 
13980.65 0.53 0.0 
14034.12 0.82 0.0 
14112.55 0.43 0.0 
14229.75 0.44 0.0 
14348.75 0.31 0.0 
14348.71 0.39 0.0 
14508.51 0.34 0.0 
14512.57 0.39 0.0 
14520.97 0.56 0.0 
14797.11 0.43 0.0 
15422.56 0.64 0.0 
15677.79 0.63 0.0 
15704.17 0.33 0.0 
16006.17 0.52 0.0 
16862.37 0.45 0.0 
17026.27 0.36 0.0 
17026.27 0.40 0.0 
17238.46 0.36 0.0 
17259.39 0.55 0.0 
17259.40 0.73 0.0 
18022.77 0.61 0.0 
18497.45 0.46 0.0 
18466.11 0.31 0.0 
18485.19 0.51 0.0 
18570.69 0.52 0.0 
18669.55 0.33 0.0 
19631.96 0.40 0.0 
19701.49 0.51 0.0 
19701.45 0.42 0.0 
19822.13 0.53 0.0 
19822.17 0.32 0.0 
19948.92 0.65 0.0 
19948.91 0.43 0.0 
19952.03 0.35 0.0 
20180.97 0.69 0.0 
20385.95 0.45 0.0 
20385.96 0.73 0.0 
20805.71 0.30 0.0 
20816.08 0.54 0.0 
21076.29 0.44 0.0 
21330.48 0.35 0.0 
21510.49 0.32 0.0 
22805.41 0.30 0.0 
23049.96 0.59 0.0 
24557.79 0.58 0.0 
24557.79 0.51 0.0 
24630.47 0.36 0.0 
25305.93 0.41 0.0 
25665.05 0.36 0.0 
25937.27 0.32 0.0 
26617.43 0.41 0.0 
26787.57 0.68 0.0 
26787.56 0.68 0.0 
27675.59 0.37 0.0 
28021.69 0.77 0.0 
28029.41 0.70 0.0 
28352.68 0.42 0.0 
29026.29 0.85 0.0 
29087.51 0.55 0.0 
29106.23 0.37 0.0 
29439.35 0.31 0.0 
29654.19 0.31 0.0 
29971.86 0.73 0.0 
30108.31 0.43 0.0 
30285.46 0.55 0.0 
30285.53 0.34 0.0 
30423.92 0.91 0.0 
30423.92 0.82 0.0 
30646.48 0.60 0.0 
31092.79 0.43 0.0 
31092.57 0.36 0.0 
31435.43 0.36 0.0 
31465.47 0.37 0.0 
31531.28 0.75 0.0 
32265.94 0.88 0.0 
32626.44 0.73 0.0 
32915.35 0.32 0.0 
32915.31 0.33 0.0 
33294.56 0.76 0.0 
33345.95 0.34 0.0 
34400.79 0.33 0.0 
34487.21 0.68 0.0 
35886.79 0.33 0.0 
35953.01 0.36 0.0 
36623.93 0.33 0.0 
36723.85 0.39 0.0 
37802.09 0.37 0.0 
38311.44 0.84 0.0 
39452.05 0.56 0.0 
39800.47 0.34 0.0 
40231.13 0.55 0.0 
40605.33 0.70 0.0 
41356.61 0.38 0.0 
41438.87 0.56 0.0 
41438.84 0.79 0.0 
41904.70 0.45 0.0 
41909.65 0.80 0.0 
42180.70 0.88 0.0 
43371.75 0.30 0.0 
43371.79 0.37 0.0 
43437.53 0.31 0.0 
44731.91 0.32 0.0 
45031.48 0.57 0.0 
45403.87 0.41 0.0 
47086.97 0.34 0.0 
47442.32 0.45 0.0 
50958.89 0.66 0.0 
50958.93 0.66 0.0 
51631.47 0.34 0.0 
53760.61 0.90 0.0 
54181.67 0.39 0.0 
54986.39 0.32 0.0 
55457.09 0.42 0.0 
57408.71 0.34 0.0 
59582.77 0.37 0.0 
59935.59 0.33 0.0 
59935.63 0.44 0.0 
61217.43 0.36 0.0 
62564.67 0.35 0.0 
62626.49 0.46 0.0 
62645.93 0.34 0.0 
67095.62 0.92 0.0 
68333.07 0.32 0.0 
70980.07 0.30 0.0 
71416.31 0.36 0.0 
73711.01 0.69 0.0 
74543.07 0.37 0.0 
75445.79 0.32 0.0 
76343.07 0.30 0.0 
76830.44 0.92 0.0 
79113.71 0.41 0.0 
80055.61 0.68 0.0 
80053.08 0.42 0.0 
80484.78 0.89 0.0 
80961.59 0.35 0.0 
81670.93 0.65 0.0 
81670.93 0.64 0.0 
81946.20 0.73 0.0 
82279.90 0.90 0.0 
82337.38 0.86 0.0 
82249.33 0.53 0.0 
82267.35 0.37 0.0 
82279.88 0.88 0.0 
82483.29 0.49 0.0 
82508.85 0.58 0.0 
82483.22 0.81 0.0 
82508.81 0.83 0.0 
83217.37 0.38 0.0 
83217.39 0.47 0.0 
85465.31 0.34 0.0 
85949.36 0.59 0.0 
85949.36 0.81 0.0 
85985.28 0.56 0.0 
