146.34 0.81 0.0 
159.51 0.68 0.0 
146.33 0.92 0.0 
159.50 0.95 0.0 
233.82 0.90 0.0 
233.83 0.91 0.0 
394.07 0.58 0.0 
389.40 0.56 0.0 
394.08 0.70 0.0 
886.41 0.62 0.0 
886.40 0.64 0.0 
1356.36 0.36 0.0 
1356.33 0.39 0.0 
1410.09 0.79 0.0 
1527.78 0.70 0.0 
1527.78 0.95 0.0 
1855.99 0.92 0.0 
1856.00 0.78 0.0 
2045.14 0.35 0.0 
2132.61 0.45 0.0 
2103.34 0.95 0.0 
2103.34 0.90 0.0 
2995.03 0.94 0.0 
2995.03 0.90 0.0 
3215.92 0.35 0.0 
3215.92 0.54 0.0 
3310.71 0.69 0.0 
3307.03 0.52 0.0 
3328.60 0.78 0.0 
3339.53 0.31 0.0 
3531.85 0.37 0.0 
3658.24 0.50 0.0 
3658.71 0.65 0.0 
3797.32 0.74 0.0 
3773.88 0.34 0.0 
3764.96 0.79 0.0 
3797.32 0.72 0.0 
4012.77 0.90 0.0 
4012.78 0.94 0.0 
4018.66 0.76 0.0 
4127.40 0.33 0.0 
4203.32 0.86 0.0 
4212.15 0.38 0.0 
4203.32 0.75 0.0 
4474.59 0.86 0.0 
4377.95 0.58 0.0 
4450.13 0.48 0.0 
4474.60 0.33 0.0 
4564.13 0.31 0.0 
4564.18 0.40 0.0 
5015.01 0.54 0.0 
5014.98 0.38 0.0 
5112.17 0.49 0.0 
5502.92 0.63 0.0 
5463.90 0.41 0.0 
5463.89 0.76 0.0 
5892.24 0.58 0.0 
6301.60 0.84 0.0 
6820.25 0.72 0.0 
6794.45 0.36 0.0 
6820.24 0.52 0.0 
7157.38 0.70 0.0 
7157.44 0.41 0.0 
7412.89 0.54 0.0 
7560.41 0.30 0.0 
7642.53 0.50 0.0 
7642.57 0.54 0.0 
7760.65 0.34 0.0 
7760.64 0.37 0.0 
8337.06 0.81 0.0 
8742.91 0.87 0.0 
8742.97 0.57 0.0 
8894.52 0.37 0.0 
9508.88 0.48 0.0 
9508.90 0.94 0.0 
9929.01 0.62 0.0 
9928.99 0.94 0.0 
10331.98 0.89 0.0 
10450.32 0.67 0.0 
10450.33 0.84 0.0 
10772.05 0.34 0.0 
11093.98 0.90 0.0 
11093.98 0.95 0.0 
11150.21 0.54 0.0 
11525.85 0.49 0.0 
11525.81 0.69 0.0 
12298.61 0.80 0.0 
12458.07 0.35 0.0 
12683.12 0.33 0.0 
12683.06 0.61 0.0 
12792.79 0.40 0.0 
12860.28 0.36 0.0 
13227.43 0.33 0.0 
13295.56 0.72 0.0 
13295.56 0.37 0.0 
13483.67 0.95 0.0 
13513.91 0.40 0.0 
13483.68 0.79 0.0 
13546.70 0.46 0.0 
13892.56 0.55 0.0 
13868.53 0.31 0.0 
13892.56 0.73 0.0 
14034.03 0.42 0.0 
14052.99 0.52 0.0 
14066.92 0.47 0.0 
14297.01 0.50 0.0 
14512.56 0.41 0.0 
14512.56 0.46 0.0 
14534.35 0.69 0.0 
14717.13 0.50 0.0 
14717.14 0.38 0.0 
15122.65 0.36 0.0 
15122.52 0.33 0.0 
15284.03 0.47 0.0 
15534.81 0.80 0.0 
15534.80 0.86 0.0 
15704.09 0.44 0.0 
15649.27 0.32 0.0 
15939.82 0.41 0.0 
15891.11 0.40 0.0 
15939.79 0.32 0.0 
16338.36 0.53 0.0 
16338.36 0.43 0.0 
16733.97 0.79 0.0 
16733.97 0.68 0.0 
16859.83 0.30 0.0 
17060.65 0.33 0.0 
17118.48 0.64 0.0 
17118.45 0.56 0.0 
17238.38 0.68 0.0 
17232.55 0.33 0.0 
17238.38 0.76 0.0 
17517.06 0.79 0.0 
17912.24 0.58 0.0 
18133.47 0.39 0.0 
18302.08 0.40 0.0 
18396.83 0.62 0.0 
18302.10 0.46 0.0 
18396.79 0.48 0.0 
18566.88 0.72 0.0 
18689.90 0.39 0.0 
19085.60 0.31 0.0 
19439.56 0.70 0.0 
19454.25 0.36 0.0 
19627.34 0.41 0.0 
19631.90 0.33 0.0 
19945.45 0.50 0.0 
19845.22 0.32 0.0 
19945.35 0.37 0.0 
20131.88 0.40 0.0 
20131.88 0.33 0.0 
20230.06 0.87 0.0 
20604.25 0.83 0.0 
20604.25 0.90 0.0 
20816.06 0.83 0.0 
20961.29 0.85 0.0 
20961.30 0.81 0.0 
21326.73 0.76 0.0 
21326.70 0.87 0.0 
21390.28 0.56 0.0 
21661.85 0.43 0.0 
21656.11 0.52 0.0 
21661.81 0.55 0.0 
21798.13 0.39 0.0 
22018.89 0.60 0.0 
22018.89 0.94 0.0 
22380.85 0.67 0.0 
22380.87 0.70 0.0 
22738.89 0.38 0.0 
22738.89 0.92 0.0 
23081.33 0.93 0.0 
23049.87 0.58 0.0 
23081.33 0.61 0.0 
23437.49 0.43 0.0 
23806.28 0.68 0.0 
23806.33 0.59 0.0 
24161.38 0.76 0.0 
24557.55 0.91 0.0 
24557.56 0.81 0.0 
24899.01 0.48 0.0 
24898.98 0.92 0.0 
25236.04 0.53 0.0 
25195.19 0.93 0.0 
25195.19 0.92 0.0 
25236.05 0.57 0.0 
25596.60 0.67 0.0 
25583.94 0.34 0.0 
25589.60 0.61 0.0 
25596.59 0.83 0.0 
25937.11 0.59 0.0 
26280.44 0.79 0.0 
26280.45 0.93 0.0 
26428.37 0.42 0.0 
26617.00 0.87 0.0 
26617.04 0.65 0.0 
26785.60 0.57 0.0 
26785.59 0.56 0.0 
26934.99 0.83 0.0 
27268.62 0.88 0.0 
27474.32 0.40 0.0 
27607.20 0.49 0.0 
27883.05 0.42 0.0 
27947.74 0.36 0.0 
28027.11 0.35 0.0 
28282.77 0.54 0.0 
28282.77 0.49 0.0 
28624.24 0.67 0.0 
28624.23 0.54 0.0 
28960.32 0.72 0.0 
29104.43 0.33 0.0 
29295.44 0.34 0.0 
29295.39 0.64 0.0 
29419.32 0.47 0.0 
29653.93 0.94 0.0 
29653.97 0.39 0.0 
29807.88 0.52 0.0 
29807.88 0.41 0.0 
30036.44 0.58 0.0 
30036.42 0.69 0.0 
30108.22 0.37 0.0 
30108.22 0.45 0.0 
30283.79 0.83 0.0 
30391.57 0.58 0.0 
30283.76 0.89 0.0 
30357.19 0.52 0.0 
30417.83 0.79 0.0 
30391.63 0.36 0.0 
30422.37 0.36 0.0 
30471.60 0.56 0.0 
30740.84 0.93 0.0 
30740.84 0.85 0.0 
30867.87 0.37 0.0 
31092.05 0.73 0.0 
31092.01 0.30 0.0 
31465.29 0.34 0.0 
31465.28 0.82 0.0 
31902.05 0.35 0.0 
31854.57 0.47 0.0 
32158.45 0.57 0.0 
32560.47 0.71 0.0 
32915.12 0.86 0.0 
32915.13 0.60 0.0 
33278.07 0.69 0.0 
33294.03 0.74 0.0 
33294.05 0.46 0.0 
33487.03 0.33 0.0 
33664.96 0.38 0.0 
34021.56 0.57 0.0 
34400.64 0.73 0.0 
34400.60 0.74 0.0 
34485.09 0.83 0.0 
34753.30 0.52 0.0 
35133.80 0.80 0.0 
35133.80 0.46 0.0 
35279.48 0.30 0.0 
35354.12 0.34 0.0 
35513.84 0.84 0.0 
35513.85 0.72 0.0 
35886.60 0.72 0.0 
36658.84 0.65 0.0 
36658.81 0.91 0.0 
37039.40 0.70 0.0 
37039.41 0.67 0.0 
37431.16 0.53 0.0 
37431.17 0.39 0.0 
38246.90 0.46 0.0 
38630.85 0.69 0.0 
39025.57 0.56 0.0 
39238.00 0.65 0.0 
39390.93 0.49 0.0 
39390.96 0.51 0.0 
39800.30 0.52 0.0 
39800.28 0.60 0.0 
39938.68 0.38 0.0 
39938.73 0.45 0.0 
40169.57 0.95 0.0 
40332.81 0.59 0.0 
40543.12 0.81 0.0 
40912.10 0.60 0.0 
41291.12 0.89 0.0 
41291.16 0.55 0.0 
41435.39 0.63 0.0 
41701.45 0.81 0.0 
41902.07 0.37 0.0 
41908.73 0.73 0.0 
42116.65 0.85 0.0 
42116.70 0.57 0.0 
42546.01 0.34 0.0 
42953.92 0.84 0.0 
42953.97 0.59 0.0 
43371.60 0.69 0.0 
44177.61 0.35 0.0 
44177.62 0.46 0.0 
44575.16 0.46 0.0 
44968.92 0.83 0.0 
44968.90 0.97 0.0 
45403.65 0.59 0.0 
45796.92 0.64 0.0 
45796.89 0.56 0.0 
46196.45 0.91 0.0 
46196.45 0.72 0.0 
46612.16 0.49 0.0 
46612.12 0.84 0.0 
47025.89 0.31 0.0 
47025.92 0.31 0.0 
47442.09 0.69 0.0 
47504.60 0.44 0.0 
47854.84 0.76 0.0 
48274.44 0.72 0.0 
48274.48 0.60 0.0 
48432.36 0.36 0.0 
48687.26 0.34 0.0 
48687.21 0.63 0.0 
49104.85 0.60 0.0 
49262.17 0.43 0.0 
49511.77 0.67 0.0 
49511.77 0.52 0.0 
49946.04 0.44 0.0 
49946.04 0.79 0.0 
50363.72 0.59 0.0 
50778.89 0.54 0.0 
50956.21 0.93 0.0 
50968.42 0.38 0.0 
50956.21 0.94 0.0 
50968.44 0.86 0.0 
51199.00 0.71 0.0 
51198.97 0.52 0.0 
51631.32 0.34 0.0 
52495.88 0.59 0.0 
52495.88 0.87 0.0 
52902.80 0.51 0.0 
53701.97 0.54 0.0 
53701.97 0.39 0.0 
54120.09 0.36 0.0 
54120.03 0.35 0.0 
54561.17 0.45 0.0 
54561.17 0.79 0.0 
54986.23 0.42 0.0 
55818.52 0.73 0.0 
55818.58 0.55 0.0 
56607.45 0.50 0.0 
57016.76 0.30 0.0 
57408.57 0.47 0.0 
57408.56 0.63 0.0 
57818.41 0.47 0.0 
57818.37 0.78 0.0 
58243.31 0.93 0.0 
58243.37 0.31 0.0 
59521.69 0.63 0.0 
60354.57 0.54 0.0 
60789.32 0.72 0.0 
61217.28 0.45 0.0 
61663.87 0.42 0.0 
62564.42 0.91 0.0 
63426.20 0.60 0.0 
63426.17 0.31 0.0 
64291.64 0.84 0.0 
64291.64 0.72 0.0 
67034.46 0.89 0.0 
67486.85 0.55 0.0 
67486.85 0.62 0.0 
67911.81 0.55 0.0 
68332.89 0.32 0.0 
68332.89 0.48 0.0 
69194.56 0.91 0.0 
70979.93 0.61 0.0 
71416.15 0.65 0.0 
71416.16 0.45 0.0 
71864.03 0.96 0.0 
72309.08 0.69 0.0 
72309.08 0.71 0.0 
72760.42 0.46 0.0 
73211.28 0.85 0.0 
73211.29 0.55 0.0 
74103.68 0.48 0.0 
74542.87 0.71 0.0 
74542.88 0.74 0.0 
74987.85 0.46 0.0 
74987.89 0.57 0.0 
75445.57 0.75 0.0 
75892.96 0.62 0.0 
76342.91 0.46 0.0 
76779.58 0.86 0.0 
76779.59 0.39 0.0 
77243.68 0.37 0.0 
77243.68 0.67 0.0 
77716.46 0.59 0.0 
77716.40 0.67 0.0 
78191.28 0.85 0.0 
78191.29 0.36 0.0 
78654.85 0.34 0.0 
78654.76 0.65 0.0 
79113.56 0.58 0.0 
79113.53 0.65 0.0 
80052.84 0.74 0.0 
80052.85 0.48 0.0 
80484.78 0.79 0.0 
80508.61 0.66 0.0 
80508.60 0.82 0.0 
80961.42 0.48 0.0 
80961.47 0.38 0.0 
81668.87 0.84 0.0 
81668.88 0.86 0.0 
81890.44 0.59 0.0 
82275.22 0.55 0.0 
82258.88 0.42 0.0 
82275.20 0.82 0.0 
82482.71 0.46 0.0 
82508.74 0.43 0.0 
82481.29 0.51 0.0 
82771.69 0.45 0.0 
83217.20 0.69 0.0 
83217.16 0.78 0.0 
83683.16 0.86 0.0 
83683.24 0.31 0.0 
84120.38 0.39 0.0 
84566.80 0.86 0.0 
85465.11 0.59 0.0 
85825.47 0.66 0.0 
85825.44 0.79 0.0 
85920.39 0.69 0.0 
86377.09 0.46 0.0 
