1913.43 0.33 0.0 
3710.63 0.42 0.0 
4472.05 0.44 0.0 
5028.79 0.39 0.0 
5338.91 0.37 0.0 
7237.11 0.37 0.0 
7680.87 0.32 0.0 
7832.21 0.58 0.0 
9475.67 0.61 0.0 
9512.95 0.40 0.0 
10079.75 0.65 0.0 
10545.47 0.33 0.0 
10575.49 0.50 0.0 
10709.83 0.38 0.0 
10748.07 0.32 0.0 
11655.49 0.35 0.0 
11655.50 0.77 0.0 
11967.93 0.44 0.0 
12058.73 0.39 0.0 
12223.29 0.37 0.0 
12509.75 0.41 0.0 
14048.53 0.37 0.0 
14150.95 0.46 0.0 
14522.67 0.52 0.0 
14522.69 0.51 0.0 
14692.80 0.53 0.0 
14692.81 0.41 0.0 
14886.93 0.50 0.0 
15243.87 0.30 0.0 
17210.47 0.35 0.0 
18631.37 0.43 0.0 
19815.47 0.33 0.0 
20195.03 0.46 0.0 
20902.95 0.31 0.0 
20902.91 0.53 0.0 
21180.83 0.38 0.0 
22011.31 0.56 0.0 
22011.37 0.63 0.0 
22039.91 0.33 0.0 
22143.95 0.39 0.0 
23595.55 0.32 0.0 
24175.91 0.32 0.0 
24096.20 0.43 0.0 
25691.05 0.47 0.0 
25724.93 0.44 0.0 
25903.83 0.32 0.0 
27521.87 0.37 0.0 
28484.24 0.31 0.0 
28932.79 0.34 0.0 
29220.45 0.57 0.0 
30067.00 0.36 0.0 
30122.99 0.59 0.0 
30525.58 0.68 0.0 
31041.46 0.47 0.0 
31041.47 0.40 0.0 
31975.67 0.42 0.0 
32950.82 0.53 0.0 
33132.87 0.38 0.0 
33132.83 0.35 0.0 
36914.80 0.62 0.0 
37991.53 0.32 0.0 
38669.91 0.42 0.0 
39958.96 0.58 0.0 
40073.71 0.33 0.0 
41118.91 0.33 0.0 
41118.94 0.37 0.0 
42362.92 0.60 0.0 
42987.11 0.32 0.0 
43268.87 0.36 0.0 
43859.63 0.47 0.0 
43937.75 0.41 0.0 
44481.99 0.72 0.0 
44759.81 0.36 0.0 
45195.96 0.83 0.0 
45182.28 0.32 0.0 
45195.97 0.37 0.0 
45273.67 0.33 0.0 
45546.49 0.50 0.0 
45528.83 0.31 0.0 
45546.50 0.54 0.0 
45677.95 0.51 0.0 
45966.75 0.30 0.0 
46774.68 0.40 0.0 
46922.15 0.33 0.0 
47561.08 0.72 0.0 
47561.05 0.75 0.0 
48137.69 0.38 0.0 
48137.68 0.50 0.0 
48585.55 0.30 0.0 
48648.12 0.35 0.0 
49035.99 0.47 0.0 
50480.31 0.38 0.0 
50480.33 0.47 0.0 
50717.79 0.37 0.0 
50989.84 0.47 0.0 
50959.13 0.50 0.0 
50969.93 0.33 0.0 
51108.71 0.37 0.0 
51108.67 0.35 0.0 
51182.75 0.54 0.0 
51363.97 0.35 0.0 
51419.59 0.33 0.0 
51588.55 0.44 0.0 
51588.57 0.32 0.0 
51968.07 0.32 0.0 
52396.03 0.44 0.0 
52680.87 0.34 0.0 
52949.86 0.48 0.0 
52949.53 0.41 0.0 
53535.87 0.39 0.0 
53762.83 0.35 0.0 
53881.64 0.33 0.0 
54617.99 0.36 0.0 
54618.05 0.39 0.0 
55036.09 0.60 0.0 
55425.88 0.43 0.0 
55692.30 0.75 0.0 
55727.12 0.57 0.0 
55692.27 0.47 0.0 
56150.11 0.31 0.0 
57490.27 0.48 0.0 
57495.97 0.63 0.0 
58256.09 0.52 0.0 
58713.17 0.55 0.0 
58868.56 0.53 0.0 
58781.01 0.59 0.0 
58868.52 0.56 0.0 
59021.37 0.34 0.0 
59021.37 0.63 0.0 
59056.15 0.64 0.0 
61248.99 0.34 0.0 
61604.25 0.41 0.0 
62330.05 0.36 0.0 
62609.91 0.30 0.0 
62921.01 0.42 0.0 
62921.01 0.51 0.0 
65219.57 0.44 0.0 
65220.39 0.30 0.0 
67553.07 0.41 0.0 
67677.11 0.31 0.0 
68744.25 0.41 0.0 
68941.07 0.39 0.0 
68941.07 0.36 0.0 
69407.15 0.42 0.0 
69587.95 0.32 0.0 
72570.65 0.40 0.0 
73290.88 0.31 0.0 
73382.30 0.75 0.0 
73660.91 0.32 0.0 
73772.57 0.44 0.0 
73815.97 0.35 0.0 
73926.73 0.41 0.0 
74938.75 0.44 0.0 
74967.47 0.35 0.0 
75098.91 0.48 0.0 
75289.87 0.37 0.0 
75311.11 0.47 0.0 
75493.29 0.36 0.0 
75499.39 0.38 0.0 
75556.34 0.63 0.0 
75613.69 0.37 0.0 
76095.96 0.51 0.0 
76383.05 0.67 0.0 
76308.91 0.43 0.0 
76395.68 0.62 0.0 
76471.32 0.59 0.0 
76564.55 0.40 0.0 
76698.11 0.48 0.0 
76718.31 0.31 0.0 
76718.36 0.61 0.0 
77296.35 0.32 0.0 
77296.35 0.35 0.0 
77441.37 0.50 0.0 
77686.39 0.32 0.0 
78518.11 0.30 0.0 
79095.54 0.43 0.0 
80102.37 0.43 0.0 
80529.16 0.51 0.0 
81034.23 0.35 0.0 
81511.37 0.41 0.0 
82409.67 0.31 0.0 
82454.12 0.51 0.0 
83582.79 0.59 0.0 
83924.92 0.31 0.0 
83946.79 0.31 0.0 
84077.73 0.38 0.0 
84271.51 0.36 0.0 
