6910.80 0.57 0.0 
6822.80 0.54 0.0 
7640.27 0.89 0.0 
7640.27 0.92 0.0 
39936.05 0.89 0.0 
39935.97 0.88 0.0 
53468.97 0.36 0.0 
94610.62 0.32 0.0 
99696.43 0.50 0.0 
99840.23 0.74 0.0 
99840.12 0.82 0.0 
107905.80 0.47 0.0 
108634.18 0.39 0.0 
108628.23 0.32 0.0 
111256.52 0.54 0.0 
116686.02 0.31 0.0 
120317.10 0.33 0.0 
122883.38 0.50 0.0 
131061.40 0.71 0.0 
151759.98 0.65 0.0 
172790.90 0.54 0.0 
188998.77 0.38 0.0 
6822.80 0.54 0.0 
6910.80 0.57 0.0 
7640.27 0.92 0.0 
7640.27 0.89 0.0 
39936.05 0.89 0.0 
39935.97 0.88 0.0 
53468.97 0.36 0.0 
