6920.43 0.38 0.0 
6910.82 0.40 0.0 
12196.50 0.47 0.0 
14441.70 0.45 0.0 
30772.03 0.34 0.0 
36572.32 0.33 0.0 
37576.00 0.32 0.0 
43549.57 0.32 0.0 
43549.62 0.41 0.0 
44831.57 0.32 0.0 
51492.80 0.54 0.0 
76975.38 0.36 0.0 
76975.35 0.31 0.0 
91429.80 0.38 0.0 
91429.62 0.38 0.0 
93526.88 0.36 0.0 
93526.85 0.46 0.0 
93939.70 0.49 0.0 
93939.48 0.39 0.0 
96596.70 0.38 0.0 
104635.07 0.32 0.0 
108874.40 0.39 0.0 
108874.30 0.31 0.0 
111256.07 0.35 0.0 
117890.12 0.36 0.0 
119980.75 0.37 0.0 
120219.77 0.36 0.0 
179449.52 0.46 0.0 
205576.33 0.33 0.0 
6920.43 0.38 0.0 
6910.82 0.40 0.0 
12196.50 0.47 0.0 
14441.70 0.45 0.0 
30772.03 0.34 0.0 
36572.32 0.33 0.0 
37576.00 0.32 0.0 
43549.57 0.32 0.0 
43549.62 0.41 0.0 
44831.57 0.32 0.0 
51492.80 0.54 0.0 
76975.38 0.36 0.0 
76975.35 0.31 0.0 
