309.04 0.77 0.0 
1286.77 0.33 0.0 
1289.35 0.86 0.0 
1286.81 0.34 0.0 
3917.52 0.42 0.0 
4754.04 0.90 0.0 
4754.04 0.58 0.0 
5276.57 0.72 0.0 
6400.00 0.41 0.0 
6477.23 0.45 0.0 
6823.00 0.72 0.0 
6880.29 0.34 0.0 
7640.79 0.82 0.0 
7640.81 0.82 0.0 
7718.61 0.31 0.0 
8416.11 0.36 0.0 
9133.20 0.37 0.0 
9654.49 0.61 0.0 
11698.08 0.35 0.0 
11698.09 0.32 0.0 
13656.12 0.77 0.0 
13656.12 0.74 0.0 
14415.50 0.41 0.0 
14509.40 0.43 0.0 
14503.47 0.50 0.0 
14503.51 0.43 0.0 
14509.39 0.34 0.0 
15727.38 0.43 0.0 
17518.60 0.38 0.0 
18831.76 0.34 0.0 
18831.76 0.53 0.0 
18903.76 0.54 0.0 
18905.81 0.33 0.0 
21686.41 0.32 0.0 
23008.05 0.49 0.0 
23158.27 0.36 0.0 
28677.68 0.59 0.0 
31557.89 0.54 0.0 
37019.31 0.54 0.0 
39937.22 0.71 0.0 
39937.23 0.65 0.0 
45568.21 0.37 0.0 
49032.64 0.54 0.0 
50380.60 0.39 0.0 
53104.65 0.64 0.0 
59428.21 0.41 0.0 
70257.15 0.32 0.0 
71830.52 0.61 0.0 
80154.15 0.33 0.0 
80458.03 0.43 0.0 
80692.53 0.36 0.0 
81881.91 0.46 0.0 
82096.00 0.44 0.0 
82371.17 0.33 0.0 
82491.65 0.41 0.0 
83051.05 0.45 0.0 
83019.63 0.34 0.0 
83108.71 0.44 0.0 
83108.75 0.31 0.0 
83938.92 0.45 0.0 
83950.89 0.50 0.0 
84132.78 0.34 0.0 
84635.77 0.38 0.0 
85260.29 0.30 0.0 
