1679.32 0.36 0.0 
1739.51 0.51 0.0 
4328.72 0.48 0.0 
5338.86 0.32 0.0 
5375.96 0.52 0.0 
6162.12 0.61 0.0 
6522.44 0.72 0.0 
6831.93 0.72 0.0 
7319.48 0.52 0.0 
7656.17 0.36 0.0 
7734.03 0.37 0.0 
8263.92 0.79 0.0 
9433.48 0.49 0.0 
9479.19 0.84 0.0 
10118.67 0.93 0.0 
10118.69 0.94 0.0 
10542.96 0.33 0.0 
12194.03 0.81 0.0 
12505.07 0.47 0.0 
13105.79 0.82 0.0 
13105.77 0.66 0.0 
13397.87 0.33 0.0 
14533.04 0.76 0.0 
14562.13 0.35 0.0 
14578.99 0.52 0.0 
14691.95 0.33 0.0 
14657.52 0.54 0.0 
14684.16 0.45 0.0 
14818.52 0.44 0.0 
15223.68 0.31 0.0 
16918.96 0.44 0.0 
17112.60 0.41 0.0 
17372.35 0.30 0.0 
17788.37 0.71 0.0 
17788.88 0.32 0.0 
18538.09 0.51 0.0 
18628.76 0.33 0.0 
20022.39 0.51 0.0 
21101.72 0.31 0.0 
22039.85 0.44 0.0 
23129.19 0.30 0.0 
24199.64 0.35 0.0 
25468.72 0.37 0.0 
25607.01 0.31 0.0 
25723.00 0.35 0.0 
25934.15 0.35 0.0 
26864.57 0.35 0.0 
27387.99 0.82 0.0 
27521.91 0.59 0.0 
28091.56 0.41 0.0 
28483.19 0.32 0.0 
28692.96 0.54 0.0 
28798.64 0.38 0.0 
29639.13 0.39 0.0 
29793.88 0.37 0.0 
29793.88 0.46 0.0 
29893.73 0.46 0.0 
30064.89 0.74 0.0 
29969.27 0.41 0.0 
30163.05 0.39 0.0 
30489.36 0.42 0.0 
30673.09 0.34 0.0 
32950.82 0.43 0.0 
32908.79 0.71 0.0 
33224.23 0.71 0.0 
35668.93 0.37 0.0 
36912.00 0.45 0.0 
37392.73 0.35 0.0 
38455.15 0.45 0.0 
39148.47 0.44 0.0 
39952.29 0.55 0.0 
39952.41 0.32 0.0 
40304.15 0.64 0.0 
40424.53 0.38 0.0 
41803.97 0.32 0.0 
43799.31 0.37 0.0 
43904.32 0.47 0.0 
44440.03 0.52 0.0 
44440.09 0.41 0.0 
44564.07 0.39 0.0 
44744.51 0.40 0.0 
45188.19 0.42 0.0 
45188.31 0.59 0.0 
46079.05 0.37 0.0 
46815.83 0.38 0.0 
47294.31 0.39 0.0 
47498.61 0.31 0.0 
47498.64 0.37 0.0 
47560.24 0.89 0.0 
47560.24 0.95 0.0 
48419.31 0.64 0.0 
49213.35 0.33 0.0 
50325.49 0.59 0.0 
50968.85 0.42 0.0 
50997.73 0.44 0.0 
51419.53 0.56 0.0 
52947.15 0.90 0.0 
52947.15 0.92 0.0 
53234.44 0.44 0.0 
53992.44 0.44 0.0 
54494.43 0.50 0.0 
55421.95 0.45 0.0 
55691.69 0.47 0.0 
55691.71 0.50 0.0 
56262.11 0.38 0.0 
56789.52 0.33 0.0 
57490.19 0.56 0.0 
58774.53 0.48 0.0 
58774.53 0.72 0.0 
59021.40 0.44 0.0 
62060.48 0.36 0.0 
62060.49 0.50 0.0 
63353.07 0.31 0.0 
65219.49 0.70 0.0 
65249.11 0.46 0.0 
65309.49 0.67 0.0 
65893.32 0.34 0.0 
66193.30 0.52 0.0 
66284.01 0.49 0.0 
68683.81 0.34 0.0 
68759.59 0.60 0.0 
72749.57 0.47 0.0 
74324.03 0.35 0.0 
74376.07 0.31 0.0 
74699.03 0.34 0.0 
74938.70 0.34 0.0 
75496.03 0.43 0.0 
75542.01 0.34 0.0 
75572.07 0.45 0.0 
75959.13 0.32 0.0 
76334.95 0.38 0.0 
76711.77 0.46 0.0 
76742.72 0.57 0.0 
77291.92 0.55 0.0 
77713.17 0.40 0.0 
77937.05 0.36 0.0 
79095.47 0.46 0.0 
79645.89 0.77 0.0 
80248.19 0.32 0.0 
84133.69 0.73 0.0 
84279.23 0.57 0.0 
85124.03 0.30 0.0 
85678.28 0.30 0.0 
85977.95 0.31 0.0 
