4419.27 0.34 0.0 
7916.19 0.97 0.0 
9453.03 0.32 0.0 
14875.51 0.81 0.0 
7916.20 0.89 0.0 
10271.71 0.97 0.0 
18836.91 0.31 0.0 
10271.71 0.98 0.0 
12720.83 0.94 0.0 
20250.21 0.32 0.0 
13799.96 0.78 0.0 
6027.55 0.65 0.0 
23738.96 0.45 0.0 
6027.56 0.73 0.0 
16450.12 0.38 0.0 
25541.97 0.36 0.0 
15311.60 0.33 0.0 
10578.09 0.89 0.0 
10936.06 0.92 0.0 
10578.08 0.43 0.0 
10936.07 0.95 0.0 
13242.31 0.98 0.0 
21802.53 0.61 0.0 
13480.83 0.30 0.0 
12720.82 0.92 0.0 
30696.18 0.97 0.0 
30696.18 0.97 0.0 
34308.73 0.54 0.0 
10133.75 0.43 0.0 
10258.32 0.40 0.0 
28048.76 0.38 0.0 
11219.43 0.38 0.0 
37066.63 0.70 0.0 
38252.75 0.42 0.0 
13242.31 0.98 0.0 
41141.55 0.98 0.0 
31086.79 0.89 0.0 
31928.87 0.32 0.0 
41141.56 0.97 0.0 
42206.72 0.93 0.0 
34168.12 0.33 0.0 
34308.73 0.32 0.0 
29898.79 0.98 0.0 
30262.92 0.59 0.0 
35946.64 0.63 0.0 
35946.63 0.47 0.0 
37049.28 0.34 0.0 
37128.20 0.62 0.0 
29898.80 0.98 0.0 
30262.92 0.54 0.0 
33982.62 0.98 0.0 
31086.79 0.76 0.0 
39852.83 0.43 0.0 
32422.73 0.46 0.0 
35564.04 0.59 0.0 
42106.37 0.54 0.0 
33982.62 0.98 0.0 
42206.72 0.90 0.0 
35427.16 0.55 0.0 
51936.79 0.97 0.0 
51936.78 0.97 0.0 
42411.61 0.33 0.0 
42414.22 0.92 0.0 
52166.80 0.98 0.0 
52395.44 0.33 0.0 
42752.22 0.97 0.0 
31859.11 0.35 0.0 
32819.57 0.40 0.0 
52166.80 0.98 0.0 
53763.22 0.96 0.0 
37128.19 0.48 0.0 
42414.24 0.82 0.0 
42752.21 0.75 0.0 
55603.73 0.31 0.0 
53763.22 0.91 0.0 
71726.89 0.33 0.0 
60651.64 0.71 0.0 
79570.81 0.51 0.0 
82214.00 0.39 0.0 
83900.55 0.39 0.0 
84141.37 0.33 0.0 
