2331.88 0.35 0.0 
2309.56 0.41 0.0 
2428.44 0.63 0.0 
10575.72 0.35 0.0 
12052.25 0.63 0.0 
13362.65 0.80 0.0 
13498.41 0.64 0.0 
14697.43 0.32 0.0 
15419.15 0.30 0.0 
10575.79 0.44 0.0 
12730.47 0.90 0.0 
15061.47 0.55 0.0 
15651.88 0.40 0.0 
10281.92 0.37 0.0 
23098.41 0.40 0.0 
12730.47 0.92 0.0 
10281.92 0.45 0.0 
19106.05 0.46 0.0 
15732.19 0.36 0.0 
28736.20 0.71 0.0 
34123.10 0.34 0.0 
21251.07 0.39 0.0 
25261.33 0.32 0.0 
21703.68 0.38 0.0 
34617.96 0.66 0.0 
26033.13 0.57 0.0 
35936.38 0.93 0.0 
29354.47 0.47 0.0 
30071.11 0.60 0.0 
20103.09 0.55 0.0 
40616.49 0.48 0.0 
31298.77 0.37 0.0 
48496.35 0.31 0.0 
23638.15 0.84 0.0 
26033.20 0.38 0.0 
48031.07 0.50 0.0 
36103.81 0.65 0.0 
36801.25 0.45 0.0 
54399.57 0.45 0.0 
39967.89 0.33 0.0 
32150.19 0.86 0.0 
43933.89 0.41 0.0 
47354.38 0.40 0.0 
48028.00 0.31 0.0 
48496.33 0.44 0.0 
47024.37 0.49 0.0 
51746.25 0.40 0.0 
37314.36 0.46 0.0 
48579.71 0.52 0.0 
43885.04 0.31 0.0 
56565.49 0.33 0.0 
43437.21 0.38 0.0 
65912.97 0.36 0.0 
68456.52 0.42 0.0 
60341.84 0.56 0.0 
61064.48 0.32 0.0 
62852.65 0.33 0.0 
66733.77 0.77 0.0 
78418.41 0.38 0.0 
68503.73 0.43 0.0 
74302.24 0.45 0.0 
71892.53 0.31 0.0 
60341.77 0.45 0.0 
66085.95 0.52 0.0 
80354.37 0.44 0.0 
67079.39 0.39 0.0 
76284.71 0.43 0.0 
85994.47 0.51 0.0 
79154.65 0.49 0.0 
81807.72 0.60 0.0 
83727.25 0.35 0.0 
81598.95 0.33 0.0 
