5596.08 0.60 0.0 
2578.33 0.42 0.0 
2147.88 0.67 0.0 
15296.12 0.98 0.0 
5596.08 0.88 0.0 
3359.51 0.72 0.0 
12733.72 0.74 0.0 
13813.84 0.49 0.0 
15296.11 0.99 0.0 
23245.35 0.54 0.0 
17263.53 0.40 0.0 
27032.84 0.92 0.0 
37033.75 0.92 0.0 
27022.13 0.35 0.0 
27032.84 0.77 0.0 
12733.68 0.73 0.0 
37033.75 0.84 0.0 
23159.11 0.46 0.0 
19348.69 0.30 0.0 
39014.43 0.70 0.0 
39334.36 0.94 0.0 
44649.76 0.92 0.0 
44683.93 0.30 0.0 
45059.51 0.81 0.0 
45974.09 0.31 0.0 
54434.72 0.31 0.0 
46139.12 0.69 0.0 
47324.03 0.53 0.0 
32300.97 0.53 0.0 
39334.36 0.98 0.0 
39837.29 0.34 0.0 
49963.67 0.32 0.0 
42115.72 0.44 0.0 
37949.24 0.77 0.0 
56410.96 0.34 0.0 
44649.80 0.47 0.0 
62039.52 0.73 0.0 
69594.00 0.54 0.0 
76828.21 0.34 0.0 
