2529.15 0.33 0.0 
2534.56 0.94 0.0 
10573.07 0.91 0.0 
10573.05 0.91 0.0 
10580.25 0.48 0.0 
12488.76 0.58 0.0 
12734.05 0.44 0.0 
12733.95 0.72 0.0 
12747.20 0.33 0.0 
4544.48 0.41 0.0 
15023.92 0.88 0.0 
8938.80 0.84 0.0 
6284.03 0.70 0.0 
9044.51 0.60 0.0 
20292.40 0.41 0.0 
15190.93 0.39 0.0 
22201.89 0.44 0.0 
22201.94 0.45 0.0 
14258.75 0.92 0.0 
24240.53 0.37 0.0 
15023.95 0.85 0.0 
15203.45 0.58 0.0 
25228.44 0.44 0.0 
13678.03 0.90 0.0 
14258.75 0.93 0.0 
14757.63 0.66 0.0 
25934.01 0.50 0.0 
26549.23 0.63 0.0 
3179.53 0.37 0.0 
21582.91 0.44 0.0 
8938.80 0.53 0.0 
32155.43 0.83 0.0 
24464.43 0.33 0.0 
34308.28 0.66 0.0 
26684.05 0.33 0.0 
27598.32 0.81 0.0 
27836.20 0.85 0.0 
29981.35 0.55 0.0 
29997.37 0.47 0.0 
16738.21 0.42 0.0 
18415.04 0.49 0.0 
35943.40 0.43 0.0 
32155.43 0.82 0.0 
43949.36 0.74 0.0 
33478.88 0.57 0.0 
35957.56 0.37 0.0 
34308.24 0.76 0.0 
15203.45 0.39 0.0 
37175.77 0.57 0.0 
38243.83 0.92 0.0 
19168.53 0.40 0.0 
26911.64 0.38 0.0 
28978.30 0.62 0.0 
51584.28 0.63 0.0 
55303.84 0.32 0.0 
35943.40 0.54 0.0 
58544.56 0.62 0.0 
38243.84 0.95 0.0 
63880.33 0.37 0.0 
63883.32 0.36 0.0 
54535.52 0.51 0.0 
81149.24 0.72 0.0 
82051.28 0.30 0.0 
84778.27 0.62 0.0 
84779.47 0.36 0.0 
83337.29 0.39 0.0 
