7061.92 0.34 0.0 
3646.81 0.55 0.0 
15077.01 0.52 0.0 
17375.96 0.97 0.0 
17375.96 0.95 0.0 
17390.74 0.98 0.0 
12727.06 0.92 0.0 
15283.03 0.85 0.0 
15985.43 0.99 0.0 
17443.60 0.73 0.0 
15077.01 0.37 0.0 
17390.76 0.63 0.0 
17406.47 0.99 0.0 
19221.14 0.96 0.0 
20323.35 0.98 0.0 
20212.87 0.98 0.0 
21446.01 0.32 0.0 
24133.23 0.32 0.0 
34316.29 0.45 0.0 
12727.06 0.91 0.0 
13806.81 0.46 0.0 
15985.43 0.98 0.0 
30977.15 0.93 0.0 
17406.47 0.99 0.0 
19221.15 0.93 0.0 
32128.79 0.48 0.0 
15283.01 0.58 0.0 
17579.19 0.90 0.0 
37047.56 0.72 0.0 
20212.87 0.98 0.0 
20323.35 0.99 0.0 
30977.16 0.87 0.0 
64798.79 0.80 0.0 
74863.19 0.79 0.0 
74864.37 0.31 0.0 
76770.36 0.97 0.0 
74863.20 0.45 0.0 
76770.36 0.96 0.0 
81075.16 0.70 0.0 
81073.96 0.57 0.0 
81073.95 0.74 0.0 
82165.56 0.63 0.0 
