2531.02 0.60 0.0 
6951.67 0.53 0.0 
10573.66 0.96 0.0 
10573.66 0.96 0.0 
10584.17 0.76 0.0 
12734.65 0.54 0.0 
12734.66 0.84 0.0 
12749.59 0.42 0.0 
13787.71 0.34 0.0 
14757.75 0.42 0.0 
15027.72 0.78 0.0 
8942.80 0.81 0.0 
9735.51 0.38 0.0 
10584.21 0.71 0.0 
15191.87 0.45 0.0 
22202.01 0.56 0.0 
22201.98 0.47 0.0 
22207.47 0.37 0.0 
14299.63 0.37 0.0 
14259.43 0.62 0.0 
24240.59 0.43 0.0 
15027.76 0.66 0.0 
14846.85 0.37 0.0 
15205.88 0.58 0.0 
14259.48 0.65 0.0 
27837.20 0.32 0.0 
28069.65 0.46 0.0 
19591.96 0.34 0.0 
21498.38 0.38 0.0 
32169.52 0.53 0.0 
32156.31 0.31 0.0 
32169.49 0.42 0.0 
33006.34 0.71 0.0 
33006.35 0.59 0.0 
34205.31 0.34 0.0 
34324.25 0.36 0.0 
34190.89 0.71 0.0 
28978.33 0.45 0.0 
26971.57 0.42 0.0 
27837.20 0.79 0.0 
29982.89 0.69 0.0 
29982.89 0.72 0.0 
34154.03 0.56 0.0 
33437.10 0.52 0.0 
35945.21 0.66 0.0 
35958.49 0.31 0.0 
15205.89 0.59 0.0 
37177.56 0.52 0.0 
23553.55 0.41 0.0 
56416.27 0.32 0.0 
28264.89 0.46 0.0 
34154.04 0.54 0.0 
35945.21 0.64 0.0 
56416.26 0.60 0.0 
63680.69 0.51 0.0 
84781.89 0.36 0.0 
71792.25 0.35 0.0 
85480.11 0.33 0.0 
84781.84 0.78 0.0 
