10280.95 0.50 0.0 
10293.73 0.55 0.0 
10293.73 0.59 0.0 
15079.89 0.42 0.0 
17377.20 0.83 0.0 
17377.18 0.90 0.0 
17391.98 0.95 0.0 
10434.55 0.36 0.0 
12741.45 0.55 0.0 
10280.95 0.49 0.0 
13821.54 0.54 0.0 
12729.08 0.77 0.0 
13809.03 0.42 0.0 
15985.87 0.97 0.0 
13486.05 0.35 0.0 
15065.89 0.34 0.0 
15079.93 0.35 0.0 
15297.25 0.51 0.0 
15406.32 0.71 0.0 
17391.97 0.37 0.0 
17407.71 0.96 0.0 
27438.05 0.71 0.0 
19222.38 0.94 0.0 
20324.59 0.95 0.0 
20214.11 0.96 0.0 
35010.75 0.32 0.0 
12729.09 0.71 0.0 
12741.45 0.68 0.0 
13809.00 0.74 0.0 
13821.57 0.38 0.0 
37064.05 0.52 0.0 
15985.87 0.96 0.0 
27063.91 0.56 0.0 
30979.81 0.54 0.0 
27438.04 0.56 0.0 
17407.71 0.97 0.0 
19222.40 0.80 0.0 
15297.27 0.64 0.0 
34365.74 0.70 0.0 
20214.12 0.96 0.0 
20324.59 0.97 0.0 
23434.35 0.38 0.0 
30979.79 0.45 0.0 
26314.08 0.32 0.0 
27057.99 0.39 0.0 
34353.87 0.36 0.0 
74864.41 0.48 0.0 
76771.60 0.87 0.0 
74864.40 0.40 0.0 
76771.60 0.90 0.0 
