2096.68 0.56 0.0 
3059.24 0.94 0.0 
2803.80 0.40 0.0 
3615.96 0.48 0.0 
9779.12 0.45 0.0 
8083.93 0.33 0.0 
1108.57 0.40 0.0 
11193.80 0.41 0.0 
8803.52 0.60 0.0 
1694.56 0.37 0.0 
1245.45 0.89 0.0 
2639.92 0.50 0.0 
11683.56 0.60 0.0 
3734.44 0.47 0.0 
4587.68 0.63 0.0 
8026.41 0.30 0.0 
9944.25 0.67 0.0 
11002.76 0.59 0.0 
7349.56 0.32 0.0 
12578.81 0.57 0.0 
7709.33 0.39 0.0 
19832.28 0.49 0.0 
7152.00 0.39 0.0 
9746.68 0.47 0.0 
15208.44 0.31 0.0 
15222.47 0.39 0.0 
10561.76 0.38 0.0 
12849.13 0.34 0.0 
19364.57 0.32 0.0 
9674.41 0.65 0.0 
20058.13 0.38 0.0 
14645.47 0.68 0.0 
12912.63 0.93 0.0 
14645.48 0.67 0.0 
27055.96 0.44 0.0 
17169.69 0.40 0.0 
15029.35 0.61 0.0 
23444.09 0.57 0.0 
28497.24 0.36 0.0 
28619.22 0.45 0.0 
19212.01 0.39 0.0 
17169.68 0.88 0.0 
20533.84 0.30 0.0 
30774.77 0.48 0.0 
21010.63 0.95 0.0 
3087.77 0.36 0.0 
1319.00 0.88 0.0 
22445.85 0.31 0.0 
4049.57 0.36 0.0 
4289.53 0.39 0.0 
4502.93 0.47 0.0 
26742.48 0.89 0.0 
3330.68 0.46 0.0 
35218.16 0.42 0.0 
23189.53 0.31 0.0 
6689.28 0.55 0.0 
28636.92 0.56 0.0 
32080.05 0.32 0.0 
8129.13 0.63 0.0 
29982.25 0.49 0.0 
6810.48 0.72 0.0 
25349.36 0.59 0.0 
38096.13 0.32 0.0 
27611.78 0.92 0.0 
9542.39 0.41 0.0 
11002.76 0.33 0.0 
32970.90 0.97 0.0 
9599.58 0.82 0.0 
33442.25 0.80 0.0 
12672.92 0.82 0.0 
12684.45 0.50 0.0 
34784.41 0.42 0.0 
42299.01 0.35 0.0 
28254.33 0.55 0.0 
28274.11 0.49 0.0 
37844.05 0.46 0.0 
12578.85 0.30 0.0 
33966.62 0.95 0.0 
30794.17 0.64 0.0 
38259.36 0.35 0.0 
15959.36 0.63 0.0 
33966.61 0.94 0.0 
17997.80 0.62 0.0 
19289.12 0.60 0.0 
39247.40 0.52 0.0 
21327.88 0.36 0.0 
21927.63 0.49 0.0 
47444.37 0.56 0.0 
47563.84 0.33 0.0 
39431.61 0.41 0.0 
43934.57 0.44 0.0 
24717.25 0.77 0.0 
46092.77 0.32 0.0 
29369.57 0.37 0.0 
48364.25 0.31 0.0 
48508.96 0.74 0.0 
50414.59 0.53 0.0 
33442.26 0.87 0.0 
58123.73 0.44 0.0 
32970.90 0.97 0.0 
33477.09 0.59 0.0 
60404.04 0.67 0.0 
53114.51 0.79 0.0 
36818.25 0.33 0.0 
36959.43 0.83 0.0 
39088.99 0.31 0.0 
39328.29 0.35 0.0 
65081.83 0.57 0.0 
41729.57 0.80 0.0 
59585.37 0.44 0.0 
60314.32 0.44 0.0 
65410.49 0.53 0.0 
48359.00 0.37 0.0 
72453.56 0.33 0.0 
83818.89 0.30 0.0 
78936.89 0.79 0.0 
74549.01 0.50 0.0 
83324.12 0.79 0.0 
59585.37 0.77 0.0 
85467.52 0.86 0.0 
79342.40 0.49 0.0 
80549.25 0.34 0.0 
82125.99 0.89 0.0 
85067.76 0.43 0.0 
83713.80 0.78 0.0 
85467.52 0.80 0.0 
84765.15 0.73 0.0 
70518.83 0.34 0.0 
70527.07 0.77 0.0 
69709.52 0.48 0.0 
71038.08 0.43 0.0 
72453.60 0.50 0.0 
77759.44 0.57 0.0 
81209.56 0.52 0.0 
83877.40 0.47 0.0 
85319.00 0.71 0.0 
