3085.59 0.63 0.0 
6568.08 0.85 0.0 
6660.64 0.44 0.0 
3172.84 0.45 0.0 
3911.77 0.40 0.0 
9449.59 0.47 0.0 
3226.37 0.38 0.0 
4214.52 0.87 0.0 
6313.87 0.61 0.0 
5053.37 0.39 0.0 
3643.99 0.62 0.0 
1859.12 0.58 0.0 
4121.77 0.41 0.0 
3172.79 0.72 0.0 
4843.45 0.46 0.0 
3539.40 0.37 0.0 
3899.51 0.73 0.0 
5814.05 0.34 0.0 
13634.51 0.76 0.0 
12852.64 0.92 0.0 
17053.21 0.45 0.0 
24209.60 0.34 0.0 
25407.32 0.53 0.0 
25529.59 0.66 0.0 
28409.51 0.32 0.0 
29002.13 0.31 0.0 
479.16 0.58 0.0 
29368.05 0.47 0.0 
24073.80 0.68 0.0 
30902.04 0.32 0.0 
30928.60 0.37 0.0 
31142.75 0.91 0.0 
31285.99 0.58 0.0 
31869.12 0.43 0.0 
26205.52 0.43 0.0 
32245.79 0.96 0.0 
32726.52 0.68 0.0 
32968.65 0.86 0.0 
33443.11 0.33 0.0 
20819.01 0.36 0.0 
4679.44 0.47 0.0 
28254.12 0.35 0.0 
28873.36 0.32 0.0 
28211.83 0.50 0.0 
6090.53 0.35 0.0 
28451.56 0.61 0.0 
28693.72 0.42 0.0 
29050.52 0.67 0.0 
5040.71 0.77 0.0 
31142.76 0.80 0.0 
29625.32 0.79 0.0 
5787.41 0.41 0.0 
29747.93 0.41 0.0 
29892.96 0.37 0.0 
30108.17 0.87 0.0 
31869.13 0.75 0.0 
32387.87 0.95 0.0 
32767.96 0.47 0.0 
33912.87 0.72 0.0 
9268.36 0.32 0.0 
28842.34 0.96 0.0 
29177.28 0.91 0.0 
28234.79 0.52 0.0 
28257.95 0.92 0.0 
29657.05 0.47 0.0 
10468.52 0.41 0.0 
28832.77 0.33 0.0 
28842.32 0.32 0.0 
34666.39 0.92 0.0 
34674.35 0.32 0.0 
30281.68 0.82 0.0 
28175.84 0.80 0.0 
32443.85 0.70 0.0 
28302.79 0.90 0.0 
32555.29 0.39 0.0 
28540.35 0.55 0.0 
29356.37 0.34 0.0 
31969.63 0.30 0.0 
30097.13 0.59 0.0 
32219.33 0.43 0.0 
32457.83 0.83 0.0 
32574.30 0.94 0.0 
32673.09 0.44 0.0 
32818.29 0.83 0.0 
31286.04 0.38 0.0 
31664.11 0.32 0.0 
31904.63 0.42 0.0 
32245.77 0.91 0.0 
32504.25 0.39 0.0 
32863.80 0.83 0.0 
32968.65 0.67 0.0 
33102.27 0.50 0.0 
25796.05 0.35 0.0 
26034.00 0.41 0.0 
25349.40 0.77 0.0 
41022.71 0.31 0.0 
49934.11 0.43 0.0 
27146.64 0.73 0.0 
28175.84 0.86 0.0 
28679.41 0.73 0.0 
29039.44 0.42 0.0 
29278.56 0.34 0.0 
28451.51 0.91 0.0 
29758.13 0.45 0.0 
28945.76 0.75 0.0 
29177.31 0.63 0.0 
30097.12 0.62 0.0 
30108.17 0.51 0.0 
30838.69 0.32 0.0 
53533.00 0.39 0.0 
31433.61 0.33 0.0 
31794.64 0.75 0.0 
31893.91 0.32 0.0 
32273.33 0.44 0.0 
61500.52 0.31 0.0 
32387.88 0.68 0.0 
31585.32 0.83 0.0 
32762.40 0.60 0.0 
32884.71 0.48 0.0 
34666.39 0.95 0.0 
34677.31 0.77 0.0 
71478.55 0.35 0.0 
43199.00 0.54 0.0 
65642.20 0.41 0.0 
66343.12 0.78 0.0 
46197.59 0.44 0.0 
51599.09 0.37 0.0 
73255.13 0.54 0.0 
72943.93 0.33 0.0 
72957.57 0.42 0.0 
73255.15 0.39 0.0 
79034.03 0.61 0.0 
61292.24 0.68 0.0 
85540.97 0.33 0.0 
72957.60 0.50 0.0 
85422.16 0.55 0.0 
