427.76 0.55 0.0 
4603.38 0.58 0.0 
4645.48 0.38 0.0 
5589.96 0.41 0.0 
6250.17 0.36 0.0 
6539.41 0.62 0.0 
11968.19 0.46 0.0 
12728.82 0.95 0.0 
12728.82 0.87 0.0 
13808.37 0.49 0.0 
13819.41 0.32 0.0 
15959.00 0.51 0.0 
15198.29 0.40 0.0 
15320.28 0.60 0.0 
16318.60 0.69 0.0 
16318.57 0.33 0.0 
15340.69 0.38 0.0 
18071.55 0.45 0.0 
19424.32 0.34 0.0 
22409.01 0.33 0.0 
24989.40 0.44 0.0 
34903.09 0.57 0.0 
34003.49 0.35 0.0 
34318.00 0.44 0.0 
34903.09 0.74 0.0 
39404.51 0.65 0.0 
42779.11 0.67 0.0 
45401.84 0.57 0.0 
45387.83 0.36 0.0 
