387.89 0.45 0.0 
368.87 0.31 0.0 
971.25 0.48 0.0 
3528.18 0.54 0.0 
3552.83 0.85 0.0 
4937.26 0.83 0.0 
5440.33 0.66 0.0 
4754.05 0.36 0.0 
5474.60 0.31 0.0 
4079.15 0.83 0.0 
415.69 0.40 0.0 
5399.63 0.95 0.0 
5648.42 0.91 0.0 
4937.27 0.91 0.0 
1421.77 0.81 0.0 
5648.40 0.93 0.0 
11055.07 0.30 0.0 
11443.99 0.85 0.0 
10274.44 0.70 0.0 
3528.19 0.63 0.0 
9121.62 0.54 0.0 
3060.69 0.56 0.0 
4756.56 0.54 0.0 
9974.24 0.51 0.0 
5622.27 0.82 0.0 
13839.42 0.93 0.0 
4154.69 0.40 0.0 
5440.34 0.89 0.0 
4756.53 0.56 0.0 
14681.27 0.44 0.0 
13016.12 0.82 0.0 
5127.89 0.51 0.0 
15035.64 0.52 0.0 
13371.68 0.84 0.0 
5474.79 0.76 0.0 
5484.55 0.53 0.0 
6537.76 0.76 0.0 
13729.96 0.80 0.0 
7155.77 0.44 0.0 
7163.63 0.33 0.0 
12723.65 0.94 0.0 
6445.40 0.42 0.0 
14697.22 0.88 0.0 
13678.08 0.32 0.0 
13802.52 0.39 0.0 
13814.49 0.53 0.0 
7158.56 0.32 0.0 
12723.63 0.91 0.0 
17682.25 0.49 0.0 
14871.12 0.86 0.0 
8358.97 0.31 0.0 
13802.49 0.34 0.0 
10737.44 0.45 0.0 
3838.52 0.76 0.0 
11206.36 0.33 0.0 
9926.32 0.82 0.0 
4079.15 0.88 0.0 
10274.41 0.69 0.0 
17765.16 0.33 0.0 
5036.63 0.49 0.0 
5399.60 0.71 0.0 
13016.15 0.85 0.0 
5622.25 0.39 0.0 
13371.70 0.88 0.0 
13729.97 0.56 0.0 
13839.44 0.85 0.0 
13781.88 0.31 0.0 
19090.71 0.83 0.0 
14371.59 0.95 0.0 
14697.20 0.95 0.0 
6599.56 0.79 0.0 
15035.63 0.41 0.0 
15098.25 0.47 0.0 
21368.76 0.41 0.0 
19090.69 0.66 0.0 
24763.99 0.64 0.0 
19584.07 0.40 0.0 
20661.08 0.38 0.0 
23145.69 0.36 0.0 
27640.52 0.70 0.0 
27881.69 0.36 0.0 
19844.89 0.38 0.0 
25390.49 0.73 0.0 
25973.25 0.89 0.0 
19642.73 0.65 0.0 
27192.93 0.40 0.0 
14371.59 0.96 0.0 
19642.75 0.77 0.0 
27667.12 0.39 0.0 
14758.89 0.36 0.0 
14871.08 0.87 0.0 
27899.65 0.31 0.0 
27912.56 0.36 0.0 
15098.38 0.46 0.0 
26529.46 0.50 0.0 
28868.19 0.90 0.0 
21687.56 0.68 0.0 
21926.57 0.31 0.0 
27867.57 0.40 0.0 
24763.95 0.68 0.0 
25973.23 0.87 0.0 
31873.05 0.31 0.0 
30141.12 0.39 0.0 
30828.37 0.34 0.0 
37118.84 0.31 0.0 
31569.62 0.34 0.0 
31691.88 0.32 0.0 
27640.50 0.46 0.0 
33189.96 0.84 0.0 
32166.48 0.32 0.0 
31688.85 0.50 0.0 
20756.33 0.52 0.0 
34317.56 0.67 0.0 
27928.15 0.58 0.0 
28281.05 0.39 0.0 
30198.76 0.36 0.0 
28868.20 0.91 0.0 
33189.95 0.87 0.0 
40425.51 0.82 0.0 
42012.85 0.65 0.0 
37044.33 0.52 0.0 
37064.33 0.40 0.0 
30828.27 0.40 0.0 
37044.37 0.58 0.0 
31679.24 0.42 0.0 
32759.27 0.85 0.0 
33118.41 0.43 0.0 
34317.56 0.70 0.0 
47772.85 0.70 0.0 
56439.29 0.34 0.0 
39478.83 0.89 0.0 
40425.51 0.81 0.0 
55330.68 0.82 0.0 
56712.60 0.72 0.0 
56641.53 0.32 0.0 
44971.17 0.56 0.0 
65444.51 0.94 0.0 
63266.16 0.36 0.0 
49438.32 0.85 0.0 
60894.92 0.66 0.0 
72177.97 0.34 0.0 
60689.51 0.52 0.0 
69854.46 0.91 0.0 
81162.25 0.32 0.0 
82724.32 0.45 0.0 
83441.09 0.54 0.0 
81508.52 0.31 0.0 
70434.03 0.33 0.0 
79798.55 0.79 0.0 
81333.67 0.58 0.0 
