3353.01 0.56 0.0 
5610.35 0.33 0.0 
1936.51 0.52 0.0 
3352.95 0.41 0.0 
12121.01 0.45 0.0 
14786.85 0.39 0.0 
21189.63 0.35 0.0 
26267.20 0.34 0.0 
28431.09 0.39 0.0 
22170.93 0.34 0.0 
26438.57 0.31 0.0 
26438.55 0.47 0.0 
33953.99 0.31 0.0 
35385.91 0.34 0.0 
35871.47 0.65 0.0 
32430.51 0.42 0.0 
35932.25 0.39 0.0 
36488.07 0.43 0.0 
48612.88 0.34 0.0 
41191.24 0.48 0.0 
43903.29 0.30 0.0 
52998.97 0.47 0.0 
50821.35 0.33 0.0 
48113.33 0.33 0.0 
55550.53 0.37 0.0 
56030.38 0.49 0.0 
58549.91 0.34 0.0 
51450.71 0.41 0.0 
59700.75 0.32 0.0 
60450.59 0.33 0.0 
64801.75 0.37 0.0 
71393.68 0.47 0.0 
67800.51 0.35 0.0 
66757.43 0.45 0.0 
75433.53 0.33 0.0 
77605.03 0.30 0.0 
71402.05 0.37 0.0 
78795.57 0.45 0.0 
79160.33 0.48 0.0 
73853.13 0.63 0.0 
74928.05 0.61 0.0 
76005.73 0.41 0.0 
71796.87 0.47 0.0 
74658.08 0.32 0.0 
83628.61 0.60 0.0 
76441.52 0.40 0.0 
82501.36 0.42 0.0 
73853.11 0.69 0.0 
79099.39 0.65 0.0 
84065.13 0.54 0.0 
80176.73 0.45 0.0 
76115.99 0.30 0.0 
79099.39 0.66 0.0 
85743.95 0.37 0.0 
