1260.86 0.83 0.0 
1268.64 0.80 0.0 
1279.65 0.30 0.0 
1396.52 0.65 0.0 
1407.42 0.58 0.0 
1524.01 0.77 0.0 
1630.92 0.60 0.0 
1230.01 0.71 0.0 
1244.25 0.55 0.0 
1413.65 0.70 0.0 
1547.55 0.92 0.0 
1337.63 0.72 0.0 
1350.73 0.55 0.0 
1480.87 0.37 0.0 
1772.12 0.71 0.0 
1699.52 0.55 0.0 
1202.29 0.38 0.0 
1209.69 0.60 0.0 
1248.79 0.40 0.0 
1254.61 0.31 0.0 
1323.57 0.56 0.0 
1332.49 0.54 0.0 
1337.61 0.56 0.0 
1561.65 0.44 0.0 
1586.05 0.45 0.0 
1350.71 0.53 0.0 
1366.39 0.35 0.0 
1691.45 0.36 0.0 
1614.47 0.41 0.0 
1396.52 0.71 0.0 
1407.39 0.70 0.0 
1413.65 0.74 0.0 
1523.99 0.71 0.0 
1248.82 0.47 0.0 
1254.60 0.83 0.0 
1260.88 0.87 0.0 
1268.67 0.56 0.0 
1366.45 0.77 0.0 
1614.44 0.75 0.0 
1630.96 0.65 0.0 
5101.16 0.81 0.0 
1071.47 0.44 0.0 
1209.65 0.32 0.0 
1332.53 0.72 0.0 
1434.45 0.34 0.0 
1547.54 0.93 0.0 
1691.44 0.30 0.0 
7100.13 0.37 0.0 
5101.14 0.86 0.0 
7762.23 0.43 0.0 
6626.48 0.41 0.0 
9695.19 0.77 0.0 
9817.78 0.35 0.0 
10051.89 0.39 0.0 
10175.13 0.69 0.0 
10293.56 0.57 0.0 
9152.83 0.34 0.0 
10416.33 0.37 0.0 
10652.68 0.52 0.0 
8547.40 0.30 0.0 
10137.19 0.47 0.0 
10251.36 0.60 0.0 
10398.17 0.31 0.0 
10097.65 0.64 0.0 
11510.20 0.74 0.0 
9104.00 0.31 0.0 
10490.32 0.40 0.0 
10641.07 0.35 0.0 
10226.17 0.50 0.0 
9695.19 0.47 0.0 
12114.29 0.51 0.0 
10097.64 0.52 0.0 
10207.48 0.74 0.0 
12466.89 0.33 0.0 
11177.00 0.40 0.0 
10175.09 0.56 0.0 
6946.83 0.33 0.0 
10398.20 0.63 0.0 
11697.79 0.66 0.0 
10652.67 0.56 0.0 
10902.91 0.36 0.0 
11089.20 0.44 0.0 
12411.67 0.70 0.0 
12743.39 0.76 0.0 
8413.97 0.38 0.0 
12408.15 0.35 0.0 
12411.66 0.46 0.0 
12431.95 0.37 0.0 
14254.88 0.81 0.0 
13594.81 0.37 0.0 
12730.43 0.30 0.0 
12743.37 0.47 0.0 
13822.21 0.36 0.0 
12867.51 0.45 0.0 
14471.79 0.42 0.0 
15088.89 0.55 0.0 
13418.49 0.40 0.0 
14672.69 0.49 0.0 
14672.67 0.37 0.0 
14780.03 0.32 0.0 
13822.21 0.42 0.0 
15031.91 0.31 0.0 
15031.83 0.31 0.0 
10207.47 0.70 0.0 
15698.16 0.58 0.0 
15377.13 0.35 0.0 
14471.79 0.39 0.0 
14254.88 0.69 0.0 
15523.51 0.56 0.0 
15523.51 0.50 0.0 
15646.91 0.38 0.0 
16308.83 0.37 0.0 
15753.27 0.60 0.0 
14605.20 0.42 0.0 
15054.19 0.46 0.0 
11028.69 0.53 0.0 
11389.87 0.44 0.0 
15551.03 0.37 0.0 
15646.85 0.42 0.0 
16005.87 0.39 0.0 
11510.19 0.70 0.0 
16906.75 0.46 0.0 
15698.19 0.52 0.0 
16616.25 0.35 0.0 
12114.29 0.57 0.0 
16961.97 0.63 0.0 
16961.93 0.59 0.0 
16322.75 0.44 0.0 
12467.01 0.45 0.0 
12614.24 0.32 0.0 
17206.41 0.34 0.0 
18074.95 0.37 0.0 
17903.87 0.32 0.0 
18453.47 0.34 0.0 
17178.19 0.48 0.0 
19299.02 0.63 0.0 
18766.51 0.31 0.0 
19421.75 0.31 0.0 
19724.80 0.36 0.0 
19366.05 0.53 0.0 
19957.61 0.34 0.0 
19365.99 0.41 0.0 
18097.19 0.33 0.0 
19514.91 0.32 0.0 
19966.25 0.57 0.0 
20783.73 0.39 0.0 
19966.31 0.71 0.0 
20756.11 0.46 0.0 
21119.25 0.36 0.0 
20163.57 0.32 0.0 
19299.04 0.84 0.0 
20566.81 0.49 0.0 
20283.01 0.45 0.0 
20566.81 0.54 0.0 
20425.27 0.40 0.0 
21624.54 0.60 0.0 
21592.83 0.34 0.0 
21917.66 0.37 0.0 
20624.79 0.48 0.0 
16906.71 0.40 0.0 
21624.53 0.58 0.0 
23364.86 0.69 0.0 
17510.35 0.37 0.0 
23195.87 0.41 0.0 
17626.74 0.65 0.0 
23371.49 0.35 0.0 
23317.47 0.40 0.0 
21917.59 0.31 0.0 
23191.19 0.46 0.0 
23432.41 0.55 0.0 
24015.88 0.33 0.0 
24666.27 0.33 0.0 
24157.23 0.38 0.0 
24666.19 0.36 0.0 
25821.29 0.76 0.0 
27114.67 0.43 0.0 
22317.84 0.41 0.0 
26071.38 0.48 0.0 
25821.31 0.74 0.0 
25768.08 0.33 0.0 
27131.47 0.48 0.0 
27042.83 0.42 0.0 
29108.08 0.41 0.0 
29580.59 0.55 0.0 
33430.63 0.66 0.0 
34027.63 0.46 0.0 
34486.87 0.31 0.0 
33378.21 0.44 0.0 
26274.48 0.36 0.0 
26519.99 0.32 0.0 
34225.21 0.38 0.0 
34232.35 0.40 0.0 
33929.63 0.48 0.0 
34943.36 0.52 0.0 
35193.41 0.38 0.0 
35672.40 0.44 0.0 
36015.47 0.62 0.0 
37731.73 0.47 0.0 
34281.76 0.74 0.0 
30038.19 0.45 0.0 
39057.87 0.41 0.0 
30659.75 0.39 0.0 
36378.31 0.38 0.0 
34409.41 0.43 0.0 
27131.27 0.32 0.0 
31655.45 0.33 0.0 
31891.83 0.31 0.0 
31593.03 0.70 0.0 
35949.83 0.37 0.0 
35961.44 0.72 0.0 
28670.01 0.47 0.0 
40859.76 0.41 0.0 
32164.28 0.40 0.0 
42304.11 0.35 0.0 
32779.37 0.33 0.0 
37044.29 0.85 0.0 
42673.41 0.32 0.0 
38176.75 0.37 0.0 
34232.37 0.45 0.0 
34374.87 0.32 0.0 
38349.15 0.36 0.0 
33705.45 0.38 0.0 
34100.27 0.41 0.0 
34204.77 0.55 0.0 
33703.55 0.34 0.0 
34311.19 0.54 0.0 
34158.54 0.52 0.0 
34413.75 0.64 0.0 
34531.37 0.67 0.0 
35193.37 0.44 0.0 
34281.75 0.59 0.0 
34573.73 0.62 0.0 
34413.76 0.64 0.0 
34901.11 0.67 0.0 
35261.45 0.37 0.0 
35270.35 0.55 0.0 
34921.87 0.32 0.0 
34943.33 0.54 0.0 
34901.09 0.53 0.0 
44810.27 0.61 0.0 
35044.47 0.33 0.0 
39916.55 0.33 0.0 
35261.44 0.34 0.0 
40940.47 0.41 0.0 
41304.00 0.36 0.0 
32385.81 0.50 0.0 
35657.51 0.47 0.0 
42026.85 0.56 0.0 
35961.43 0.82 0.0 
42763.64 0.31 0.0 
42855.81 0.65 0.0 
37044.30 0.80 0.0 
37057.25 0.56 0.0 
37840.47 0.33 0.0 
34194.47 0.39 0.0 
34204.80 0.76 0.0 
34213.13 0.54 0.0 
34311.15 0.47 0.0 
42304.13 0.48 0.0 
37057.21 0.49 0.0 
34913.17 0.62 0.0 
43705.47 0.41 0.0 
42788.91 0.33 0.0 
37919.51 0.46 0.0 
35270.20 0.55 0.0 
43029.95 0.30 0.0 
47707.79 0.41 0.0 
47713.71 0.50 0.0 
38000.95 0.30 0.0 
37949.65 0.47 0.0 
35755.59 0.40 0.0 
38286.03 0.31 0.0 
39517.43 0.31 0.0 
36134.55 0.43 0.0 
39633.36 0.38 0.0 
39877.16 0.41 0.0 
48892.15 0.38 0.0 
45261.89 0.36 0.0 
39916.57 0.53 0.0 
37079.35 0.32 0.0 
40591.11 0.54 0.0 
37919.47 0.41 0.0 
38286.03 0.46 0.0 
50458.09 0.44 0.0 
50590.32 0.68 0.0 
42053.31 0.35 0.0 
40940.51 0.39 0.0 
42763.64 0.48 0.0 
51654.49 0.73 0.0 
42677.15 0.31 0.0 
42097.77 0.44 0.0 
42107.83 0.36 0.0 
47707.81 0.60 0.0 
47713.73 0.32 0.0 
43362.77 0.58 0.0 
42026.89 0.63 0.0 
42629.16 0.33 0.0 
40546.35 0.33 0.0 
48684.99 0.62 0.0 
42848.49 0.35 0.0 
53572.87 0.37 0.0 
44810.27 0.56 0.0 
50416.97 0.60 0.0 
44029.85 0.30 0.0 
44046.80 0.59 0.0 
50657.08 0.74 0.0 
45760.89 0.31 0.0 
44522.53 0.40 0.0 
44730.57 0.54 0.0 
44874.20 0.39 0.0 
51761.95 0.44 0.0 
51858.05 0.40 0.0 
43310.56 0.34 0.0 
51441.72 0.43 0.0 
51663.88 0.34 0.0 
56207.75 0.58 0.0 
44029.81 0.35 0.0 
52578.57 0.33 0.0 
46055.37 0.45 0.0 
46301.12 0.45 0.0 
47123.39 0.32 0.0 
47132.70 0.53 0.0 
46660.49 0.36 0.0 
46667.07 0.30 0.0 
46674.15 0.39 0.0 
44874.20 0.63 0.0 
57526.99 0.30 0.0 
54020.57 0.34 0.0 
53351.15 0.44 0.0 
45468.11 0.40 0.0 
47638.99 0.34 0.0 
47528.87 0.60 0.0 
48684.95 0.46 0.0 
48925.24 0.36 0.0 
54551.21 0.57 0.0 
46674.17 0.32 0.0 
46686.43 0.34 0.0 
55459.43 0.40 0.0 
50197.85 0.34 0.0 
47025.75 0.31 0.0 
48961.52 0.56 0.0 
47528.89 0.81 0.0 
60305.09 0.32 0.0 
56297.79 0.43 0.0 
56437.08 0.74 0.0 
47865.87 0.40 0.0 
50476.75 0.35 0.0 
50617.70 0.67 0.0 
49819.85 0.51 0.0 
50731.93 0.37 0.0 
50391.13 0.37 0.0 
51654.48 0.62 0.0 
50610.99 0.58 0.0 
50617.72 0.60 0.0 
50628.05 0.53 0.0 
50416.91 0.35 0.0 
51779.68 0.39 0.0 
50735.19 0.40 0.0 
51872.81 0.64 0.0 
51441.73 0.46 0.0 
50657.05 0.58 0.0 
52110.53 0.40 0.0 
57985.47 0.44 0.0 
51718.71 0.62 0.0 
50391.09 0.69 0.0 
51813.19 0.33 0.0 
50628.04 0.50 0.0 
51857.95 0.34 0.0 
58945.09 0.34 0.0 
50879.64 0.47 0.0 
59310.21 0.41 0.0 
58768.03 0.57 0.0 
53491.61 0.48 0.0 
58984.49 0.31 0.0 
52185.45 0.48 0.0 
52562.15 0.51 0.0 
52569.37 0.36 0.0 
52666.47 0.33 0.0 
55114.43 0.36 0.0 
60085.40 0.49 0.0 
65342.67 0.45 0.0 
60688.99 0.39 0.0 
61818.21 0.47 0.0 
61946.03 0.47 0.0 
56326.83 0.36 0.0 
56437.14 0.67 0.0 
66181.85 0.44 0.0 
66194.69 0.62 0.0 
61400.74 0.75 0.0 
55562.29 0.34 0.0 
55685.25 0.45 0.0 
62683.39 0.31 0.0 
63037.46 0.42 0.0 
56297.79 0.42 0.0 
67148.69 0.41 0.0 
55334.05 0.38 0.0 
56970.67 0.31 0.0 
57797.79 0.31 0.0 
57823.91 0.37 0.0 
68104.81 0.53 0.0 
64587.36 0.39 0.0 
57985.51 0.42 0.0 
68708.80 0.50 0.0 
58770.43 0.38 0.0 
59256.15 0.32 0.0 
58810.39 0.80 0.0 
69766.24 0.38 0.0 
59290.73 0.56 0.0 
60995.23 0.46 0.0 
58810.38 0.73 0.0 
67463.87 0.43 0.0 
60488.49 0.52 0.0 
66181.83 0.42 0.0 
59290.77 0.57 0.0 
61304.55 0.35 0.0 
61400.74 0.83 0.0 
67945.65 0.33 0.0 
60841.35 0.50 0.0 
62117.51 0.32 0.0 
60488.47 0.37 0.0 
67148.72 0.45 0.0 
61946.09 0.40 0.0 
67393.13 0.39 0.0 
60972.51 0.86 0.0 
62146.35 0.34 0.0 
69738.07 0.33 0.0 
73374.89 0.47 0.0 
70461.67 0.37 0.0 
68840.15 0.40 0.0 
64355.32 0.33 0.0 
70575.73 0.58 0.0 
63334.39 0.44 0.0 
64617.05 0.36 0.0 
69551.15 0.36 0.0 
65174.49 0.45 0.0 
72135.65 0.66 0.0 
72637.15 0.44 0.0 
72743.59 0.38 0.0 
65372.45 0.45 0.0 
67285.29 0.56 0.0 
65174.57 0.36 0.0 
65988.37 0.40 0.0 
67950.53 0.31 0.0 
67208.19 0.41 0.0 
66467.35 0.54 0.0 
65988.39 0.66 0.0 
68499.45 0.35 0.0 
68840.19 0.70 0.0 
66467.41 0.47 0.0 
67292.63 0.44 0.0 
68526.31 0.35 0.0 
66733.67 0.34 0.0 
69407.43 0.45 0.0 
74000.52 0.75 0.0 
67333.67 0.40 0.0 
70122.20 0.38 0.0 
68259.25 0.46 0.0 
79271.33 0.70 0.0 
74719.29 0.37 0.0 
68499.47 0.45 0.0 
68864.36 0.51 0.0 
68534.91 0.42 0.0 
70575.73 0.47 0.0 
70709.02 0.35 0.0 
70809.57 0.42 0.0 
78255.68 0.33 0.0 
78498.96 0.34 0.0 
71365.43 0.42 0.0 
80697.87 0.32 0.0 
72366.12 0.35 0.0 
81047.53 0.41 0.0 
79340.45 0.34 0.0 
81174.78 0.90 0.0 
81188.93 0.31 0.0 
77828.68 0.34 0.0 
81288.18 0.61 0.0 
70186.55 0.40 0.0 
81525.59 0.35 0.0 
73809.03 0.33 0.0 
73239.44 0.38 0.0 
70667.17 0.37 0.0 
70667.09 0.51 0.0 
74180.55 0.32 0.0 
70915.17 0.55 0.0 
80417.69 0.35 0.0 
71397.96 0.33 0.0 
79148.83 0.36 0.0 
81020.29 0.38 0.0 
81044.65 0.39 0.0 
74117.15 0.35 0.0 
81142.68 0.68 0.0 
81153.64 0.53 0.0 
81256.10 0.72 0.0 
81261.67 0.31 0.0 
81267.36 0.49 0.0 
81391.79 0.48 0.0 
81404.47 0.36 0.0 
74794.03 0.34 0.0 
81505.48 0.46 0.0 
74719.29 0.48 0.0 
74864.67 0.39 0.0 
72571.31 0.39 0.0 
80833.87 0.32 0.0 
76920.91 0.30 0.0 
81308.07 0.32 0.0 
73914.13 0.32 0.0 
81903.71 0.38 0.0 
81921.77 0.62 0.0 
77882.19 0.33 0.0 
85748.59 0.33 0.0 
82267.56 0.42 0.0 
75974.67 0.36 0.0 
83703.37 0.40 0.0 
79474.93 0.36 0.0 
84209.87 0.51 0.0 
86295.79 0.35 0.0 
86320.99 0.39 0.0 
80043.45 0.52 0.0 
77251.92 0.65 0.0 
79636.31 0.34 0.0 
80280.87 0.50 0.0 
79894.41 0.42 0.0 
78094.69 0.55 0.0 
80798.03 0.32 0.0 
81124.35 0.31 0.0 
81246.43 0.77 0.0 
81256.07 0.43 0.0 
81261.68 0.54 0.0 
81047.56 0.54 0.0 
81158.47 0.62 0.0 
81174.78 0.81 0.0 
81489.24 0.39 0.0 
85748.65 0.42 0.0 
81082.11 0.78 0.0 
81288.17 0.65 0.0 
81391.77 0.66 0.0 
81319.82 0.74 0.0 
81330.81 0.53 0.0 
81511.87 0.35 0.0 
82329.87 0.34 0.0 
81921.81 0.61 0.0 
82298.69 0.33 0.0 
80392.91 0.31 0.0 
83733.59 0.42 0.0 
81127.31 0.37 0.0 
81246.42 0.77 0.0 
81345.68 0.65 0.0 
81489.23 0.39 0.0 
81212.01 0.73 0.0 
81225.25 0.66 0.0 
81330.77 0.58 0.0 
81353.35 0.60 0.0 
84555.44 0.83 0.0 
85476.47 0.47 0.0 
85615.23 0.34 0.0 
82650.87 0.31 0.0 
86080.83 0.40 0.0 
83733.59 0.47 0.0 
84708.67 0.39 0.0 
