1679.51 0.72 0.0 
8229.80 0.51 0.0 
6477.41 0.32 0.0 
2608.40 0.43 0.0 
7438.95 0.53 0.0 
3536.59 0.40 0.0 
12463.55 0.92 0.0 
9717.17 0.84 0.0 
3146.89 0.32 0.0 
10302.50 0.33 0.0 
10315.69 0.70 0.0 
13413.47 0.92 0.0 
10437.61 0.45 0.0 
15080.65 0.71 0.0 
5300.68 0.82 0.0 
12463.55 0.89 0.0 
5300.67 0.86 0.0 
16874.05 0.59 0.0 
13413.47 0.91 0.0 
9613.80 0.77 0.0 
10499.18 0.92 0.0 
10445.92 0.76 0.0 
18944.07 0.45 0.0 
11964.69 0.69 0.0 
15118.47 0.37 0.0 
12764.82 0.93 0.0 
15836.89 0.30 0.0 
13636.53 0.43 0.0 
10445.89 0.58 0.0 
13812.88 0.39 0.0 
12764.59 0.38 0.0 
15144.00 0.73 0.0 
22050.93 0.44 0.0 
16364.04 0.75 0.0 
19334.29 0.46 0.0 
23279.56 0.45 0.0 
23759.56 0.39 0.0 
23879.27 0.39 0.0 
21408.16 0.63 0.0 
22812.91 0.30 0.0 
29864.51 0.43 0.0 
25332.16 0.52 0.0 
29033.41 0.43 0.0 
33432.03 0.39 0.0 
34047.39 0.97 0.0 
29879.45 0.53 0.0 
26442.12 0.65 0.0 
28102.03 0.39 0.0 
28244.13 0.40 0.0 
28102.04 0.51 0.0 
30044.11 0.46 0.0 
41493.97 0.39 0.0 
34047.39 0.97 0.0 
41864.05 0.50 0.0 
34358.66 0.72 0.0 
34409.49 0.35 0.0 
37918.81 0.42 0.0 
34358.68 0.72 0.0 
37083.15 0.94 0.0 
37214.16 0.55 0.0 
35308.92 0.60 0.0 
36989.29 0.48 0.0 
37083.15 0.89 0.0 
41393.32 0.45 0.0 
41493.96 0.46 0.0 
38322.32 0.33 0.0 
38302.76 0.50 0.0 
41736.47 0.30 0.0 
41393.32 0.32 0.0 
40724.42 0.61 0.0 
44279.51 0.57 0.0 
44758.29 0.32 0.0 
43884.71 0.36 0.0 
46181.91 0.47 0.0 
48162.39 0.40 0.0 
46124.40 0.45 0.0 
48714.73 0.47 0.0 
56476.47 0.56 0.0 
48329.21 0.32 0.0 
50430.59 0.51 0.0 
48761.71 0.41 0.0 
48747.56 0.80 0.0 
50487.04 0.39 0.0 
50416.91 0.33 0.0 
50430.57 0.46 0.0 
50416.91 0.38 0.0 
52224.87 0.42 0.0 
56398.95 0.42 0.0 
56749.93 0.61 0.0 
54388.97 0.56 0.0 
56534.45 0.31 0.0 
56476.48 0.51 0.0 
54739.17 0.36 0.0 
54749.49 0.37 0.0 
58559.53 0.38 0.0 
63311.45 0.66 0.0 
56441.95 0.79 0.0 
56678.57 0.39 0.0 
58244.37 0.33 0.0 
60517.05 0.52 0.0 
62174.48 0.45 0.0 
63044.21 0.58 0.0 
64124.51 0.42 0.0 
64244.15 0.38 0.0 
72659.49 0.37 0.0 
73109.51 0.34 0.0 
76880.96 0.46 0.0 
85047.00 0.59 0.0 
