1169.56 0.50 0.0 
1069.48 0.35 0.0 
1296.61 0.31 0.0 
1242.60 0.62 0.0 
1244.18 0.32 0.0 
1412.05 0.44 0.0 
1545.09 0.77 0.0 
1346.20 0.71 0.0 
1697.72 0.66 0.0 
1713.95 0.58 0.0 
1915.05 0.33 0.0 
1252.17 0.39 0.0 
1258.21 0.30 0.0 
1322.61 0.44 0.0 
1328.29 0.35 0.0 
1346.21 0.79 0.0 
1371.97 0.37 0.0 
1697.68 0.42 0.0 
1713.92 0.34 0.0 
1405.56 0.32 0.0 
1412.05 0.41 0.0 
1522.33 0.37 0.0 
1902.59 0.36 0.0 
1245.33 0.31 0.0 
1252.14 0.57 0.0 
1258.19 0.66 0.0 
1259.44 0.39 0.0 
1372.01 0.37 0.0 
1610.85 0.59 0.0 
1626.25 0.53 0.0 
1069.48 0.55 0.0 
6353.89 0.73 0.0 
6718.85 0.62 0.0 
1328.27 0.51 0.0 
1454.39 0.31 0.0 
1545.09 0.62 0.0 
1560.28 0.53 0.0 
6078.93 0.33 0.0 
4948.20 0.69 0.0 
6923.84 0.53 0.0 
6898.27 0.62 0.0 
7918.07 0.58 0.0 
6524.51 0.39 0.0 
7526.72 0.49 0.0 
7002.81 0.76 0.0 
6488.16 0.41 0.0 
5096.83 0.57 0.0 
7758.85 0.44 0.0 
7277.93 0.46 0.0 
8438.68 0.40 0.0 
8699.67 0.35 0.0 
9694.05 0.57 0.0 
6431.47 0.31 0.0 
8968.21 0.41 0.0 
9064.30 0.55 0.0 
10198.71 0.50 0.0 
9057.93 0.45 0.0 
8305.97 0.57 0.0 
8115.51 0.31 0.0 
8412.84 0.56 0.0 
9659.30 0.46 0.0 
8521.76 0.44 0.0 
5054.54 0.79 0.0 
5173.77 0.57 0.0 
8669.00 0.85 0.0 
10279.40 0.74 0.0 
9134.62 0.31 0.0 
10248.00 0.59 0.0 
10396.32 0.49 0.0 
10106.91 0.37 0.0 
11509.64 0.73 0.0 
8106.35 0.51 0.0 
9389.23 0.33 0.0 
10634.69 0.58 0.0 
8699.69 0.42 0.0 
6488.17 0.36 0.0 
9694.00 0.62 0.0 
9313.73 0.42 0.0 
10203.59 0.36 0.0 
10226.15 0.50 0.0 
10051.85 0.57 0.0 
11606.16 0.69 0.0 
10279.37 0.49 0.0 
10153.07 0.87 0.0 
11566.07 0.51 0.0 
10396.31 0.88 0.0 
10247.97 0.49 0.0 
11697.07 0.67 0.0 
12837.57 0.60 0.0 
10634.65 0.51 0.0 
13288.43 0.34 0.0 
11788.48 0.37 0.0 
11566.12 0.36 0.0 
11908.55 0.34 0.0 
11713.85 0.40 0.0 
11863.08 0.49 0.0 
8412.84 0.65 0.0 
12407.40 0.41 0.0 
12429.05 0.72 0.0 
12626.15 0.32 0.0 
14254.24 0.55 0.0 
14278.47 0.37 0.0 
12728.44 0.69 0.0 
14752.15 0.41 0.0 
13513.03 0.56 0.0 
15079.97 0.47 0.0 
13418.52 0.33 0.0 
13807.25 0.33 0.0 
14919.73 0.34 0.0 
15038.83 0.50 0.0 
15054.20 0.47 0.0 
15444.21 0.31 0.0 
10203.61 0.40 0.0 
15164.21 0.31 0.0 
14254.25 0.34 0.0 
15521.32 0.83 0.0 
15521.31 0.91 0.0 
11026.13 0.64 0.0 
11387.88 0.41 0.0 
15547.91 0.37 0.0 
15674.52 0.86 0.0 
11509.61 0.52 0.0 
15220.89 0.50 0.0 
15444.21 0.54 0.0 
16952.03 0.30 0.0 
16959.40 0.59 0.0 
16959.45 0.55 0.0 
12253.32 0.68 0.0 
16990.01 0.53 0.0 
16321.88 0.49 0.0 
17322.61 0.34 0.0 
17324.42 0.42 0.0 
12614.19 0.45 0.0 
18087.68 0.87 0.0 
17988.44 0.58 0.0 
12728.43 0.87 0.0 
13094.32 0.62 0.0 
18686.97 0.30 0.0 
17175.65 0.44 0.0 
19069.11 0.43 0.0 
19403.89 0.42 0.0 
18882.11 0.44 0.0 
19297.33 0.34 0.0 
19433.45 0.47 0.0 
13807.24 0.47 0.0 
13813.03 0.31 0.0 
19723.37 0.43 0.0 
18748.20 0.84 0.0 
19362.56 0.67 0.0 
14752.11 0.51 0.0 
20561.56 0.55 0.0 
19957.57 0.51 0.0 
20684.51 0.57 0.0 
20753.48 0.91 0.0 
20858.13 0.42 0.0 
21116.27 0.36 0.0 
20348.01 0.31 0.0 
21431.59 0.52 0.0 
19297.35 0.60 0.0 
15733.37 0.51 0.0 
20424.04 0.49 0.0 
21622.12 0.80 0.0 
20916.72 0.60 0.0 
22047.81 0.51 0.0 
21836.40 0.44 0.0 
16321.87 0.45 0.0 
22121.93 0.40 0.0 
20143.79 0.45 0.0 
20501.76 0.53 0.0 
20624.08 0.57 0.0 
22604.08 0.83 0.0 
21622.04 0.80 0.0 
22121.91 0.50 0.0 
23363.89 0.39 0.0 
23518.48 0.66 0.0 
17988.44 0.83 0.0 
22587.20 0.35 0.0 
23218.53 0.44 0.0 
23218.53 0.67 0.0 
22184.15 0.30 0.0 
18734.41 0.36 0.0 
24599.01 0.48 0.0 
19694.17 0.51 0.0 
25768.08 0.63 0.0 
25816.49 0.39 0.0 
25818.59 0.64 0.0 
25874.57 0.42 0.0 
26088.25 0.70 0.0 
20753.51 0.81 0.0 
27020.40 0.61 0.0 
26566.33 0.88 0.0 
27114.07 0.47 0.0 
22692.27 0.71 0.0 
27314.28 0.85 0.0 
27406.64 0.90 0.0 
25818.59 0.75 0.0 
25536.31 0.31 0.0 
28319.35 0.95 0.0 
26566.37 0.44 0.0 
29780.71 0.37 0.0 
28679.42 0.89 0.0 
27809.33 0.62 0.0 
29133.20 0.32 0.0 
28885.45 0.33 0.0 
29121.12 0.54 0.0 
30783.95 0.31 0.0 
23987.05 0.45 0.0 
31872.57 0.32 0.0 
27406.64 0.55 0.0 
33429.67 0.49 0.0 
34024.75 0.67 0.0 
32967.91 0.31 0.0 
27344.42 0.82 0.0 
28706.60 0.31 0.0 
27823.87 0.58 0.0 
33747.25 0.51 0.0 
33927.13 0.35 0.0 
29623.60 0.65 0.0 
29984.27 0.65 0.0 
34158.51 0.66 0.0 
34279.52 0.33 0.0 
38353.20 0.31 0.0 
30058.93 0.39 0.0 
30455.49 0.47 0.0 
26999.85 0.79 0.0 
34404.56 0.43 0.0 
28694.58 0.65 0.0 
31320.84 0.35 0.0 
31348.05 0.77 0.0 
32877.48 0.85 0.0 
37042.45 0.88 0.0 
38176.80 0.49 0.0 
32864.56 0.61 0.0 
38441.44 0.61 0.0 
33619.20 0.38 0.0 
34371.57 0.36 0.0 
38129.01 0.58 0.0 
33451.96 0.34 0.0 
43873.12 0.48 0.0 
34225.19 0.34 0.0 
33700.76 0.32 0.0 
34306.23 0.41 0.0 
39514.13 0.30 0.0 
34158.44 0.41 0.0 
34279.52 0.31 0.0 
34404.49 0.44 0.0 
34898.93 0.55 0.0 
31692.40 0.51 0.0 
35265.41 0.66 0.0 
34936.27 0.47 0.0 
34898.93 0.65 0.0 
44808.65 0.45 0.0 
40939.00 0.46 0.0 
41563.23 0.58 0.0 
35752.13 0.55 0.0 
36299.31 0.53 0.0 
35654.48 0.61 0.0 
42023.80 0.78 0.0 
32877.48 0.64 0.0 
41608.79 0.44 0.0 
37042.44 0.88 0.0 
37731.73 0.45 0.0 
34189.65 0.41 0.0 
34210.89 0.35 0.0 
43355.41 0.31 0.0 
34573.71 0.34 0.0 
37635.84 0.49 0.0 
37914.31 0.63 0.0 
47593.45 0.56 0.0 
35265.39 0.84 0.0 
38128.97 0.62 0.0 
37949.50 0.38 0.0 
48073.93 0.75 0.0 
35654.48 0.88 0.0 
48190.35 0.35 0.0 
38518.32 0.58 0.0 
35752.13 0.36 0.0 
38176.79 0.92 0.0 
48310.32 0.68 0.0 
38429.13 0.42 0.0 
44671.87 0.53 0.0 
39514.16 0.31 0.0 
36131.69 0.63 0.0 
48673.47 0.53 0.0 
39239.48 0.50 0.0 
39337.43 0.40 0.0 
40594.21 0.49 0.0 
39838.46 0.37 0.0 
37914.31 0.56 0.0 
50593.80 0.31 0.0 
50696.40 0.84 0.0 
47322.81 0.63 0.0 
50833.94 0.74 0.0 
47426.72 0.41 0.0 
40939.00 0.67 0.0 
40946.76 0.43 0.0 
38987.87 0.41 0.0 
47129.59 0.90 0.0 
47726.60 0.40 0.0 
42796.04 0.43 0.0 
42943.33 0.68 0.0 
52138.71 0.46 0.0 
42023.80 0.77 0.0 
48673.43 0.44 0.0 
44023.85 0.42 0.0 
53570.15 0.84 0.0 
44808.65 0.57 0.0 
53821.00 0.33 0.0 
43828.97 0.45 0.0 
50544.81 0.56 0.0 
44038.94 0.93 0.0 
45777.77 0.40 0.0 
44519.36 0.66 0.0 
50727.98 0.35 0.0 
51282.73 0.57 0.0 
45824.44 0.32 0.0 
45509.09 0.89 0.0 
45837.93 0.45 0.0 
56708.24 0.37 0.0 
56710.17 0.37 0.0 
47129.63 0.72 0.0 
52961.31 0.42 0.0 
44765.05 0.42 0.0 
47068.16 0.75 0.0 
53368.81 0.38 0.0 
53488.11 0.64 0.0 
47426.69 0.39 0.0 
47638.96 0.51 0.0 
47527.23 0.56 0.0 
49139.23 0.52 0.0 
47877.30 0.75 0.0 
46571.45 0.46 0.0 
48571.35 0.38 0.0 
46666.99 0.43 0.0 
46674.13 0.31 0.0 
54805.92 0.31 0.0 
49664.47 0.47 0.0 
47289.77 0.54 0.0 
50696.39 0.89 0.0 
49346.39 0.55 0.0 
47527.26 0.67 0.0 
47533.85 0.58 0.0 
60309.64 0.46 0.0 
56204.21 0.76 0.0 
49558.77 0.58 0.0 
47773.48 0.32 0.0 
56435.00 0.96 0.0 
47877.29 0.38 0.0 
47894.05 0.42 0.0 
50792.44 0.41 0.0 
50817.84 0.74 0.0 
50610.89 0.50 0.0 
50624.23 0.65 0.0 
50742.09 0.50 0.0 
50744.28 0.47 0.0 
50157.41 0.38 0.0 
60911.07 0.50 0.0 
57164.28 0.41 0.0 
50389.01 0.71 0.0 
51649.97 0.31 0.0 
50624.21 0.31 0.0 
51777.33 0.62 0.0 
50731.89 0.62 0.0 
50742.05 0.41 0.0 
48853.64 0.45 0.0 
50544.82 0.79 0.0 
50654.04 0.50 0.0 
56848.80 0.56 0.0 
56969.25 0.73 0.0 
51714.32 0.50 0.0 
50389.03 0.87 0.0 
58483.94 0.72 0.0 
51813.26 0.30 0.0 
52782.17 0.58 0.0 
52079.47 0.80 0.0 
62709.80 0.64 0.0 
53570.15 0.86 0.0 
51968.41 0.44 0.0 
52222.03 0.36 0.0 
58767.52 0.79 0.0 
52827.33 0.68 0.0 
51968.41 0.44 0.0 
51974.13 0.33 0.0 
63794.45 0.52 0.0 
54898.52 0.59 0.0 
52561.60 0.78 0.0 
52574.33 0.37 0.0 
64608.49 0.48 0.0 
54696.92 0.35 0.0 
60083.49 0.45 0.0 
53053.03 0.67 0.0 
54388.17 0.46 0.0 
54718.09 0.50 0.0 
60686.84 0.84 0.0 
56097.32 0.41 0.0 
53774.51 0.36 0.0 
61943.30 0.82 0.0 
56435.00 0.96 0.0 
56445.12 0.47 0.0 
56558.71 0.52 0.0 
66190.73 0.69 0.0 
61399.73 0.67 0.0 
56383.78 0.83 0.0 
55914.58 0.31 0.0 
63042.73 0.46 0.0 
56189.49 0.31 0.0 
63524.52 0.78 0.0 
56638.65 0.44 0.0 
58259.45 0.67 0.0 
62847.75 0.62 0.0 
58483.53 0.32 0.0 
57145.96 0.31 0.0 
68472.43 0.46 0.0 
57251.93 0.38 0.0 
58229.19 0.78 0.0 
59263.52 0.85 0.0 
57725.71 0.44 0.0 
59699.29 0.56 0.0 
58917.84 0.34 0.0 
58807.78 0.96 0.0 
59727.23 0.48 0.0 
60178.12 0.30 0.0 
60390.29 0.81 0.0 
66637.07 0.52 0.0 
65342.65 0.43 0.0 
66764.48 0.31 0.0 
58807.78 0.95 0.0 
61184.10 0.39 0.0 
59294.56 0.47 0.0 
61303.07 0.64 0.0 
61399.80 0.69 0.0 
61423.29 0.63 0.0 
59654.45 0.55 0.0 
71234.52 0.87 0.0 
67169.00 0.31 0.0 
69164.37 0.32 0.0 
61943.23 0.60 0.0 
60845.04 0.35 0.0 
60852.70 0.42 0.0 
62636.61 0.32 0.0 
62878.19 0.67 0.0 
64499.28 0.48 0.0 
64608.49 0.40 0.0 
63716.92 0.40 0.0 
63838.67 0.31 0.0 
69687.87 0.32 0.0 
65336.13 0.40 0.0 
64945.67 0.42 0.0 
65938.69 0.64 0.0 
67134.32 0.67 0.0 
67542.00 0.85 0.0 
65985.73 0.36 0.0 
76750.17 0.76 0.0 
67348.72 0.38 0.0 
66457.49 0.35 0.0 
67829.31 0.52 0.0 
65985.71 0.61 0.0 
72927.63 0.84 0.0 
68838.33 0.62 0.0 
68426.80 0.51 0.0 
66733.68 0.44 0.0 
67211.95 0.32 0.0 
69631.00 0.42 0.0 
67331.95 0.58 0.0 
67564.41 0.39 0.0 
70301.55 0.34 0.0 
68496.77 0.40 0.0 
74969.45 0.49 0.0 
68772.25 0.45 0.0 
70708.97 0.31 0.0 
71808.61 0.75 0.0 
79004.45 0.37 0.0 
72989.46 0.94 0.0 
81169.23 0.82 0.0 
81185.12 0.75 0.0 
81285.11 0.33 0.0 
81304.39 0.73 0.0 
70915.13 0.44 0.0 
73618.07 0.37 0.0 
78805.16 0.85 0.0 
73636.53 0.51 0.0 
71397.93 0.37 0.0 
74022.57 0.36 0.0 
71639.49 0.50 0.0 
74136.41 0.40 0.0 
81148.49 0.30 0.0 
81158.45 0.39 0.0 
81163.46 0.53 0.0 
75149.05 0.31 0.0 
71653.08 0.92 0.0 
81261.70 0.58 0.0 
81375.63 0.41 0.0 
81390.11 0.34 0.0 
74863.45 0.56 0.0 
74984.28 0.32 0.0 
81082.05 0.67 0.0 
81185.03 0.32 0.0 
81304.39 0.60 0.0 
74136.39 0.31 0.0 
81917.69 0.33 0.0 
77909.36 0.48 0.0 
74758.97 0.48 0.0 
84282.29 0.31 0.0 
86354.56 0.89 0.0 
83009.70 0.41 0.0 
75494.15 0.47 0.0 
75599.47 0.44 0.0 
85364.16 0.48 0.0 
76094.42 0.61 0.0 
85603.76 0.59 0.0 
86084.49 0.41 0.0 
84208.21 0.43 0.0 
80067.84 0.32 0.0 
77758.69 0.31 0.0 
80338.80 0.34 0.0 
80794.68 0.44 0.0 
81142.60 0.33 0.0 
81148.47 0.41 0.0 
81240.36 0.30 0.0 
81267.25 0.62 0.0 
78733.03 0.45 0.0 
81375.69 0.65 0.0 
81169.27 0.89 0.0 
81481.24 0.66 0.0 
81283.97 0.39 0.0 
81211.94 0.76 0.0 
81917.59 0.35 0.0 
82661.32 0.57 0.0 
80399.13 0.61 0.0 
81124.21 0.58 0.0 
81240.33 0.61 0.0 
81353.29 0.30 0.0 
81362.77 0.50 0.0 
81481.21 0.43 0.0 
81494.20 0.32 0.0 
81345.65 0.69 0.0 
81476.98 0.54 0.0 
85619.65 0.31 0.0 
82920.29 0.38 0.0 
84368.66 0.39 0.0 
84707.49 0.62 0.0 
86174.36 0.39 0.0 
