1033.89 0.31 0.0 
2596.13 0.52 0.0 
4421.89 0.36 0.0 
8808.63 0.31 0.0 
2579.52 0.39 0.0 
1681.35 0.55 0.0 
8970.91 0.36 0.0 
3149.83 0.56 0.0 
13845.87 0.52 0.0 
13421.95 0.40 0.0 
10438.69 0.31 0.0 
11020.15 0.38 0.0 
14115.55 0.59 0.0 
15081.35 0.42 0.0 
10438.69 0.34 0.0 
10446.31 0.33 0.0 
8429.56 0.45 0.0 
15095.96 0.63 0.0 
12689.87 0.47 0.0 
20335.95 0.38 0.0 
14200.79 0.33 0.0 
14512.84 0.31 0.0 
21894.77 0.51 0.0 
22996.01 0.68 0.0 
22994.51 0.35 0.0 
20869.47 0.37 0.0 
16080.71 0.70 0.0 
16945.51 0.32 0.0 
20869.43 0.33 0.0 
23879.33 0.35 0.0 
21418.43 0.31 0.0 
21947.09 0.36 0.0 
26639.88 0.34 0.0 
24353.87 0.31 0.0 
25334.80 0.69 0.0 
29033.93 0.81 0.0 
33916.35 0.43 0.0 
34048.51 0.33 0.0 
26442.17 0.51 0.0 
34386.09 0.37 0.0 
30815.99 0.33 0.0 
29033.96 0.60 0.0 
32875.63 0.34 0.0 
26535.24 0.38 0.0 
37776.35 0.41 0.0 
34422.25 0.50 0.0 
37846.81 0.63 0.0 
40395.73 0.50 0.0 
41495.27 0.48 0.0 
34362.36 0.56 0.0 
34362.27 0.40 0.0 
36642.29 0.42 0.0 
36713.71 0.30 0.0 
37085.37 0.73 0.0 
38999.45 0.39 0.0 
37846.83 0.39 0.0 
37097.21 0.35 0.0 
40119.99 0.30 0.0 
37085.35 0.52 0.0 
46877.40 0.57 0.0 
41394.73 0.32 0.0 
48698.69 0.47 0.0 
41460.84 0.77 0.0 
40588.45 0.42 0.0 
50604.95 0.32 0.0 
44812.43 0.32 0.0 
42738.21 0.36 0.0 
47774.14 0.31 0.0 
53092.91 0.33 0.0 
48698.68 0.62 0.0 
45965.79 0.34 0.0 
48755.48 0.47 0.0 
48762.47 0.41 0.0 
48715.19 0.54 0.0 
48726.77 0.35 0.0 
50258.71 0.46 0.0 
48135.83 0.39 0.0 
48762.49 0.65 0.0 
59242.15 0.40 0.0 
49943.17 0.34 0.0 
50061.79 0.53 0.0 
61400.35 0.46 0.0 
56752.31 0.60 0.0 
54739.91 0.40 0.0 
64880.65 0.33 0.0 
57810.87 0.37 0.0 
58499.15 0.34 0.0 
57763.71 0.32 0.0 
64443.92 0.45 0.0 
66042.49 0.43 0.0 
64443.89 0.36 0.0 
65669.31 0.39 0.0 
66042.49 0.39 0.0 
73530.51 0.32 0.0 
73648.37 0.59 0.0 
78063.91 0.30 0.0 
80353.01 0.34 0.0 
78360.85 0.36 0.0 
82503.99 0.33 0.0 
