415.71 0.31 0.0 
3529.11 0.33 0.0 
5441.09 0.57 0.0 
5582.39 0.35 0.0 
4082.88 0.58 0.0 
6045.71 0.34 0.0 
4082.89 0.68 0.0 
5401.36 0.88 0.0 
1424.83 0.40 0.0 
5401.36 0.84 0.0 
10606.93 0.51 0.0 
9121.63 0.32 0.0 
3061.55 0.49 0.0 
4759.95 0.48 0.0 
3552.86 0.77 0.0 
5236.36 0.74 0.0 
9121.64 0.83 0.0 
5484.59 0.33 0.0 
5441.08 0.71 0.0 
4759.97 0.60 0.0 
13017.52 0.67 0.0 
6556.29 0.52 0.0 
13373.69 0.83 0.0 
5582.41 0.73 0.0 
7158.66 0.75 0.0 
7166.83 0.39 0.0 
7275.97 0.40 0.0 
12729.06 0.51 0.0 
15856.83 0.46 0.0 
15048.36 0.60 0.0 
13678.61 0.81 0.0 
13810.84 0.63 0.0 
12729.03 0.33 0.0 
12731.92 0.35 0.0 
14866.31 0.71 0.0 
14871.83 0.95 0.0 
13681.99 0.39 0.0 
13810.84 0.37 0.0 
15854.45 0.43 0.0 
10606.97 0.46 0.0 
10954.36 0.45 0.0 
3838.77 0.36 0.0 
5491.07 0.32 0.0 
13017.52 0.67 0.0 
13373.70 0.82 0.0 
19845.97 0.32 0.0 
13840.99 0.35 0.0 
14373.65 0.44 0.0 
6810.58 0.75 0.0 
15048.36 0.50 0.0 
15100.65 0.34 0.0 
15323.09 0.61 0.0 
24764.11 0.36 0.0 
14461.95 0.46 0.0 
22310.93 0.75 0.0 
15323.09 0.66 0.0 
9330.50 0.71 0.0 
9690.44 0.71 0.0 
26541.92 0.30 0.0 
12695.09 0.34 0.0 
25975.60 0.80 0.0 
14373.59 0.59 0.0 
32077.49 0.40 0.0 
14871.82 0.92 0.0 
15100.62 0.59 0.0 
28870.77 0.57 0.0 
34338.74 0.73 0.0 
25975.62 0.83 0.0 
32207.07 0.64 0.0 
32215.21 0.36 0.0 
31569.73 0.36 0.0 
27640.58 0.48 0.0 
33191.27 0.64 0.0 
31693.35 0.48 0.0 
22310.93 0.78 0.0 
34338.73 0.51 0.0 
28870.74 0.54 0.0 
34111.09 0.44 0.0 
31526.33 0.40 0.0 
32220.49 0.77 0.0 
33191.26 0.69 0.0 
40427.89 0.83 0.0 
37120.16 0.36 0.0 
37059.74 0.50 0.0 
35974.59 0.32 0.0 
37059.73 0.51 0.0 
38259.21 0.51 0.0 
40427.89 0.85 0.0 
60768.07 0.32 0.0 
81152.50 0.60 0.0 
75533.52 0.39 0.0 
69676.99 0.41 0.0 
81496.55 0.34 0.0 
85246.86 0.81 0.0 
81335.95 0.40 0.0 
81335.94 0.71 0.0 
