768.09 0.67 0.0 
5471.61 0.33 0.0 
5968.60 0.60 0.0 
6209.58 0.41 0.0 
751.85 0.72 0.0 
2836.51 0.37 0.0 
4365.82 0.32 0.0 
4393.32 0.45 0.0 
3944.56 0.79 0.0 
5471.65 0.75 0.0 
6670.43 0.82 0.0 
4363.56 0.71 0.0 
4858.40 0.76 0.0 
11847.84 0.32 0.0 
4956.37 0.48 0.0 
2905.64 0.38 0.0 
5433.25 0.57 0.0 
5963.77 0.37 0.0 
6032.84 0.86 0.0 
6411.36 0.65 0.0 
4336.69 0.43 0.0 
4363.51 0.80 0.0 
5438.43 0.34 0.0 
10393.20 0.59 0.0 
10514.48 0.86 0.0 
15309.99 0.55 0.0 
10257.96 0.65 0.0 
16646.13 0.40 0.0 
10397.07 0.36 0.0 
10774.83 0.49 0.0 
4307.13 0.31 0.0 
12583.24 0.72 0.0 
1078.83 0.73 0.0 
13359.65 0.51 0.0 
10962.97 0.85 0.0 
16489.97 0.41 0.0 
4429.40 0.74 0.0 
4439.26 0.58 0.0 
16064.45 0.80 0.0 
13336.84 0.67 0.0 
13359.68 0.68 0.0 
16471.27 0.42 0.0 
16490.01 0.64 0.0 
16540.60 0.41 0.0 
16542.24 0.38 0.0 
19487.01 0.35 0.0 
23128.16 0.96 0.0 
5399.37 0.37 0.0 
5630.48 0.35 0.0 
20473.44 0.66 0.0 
15162.04 0.35 0.0 
23700.78 0.46 0.0 
23703.83 0.37 0.0 
17718.56 0.36 0.0 
23847.36 0.31 0.0 
10549.45 0.30 0.0 
2905.69 0.51 0.0 
12592.59 0.42 0.0 
12725.67 0.79 0.0 
23114.01 0.44 0.0 
18634.08 0.59 0.0 
5643.23 0.52 0.0 
18997.27 0.76 0.0 
10549.45 0.47 0.0 
23219.49 0.51 0.0 
23577.75 0.91 0.0 
22541.08 0.43 0.0 
29009.15 0.67 0.0 
23128.17 0.33 0.0 
23622.80 0.80 0.0 
30088.00 0.46 0.0 
16076.77 0.80 0.0 
9743.36 0.33 0.0 
22843.80 0.55 0.0 
26098.84 0.33 0.0 
26193.09 0.33 0.0 
22963.84 0.84 0.0 
23084.16 0.31 0.0 
18849.93 0.33 0.0 
18948.71 0.65 0.0 
16076.79 0.75 0.0 
12725.63 0.93 0.0 
16651.93 0.71 0.0 
20054.60 0.80 0.0 
20173.21 0.43 0.0 
28832.17 0.59 0.0 
31858.61 0.50 0.0 
32088.39 0.49 0.0 
32826.37 0.33 0.0 
22574.03 0.88 0.0 
30897.83 0.61 0.0 
37039.76 0.70 0.0 
27524.60 0.61 0.0 
31858.72 0.69 0.0 
16443.29 0.33 0.0 
31964.29 0.69 0.0 
32075.89 0.34 0.0 
32218.76 0.42 0.0 
23892.51 0.76 0.0 
32262.81 0.40 0.0 
31964.31 0.95 0.0 
36223.80 0.60 0.0 
40392.91 0.81 0.0 
26612.77 0.62 0.0 
35319.16 0.79 0.0 
24509.49 0.58 0.0 
25568.63 0.56 0.0 
31798.15 0.33 0.0 
39317.61 0.42 0.0 
26049.79 0.40 0.0 
29971.12 0.54 0.0 
33587.84 0.44 0.0 
33614.31 0.56 0.0 
45791.21 0.48 0.0 
31798.21 0.88 0.0 
32277.36 0.30 0.0 
43544.09 0.73 0.0 
33589.00 0.38 0.0 
30982.11 0.40 0.0 
38173.67 0.66 0.0 
47334.23 0.82 0.0 
53353.99 0.37 0.0 
39613.69 0.58 0.0 
32424.64 0.46 0.0 
54569.44 0.94 0.0 
46760.96 0.36 0.0 
52033.52 0.66 0.0 
40573.92 0.59 0.0 
53114.48 0.35 0.0 
46483.05 0.47 0.0 
53713.67 0.30 0.0 
38159.56 0.65 0.0 
38264.88 0.35 0.0 
49184.28 0.32 0.0 
38878.45 0.31 0.0 
56109.97 0.60 0.0 
56593.69 0.76 0.0 
52739.49 0.55 0.0 
59114.37 0.43 0.0 
42836.80 0.39 0.0 
60051.05 0.37 0.0 
56699.25 0.38 0.0 
55184.51 0.35 0.0 
55543.78 0.45 0.0 
56138.36 0.69 0.0 
54881.47 0.30 0.0 
57698.01 0.35 0.0 
47855.80 0.80 0.0 
60051.08 0.31 0.0 
48595.15 0.88 0.0 
52331.69 0.48 0.0 
49918.68 0.60 0.0 
58578.13 0.38 0.0 
60582.83 0.51 0.0 
52905.33 0.30 0.0 
62699.44 0.55 0.0 
67273.89 0.39 0.0 
53654.08 0.83 0.0 
51598.05 0.34 0.0 
64233.84 0.44 0.0 
55087.93 0.72 0.0 
71343.96 0.63 0.0 
71607.32 0.42 0.0 
61244.49 0.84 0.0 
70486.03 0.42 0.0 
48602.12 0.76 0.0 
54479.51 0.87 0.0 
54599.44 0.80 0.0 
54718.53 0.44 0.0 
65384.59 0.42 0.0 
74009.41 0.36 0.0 
66217.85 0.55 0.0 
64233.85 0.48 0.0 
75302.48 0.59 0.0 
64576.58 0.46 0.0 
69058.61 0.49 0.0 
57718.37 0.46 0.0 
68616.03 0.39 0.0 
68623.36 0.78 0.0 
60611.31 0.68 0.0 
70139.19 0.62 0.0 
76888.77 0.32 0.0 
70619.32 0.59 0.0 
76273.77 0.39 0.0 
55087.97 0.33 0.0 
55109.49 0.85 0.0 
71142.98 0.55 0.0 
78046.04 0.75 0.0 
79406.36 0.59 0.0 
71619.85 0.52 0.0 
56549.12 0.51 0.0 
73259.49 0.82 0.0 
64693.06 0.89 0.0 
57503.68 0.33 0.0 
79991.24 0.67 0.0 
81329.56 0.32 0.0 
80949.59 0.41 0.0 
71683.20 0.34 0.0 
72282.52 0.37 0.0 
75642.93 0.38 0.0 
76590.47 0.32 0.0 
76595.72 0.43 0.0 
73723.80 0.58 0.0 
77694.49 0.35 0.0 
77264.12 0.70 0.0 
83954.37 0.33 0.0 
68652.01 0.79 0.0 
77864.44 0.50 0.0 
75260.49 0.47 0.0 
78654.85 0.69 0.0 
75643.10 0.38 0.0 
85754.56 0.79 0.0 
75995.69 0.72 0.0 
76590.49 0.55 0.0 
76721.29 0.32 0.0 
79999.41 0.47 0.0 
80445.38 0.68 0.0 
80579.33 0.95 0.0 
77563.61 0.30 0.0 
81297.25 0.61 0.0 
78265.45 0.32 0.0 
78378.07 0.31 0.0 
72969.21 0.40 0.0 
71142.96 0.53 0.0 
74052.64 0.70 0.0 
83144.05 0.56 0.0 
83573.72 0.51 0.0 
71619.88 0.35 0.0 
80541.01 0.56 0.0 
83696.59 0.34 0.0 
81029.47 0.42 0.0 
81161.81 0.33 0.0 
84274.55 0.61 0.0 
84875.16 0.78 0.0 
84580.09 0.33 0.0 
74038.60 0.89 0.0 
85664.28 0.33 0.0 
83322.81 0.79 0.0 
77626.83 0.59 0.0 
77652.65 0.83 0.0 
75359.51 0.79 0.0 
84029.61 0.46 0.0 
78372.59 0.52 0.0 
78612.75 0.31 0.0 
78734.19 0.87 0.0 
85484.24 0.36 0.0 
79333.85 0.89 0.0 
79560.69 0.64 0.0 
80290.52 0.38 0.0 
80773.41 0.51 0.0 
81014.17 0.62 0.0 
78598.20 0.32 0.0 
81612.61 0.40 0.0 
81706.56 0.39 0.0 
73708.77 0.31 0.0 
79191.12 0.42 0.0 
73922.68 0.45 0.0 
82199.51 0.33 0.0 
84853.29 0.45 0.0 
77307.41 0.72 0.0 
77642.52 0.32 0.0 
78265.47 0.87 0.0 
78628.53 0.37 0.0 
79349.46 0.92 0.0 
85797.93 0.36 0.0 
81029.49 0.72 0.0 
81507.10 0.85 0.0 
83067.73 0.31 0.0 
84029.59 0.77 0.0 
84387.45 0.79 0.0 
85109.51 0.44 0.0 
