1902.85 0.30 0.0 
716.40 0.73 0.0 
2067.60 0.67 0.0 
8773.53 0.39 0.0 
10454.62 0.52 0.0 
3794.51 0.45 0.0 
5442.02 0.44 0.0 
6576.35 0.35 0.0 
13063.44 0.65 0.0 
4977.41 0.58 0.0 
10529.17 0.52 0.0 
6794.49 0.50 0.0 
13647.25 0.31 0.0 
8936.07 0.48 0.0 
11278.45 0.61 0.0 
9914.32 0.57 0.0 
9417.53 0.54 0.0 
18013.09 0.65 0.0 
10752.32 0.44 0.0 
12273.41 0.80 0.0 
13315.69 0.42 0.0 
12419.33 0.37 0.0 
20889.25 0.52 0.0 
14786.82 0.79 0.0 
14455.81 0.41 0.0 
14573.52 0.36 0.0 
23380.84 0.44 0.0 
19196.60 0.52 0.0 
25812.25 0.77 0.0 
26766.69 0.33 0.0 
21164.19 0.82 0.0 
21636.33 0.35 0.0 
22700.08 0.32 0.0 
29623.37 0.48 0.0 
25812.17 0.35 0.0 
32639.81 0.40 0.0 
29966.36 0.33 0.0 
27758.48 0.34 0.0 
28241.97 0.39 0.0 
34537.85 0.31 0.0 
33728.89 0.59 0.0 
31403.45 0.40 0.0 
28497.28 0.31 0.0 
29517.91 0.78 0.0 
33208.96 0.36 0.0 
30868.11 0.32 0.0 
37660.69 0.57 0.0 
35839.27 0.30 0.0 
34949.19 0.80 0.0 
34491.48 0.33 0.0 
43057.21 0.62 0.0 
35216.29 0.33 0.0 
39746.90 0.81 0.0 
41428.16 0.66 0.0 
41922.97 0.50 0.0 
41876.33 0.31 0.0 
45798.04 0.42 0.0 
52182.29 0.35 0.0 
47215.49 0.48 0.0 
53366.63 0.73 0.0 
48478.07 0.81 0.0 
47936.37 0.66 0.0 
56894.28 0.41 0.0 
51912.29 0.36 0.0 
49978.29 0.49 0.0 
58079.40 0.31 0.0 
51537.64 0.41 0.0 
63565.53 0.47 0.0 
56098.48 0.34 0.0 
56337.25 0.78 0.0 
63442.72 0.34 0.0 
57298.37 0.48 0.0 
58079.40 0.48 0.0 
67574.51 0.79 0.0 
59218.69 0.34 0.0 
59879.27 0.35 0.0 
61466.35 0.42 0.0 
60058.47 0.34 0.0 
69371.77 0.72 0.0 
63027.77 0.33 0.0 
67884.53 0.40 0.0 
63294.45 0.40 0.0 
71968.92 0.37 0.0 
66717.40 0.35 0.0 
69762.27 0.32 0.0 
74102.95 0.45 0.0 
70224.69 0.55 0.0 
77384.41 0.54 0.0 
77488.47 0.38 0.0 
74102.99 0.54 0.0 
75433.50 0.88 0.0 
79285.04 0.31 0.0 
76116.03 0.33 0.0 
73015.37 0.36 0.0 
85089.76 0.39 0.0 
85333.71 0.69 0.0 
77423.66 0.37 0.0 
84326.24 0.48 0.0 
78389.37 0.33 0.0 
76258.84 0.72 0.0 
78598.28 0.60 0.0 
79097.33 0.32 0.0 
80428.81 0.58 0.0 
80664.12 0.32 0.0 
84065.09 0.56 0.0 
85120.00 0.37 0.0 
83066.81 0.41 0.0 
83188.64 0.36 0.0 
85199.12 0.69 0.0 
85435.16 0.44 0.0 
85378.20 0.36 0.0 
