637.63 0.53 0.0 
385.67 0.37 0.0 
637.67 0.40 0.0 
1441.80 0.85 0.0 
1829.58 0.59 0.0 
1441.80 0.34 0.0 
1829.59 0.66 0.0 
2414.12 0.81 0.0 
4067.73 0.53 0.0 
3106.31 0.37 0.0 
6540.68 0.74 0.0 
4067.68 0.86 0.0 
7539.61 0.41 0.0 
8590.82 0.75 0.0 
8134.81 0.79 0.0 
6966.64 0.62 0.0 
9338.92 0.82 0.0 
8590.86 0.62 0.0 
10788.28 0.48 0.0 
9748.23 0.55 0.0 
10376.61 0.35 0.0 
11942.03 0.39 0.0 
12180.48 0.65 0.0 
11620.51 0.34 0.0 
12547.16 0.76 0.0 
13029.96 0.67 0.0 
10788.26 0.88 0.0 
12547.19 0.37 0.0 
14481.92 0.84 0.0 
14923.99 0.49 0.0 
15311.64 0.76 0.0 
13824.32 0.82 0.0 
15704.75 0.32 0.0 
15704.80 0.43 0.0 
14158.75 0.43 0.0 
15311.67 0.40 0.0 
18522.31 0.48 0.0 
17526.12 0.66 0.0 
20945.13 0.52 0.0 
21186.88 0.35 0.0 
19920.59 0.41 0.0 
23103.64 0.63 0.0 
21607.48 0.74 0.0 
22814.50 0.71 0.0 
25120.01 0.67 0.0 
24828.98 0.73 0.0 
24912.92 0.35 0.0 
26483.15 0.43 0.0 
24828.98 0.86 0.0 
25575.64 0.66 0.0 
27426.32 0.41 0.0 
25575.62 0.62 0.0 
25819.80 0.84 0.0 
25819.80 0.71 0.0 
26284.34 0.80 0.0 
26781.50 0.85 0.0 
28715.19 0.87 0.0 
28715.19 0.39 0.0 
31954.59 0.61 0.0 
29652.61 0.42 0.0 
31894.29 0.39 0.0 
32011.75 0.47 0.0 
32120.70 0.84 0.0 
31894.26 0.79 0.0 
32011.74 0.86 0.0 
32816.63 0.60 0.0 
35581.50 0.76 0.0 
34493.08 0.84 0.0 
36046.92 0.73 0.0 
35581.48 0.64 0.0 
36046.90 0.86 0.0 
36409.65 0.58 0.0 
37053.80 0.85 0.0 
37845.31 0.50 0.0 
36770.91 0.53 0.0 
39185.44 0.80 0.0 
37185.63 0.43 0.0 
39543.03 0.74 0.0 
39931.99 0.35 0.0 
39931.94 0.85 0.0 
42674.82 0.74 0.0 
41437.35 0.45 0.0 
41505.63 0.33 0.0 
44474.49 0.68 0.0 
43368.11 0.31 0.0 
43456.46 0.77 0.0 
45281.31 0.33 0.0 
47212.31 0.65 0.0 
48525.47 0.40 0.0 
48610.23 0.33 0.0 
48610.23 0.37 0.0 
51555.59 0.36 0.0 
51790.27 0.66 0.0 
51375.43 0.34 0.0 
53320.91 0.49 0.0 
51375.29 0.55 0.0 
54667.48 0.83 0.0 
78338.27 0.66 0.0 
84087.48 0.69 0.0 
83295.23 0.50 0.0 
84693.51 0.55 0.0 
85992.88 0.52 0.0 
86046.43 0.48 0.0 
