2065.69 0.38 0.0 
4067.65 0.41 0.0 
2414.11 0.80 0.0 
3729.79 0.39 0.0 
6457.60 0.32 0.0 
7539.61 0.31 0.0 
8134.79 0.67 0.0 
6963.00 0.56 0.0 
9338.96 0.51 0.0 
9378.96 0.56 0.0 
11688.83 0.45 0.0 
10121.43 0.63 0.0 
14481.95 0.54 0.0 
13029.95 0.73 0.0 
14158.71 0.83 0.0 
14937.83 0.45 0.0 
13824.27 0.45 0.0 
14923.98 0.79 0.0 
18522.28 0.86 0.0 
20940.36 0.34 0.0 
21775.95 0.32 0.0 
21186.83 0.56 0.0 
21502.09 0.38 0.0 
21502.17 0.52 0.0 
22814.49 0.55 0.0 
26378.03 0.57 0.0 
26480.84 0.38 0.0 
26378.01 0.31 0.0 
26230.72 0.51 0.0 
26284.29 0.44 0.0 
26781.47 0.81 0.0 
28678.07 0.43 0.0 
28715.26 0.40 0.0 
29645.60 0.35 0.0 
32816.67 0.70 0.0 
34493.09 0.79 0.0 
39542.99 0.51 0.0 
40783.27 0.66 0.0 
41500.97 0.46 0.0 
41622.16 0.75 0.0 
41531.00 0.56 0.0 
44474.49 0.43 0.0 
46986.07 0.36 0.0 
51550.69 0.47 0.0 
52347.27 0.75 0.0 
53320.80 0.81 0.0 
54667.48 0.82 0.0 
65870.16 0.93 0.0 
65870.16 0.90 0.0 
67917.89 0.39 0.0 
69102.76 0.50 0.0 
69887.55 0.81 0.0 
69887.51 0.84 0.0 
69523.12 0.69 0.0 
78338.15 0.35 0.0 
78380.49 0.35 0.0 
79723.07 0.45 0.0 
83609.03 0.77 0.0 
84087.44 0.83 0.0 
85992.83 0.67 0.0 
86033.31 0.33 0.0 
