7512.52 0.39 0.0 
17026.93 0.55 0.0 
20730.48 0.38 0.0 
61859.32 0.42 0.0 
61828.18 0.80 0.0 
61828.16 0.89 0.0 
64871.31 0.74 0.0 
65373.64 0.90 0.0 
65373.64 0.64 0.0 
64871.28 0.77 0.0 
66654.74 0.92 0.0 
66669.43 0.96 0.0 
66772.55 0.97 0.0 
66710.43 0.94 0.0 
65285.55 0.66 0.0 
65285.52 0.46 0.0 
66654.76 0.83 0.0 
66669.43 0.95 0.0 
66772.55 0.97 0.0 
66740.95 0.96 0.0 
66740.94 0.96 0.0 
66710.42 0.96 0.0 
69446.40 0.35 0.0 
69702.31 0.65 0.0 
69702.31 0.75 0.0 
69832.88 0.70 0.0 
70074.80 0.87 0.0 
69610.67 0.97 0.0 
69610.68 0.96 0.0 
69832.87 0.70 0.0 
70074.80 0.89 0.0 
71045.84 0.96 0.0 
71045.84 0.96 0.0 
72789.51 0.50 0.0 
72853.08 0.95 0.0 
72853.08 0.91 0.0 
76518.42 0.33 0.0 
76518.40 0.75 0.0 
79017.43 0.54 0.0 
79017.43 0.70 0.0 
81964.49 0.40 0.0 
