570.16 0.70 0.0 
839.57 0.49 0.0 
1139.49 0.59 0.0 
2669.08 0.31 0.0 
1409.03 0.85 0.0 
1873.96 0.32 0.0 
5589.12 0.68 0.0 
5589.12 0.33 0.0 
10317.84 0.43 0.0 
10859.60 0.54 0.0 
14473.08 0.55 0.0 
17185.29 0.38 0.0 
19310.45 0.51 0.0 
19612.26 0.92 0.0 
18568.23 0.51 0.0 
20564.57 0.67 0.0 
20677.95 0.72 0.0 
19310.48 0.42 0.0 
19612.26 0.91 0.0 
22348.93 0.34 0.0 
23758.20 0.55 0.0 
21549.89 0.36 0.0 
21767.81 0.41 0.0 
23005.65 0.67 0.0 
24627.92 0.31 0.0 
24749.01 0.38 0.0 
23489.50 0.89 0.0 
26252.91 0.90 0.0 
26789.48 0.77 0.0 
24824.28 0.55 0.0 
25153.80 0.37 0.0 
26252.92 0.50 0.0 
29443.90 0.90 0.0 
29338.64 0.42 0.0 
29681.56 0.65 0.0 
29173.85 0.55 0.0 
29849.51 0.57 0.0 
32083.45 0.32 0.0 
29834.39 0.79 0.0 
33897.91 0.31 0.0 
34824.85 0.59 0.0 
34573.48 0.45 0.0 
36299.09 0.45 0.0 
38936.77 0.52 0.0 
40018.23 0.74 0.0 
40259.20 0.48 0.0 
41061.51 0.57 0.0 
41909.03 0.39 0.0 
41909.02 0.97 0.0 
43484.04 0.42 0.0 
43469.56 0.40 0.0 
45404.45 0.32 0.0 
45898.13 0.59 0.0 
45322.37 0.33 0.0 
45733.45 0.48 0.0 
45898.17 0.32 0.0 
47653.08 0.95 0.0 
47849.07 0.31 0.0 
53771.60 0.30 0.0 
65862.25 0.77 0.0 
65862.25 0.79 0.0 
70229.36 0.45 0.0 
69907.37 0.63 0.0 
69907.43 0.61 0.0 
72854.19 0.44 0.0 
81643.48 0.33 0.0 
83819.04 0.92 0.0 
83414.24 0.71 0.0 
83473.96 0.50 0.0 
83834.28 0.37 0.0 
86368.85 0.33 0.0 
