1924.09 0.41 0.0 
1945.41 0.70 0.0 
1423.85 0.38 0.0 
2868.33 0.43 0.0 
2868.33 0.40 0.0 
4795.64 0.90 0.0 
4909.84 0.48 0.0 
4926.03 0.95 0.0 
5186.06 0.67 0.0 
5186.05 0.69 0.0 
4153.18 0.34 0.0 
5235.71 0.44 0.0 
5104.09 0.64 0.0 
4909.86 0.92 0.0 
4926.01 0.87 0.0 
5104.05 0.74 0.0 
5149.69 0.46 0.0 
6209.15 0.76 0.0 
8197.77 0.41 0.0 
7288.53 0.39 0.0 
8686.05 0.33 0.0 
7781.91 0.53 0.0 
8686.00 0.48 0.0 
10076.71 0.33 0.0 
10772.48 0.77 0.0 
10071.45 0.32 0.0 
11537.47 0.82 0.0 
11537.43 0.53 0.0 
11673.68 0.86 0.0 
11673.68 0.83 0.0 
10772.46 0.80 0.0 
12883.09 0.88 0.0 
13482.83 0.79 0.0 
15238.09 0.36 0.0 
15299.16 0.35 0.0 
15052.71 0.46 0.0 
16334.19 0.35 0.0 
16603.76 0.69 0.0 
16661.95 0.89 0.0 
16846.96 0.58 0.0 
16129.85 0.68 0.0 
16308.15 0.33 0.0 
16661.95 0.89 0.0 
16630.81 0.37 0.0 
18452.89 0.70 0.0 
17467.54 0.77 0.0 
18889.88 0.44 0.0 
18435.99 0.46 0.0 
18452.89 0.80 0.0 
18436.03 0.63 0.0 
18889.88 0.45 0.0 
19758.39 0.78 0.0 
19758.40 0.40 0.0 
20138.65 0.39 0.0 
21644.05 0.35 0.0 
21826.41 0.30 0.0 
20711.15 0.48 0.0 
22138.04 0.61 0.0 
21826.37 0.55 0.0 
22763.65 0.53 0.0 
22989.71 0.32 0.0 
23652.07 0.90 0.0 
23603.08 0.54 0.0 
23609.51 0.83 0.0 
26322.85 0.43 0.0 
27031.46 0.48 0.0 
27031.45 0.61 0.0 
28657.99 0.36 0.0 
28657.99 0.89 0.0 
28646.79 0.45 0.0 
29713.92 0.49 0.0 
32713.06 0.80 0.0 
32713.03 0.32 0.0 
34496.25 0.46 0.0 
34837.17 0.37 0.0 
33971.72 0.60 0.0 
34544.28 0.38 0.0 
35144.50 0.97 0.0 
39464.09 0.57 0.0 
39464.02 0.92 0.0 
40438.92 0.41 0.0 
40544.21 0.33 0.0 
40844.68 0.58 0.0 
40969.89 0.42 0.0 
40944.17 0.42 0.0 
41029.71 0.45 0.0 
41036.77 0.55 0.0 
41218.58 0.87 0.0 
41165.37 0.35 0.0 
41415.11 0.43 0.0 
40438.92 0.74 0.0 
41800.85 0.37 0.0 
41807.91 0.34 0.0 
41906.89 0.43 0.0 
40525.71 0.34 0.0 
41022.45 0.30 0.0 
42043.92 0.43 0.0 
42098.08 0.34 0.0 
40969.87 0.47 0.0 
42355.92 0.31 0.0 
41165.37 0.36 0.0 
42629.57 0.42 0.0 
41534.57 0.40 0.0 
42090.61 0.33 0.0 
42098.12 0.55 0.0 
41808.25 0.58 0.0 
42317.41 0.33 0.0 
43451.42 0.75 0.0 
44389.16 0.48 0.0 
44642.04 0.34 0.0 
44650.25 0.80 0.0 
47914.23 0.33 0.0 
48002.28 0.63 0.0 
48219.49 0.52 0.0 
47469.57 0.51 0.0 
48290.49 0.44 0.0 
48448.63 0.71 0.0 
48598.92 0.45 0.0 
49043.76 0.55 0.0 
48852.28 0.58 0.0 
50157.55 0.63 0.0 
50923.89 0.75 0.0 
50052.44 0.73 0.0 
51321.83 0.84 0.0 
51127.56 0.49 0.0 
51133.29 0.41 0.0 
51321.83 0.88 0.0 
51810.53 0.53 0.0 
53098.75 0.35 0.0 
51972.81 0.40 0.0 
53458.93 0.66 0.0 
53415.47 0.75 0.0 
53415.49 0.55 0.0 
53481.79 0.31 0.0 
53106.92 0.48 0.0 
53106.88 0.44 0.0 
53773.07 0.60 0.0 
56697.03 0.40 0.0 
56622.00 0.62 0.0 
55691.80 0.61 0.0 
57016.96 0.57 0.0 
57016.95 0.54 0.0 
57258.17 0.33 0.0 
57515.92 0.73 0.0 
56621.97 0.83 0.0 
57763.89 0.33 0.0 
58241.31 0.49 0.0 
58100.96 0.32 0.0 
58100.96 0.31 0.0 
56833.44 0.49 0.0 
58241.36 0.69 0.0 
56946.87 0.87 0.0 
56946.87 0.81 0.0 
58541.96 0.31 0.0 
58555.55 0.59 0.0 
57797.87 0.79 0.0 
58908.85 0.69 0.0 
59075.40 0.66 0.0 
58158.34 0.31 0.0 
59075.40 0.80 0.0 
59200.97 0.70 0.0 
57797.87 0.71 0.0 
58541.92 0.31 0.0 
58213.31 0.70 0.0 
59877.29 0.57 0.0 
59366.71 0.54 0.0 
60533.51 0.37 0.0 
60465.41 0.37 0.0 
60896.77 0.31 0.0 
59366.71 0.43 0.0 
59893.05 0.55 0.0 
61348.95 0.50 0.0 
61348.92 0.30 0.0 
61426.04 0.43 0.0 
61785.48 0.74 0.0 
60793.47 0.66 0.0 
62259.44 0.45 0.0 
61662.29 0.39 0.0 
62753.77 0.71 0.0 
62882.05 0.39 0.0 
62259.43 0.57 0.0 
63269.57 0.36 0.0 
62027.85 0.45 0.0 
63379.05 0.45 0.0 
62411.44 0.58 0.0 
62753.80 0.64 0.0 
62882.03 0.51 0.0 
63678.00 0.61 0.0 
63349.23 0.39 0.0 
63677.97 0.63 0.0 
65453.15 0.47 0.0 
65300.96 0.58 0.0 
65795.45 0.36 0.0 
65754.99 0.37 0.0 
65795.41 0.35 0.0 
65867.01 0.77 0.0 
65974.79 0.48 0.0 
66043.63 0.84 0.0 
66382.49 0.40 0.0 
65974.81 0.50 0.0 
65352.89 0.44 0.0 
66878.07 0.35 0.0 
65653.21 0.42 0.0 
65867.01 0.76 0.0 
67497.28 0.60 0.0 
67578.38 0.40 0.0 
67698.41 0.41 0.0 
68204.05 0.34 0.0 
67212.41 0.35 0.0 
66892.59 0.48 0.0 
69882.67 0.84 0.0 
69882.65 0.74 0.0 
71391.73 0.64 0.0 
71522.48 0.69 0.0 
69888.85 0.46 0.0 
71858.07 0.41 0.0 
71976.19 0.62 0.0 
72017.03 0.34 0.0 
71391.73 0.67 0.0 
71522.47 0.75 0.0 
71767.88 0.33 0.0 
73476.08 0.57 0.0 
72063.40 0.44 0.0 
72184.59 0.30 0.0 
72851.96 0.55 0.0 
72063.41 0.43 0.0 
74253.45 0.43 0.0 
74324.21 0.39 0.0 
74547.24 0.62 0.0 
74547.25 0.33 0.0 
74650.47 0.49 0.0 
75298.13 0.60 0.0 
74650.49 0.56 0.0 
75089.73 0.39 0.0 
76686.80 0.38 0.0 
75313.35 0.38 0.0 
75794.05 0.31 0.0 
75568.71 0.58 0.0 
75908.85 0.56 0.0 
75671.89 0.35 0.0 
76686.75 0.58 0.0 
77983.89 0.36 0.0 
80378.05 0.36 0.0 
80402.63 0.45 0.0 
79276.60 0.41 0.0 
80378.09 0.38 0.0 
80127.96 0.42 0.0 
82960.75 0.75 0.0 
82960.71 0.33 0.0 
83136.77 0.38 0.0 
83213.81 0.57 0.0 
83759.37 0.61 0.0 
84047.88 0.68 0.0 
84976.21 0.36 0.0 
84976.19 0.63 0.0 
84371.28 0.35 0.0 
85666.51 0.33 0.0 
85705.67 0.60 0.0 
84047.88 0.63 0.0 
85832.84 0.43 0.0 
86037.85 0.51 0.0 
86038.37 0.38 0.0 
86325.88 0.42 0.0 
85644.65 0.43 0.0 
85666.39 0.40 0.0 
86037.81 0.34 0.0 
85647.20 0.46 0.0 
86325.88 0.76 0.0 
