163.67 0.30 0.0 
1510.39 0.31 0.0 
1624.11 0.32 0.0 
1407.91 0.38 0.0 
4119.57 0.61 0.0 
4119.53 0.47 0.0 
5834.07 0.44 0.0 
6074.58 0.44 0.0 
7214.20 0.75 0.0 
7536.87 0.74 0.0 
7536.87 0.86 0.0 
7601.49 0.33 0.0 
8114.59 0.68 0.0 
8429.03 0.32 0.0 
9538.29 0.56 0.0 
10512.09 0.44 0.0 
11786.51 0.59 0.0 
12221.59 0.32 0.0 
13016.15 0.41 0.0 
13525.20 0.59 0.0 
13746.72 0.86 0.0 
13682.73 0.31 0.0 
13525.19 0.96 0.0 
13866.59 0.86 0.0 
13878.52 0.38 0.0 
13746.72 0.53 0.0 
13866.60 0.36 0.0 
13878.52 0.48 0.0 
13888.75 0.31 0.0 
14536.29 0.76 0.0 
14714.56 0.37 0.0 
14909.11 0.58 0.0 
14720.35 0.69 0.0 
15072.68 0.47 0.0 
15029.59 0.45 0.0 
14965.74 0.83 0.0 
15358.35 0.65 0.0 
15417.83 0.35 0.0 
15994.40 0.30 0.0 
16768.23 0.41 0.0 
17376.80 0.49 0.0 
17369.48 0.49 0.0 
17414.11 0.32 0.0 
17619.77 0.31 0.0 
18193.82 0.83 0.0 
18388.57 0.32 0.0 
18451.65 0.36 0.0 
19131.56 0.33 0.0 
19046.81 0.71 0.0 
19437.10 0.45 0.0 
19465.54 0.75 0.0 
19558.73 0.31 0.0 
19733.11 0.43 0.0 
19692.85 0.36 0.0 
19918.83 0.42 0.0 
20202.17 0.31 0.0 
20741.39 0.31 0.0 
20928.39 0.33 0.0 
20649.03 0.41 0.0 
20862.79 0.35 0.0 
22604.13 0.41 0.0 
23759.51 0.46 0.0 
24708.17 0.48 0.0 
25225.11 0.38 0.0 
25451.75 0.40 0.0 
25904.09 0.59 0.0 
26225.80 0.34 0.0 
26789.25 0.46 0.0 
28230.63 0.31 0.0 
28576.67 0.34 0.0 
28980.79 0.39 0.0 
30658.67 0.59 0.0 
30644.51 0.35 0.0 
33195.32 0.30 0.0 
33698.75 0.31 0.0 
34425.57 0.57 0.0 
35595.49 0.55 0.0 
35489.41 0.36 0.0 
36080.28 0.32 0.0 
39089.48 0.41 0.0 
40591.92 0.58 0.0 
42124.49 0.42 0.0 
59940.43 0.35 0.0 
61483.75 0.37 0.0 
63795.47 0.31 0.0 
65160.79 0.31 0.0 
65942.59 0.91 0.0 
65942.59 0.86 0.0 
69955.69 0.85 0.0 
69955.69 0.79 0.0 
70905.65 0.47 0.0 
72229.20 0.45 0.0 
73230.81 0.51 0.0 
77867.51 0.32 0.0 
85950.50 0.33 0.0 
