752.28 0.49 0.0 
1926.79 0.34 0.0 
4797.97 0.36 0.0 
4164.43 0.66 0.0 
4164.45 0.32 0.0 
4740.57 0.45 0.0 
4746.40 0.45 0.0 
5236.95 0.56 0.0 
4911.63 0.40 0.0 
5151.73 0.43 0.0 
8200.47 0.30 0.0 
7160.69 0.31 0.0 
8191.57 0.34 0.0 
8200.48 0.48 0.0 
8702.01 0.72 0.0 
10079.77 0.33 0.0 
10455.87 0.35 0.0 
9546.25 0.43 0.0 
9648.19 0.31 0.0 
10076.72 0.54 0.0 
11537.51 0.31 0.0 
11675.91 0.42 0.0 
11676.67 0.35 0.0 
11675.93 0.49 0.0 
10774.79 0.33 0.0 
12883.35 0.46 0.0 
12196.07 0.35 0.0 
12287.51 0.31 0.0 
13517.08 0.52 0.0 
15241.29 0.54 0.0 
14482.99 0.35 0.0 
15994.51 0.34 0.0 
15056.06 0.60 0.0 
16232.63 0.51 0.0 
16337.19 0.45 0.0 
16337.17 0.47 0.0 
16606.89 0.34 0.0 
16653.45 0.43 0.0 
16664.73 0.55 0.0 
16854.57 0.49 0.0 
16125.58 0.82 0.0 
16132.77 0.60 0.0 
16312.15 0.35 0.0 
16635.47 0.37 0.0 
16653.47 0.32 0.0 
16666.87 0.31 0.0 
16972.11 0.63 0.0 
16870.85 0.32 0.0 
18455.60 0.79 0.0 
17467.51 0.68 0.0 
18893.47 0.37 0.0 
18101.63 0.31 0.0 
18436.38 0.92 0.0 
18455.60 0.61 0.0 
18436.40 0.86 0.0 
18893.45 0.65 0.0 
18912.62 0.45 0.0 
19760.60 0.88 0.0 
19666.01 0.59 0.0 
19760.61 0.79 0.0 
20749.67 0.32 0.0 
22800.40 0.63 0.0 
21827.63 0.34 0.0 
22138.05 0.31 0.0 
22141.95 0.63 0.0 
23223.91 0.31 0.0 
24482.03 0.31 0.0 
23653.61 0.69 0.0 
28658.05 0.53 0.0 
28646.85 0.49 0.0 
32740.25 0.49 0.0 
33001.29 0.80 0.0 
33011.29 0.41 0.0 
33629.15 0.46 0.0 
32740.27 0.52 0.0 
33011.19 0.34 0.0 
33973.09 0.62 0.0 
39464.31 0.35 0.0 
41023.34 0.61 0.0 
41032.96 0.54 0.0 
41037.75 0.35 0.0 
41160.56 0.50 0.0 
40300.13 0.46 0.0 
41298.97 0.54 0.0 
41416.03 0.43 0.0 
41421.37 0.36 0.0 
41512.51 0.36 0.0 
41545.92 0.40 0.0 
41531.33 0.54 0.0 
41670.59 0.33 0.0 
41678.04 0.33 0.0 
41661.81 0.57 0.0 
41641.53 0.59 0.0 
41661.81 0.33 0.0 
41794.33 0.41 0.0 
41810.84 0.51 0.0 
41023.33 0.60 0.0 
42040.15 0.31 0.0 
40860.07 0.33 0.0 
42093.21 0.53 0.0 
41531.37 0.34 0.0 
42093.23 0.41 0.0 
41810.89 0.56 0.0 
41941.51 0.32 0.0 
42577.76 0.44 0.0 
42583.49 0.74 0.0 
42302.35 0.35 0.0 
42346.03 0.33 0.0 
42302.36 0.65 0.0 
44653.63 0.36 0.0 
44662.62 0.56 0.0 
44662.62 0.59 0.0 
44653.62 0.59 0.0 
47916.01 0.51 0.0 
48601.89 0.39 0.0 
47505.31 0.36 0.0 
48966.57 0.47 0.0 
49336.59 0.45 0.0 
49336.51 0.46 0.0 
48297.41 0.42 0.0 
48601.89 0.34 0.0 
49920.81 0.50 0.0 
49045.95 0.74 0.0 
48911.11 0.48 0.0 
50525.22 0.44 0.0 
51452.50 0.52 0.0 
50525.32 0.59 0.0 
51811.21 0.65 0.0 
51196.65 0.49 0.0 
51324.10 0.59 0.0 
51129.78 0.68 0.0 
51182.51 0.31 0.0 
51324.10 0.62 0.0 
51811.25 0.39 0.0 
53285.41 0.48 0.0 
53418.11 0.59 0.0 
53418.13 0.43 0.0 
53524.73 0.36 0.0 
52425.46 0.74 0.0 
54359.33 0.43 0.0 
53146.38 0.37 0.0 
53108.24 0.43 0.0 
54359.35 0.32 0.0 
54303.79 0.37 0.0 
56657.21 0.38 0.0 
57018.54 0.46 0.0 
57018.60 0.44 0.0 
57512.34 0.51 0.0 
57523.63 0.37 0.0 
56622.23 0.38 0.0 
55984.11 0.53 0.0 
57496.39 0.30 0.0 
56960.67 0.35 0.0 
56450.71 0.55 0.0 
58110.63 0.40 0.0 
58081.51 0.34 0.0 
56992.07 0.36 0.0 
56834.09 0.50 0.0 
56833.96 0.57 0.0 
58336.59 0.39 0.0 
56948.68 0.41 0.0 
58544.31 0.38 0.0 
57696.97 0.31 0.0 
57353.23 0.38 0.0 
58668.99 0.35 0.0 
57801.21 0.63 0.0 
57406.19 0.35 0.0 
58396.39 0.76 0.0 
57801.21 0.61 0.0 
58203.81 0.43 0.0 
58396.39 0.52 0.0 
58669.05 0.49 0.0 
60211.39 0.35 0.0 
59368.26 0.87 0.0 
60571.77 0.60 0.0 
60754.96 0.45 0.0 
60755.05 0.43 0.0 
59368.26 0.84 0.0 
60072.36 0.50 0.0 
60186.84 0.71 0.0 
61681.03 0.42 0.0 
60533.65 0.46 0.0 
61318.02 0.72 0.0 
62755.77 0.61 0.0 
62761.77 0.58 0.0 
62852.18 0.45 0.0 
63174.65 0.38 0.0 
63381.69 0.60 0.0 
63381.69 0.31 0.0 
62267.78 0.59 0.0 
63571.55 0.33 0.0 
63721.09 0.48 0.0 
63872.63 0.38 0.0 
63884.67 0.34 0.0 
62342.33 0.40 0.0 
63872.67 0.39 0.0 
62755.79 0.42 0.0 
63330.27 0.31 0.0 
62869.59 0.39 0.0 
64472.33 0.69 0.0 
63124.83 0.34 0.0 
62930.48 0.45 0.0 
63353.81 0.49 0.0 
65192.73 0.58 0.0 
64435.15 0.46 0.0 
66122.63 0.30 0.0 
64919.95 0.49 0.0 
65475.60 0.64 0.0 
66485.73 0.48 0.0 
66879.19 0.31 0.0 
67578.39 0.31 0.0 
67705.63 0.32 0.0 
66289.13 0.58 0.0 
66786.73 0.36 0.0 
67501.29 0.34 0.0 
69366.00 0.54 0.0 
69721.00 0.46 0.0 
69366.04 0.55 0.0 
71394.09 0.53 0.0 
71859.85 0.58 0.0 
71795.51 0.33 0.0 
71980.75 0.48 0.0 
72361.99 0.34 0.0 
72497.12 0.67 0.0 
71394.05 0.54 0.0 
72615.48 0.70 0.0 
71325.79 0.37 0.0 
72317.76 0.57 0.0 
72326.61 0.51 0.0 
73650.47 0.44 0.0 
72193.67 0.44 0.0 
74400.47 0.43 0.0 
74330.13 0.66 0.0 
74653.03 0.35 0.0 
73786.43 0.40 0.0 
75098.12 0.36 0.0 
74330.13 0.67 0.0 
75097.20 0.48 0.0 
75323.11 0.36 0.0 
75796.80 0.53 0.0 
75184.34 0.43 0.0 
75315.07 0.50 0.0 
75323.13 0.34 0.0 
77506.39 0.33 0.0 
79891.03 0.46 0.0 
79276.67 0.42 0.0 
80404.73 0.48 0.0 
79128.93 0.54 0.0 
79891.07 0.49 0.0 
82651.29 0.48 0.0 
82906.99 0.40 0.0 
84212.65 0.39 0.0 
84258.28 0.46 0.0 
85668.25 0.42 0.0 
84051.81 0.44 0.0 
84177.33 0.30 0.0 
85834.51 0.35 0.0 
85834.51 0.73 0.0 
86039.35 0.37 0.0 
86282.87 0.36 0.0 
85668.23 0.40 0.0 
86039.31 0.45 0.0 
85985.56 0.56 0.0 
86330.22 0.61 0.0 
