70.87 0.38 0.0 
33.15 0.43 0.0 
33.15 0.41 0.0 
70.81 0.54 0.0 
362.99 0.41 0.0 
322.40 0.40 0.0 
649.67 0.43 0.0 
1624.17 0.47 0.0 
2008.01 0.34 0.0 
2292.99 0.31 0.0 
2441.80 0.35 0.0 
2441.79 0.31 0.0 
2486.45 0.39 0.0 
2605.09 0.47 0.0 
2738.81 0.43 0.0 
2959.23 0.34 0.0 
3033.57 0.34 0.0 
3303.32 0.45 0.0 
3571.17 0.31 0.0 
3571.07 0.36 0.0 
3773.43 0.42 0.0 
3796.03 0.43 0.0 
4895.45 0.38 0.0 
5176.03 0.51 0.0 
5310.84 0.62 0.0 
5696.75 0.38 0.0 
6025.75 0.35 0.0 
6326.15 0.31 0.0 
6358.23 0.35 0.0 
6440.52 0.39 0.0 
7544.76 0.45 0.0 
7544.76 0.85 0.0 
7926.15 0.45 0.0 
8158.99 0.36 0.0 
8277.88 0.37 0.0 
8634.23 0.30 0.0 
9076.23 0.33 0.0 
9076.33 0.32 0.0 
9317.14 0.60 0.0 
9317.15 0.39 0.0 
9458.85 0.33 0.0 
9964.33 0.38 0.0 
9780.71 0.43 0.0 
9946.49 0.33 0.0 
9913.51 0.50 0.0 
10366.12 0.34 0.0 
10485.47 0.37 0.0 
10617.83 0.43 0.0 
10617.85 0.47 0.0 
10727.12 0.57 0.0 
10721.55 0.36 0.0 
10721.54 0.40 0.0 
10665.77 0.49 0.0 
10786.19 0.36 0.0 
11167.08 0.43 0.0 
11255.45 0.57 0.0 
11317.46 0.48 0.0 
11522.73 0.51 0.0 
11633.99 0.38 0.0 
11969.01 0.34 0.0 
11951.11 0.30 0.0 
12270.63 0.38 0.0 
12571.99 0.36 0.0 
12561.39 0.31 0.0 
13016.11 0.37 0.0 
13246.45 0.61 0.0 
13166.31 0.44 0.0 
13177.85 0.51 0.0 
13166.36 0.39 0.0 
13417.01 0.54 0.0 
13416.97 0.42 0.0 
13536.53 0.31 0.0 
13682.80 0.61 0.0 
13682.79 0.40 0.0 
13968.91 0.37 0.0 
13879.11 0.55 0.0 
13879.12 0.43 0.0 
14343.25 0.37 0.0 
14323.21 0.33 0.0 
14343.24 0.35 0.0 
14464.59 0.38 0.0 
14841.80 0.61 0.0 
15069.36 0.33 0.0 
15380.69 0.37 0.0 
15619.71 0.46 0.0 
16432.57 0.45 0.0 
16608.71 0.35 0.0 
16432.56 0.64 0.0 
16641.95 0.36 0.0 
16608.67 0.33 0.0 
16876.03 0.34 0.0 
16945.63 0.35 0.0 
17178.71 0.34 0.0 
17651.91 0.31 0.0 
17619.81 0.57 0.0 
18213.39 0.45 0.0 
18259.67 0.48 0.0 
18482.35 0.36 0.0 
18388.51 0.42 0.0 
18457.43 0.61 0.0 
18775.92 0.35 0.0 
19081.99 0.32 0.0 
19069.29 0.40 0.0 
19131.63 0.39 0.0 
19069.35 0.53 0.0 
19490.29 0.44 0.0 
19261.31 0.33 0.0 
19437.06 0.31 0.0 
19515.99 0.38 0.0 
19474.67 0.45 0.0 
19490.33 0.59 0.0 
19574.69 0.48 0.0 
19829.89 0.50 0.0 
20226.63 0.30 0.0 
20285.18 0.70 0.0 
20202.27 0.43 0.0 
20226.63 0.41 0.0 
20337.53 0.31 0.0 
20285.17 0.59 0.0 
20695.01 0.31 0.0 
20649.15 0.31 0.0 
20719.87 0.33 0.0 
20741.42 0.39 0.0 
20862.81 0.35 0.0 
21121.29 0.64 0.0 
21032.25 0.42 0.0 
21032.23 0.39 0.0 
20991.03 0.34 0.0 
21073.77 0.53 0.0 
21121.29 0.42 0.0 
21374.75 0.37 0.0 
21417.59 0.36 0.0 
21375.67 0.47 0.0 
21641.37 0.65 0.0 
21615.77 0.48 0.0 
21641.39 0.36 0.0 
21885.65 0.51 0.0 
21832.81 0.36 0.0 
21945.97 0.49 0.0 
22340.33 0.32 0.0 
22479.61 0.40 0.0 
22785.96 0.51 0.0 
22898.61 0.46 0.0 
22785.95 0.44 0.0 
23331.17 0.59 0.0 
23331.21 0.52 0.0 
23698.80 0.41 0.0 
23634.83 0.33 0.0 
23759.58 0.39 0.0 
23954.83 0.36 0.0 
23634.82 0.40 0.0 
23779.11 0.35 0.0 
23759.51 0.35 0.0 
24104.51 0.39 0.0 
24068.97 0.37 0.0 
24545.75 0.31 0.0 
24834.20 0.50 0.0 
25379.91 0.43 0.0 
25069.03 0.30 0.0 
25261.88 0.51 0.0 
25682.97 0.42 0.0 
26409.81 0.31 0.0 
28155.71 0.35 0.0 
30644.57 0.32 0.0 
36330.99 0.32 0.0 
38510.89 0.44 0.0 
38642.20 0.52 0.0 
38510.87 0.50 0.0 
38884.95 0.41 0.0 
39050.31 0.34 0.0 
38858.00 0.56 0.0 
39498.47 0.37 0.0 
39498.46 0.59 0.0 
39691.05 0.30 0.0 
39604.42 0.42 0.0 
39951.35 0.36 0.0 
40725.59 0.33 0.0 
45254.46 0.31 0.0 
46667.33 0.52 0.0 
49980.91 0.39 0.0 
53730.86 0.37 0.0 
56625.91 0.38 0.0 
59445.81 0.46 0.0 
65955.84 0.49 0.0 
66114.61 0.43 0.0 
69961.77 0.58 0.0 
69961.76 0.64 0.0 
70066.45 0.50 0.0 
71730.89 0.62 0.0 
72210.55 0.34 0.0 
74685.48 0.44 0.0 
74701.28 0.42 0.0 
79395.51 0.56 0.0 
81780.59 0.33 0.0 
85111.23 0.35 0.0 
85935.57 0.43 0.0 
