359.89 0.62 0.0 
993.75 0.40 0.0 
7516.43 0.43 0.0 
11401.88 0.48 0.0 
12302.11 0.39 0.0 
12785.51 0.31 0.0 
19861.43 0.34 0.0 
21485.45 0.52 0.0 
22368.57 0.63 0.0 
23176.54 0.46 0.0 
37115.19 0.30 0.0 
39238.07 0.36 0.0 
39238.06 0.32 0.0 
41042.47 0.34 0.0 
42083.88 0.43 0.0 
42083.87 0.71 0.0 
42153.07 0.35 0.0 
43445.19 0.37 0.0 
43648.87 0.32 0.0 
43648.83 0.53 0.0 
44240.63 0.32 0.0 
44342.67 0.52 0.0 
44716.31 0.38 0.0 
44774.07 0.50 0.0 
45030.13 0.45 0.0 
45018.39 0.37 0.0 
45604.39 0.33 0.0 
46021.16 0.55 0.0 
45981.61 0.43 0.0 
46794.27 0.32 0.0 
47632.28 0.56 0.0 
47719.57 0.52 0.0 
48160.61 0.67 0.0 
48160.61 0.59 0.0 
49636.95 0.50 0.0 
49999.72 0.49 0.0 
52938.11 0.42 0.0 
53403.01 0.42 0.0 
53597.67 0.31 0.0 
53578.35 0.42 0.0 
53578.34 0.53 0.0 
55571.49 0.31 0.0 
56042.36 0.44 0.0 
56042.47 0.45 0.0 
56582.31 0.32 0.0 
56620.33 0.41 0.0 
56694.64 0.47 0.0 
57514.29 0.52 0.0 
57732.77 0.70 0.0 
58379.67 0.36 0.0 
59544.81 0.33 0.0 
59544.80 0.53 0.0 
59877.21 0.51 0.0 
59788.75 0.39 0.0 
61398.12 0.49 0.0 
61516.75 0.46 0.0 
61516.80 0.64 0.0 
61813.55 0.40 0.0 
62903.55 0.32 0.0 
64139.43 0.51 0.0 
64371.90 0.45 0.0 
66091.67 0.31 0.0 
66557.04 0.59 0.0 
67399.87 0.41 0.0 
67871.14 0.50 0.0 
69469.23 0.49 0.0 
69575.24 0.49 0.0 
69889.37 0.31 0.0 
70439.95 0.45 0.0 
71612.27 0.42 0.0 
72091.15 0.55 0.0 
72091.13 0.71 0.0 
73772.27 0.49 0.0 
73710.84 0.37 0.0 
75252.21 0.36 0.0 
75193.23 0.32 0.0 
75388.81 0.40 0.0 
76145.97 0.68 0.0 
76156.61 0.34 0.0 
76145.94 0.64 0.0 
76454.19 0.31 0.0 
76932.55 0.37 0.0 
77436.01 0.65 0.0 
77446.05 0.51 0.0 
77445.94 0.46 0.0 
78077.58 0.44 0.0 
78216.31 0.37 0.0 
78123.91 0.41 0.0 
78594.67 0.34 0.0 
78498.75 0.33 0.0 
78805.37 0.49 0.0 
79250.04 0.45 0.0 
80353.17 0.58 0.0 
80943.53 0.46 0.0 
82369.52 0.53 0.0 
82521.91 0.36 0.0 
83266.35 0.36 0.0 
84014.29 0.45 0.0 
84574.09 0.49 0.0 
