1678.85 0.43 0.0 
5674.64 0.51 0.0 
5710.76 0.60 0.0 
5487.09 0.46 0.0 
6013.13 0.37 0.0 
7461.21 0.64 0.0 
6276.47 0.34 0.0 
5516.57 0.48 0.0 
6585.85 0.50 0.0 
6643.77 0.60 0.0 
6728.84 0.36 0.0 
5990.85 0.53 0.0 
6440.37 0.32 0.0 
7461.21 0.50 0.0 
6797.15 0.43 0.0 
9372.14 0.89 0.0 
11639.12 0.59 0.0 
14548.25 0.32 0.0 
12935.25 0.44 0.0 
17418.79 0.37 0.0 
17398.61 0.42 0.0 
21059.51 0.73 0.0 
21180.01 0.44 0.0 
22441.11 0.49 0.0 
21284.20 0.65 0.0 
22691.29 0.53 0.0 
22784.16 0.43 0.0 
26064.69 0.33 0.0 
25423.29 0.79 0.0 
26057.89 0.30 0.0 
25544.19 0.31 0.0 
26203.32 0.57 0.0 
26139.28 0.32 0.0 
27521.05 0.35 0.0 
28948.32 0.90 0.0 
28948.33 0.33 0.0 
29444.20 0.47 0.0 
31748.11 0.88 0.0 
31430.92 0.42 0.0 
31684.39 0.57 0.0 
33135.36 0.32 0.0 
33167.72 0.32 0.0 
33287.25 0.32 0.0 
33553.64 0.40 0.0 
31636.83 0.53 0.0 
31430.96 0.38 0.0 
32659.23 0.34 0.0 
32130.76 0.43 0.0 
34144.20 0.38 0.0 
34154.13 0.47 0.0 
32358.20 0.39 0.0 
32130.80 0.56 0.0 
33228.53 0.35 0.0 
33491.12 0.32 0.0 
35068.71 0.50 0.0 
35831.27 0.41 0.0 
36070.72 0.77 0.0 
36088.21 0.55 0.0 
35443.80 0.70 0.0 
36749.11 0.93 0.0 
34799.21 0.48 0.0 
37925.47 0.64 0.0 
38188.71 0.54 0.0 
36328.83 0.30 0.0 
37964.49 0.63 0.0 
37904.40 0.75 0.0 
42901.16 0.45 0.0 
42901.17 0.59 0.0 
49498.53 0.44 0.0 
60628.57 0.56 0.0 
59417.95 0.65 0.0 
61571.27 0.37 0.0 
59399.33 0.49 0.0 
61829.40 0.91 0.0 
62567.40 0.41 0.0 
62354.25 0.37 0.0 
61571.37 0.33 0.0 
63419.17 0.35 0.0 
61907.13 0.43 0.0 
65865.92 0.65 0.0 
65865.89 0.76 0.0 
68098.25 0.33 0.0 
68593.05 0.67 0.0 
68578.45 0.77 0.0 
69243.37 0.55 0.0 
69629.44 0.69 0.0 
69878.15 0.82 0.0 
67889.56 0.34 0.0 
68894.44 0.89 0.0 
69878.15 0.87 0.0 
71669.16 0.94 0.0 
71726.53 0.66 0.0 
73033.36 0.33 0.0 
71504.33 0.57 0.0 
71622.56 0.44 0.0 
72344.28 0.39 0.0 
77158.99 0.56 0.0 
85979.20 0.51 0.0 
86233.96 0.32 0.0 
85926.65 0.37 0.0 
