1795.97 0.34 0.0 
4482.39 0.38 0.0 
5513.85 0.37 0.0 
7272.84 0.47 0.0 
7534.05 0.76 0.0 
7534.01 0.49 0.0 
10604.40 0.39 0.0 
12510.24 0.32 0.0 
12597.40 0.35 0.0 
13677.73 0.32 0.0 
13946.20 0.45 0.0 
14216.63 0.32 0.0 
19855.85 0.33 0.0 
21577.87 0.38 0.0 
22328.55 0.33 0.0 
24132.84 0.42 0.0 
24449.44 0.34 0.0 
25047.77 0.43 0.0 
29474.48 0.42 0.0 
32634.87 0.72 0.0 
33461.08 0.44 0.0 
36253.73 0.37 0.0 
39238.12 0.60 0.0 
39838.71 0.47 0.0 
44132.13 0.54 0.0 
45508.72 0.41 0.0 
46017.05 0.58 0.0 
47930.25 0.31 0.0 
48044.76 0.31 0.0 
48157.67 0.94 0.0 
48157.68 0.74 0.0 
48350.12 0.39 0.0 
49929.61 0.37 0.0 
50668.51 0.59 0.0 
50668.53 0.39 0.0 
50946.01 0.50 0.0 
51485.57 0.38 0.0 
51686.60 0.39 0.0 
53393.75 0.36 0.0 
53637.68 0.32 0.0 
55666.25 0.38 0.0 
56614.01 0.39 0.0 
56613.95 0.39 0.0 
56769.11 0.32 0.0 
56833.85 0.56 0.0 
56960.41 0.35 0.0 
57078.27 0.42 0.0 
57130.23 0.35 0.0 
57023.41 0.32 0.0 
57726.51 0.45 0.0 
58197.12 0.32 0.0 
58373.65 0.30 0.0 
58550.45 0.31 0.0 
58742.09 0.40 0.0 
59539.49 0.33 0.0 
59779.67 0.33 0.0 
59779.67 0.39 0.0 
61338.83 0.50 0.0 
61854.84 0.35 0.0 
62158.00 0.32 0.0 
62274.82 0.35 0.0 
63077.81 0.59 0.0 
63077.77 0.31 0.0 
63802.40 0.34 0.0 
64214.09 0.35 0.0 
64231.03 0.40 0.0 
64856.71 0.34 0.0 
64974.75 0.55 0.0 
64974.72 0.62 0.0 
65339.12 0.38 0.0 
65430.85 0.37 0.0 
65864.23 0.85 0.0 
65864.21 0.76 0.0 
65782.03 0.34 0.0 
67195.05 0.36 0.0 
67292.51 0.31 0.0 
68158.85 0.69 0.0 
68395.04 0.36 0.0 
69145.56 0.63 0.0 
69347.33 0.37 0.0 
69881.30 0.79 0.0 
69881.31 0.87 0.0 
70154.00 0.31 0.0 
70915.96 0.45 0.0 
71485.93 0.36 0.0 
72207.77 0.35 0.0 
72838.67 0.56 0.0 
72928.39 0.38 0.0 
72974.52 0.67 0.0 
72955.96 0.45 0.0 
73163.41 0.50 0.0 
74530.48 0.45 0.0 
75193.07 0.32 0.0 
75243.36 0.35 0.0 
75239.12 0.36 0.0 
75243.37 0.30 0.0 
76141.45 0.47 0.0 
76141.49 0.31 0.0 
76142.05 0.31 0.0 
76806.21 0.41 0.0 
76927.61 0.41 0.0 
76923.63 0.32 0.0 
76927.57 0.54 0.0 
77412.80 0.58 0.0 
77347.84 0.39 0.0 
77444.23 0.35 0.0 
78809.13 0.37 0.0 
79527.35 0.55 0.0 
80557.76 0.30 0.0 
80899.47 0.35 0.0 
82369.44 0.40 0.0 
82558.87 0.35 0.0 
83386.60 0.37 0.0 
83716.67 0.39 0.0 
84509.05 0.62 0.0 
85192.56 0.33 0.0 
