1861.20 0.34 0.0 
21797.51 0.33 0.0 
27207.57 0.34 0.0 
39355.05 0.41 0.0 
39355.01 0.49 0.0 
39584.43 0.35 0.0 
40801.27 0.33 0.0 
41373.07 0.30 0.0 
42310.19 0.41 0.0 
42310.19 0.56 0.0 
42316.09 0.39 0.0 
42469.79 0.56 0.0 
43872.25 0.46 0.0 
44464.24 0.43 0.0 
44464.22 0.67 0.0 
45646.03 0.33 0.0 
45821.89 0.36 0.0 
46244.35 0.31 0.0 
47600.93 0.42 0.0 
47600.92 0.42 0.0 
48530.71 0.60 0.0 
50352.75 0.57 0.0 
50659.66 0.70 0.0 
50659.65 0.47 0.0 
50798.26 0.63 0.0 
51645.89 0.37 0.0 
51666.75 0.54 0.0 
52182.47 0.54 0.0 
53641.75 0.38 0.0 
53762.21 0.35 0.0 
53844.79 0.53 0.0 
53844.78 0.82 0.0 
54803.97 0.43 0.0 
54804.00 0.42 0.0 
54959.91 0.62 0.0 
55145.35 0.51 0.0 
55321.67 0.36 0.0 
55335.11 0.37 0.0 
55719.99 0.31 0.0 
56023.04 0.56 0.0 
56023.04 0.33 0.0 
56524.07 0.69 0.0 
56880.79 0.36 0.0 
57267.69 0.47 0.0 
57404.86 0.46 0.0 
57467.75 0.47 0.0 
57467.75 0.67 0.0 
57977.95 0.61 0.0 
58008.36 0.79 0.0 
58346.55 0.35 0.0 
58555.41 0.33 0.0 
59342.95 0.38 0.0 
59342.99 0.42 0.0 
59620.39 0.45 0.0 
60018.81 0.33 0.0 
60100.00 0.55 0.0 
60099.97 0.45 0.0 
60239.67 0.34 0.0 
60319.91 0.40 0.0 
60319.88 0.65 0.0 
60840.44 0.43 0.0 
61909.35 0.33 0.0 
61986.43 0.53 0.0 
62176.99 0.39 0.0 
62518.35 0.65 0.0 
62317.02 0.57 0.0 
62518.34 0.76 0.0 
62552.15 0.73 0.0 
63046.27 0.55 0.0 
63057.65 0.45 0.0 
63687.25 0.71 0.0 
63859.94 0.54 0.0 
63789.26 0.71 0.0 
63859.95 0.35 0.0 
64111.68 0.69 0.0 
64111.67 0.79 0.0 
64399.15 0.66 0.0 
64960.65 0.36 0.0 
64960.63 0.31 0.0 
65378.33 0.35 0.0 
66242.00 0.56 0.0 
66241.99 0.63 0.0 
66403.41 0.33 0.0 
66426.27 0.34 0.0 
66403.35 0.54 0.0 
66711.03 0.35 0.0 
66916.11 0.45 0.0 
66952.77 0.55 0.0 
67058.51 0.35 0.0 
67058.51 0.32 0.0 
67081.47 0.58 0.0 
67653.72 0.62 0.0 
67828.95 0.32 0.0 
68099.25 0.43 0.0 
68429.28 0.47 0.0 
68341.99 0.30 0.0 
69633.15 0.34 0.0 
69658.51 0.53 0.0 
69812.47 0.54 0.0 
69633.19 0.47 0.0 
69938.68 0.55 0.0 
69885.60 0.61 0.0 
69952.15 0.36 0.0 
70102.02 0.77 0.0 
69885.61 0.65 0.0 
70008.08 0.46 0.0 
70102.05 0.58 0.0 
70131.64 0.61 0.0 
70131.64 0.54 0.0 
70544.91 0.47 0.0 
71051.66 0.71 0.0 
71051.67 0.44 0.0 
71066.72 0.40 0.0 
71343.04 0.73 0.0 
71540.43 0.43 0.0 
71540.45 0.36 0.0 
72372.40 0.33 0.0 
72372.39 0.41 0.0 
72651.41 0.44 0.0 
72685.47 0.43 0.0 
72781.39 0.41 0.0 
72978.93 0.74 0.0 
72978.96 0.43 0.0 
73100.55 0.52 0.0 
73108.09 0.53 0.0 
73100.54 0.71 0.0 
73108.10 0.86 0.0 
73156.59 0.51 0.0 
73322.08 0.82 0.0 
73414.69 0.62 0.0 
73516.55 0.38 0.0 
73516.54 0.76 0.0 
73717.79 0.66 0.0 
73755.51 0.47 0.0 
73717.76 0.68 0.0 
74078.39 0.40 0.0 
74078.31 0.44 0.0 
74229.06 0.56 0.0 
74229.09 0.52 0.0 
74272.56 0.31 0.0 
74287.94 0.36 0.0 
74281.15 0.53 0.0 
74885.63 0.45 0.0 
74885.63 0.44 0.0 
74952.75 0.67 0.0 
75061.67 0.45 0.0 
75221.08 0.57 0.0 
75539.05 0.58 0.0 
75660.51 0.54 0.0 
75669.87 0.69 0.0 
75669.87 0.64 0.0 
75797.50 0.86 0.0 
77024.12 0.75 0.0 
77024.11 0.85 0.0 
77142.96 0.36 0.0 
77142.99 0.61 0.0 
77269.81 0.61 0.0 
77269.81 0.79 0.0 
77279.56 0.42 0.0 
77523.49 0.41 0.0 
77666.21 0.48 0.0 
77846.13 0.33 0.0 
78008.71 0.44 0.0 
78679.27 0.31 0.0 
79548.04 0.71 0.0 
79648.67 0.33 0.0 
79607.95 0.56 0.0 
79683.88 0.51 0.0 
79683.88 0.47 0.0 
79919.35 0.39 0.0 
79919.39 0.35 0.0 
79995.58 0.78 0.0 
79995.58 0.83 0.0 
80175.99 0.46 0.0 
80235.78 0.72 0.0 
80235.81 0.80 0.0 
80536.83 0.36 0.0 
80555.25 0.58 0.0 
80562.79 0.62 0.0 
81309.11 0.75 0.0 
81309.09 0.48 0.0 
81705.65 0.39 0.0 
81661.15 0.45 0.0 
81705.67 0.57 0.0 
81863.55 0.42 0.0 
82842.49 0.46 0.0 
83120.73 0.39 0.0 
83120.75 0.42 0.0 
83127.55 0.30 0.0 
83359.79 0.63 0.0 
83495.64 0.77 0.0 
83495.66 0.76 0.0 
84126.68 0.52 0.0 
84216.62 0.69 0.0 
84168.12 0.36 0.0 
84216.61 0.47 0.0 
84168.15 0.49 0.0 
84287.23 0.43 0.0 
84673.61 0.56 0.0 
84673.65 0.40 0.0 
85020.44 0.79 0.0 
85020.29 0.54 0.0 
85299.10 0.85 0.0 
85310.32 0.61 0.0 
85352.83 0.62 0.0 
85261.73 0.68 0.0 
85268.08 0.67 0.0 
85245.87 0.55 0.0 
85255.33 0.69 0.0 
85261.72 0.60 0.0 
85268.11 0.40 0.0 
85310.33 0.62 0.0 
85299.09 0.54 0.0 
85428.12 0.61 0.0 
85459.77 0.76 0.0 
85472.03 0.31 0.0 
85255.30 0.65 0.0 
85428.12 0.79 0.0 
85413.99 0.40 0.0 
85459.78 0.79 0.0 
85594.75 0.71 0.0 
85352.82 0.81 0.0 
85572.63 0.56 0.0 
85572.61 0.37 0.0 
85679.03 0.69 0.0 
85605.52 0.32 0.0 
85679.03 0.64 0.0 
85793.99 0.88 0.0 
85594.73 0.69 0.0 
85605.51 0.30 0.0 
85793.98 0.88 0.0 
86073.47 0.37 0.0 
86162.21 0.44 0.0 
86162.20 0.76 0.0 
86267.21 0.51 0.0 
86073.49 0.48 0.0 
86267.22 0.85 0.0 
86368.84 0.33 0.0 
