1010.45 0.73 0.0 
3602.93 0.52 0.0 
3862.29 0.63 0.0 
11565.91 0.40 0.0 
13003.63 0.39 0.0 
15082.49 0.60 0.0 
16834.55 0.32 0.0 
24902.01 0.35 0.0 
24833.49 0.46 0.0 
26576.75 0.32 0.0 
26687.47 0.37 0.0 
26491.93 0.43 0.0 
27796.21 0.60 0.0 
30767.83 0.32 0.0 
33013.21 0.42 0.0 
33013.17 0.49 0.0 
36721.59 0.38 0.0 
37677.18 0.54 0.0 
38085.47 0.34 0.0 
43140.55 0.33 0.0 
43283.15 0.32 0.0 
44221.27 0.35 0.0 
48272.41 0.60 0.0 
49941.01 0.39 0.0 
49941.05 0.81 0.0 
51241.99 0.41 0.0 
54549.16 0.41 0.0 
55036.20 0.35 0.0 
55036.25 0.46 0.0 
55471.49 0.35 0.0 
56672.37 0.57 0.0 
58056.75 0.38 0.0 
59104.23 0.44 0.0 
59725.51 0.33 0.0 
59725.47 0.34 0.0 
60523.61 0.39 0.0 
60710.63 0.38 0.0 
63240.47 0.34 0.0 
65032.73 0.45 0.0 
65040.39 0.36 0.0 
65032.66 0.52 0.0 
66562.81 0.32 0.0 
66562.85 0.40 0.0 
66210.44 0.65 0.0 
66887.41 0.62 0.0 
67306.32 0.40 0.0 
69272.30 0.76 0.0 
69264.21 0.43 0.0 
69272.31 0.44 0.0 
70950.77 0.41 0.0 
74431.55 0.89 0.0 
73848.61 0.67 0.0 
74055.91 0.31 0.0 
74431.55 0.90 0.0 
74928.04 0.55 0.0 
75650.75 0.55 0.0 
75932.19 0.37 0.0 
76561.77 0.44 0.0 
77660.35 0.31 0.0 
79917.71 0.32 0.0 
81662.95 0.43 0.0 
81560.27 0.34 0.0 
82365.81 0.37 0.0 
82894.41 0.33 0.0 
82365.81 0.57 0.0 
82894.41 0.62 0.0 
84286.26 0.58 0.0 
84361.03 0.36 0.0 
85563.69 0.39 0.0 
