562.66 0.45 0.0 
623.75 0.52 0.0 
1013.61 0.50 0.0 
1157.55 0.38 0.0 
2281.72 0.32 0.0 
2727.45 0.30 0.0 
2791.51 0.47 0.0 
2805.54 0.54 0.0 
2896.37 0.46 0.0 
2933.39 0.32 0.0 
2946.47 0.36 0.0 
3023.47 0.37 0.0 
3035.71 0.30 0.0 
3077.64 0.83 0.0 
3092.63 0.40 0.0 
3092.60 0.71 0.0 
3113.83 0.40 0.0 
3201.75 0.34 0.0 
3213.68 0.65 0.0 
3295.54 0.54 0.0 
3295.56 0.56 0.0 
3213.69 0.78 0.0 
3552.59 0.31 0.0 
3542.37 0.47 0.0 
3571.63 0.46 0.0 
3583.89 0.42 0.0 
3760.30 0.92 0.0 
3760.30 0.88 0.0 
3705.77 0.88 0.0 
4411.59 0.34 0.0 
4724.69 0.38 0.0 
4679.53 0.32 0.0 
4772.44 0.61 0.0 
4789.38 0.80 0.0 
4772.44 0.78 0.0 
4782.33 0.47 0.0 
4789.38 0.79 0.0 
5070.51 0.38 0.0 
5029.67 0.31 0.0 
5012.25 0.36 0.0 
5237.25 0.65 0.0 
5274.29 0.52 0.0 
5408.39 0.46 0.0 
5700.47 0.31 0.0 
6288.61 0.45 0.0 
6319.52 0.34 0.0 
6330.36 0.76 0.0 
6370.43 0.48 0.0 
6330.40 0.85 0.0 
6594.55 0.44 0.0 
6723.29 0.43 0.0 
7009.36 0.55 0.0 
7148.45 0.72 0.0 
7148.42 0.87 0.0 
7080.49 0.60 0.0 
7268.29 0.45 0.0 
8084.45 0.31 0.0 
8073.67 0.33 0.0 
8084.47 0.34 0.0 
8550.79 0.32 0.0 
9045.60 0.71 0.0 
8971.32 0.70 0.0 
9293.60 0.37 0.0 
9425.47 0.32 0.0 
9551.81 0.41 0.0 
9679.60 0.50 0.0 
9679.71 0.38 0.0 
9923.49 0.45 0.0 
9991.53 0.31 0.0 
10022.45 0.49 0.0 
9982.27 0.43 0.0 
10275.62 0.67 0.0 
10305.58 0.52 0.0 
10470.67 0.33 0.0 
10577.51 0.41 0.0 
10635.56 0.43 0.0 
10924.49 0.56 0.0 
11190.51 0.35 0.0 
12121.69 0.67 0.0 
12832.45 0.53 0.0 
13173.52 0.81 0.0 
13173.52 0.81 0.0 
13276.47 0.39 0.0 
14245.79 0.54 0.0 
14346.43 0.62 0.0 
14346.40 0.87 0.0 
20448.43 0.36 0.0 
20842.75 0.34 0.0 
21360.67 0.42 0.0 
21385.53 0.36 0.0 
21546.36 0.65 0.0 
21546.36 0.59 0.0 
21632.50 0.68 0.0 
21632.50 0.68 0.0 
21677.83 0.30 0.0 
21856.29 0.65 0.0 
21811.54 0.46 0.0 
22597.63 0.41 0.0 
22936.64 0.61 0.0 
23040.51 0.34 0.0 
23046.73 0.38 0.0 
24072.63 0.35 0.0 
24163.63 0.59 0.0 
24163.63 0.54 0.0 
24360.49 0.46 0.0 
25170.71 0.34 0.0 
25280.39 0.30 0.0 
27136.87 0.31 0.0 
28356.57 0.34 0.0 
28356.58 0.69 0.0 
28454.71 0.64 0.0 
28454.72 0.58 0.0 
29115.51 0.56 0.0 
29194.36 0.30 0.0 
30122.38 0.70 0.0 
30595.60 0.48 0.0 
30595.61 0.56 0.0 
30783.64 0.72 0.0 
31128.69 0.47 0.0 
31188.45 0.52 0.0 
31338.76 0.61 0.0 
31338.75 0.33 0.0 
31818.33 0.48 0.0 
31825.55 0.38 0.0 
31825.55 0.37 0.0 
31892.35 0.32 0.0 
32261.53 0.62 0.0 
32261.53 0.40 0.0 
32502.67 0.47 0.0 
32727.41 0.63 0.0 
32727.39 0.42 0.0 
32838.45 0.51 0.0 
32995.67 0.39 0.0 
33565.51 0.30 0.0 
33621.51 0.35 0.0 
33587.47 0.53 0.0 
33587.45 0.46 0.0 
33680.37 0.44 0.0 
34270.31 0.45 0.0 
34501.27 0.35 0.0 
34849.43 0.37 0.0 
35368.67 0.36 0.0 
35447.71 0.58 0.0 
35577.51 0.46 0.0 
35701.34 0.31 0.0 
35797.67 0.30 0.0 
35928.35 0.46 0.0 
35954.47 0.73 0.0 
35954.47 0.71 0.0 
36150.65 0.48 0.0 
36828.80 0.78 0.0 
36815.79 0.42 0.0 
36828.80 0.43 0.0 
36975.43 0.52 0.0 
38329.56 0.66 0.0 
38329.57 0.69 0.0 
39272.47 0.46 0.0 
39272.47 0.33 0.0 
48751.29 0.58 0.0 
53279.57 0.69 0.0 
62645.67 0.30 0.0 
65956.48 0.31 0.0 
80126.56 0.34 0.0 
83535.50 0.36 0.0 
83903.67 0.42 0.0 
