417.56 0.64 0.0 
1647.79 0.31 0.0 
1677.76 0.49 0.0 
1844.44 0.40 0.0 
2448.51 0.40 0.0 
2592.79 0.32 0.0 
2726.24 0.70 0.0 
2895.34 0.49 0.0 
2893.40 0.33 0.0 
2931.40 0.32 0.0 
2905.73 0.56 0.0 
3022.27 0.63 0.0 
3076.47 0.84 0.0 
3110.41 0.50 0.0 
3200.52 0.32 0.0 
3200.56 0.54 0.0 
3212.81 0.60 0.0 
3292.59 0.59 0.0 
3227.29 0.73 0.0 
3244.29 0.30 0.0 
3292.55 0.72 0.0 
3212.83 0.87 0.0 
3219.71 0.30 0.0 
3227.24 0.45 0.0 
3448.51 0.40 0.0 
3478.39 0.37 0.0 
3566.28 0.43 0.0 
3582.49 0.86 0.0 
3582.49 0.87 0.0 
3599.21 0.32 0.0 
3685.28 0.44 0.0 
3759.59 0.55 0.0 
3759.60 0.64 0.0 
3880.68 0.36 0.0 
3913.93 0.37 0.0 
3973.53 0.31 0.0 
4322.67 0.31 0.0 
4501.31 0.51 0.0 
4519.66 0.31 0.0 
4519.63 0.36 0.0 
4547.63 0.34 0.0 
4654.79 0.34 0.0 
4722.59 0.33 0.0 
4738.81 0.30 0.0 
4678.41 0.32 0.0 
4678.37 0.65 0.0 
4771.71 0.62 0.0 
4782.36 0.40 0.0 
4787.64 0.79 0.0 
4771.71 0.82 0.0 
4787.65 0.71 0.0 
4893.67 0.30 0.0 
4945.59 0.50 0.0 
5026.57 0.30 0.0 
5011.60 0.49 0.0 
5158.53 0.39 0.0 
5287.53 0.34 0.0 
5287.56 0.56 0.0 
5407.73 0.32 0.0 
6133.49 0.54 0.0 
6223.69 0.81 0.0 
6287.84 0.35 0.0 
6366.72 0.56 0.0 
7008.49 0.38 0.0 
7147.78 0.89 0.0 
7147.78 0.92 0.0 
7174.69 0.39 0.0 
7174.57 0.42 0.0 
7520.74 0.32 0.0 
7634.20 0.42 0.0 
8039.40 0.81 0.0 
8277.61 0.52 0.0 
8277.61 0.50 0.0 
8423.68 0.41 0.0 
8803.36 0.72 0.0 
9043.53 0.89 0.0 
9100.59 0.37 0.0 
9175.33 0.61 0.0 
9253.49 0.46 0.0 
9314.18 0.30 0.0 
9340.27 0.50 0.0 
9493.43 0.87 0.0 
9546.43 0.46 0.0 
9677.55 0.39 0.0 
9677.45 0.64 0.0 
9928.80 0.32 0.0 
10004.36 0.88 0.0 
10084.57 0.39 0.0 
10706.50 0.49 0.0 
10950.53 0.39 0.0 
10931.65 0.72 0.0 
10923.52 0.53 0.0 
11251.31 0.65 0.0 
11276.44 0.41 0.0 
11622.64 0.31 0.0 
11904.57 0.31 0.0 
11979.69 0.37 0.0 
11904.61 0.45 0.0 
12121.69 0.35 0.0 
12382.31 0.62 0.0 
13170.67 0.88 0.0 
13181.80 0.51 0.0 
13170.67 0.86 0.0 
13181.77 0.54 0.0 
13587.61 0.37 0.0 
14240.77 0.97 0.0 
14240.76 0.48 0.0 
14342.35 0.38 0.0 
15703.47 0.33 0.0 
18538.91 0.34 0.0 
20338.71 0.31 0.0 
20489.35 0.79 0.0 
20594.29 0.40 0.0 
20548.63 0.30 0.0 
21402.32 0.30 0.0 
21541.69 0.47 0.0 
21550.85 0.39 0.0 
21541.63 0.58 0.0 
21582.55 0.40 0.0 
21481.59 0.44 0.0 
21865.56 0.42 0.0 
22814.24 0.77 0.0 
22898.67 0.49 0.0 
22903.77 0.33 0.0 
23007.67 0.53 0.0 
22944.64 0.33 0.0 
23312.19 0.31 0.0 
23457.79 0.33 0.0 
24070.61 0.50 0.0 
24160.79 0.61 0.0 
24160.80 0.75 0.0 
24175.71 0.31 0.0 
24376.36 0.42 0.0 
24376.40 0.68 0.0 
24521.77 0.46 0.0 
24657.44 0.61 0.0 
25168.60 0.56 0.0 
25315.49 0.63 0.0 
26072.47 0.33 0.0 
26988.56 0.52 0.0 
28350.89 0.33 0.0 
28407.59 0.62 0.0 
28453.64 0.73 0.0 
29099.36 0.55 0.0 
29099.29 0.48 0.0 
29201.64 0.46 0.0 
29244.81 0.33 0.0 
29286.20 0.70 0.0 
30594.32 0.31 0.0 
30763.48 0.31 0.0 
30707.40 0.56 0.0 
30707.40 0.67 0.0 
31335.71 0.51 0.0 
31389.68 0.36 0.0 
31751.49 0.44 0.0 
31768.80 0.55 0.0 
31890.64 0.44 0.0 
31948.63 0.47 0.0 
32132.64 0.32 0.0 
32132.63 0.57 0.0 
32260.88 0.34 0.0 
32296.36 0.78 0.0 
32352.69 0.60 0.0 
32296.45 0.43 0.0 
32501.72 0.32 0.0 
32558.32 0.50 0.0 
32558.32 0.53 0.0 
32579.48 0.58 0.0 
32725.19 0.32 0.0 
32818.59 0.91 0.0 
32818.58 0.35 0.0 
33014.59 0.44 0.0 
33071.32 0.31 0.0 
32991.85 0.41 0.0 
33584.58 0.94 0.0 
33584.61 0.44 0.0 
33862.47 0.48 0.0 
33987.52 0.70 0.0 
34213.71 0.61 0.0 
34269.79 0.49 0.0 
34286.17 0.40 0.0 
34738.79 0.61 0.0 
35217.56 0.72 0.0 
35174.32 0.32 0.0 
35368.75 0.42 0.0 
35362.27 0.44 0.0 
35427.83 0.35 0.0 
35577.39 0.35 0.0 
35701.32 0.43 0.0 
35756.77 0.54 0.0 
35952.89 0.48 0.0 
35952.84 0.31 0.0 
37705.65 0.37 0.0 
40122.52 0.83 0.0 
40122.47 0.54 0.0 
40258.39 0.75 0.0 
43663.84 0.43 0.0 
53263.84 0.35 0.0 
53279.55 0.72 0.0 
69433.89 0.42 0.0 
73018.89 0.31 0.0 
73573.92 0.64 0.0 
