194.56 0.40 0.0 
832.08 0.49 0.0 
2067.05 0.34 0.0 
2413.57 0.50 0.0 
2667.37 0.38 0.0 
3880.11 0.45 0.0 
4881.85 0.35 0.0 
5414.28 0.52 0.0 
5454.81 0.54 0.0 
8078.93 0.44 0.0 
8669.49 0.50 0.0 
8725.35 0.37 0.0 
9106.05 0.37 0.0 
9106.05 0.77 0.0 
10496.31 0.84 0.0 
11202.13 0.35 0.0 
11801.28 0.96 0.0 
11801.27 0.96 0.0 
12410.29 0.54 0.0 
12410.24 0.71 0.0 
12688.05 0.35 0.0 
14456.29 0.35 0.0 
14456.31 0.83 0.0 
14744.41 0.33 0.0 
15013.84 0.37 0.0 
15374.27 0.58 0.0 
15433.41 0.48 0.0 
17309.24 0.38 0.0 
18659.45 0.32 0.0 
21607.24 0.42 0.0 
22064.48 0.31 0.0 
23212.29 0.30 0.0 
23198.20 0.35 0.0 
23199.77 0.56 0.0 
23212.29 0.33 0.0 
24280.12 0.42 0.0 
25019.05 0.71 0.0 
27011.13 0.72 0.0 
27011.13 0.49 0.0 
27602.85 0.37 0.0 
30615.57 0.46 0.0 
30637.49 0.30 0.0 
30637.43 0.30 0.0 
33460.97 0.48 0.0 
34871.88 0.35 0.0 
34857.75 0.46 0.0 
38112.61 0.34 0.0 
38328.79 0.46 0.0 
38316.27 0.58 0.0 
38328.71 0.36 0.0 
38630.68 0.77 0.0 
40262.85 0.45 0.0 
40898.20 0.65 0.0 
41879.21 0.31 0.0 
41973.21 0.31 0.0 
43672.93 0.45 0.0 
47382.61 0.40 0.0 
47279.48 0.43 0.0 
48882.13 0.52 0.0 
49629.57 0.40 0.0 
51509.51 0.57 0.0 
52147.09 0.34 0.0 
56789.37 0.44 0.0 
60869.20 0.50 0.0 
61917.93 0.36 0.0 
61880.89 0.35 0.0 
61935.43 0.32 0.0 
62067.93 0.36 0.0 
63163.60 0.57 0.0 
65993.40 0.60 0.0 
66377.28 0.30 0.0 
66793.63 0.32 0.0 
70334.53 0.34 0.0 
71023.63 0.36 0.0 
71343.59 0.33 0.0 
74009.44 0.61 0.0 
74693.05 0.38 0.0 
74847.08 0.49 0.0 
75987.51 0.86 0.0 
76415.19 0.30 0.0 
79068.61 0.36 0.0 
85469.16 0.52 0.0 
