1089.32 0.35 0.0 
1292.65 0.54 0.0 
2343.24 0.53 0.0 
2593.30 0.87 0.0 
2593.28 0.54 0.0 
2748.07 0.30 0.0 
3046.03 0.31 0.0 
3046.01 0.55 0.0 
3211.95 0.40 0.0 
3244.13 0.35 0.0 
3858.05 0.35 0.0 
3872.75 0.30 0.0 
4006.20 0.40 0.0 
4087.83 0.44 0.0 
4471.55 0.33 0.0 
5086.29 0.55 0.0 
5122.51 0.39 0.0 
5656.45 0.61 0.0 
5775.45 0.60 0.0 
5674.55 0.40 0.0 
5597.29 0.63 0.0 
5656.47 0.53 0.0 
5791.05 0.33 0.0 
5818.33 0.51 0.0 
6135.68 0.59 0.0 
5966.76 0.42 0.0 
6077.29 0.33 0.0 
6077.31 0.35 0.0 
6304.57 0.53 0.0 
7573.45 0.36 0.0 
7801.51 0.54 0.0 
9240.59 0.31 0.0 
9487.10 0.45 0.0 
9487.09 0.54 0.0 
10462.74 0.94 0.0 
10434.26 0.92 0.0 
10434.26 0.92 0.0 
10462.74 0.94 0.0 
12408.67 0.44 0.0 
12420.85 0.60 0.0 
12420.90 0.71 0.0 
12662.27 0.40 0.0 
12662.25 0.60 0.0 
13126.84 0.70 0.0 
13644.05 0.40 0.0 
14089.73 0.56 0.0 
13998.72 0.47 0.0 
14297.16 0.73 0.0 
14115.75 0.46 0.0 
14806.56 0.66 0.0 
19316.79 0.31 0.0 
19276.44 0.45 0.0 
19316.89 0.43 0.0 
19492.97 0.31 0.0 
19743.34 0.40 0.0 
19742.75 0.32 0.0 
19913.10 0.68 0.0 
19913.10 0.71 0.0 
20013.37 0.46 0.0 
20848.97 0.41 0.0 
21315.89 0.55 0.0 
21588.47 0.39 0.0 
21955.22 0.37 0.0 
22175.41 0.50 0.0 
22175.45 0.47 0.0 
24227.65 0.44 0.0 
25142.49 0.50 0.0 
25307.48 0.71 0.0 
26272.15 0.36 0.0 
26469.32 0.58 0.0 
26665.63 0.30 0.0 
26670.24 0.48 0.0 
26632.61 0.61 0.0 
26604.04 0.49 0.0 
26686.72 0.55 0.0 
26622.77 0.40 0.0 
26632.62 0.56 0.0 
26639.29 0.47 0.0 
26660.93 0.42 0.0 
26665.67 0.37 0.0 
26794.11 0.43 0.0 
26716.63 0.33 0.0 
26852.69 0.41 0.0 
26852.57 0.45 0.0 
28109.15 0.32 0.0 
28228.48 0.37 0.0 
28338.78 0.69 0.0 
28377.71 0.39 0.0 
28377.67 0.31 0.0 
28338.81 0.31 0.0 
28434.88 0.53 0.0 
28434.87 0.41 0.0 
28703.85 0.40 0.0 
28869.23 0.40 0.0 
29041.21 0.57 0.0 
30044.73 0.59 0.0 
30039.41 0.40 0.0 
29956.37 0.38 0.0 
30076.07 0.37 0.0 
30615.52 0.95 0.0 
30504.03 0.35 0.0 
30666.92 0.83 0.0 
30576.91 0.96 0.0 
30615.53 0.95 0.0 
30666.96 0.80 0.0 
30988.00 0.31 0.0 
30988.00 0.73 0.0 
31886.10 0.65 0.0 
32432.27 0.32 0.0 
33113.41 0.45 0.0 
33404.55 0.51 0.0 
33318.05 0.38 0.0 
34194.13 0.39 0.0 
34194.09 0.41 0.0 
38326.85 0.49 0.0 
38344.77 0.53 0.0 
38326.86 0.54 0.0 
38344.61 0.59 0.0 
43435.74 0.96 0.0 
43435.75 0.96 0.0 
46890.35 0.47 0.0 
49421.96 0.96 0.0 
49421.95 0.96 0.0 
49561.33 0.42 0.0 
52847.04 0.90 0.0 
52847.04 0.93 0.0 
54644.32 0.43 0.0 
63647.78 0.91 0.0 
63656.58 0.94 0.0 
63647.78 0.89 0.0 
63656.59 0.92 0.0 
63688.62 0.91 0.0 
63688.61 0.95 0.0 
64702.36 0.96 0.0 
64702.38 0.82 0.0 
70907.99 0.55 0.0 
70907.99 0.37 0.0 
74382.34 0.94 0.0 
74382.32 0.94 0.0 
76004.91 0.38 0.0 
76019.69 0.40 0.0 
84020.37 0.44 0.0 
84088.11 0.35 0.0 
84206.59 0.30 0.0 
84612.05 0.33 0.0 
84742.52 0.70 0.0 
85136.65 0.49 0.0 
85247.64 0.37 0.0 
85163.57 0.31 0.0 
85547.08 0.61 0.0 
85547.07 0.33 0.0 
85642.24 0.60 0.0 
