3112.45 0.31 0.0 
6793.20 0.44 0.0 
10211.61 0.37 0.0 
10558.35 0.55 0.0 
12410.36 0.32 0.0 
12410.36 0.78 0.0 
14267.83 0.40 0.0 
14461.67 0.33 0.0 
14461.92 0.54 0.0 
14743.52 0.67 0.0 
14743.49 0.49 0.0 
15374.15 0.38 0.0 
15781.08 0.36 0.0 
15781.08 0.81 0.0 
16842.63 0.56 0.0 
23202.91 0.54 0.0 
25812.99 0.52 0.0 
29353.53 0.50 0.0 
34176.41 0.34 0.0 
34176.40 0.60 0.0 
36448.95 0.53 0.0 
36822.50 0.98 0.0 
36822.51 0.98 0.0 
38330.53 0.47 0.0 
38352.76 0.62 0.0 
38330.52 0.30 0.0 
43660.88 0.77 0.0 
53428.95 0.38 0.0 
73091.64 0.31 0.0 
86114.25 0.35 0.0 
