2590.83 0.88 0.0 
2660.51 0.30 0.0 
2590.85 0.45 0.0 
2802.69 0.31 0.0 
2660.53 0.36 0.0 
3042.82 0.43 0.0 
3042.81 0.58 0.0 
3523.91 0.39 0.0 
4222.81 0.40 0.0 
4992.89 0.45 0.0 
5246.41 0.38 0.0 
5413.63 0.33 0.0 
5429.43 0.69 0.0 
5595.41 0.36 0.0 
5907.41 0.67 0.0 
5966.73 0.52 0.0 
6265.92 0.44 0.0 
6246.52 0.31 0.0 
6265.92 0.54 0.0 
6987.46 0.33 0.0 
7768.89 0.44 0.0 
7784.04 0.40 0.0 
8728.57 0.35 0.0 
9131.55 0.60 0.0 
9486.20 0.50 0.0 
9486.24 0.70 0.0 
9836.12 0.39 0.0 
10460.23 0.98 0.0 
10431.80 0.92 0.0 
10431.80 0.90 0.0 
10460.23 0.98 0.0 
11004.99 0.33 0.0 
12498.60 0.43 0.0 
14022.35 0.30 0.0 
14340.31 0.37 0.0 
15973.09 0.62 0.0 
17848.72 0.41 0.0 
19313.24 0.64 0.0 
19313.28 0.75 0.0 
19428.44 0.35 0.0 
19740.65 0.35 0.0 
19910.93 0.72 0.0 
19910.91 0.72 0.0 
20010.47 0.47 0.0 
20841.05 0.52 0.0 
20969.51 0.94 0.0 
20969.49 0.57 0.0 
21937.88 0.35 0.0 
21958.77 0.79 0.0 
22167.55 0.49 0.0 
25361.41 0.35 0.0 
25306.48 0.80 0.0 
25814.17 0.45 0.0 
26461.29 0.51 0.0 
26657.55 0.57 0.0 
26665.24 0.63 0.0 
26631.37 0.39 0.0 
26602.64 0.69 0.0 
26602.68 0.44 0.0 
26631.33 0.32 0.0 
26657.53 0.39 0.0 
26665.25 0.61 0.0 
27086.15 0.58 0.0 
27283.42 0.79 0.0 
27197.03 0.50 0.0 
27508.08 0.45 0.0 
28071.65 0.43 0.0 
28236.39 0.37 0.0 
28071.63 0.66 0.0 
28095.91 0.86 0.0 
28370.25 0.32 0.0 
28432.45 0.80 0.0 
28494.69 0.43 0.0 
28432.44 0.55 0.0 
28701.05 0.38 0.0 
28724.21 0.40 0.0 
28701.04 0.61 0.0 
29981.61 0.33 0.0 
30403.92 0.31 0.0 
30500.42 0.94 0.0 
30500.44 0.84 0.0 
30614.60 0.61 0.0 
30665.95 0.97 0.0 
30672.58 0.78 0.0 
30575.99 0.98 0.0 
30614.59 0.98 0.0 
30665.95 0.97 0.0 
30987.05 0.74 0.0 
30987.07 0.84 0.0 
31883.20 0.49 0.0 
32862.19 0.52 0.0 
33227.71 0.55 0.0 
33310.22 0.92 0.0 
33403.39 0.82 0.0 
33227.75 0.30 0.0 
33310.21 0.63 0.0 
33403.44 0.80 0.0 
34191.67 0.33 0.0 
34191.71 0.42 0.0 
34333.60 0.56 0.0 
34738.67 0.36 0.0 
34887.20 0.84 0.0 
34887.21 0.57 0.0 
35595.85 0.53 0.0 
37379.16 0.47 0.0 
38322.96 0.89 0.0 
39448.01 0.34 0.0 
39541.67 0.35 0.0 
41608.79 0.54 0.0 
41878.60 0.61 0.0 
42569.24 0.30 0.0 
43434.28 0.97 0.0 
43434.28 0.97 0.0 
45943.69 0.30 0.0 
49420.52 0.99 0.0 
49420.52 0.98 0.0 
49556.89 0.35 0.0 
52846.05 0.96 0.0 
52846.05 0.94 0.0 
54643.35 0.50 0.0 
63646.84 0.97 0.0 
63655.64 0.98 0.0 
63646.84 0.87 0.0 
63655.64 0.97 0.0 
63687.68 0.98 0.0 
63687.68 0.99 0.0 
64701.43 0.98 0.0 
64701.42 0.96 0.0 
68756.75 0.31 0.0 
69257.11 0.36 0.0 
70907.08 0.44 0.0 
72359.48 0.39 0.0 
72512.65 0.35 0.0 
74381.08 0.98 0.0 
74381.07 0.97 0.0 
76003.69 0.46 0.0 
76003.68 0.40 0.0 
76018.44 0.73 0.0 
78496.19 0.31 0.0 
85005.47 0.35 0.0 
85134.13 0.39 0.0 
85257.35 0.33 0.0 
85509.16 0.50 0.0 
85509.15 0.50 0.0 
85542.58 0.52 0.0 
