9923.42 0.83 0.0 
9923.43 0.41 0.0 
12414.25 0.44 0.0 
14269.47 0.43 0.0 
14462.99 0.78 0.0 
14281.67 0.42 0.0 
14281.66 0.70 0.0 
14475.56 0.38 0.0 
14462.98 0.89 0.0 
14750.43 0.32 0.0 
15781.92 0.77 0.0 
34178.00 0.58 0.0 
34178.02 0.69 0.0 
35836.05 0.32 0.0 
35951.97 0.40 0.0 
35952.01 0.43 0.0 
36076.10 0.80 0.0 
36076.11 0.36 0.0 
36825.46 0.84 0.0 
36825.48 0.81 0.0 
38333.87 0.45 0.0 
38356.24 0.73 0.0 
38356.25 0.80 0.0 
38628.74 0.80 0.0 
38628.73 0.80 0.0 
38644.14 0.57 0.0 
38644.13 0.57 0.0 
43660.87 0.46 0.0 
43665.47 0.33 0.0 
