10939.72 0.67 0.0 
11553.15 0.37 0.0 
12721.73 0.42 0.0 
12975.61 0.61 0.0 
13610.89 0.40 0.0 
13610.87 0.30 0.0 
13817.59 0.47 0.0 
15103.73 0.49 0.0 
16346.20 0.88 0.0 
16346.19 0.90 0.0 
17867.83 0.50 0.0 
21981.32 0.31 0.0 
21981.35 0.47 0.0 
22758.04 0.90 0.0 
23491.63 0.54 0.0 
23491.63 0.54 0.0 
27191.12 0.67 0.0 
29220.51 0.51 0.0 
30421.55 0.38 0.0 
30511.69 0.43 0.0 
32168.63 0.52 0.0 
32639.37 0.36 0.0 
34157.00 0.63 0.0 
34154.74 0.89 0.0 
34157.06 0.77 0.0 
34470.45 0.49 0.0 
37346.69 0.35 0.0 
37346.67 0.32 0.0 
38629.77 0.30 0.0 
42056.29 0.41 0.0 
42056.30 0.86 0.0 
42064.63 0.64 0.0 
42589.36 0.46 0.0 
43633.45 0.50 0.0 
43633.46 0.78 0.0 
50596.52 0.96 0.0 
50596.51 0.96 0.0 
51616.13 0.39 0.0 
61441.43 0.55 0.0 
77965.02 0.70 0.0 
77965.06 0.67 0.0 
78253.59 0.36 0.0 
