1181.76 0.79 0.0 
4225.69 0.33 0.0 
4525.64 0.66 0.0 
5637.44 0.36 0.0 
5791.16 0.42 0.0 
5818.16 0.41 0.0 
7229.43 0.36 0.0 
8517.75 0.52 0.0 
8714.01 0.46 0.0 
8954.14 0.82 0.0 
10435.57 0.36 0.0 
10939.20 0.57 0.0 
11052.59 0.31 0.0 
10939.21 0.70 0.0 
11459.49 0.51 0.0 
13608.21 0.33 0.0 
13608.13 0.35 0.0 
14457.48 0.91 0.0 
15100.58 0.97 0.0 
15100.58 0.97 0.0 
15206.75 0.93 0.0 
15370.97 0.43 0.0 
16344.76 0.98 0.0 
16344.76 0.98 0.0 
16647.64 0.65 0.0 
18446.88 0.44 0.0 
20128.05 0.46 0.0 
21977.17 0.59 0.0 
21977.16 0.62 0.0 
23488.05 0.45 0.0 
23519.01 0.42 0.0 
23487.99 0.85 0.0 
25679.56 0.70 0.0 
25586.24 0.35 0.0 
27188.94 0.97 0.0 
27188.94 0.96 0.0 
30511.04 0.52 0.0 
32165.08 0.82 0.0 
32174.45 0.32 0.0 
32165.09 0.37 0.0 
32637.43 0.95 0.0 
32848.21 0.67 0.0 
34149.56 0.80 0.0 
34154.74 0.98 0.0 
34467.40 0.49 0.0 
36117.05 0.44 0.0 
37333.73 0.54 0.0 
37333.68 0.32 0.0 
38204.15 0.73 0.0 
39703.85 0.72 0.0 
40262.72 0.30 0.0 
40360.88 0.65 0.0 
40409.44 0.30 0.0 
40649.04 0.87 0.0 
42055.04 0.53 0.0 
42055.01 0.67 0.0 
42494.09 0.43 0.0 
42479.58 0.95 0.0 
42553.29 0.37 0.0 
42586.65 0.44 0.0 
42524.57 0.31 0.0 
42659.41 0.92 0.0 
42809.27 0.87 0.0 
42885.32 0.39 0.0 
43333.87 0.52 0.0 
44099.47 0.75 0.0 
44323.08 0.66 0.0 
45178.57 0.40 0.0 
46602.86 0.63 0.0 
48328.96 0.37 0.0 
49044.68 0.68 0.0 
49558.83 0.84 0.0 
50593.59 0.98 0.0 
50593.59 0.98 0.0 
55784.56 0.42 0.0 
56230.89 0.36 0.0 
57317.45 0.46 0.0 
58266.41 0.91 0.0 
58266.39 0.87 0.0 
59547.48 0.37 0.0 
59818.95 0.59 0.0 
67347.04 0.34 0.0 
69744.85 0.43 0.0 
70874.51 0.78 0.0 
70858.63 0.89 0.0 
74771.87 0.35 0.0 
77962.08 0.79 0.0 
77962.12 0.31 0.0 
78252.24 0.69 0.0 
78252.23 0.31 0.0 
81943.80 0.33 0.0 
82363.92 0.44 0.0 
82798.93 0.45 0.0 
82934.01 0.32 0.0 
83279.32 0.35 0.0 
84014.40 0.53 0.0 
84808.20 0.82 0.0 
85019.24 0.88 0.0 
