3405.28 0.52 0.0 
3781.40 0.98 0.0 
3781.39 0.98 0.0 
4534.47 0.34 0.0 
8324.12 0.85 0.0 
9074.47 0.30 0.0 
9883.55 0.55 0.0 
13194.82 0.49 0.0 
26218.12 0.36 0.0 
28842.91 0.51 0.0 
29590.60 0.37 0.0 
34915.97 0.98 0.0 
34915.97 0.97 0.0 
36406.67 0.39 0.0 
38335.12 0.37 0.0 
38909.12 0.33 0.0 
43677.19 0.34 0.0 
44338.55 0.55 0.0 
46602.36 0.35 0.0 
51982.33 0.35 0.0 
55468.67 0.35 0.0 
56502.23 0.46 0.0 
58080.96 0.42 0.0 
58454.27 0.49 0.0 
58423.59 0.64 0.0 
58512.03 0.47 0.0 
58766.41 0.33 0.0 
59862.44 0.52 0.0 
60688.21 0.31 0.0 
60928.05 0.53 0.0 
61601.59 0.52 0.0 
61601.60 0.56 0.0 
62574.13 0.30 0.0 
62574.09 0.32 0.0 
63816.77 0.31 0.0 
64421.39 0.49 0.0 
65217.96 0.37 0.0 
65336.89 0.39 0.0 
65440.12 0.34 0.0 
65369.27 0.36 0.0 
65389.67 0.60 0.0 
66536.24 0.40 0.0 
66777.40 0.81 0.0 
66883.49 0.35 0.0 
66911.51 0.48 0.0 
67048.89 0.32 0.0 
67452.83 0.38 0.0 
67273.05 0.31 0.0 
67811.49 0.59 0.0 
68324.36 0.47 0.0 
68502.13 0.62 0.0 
68552.35 0.73 0.0 
68552.39 0.55 0.0 
68593.41 0.61 0.0 
68737.07 0.67 0.0 
69838.89 0.37 0.0 
78374.20 0.52 0.0 
80488.40 0.43 0.0 
80683.90 0.87 0.0 
81494.36 0.97 0.0 
81659.90 0.42 0.0 
82229.33 0.87 0.0 
83472.98 0.72 0.0 
