203.57 0.45 0.0 
223.52 0.68 0.0 
223.52 0.70 0.0 
203.58 0.60 0.0 
573.71 0.35 0.0 
710.31 0.80 0.0 
710.30 0.85 0.0 
1485.47 0.95 0.0 
2299.96 0.41 0.0 
2605.32 0.32 0.0 
3499.16 0.47 0.0 
3593.47 0.32 0.0 
3541.41 0.42 0.0 
3605.40 0.62 0.0 
3605.45 0.58 0.0 
3545.93 0.52 0.0 
3646.48 0.32 0.0 
3768.43 0.62 0.0 
3837.54 0.47 0.0 
3939.47 0.37 0.0 
3951.01 0.88 0.0 
3951.00 0.89 0.0 
3968.67 0.30 0.0 
3968.67 0.36 0.0 
4011.88 0.81 0.0 
4011.89 0.82 0.0 
4157.59 0.41 0.0 
4213.76 0.77 0.0 
4293.53 0.39 0.0 
4309.03 0.75 0.0 
4309.02 0.71 0.0 
4272.91 0.35 0.0 
4389.96 0.62 0.0 
4389.95 0.40 0.0 
4673.39 0.52 0.0 
4893.99 0.72 0.0 
4862.38 0.41 0.0 
5098.19 0.47 0.0 
5642.57 0.52 0.0 
5896.21 0.35 0.0 
6600.23 0.32 0.0 
6702.39 0.46 0.0 
6702.43 0.47 0.0 
6900.70 0.76 0.0 
9090.92 0.80 0.0 
9171.49 0.54 0.0 
9171.47 0.31 0.0 
9462.36 0.62 0.0 
9798.60 0.33 0.0 
9800.61 0.51 0.0 
9819.28 0.69 0.0 
9819.28 0.58 0.0 
10089.75 0.54 0.0 
10089.73 0.35 0.0 
10306.11 0.39 0.0 
10590.52 0.40 0.0 
10590.48 0.64 0.0 
10704.03 0.38 0.0 
10952.21 0.38 0.0 
10980.55 0.41 0.0 
11237.75 0.31 0.0 
11221.71 0.53 0.0 
11492.59 0.65 0.0 
11563.54 0.64 0.0 
11978.09 0.48 0.0 
12001.31 0.50 0.0 
12186.97 0.33 0.0 
12187.03 0.32 0.0 
12449.21 0.44 0.0 
13282.00 0.59 0.0 
13576.19 0.32 0.0 
14357.97 0.43 0.0 
15092.19 0.46 0.0 
15308.94 0.57 0.0 
15271.67 0.57 0.0 
15308.97 0.53 0.0 
15481.09 0.40 0.0 
16032.71 0.47 0.0 
16323.08 0.69 0.0 
16343.92 0.65 0.0 
16530.53 0.38 0.0 
16605.45 0.55 0.0 
16766.25 0.54 0.0 
16913.77 0.43 0.0 
17014.16 0.45 0.0 
17161.96 0.49 0.0 
17437.31 0.33 0.0 
17432.15 0.48 0.0 
17790.68 0.53 0.0 
17984.80 0.72 0.0 
18076.45 0.42 0.0 
18345.47 0.64 0.0 
18465.55 0.55 0.0 
18496.23 0.47 0.0 
18496.27 0.45 0.0 
18681.79 0.39 0.0 
18713.81 0.49 0.0 
19772.69 0.74 0.0 
19711.96 0.46 0.0 
19906.81 0.52 0.0 
19996.76 0.54 0.0 
19965.75 0.41 0.0 
20026.32 0.55 0.0 
19965.81 0.46 0.0 
19976.49 0.38 0.0 
19996.77 0.49 0.0 
20267.47 0.40 0.0 
20525.41 0.42 0.0 
20730.45 0.40 0.0 
20760.49 0.73 0.0 
21301.12 0.56 0.0 
22020.69 0.49 0.0 
22020.64 0.61 0.0 
22216.45 0.62 0.0 
22319.65 0.59 0.0 
22320.43 0.40 0.0 
22395.61 0.49 0.0 
22635.73 0.59 0.0 
22698.92 0.44 0.0 
22785.47 0.36 0.0 
22799.47 0.36 0.0 
22917.36 0.57 0.0 
22917.31 0.33 0.0 
23050.02 0.48 0.0 
23230.55 0.36 0.0 
23307.72 0.74 0.0 
23475.56 0.43 0.0 
23853.55 0.59 0.0 
23853.54 0.87 0.0 
24061.33 0.42 0.0 
24279.17 0.30 0.0 
24283.52 0.67 0.0 
24302.07 0.44 0.0 
24811.17 0.48 0.0 
25088.41 0.32 0.0 
25220.56 0.77 0.0 
25215.56 0.62 0.0 
25220.56 0.82 0.0 
25242.37 0.32 0.0 
25670.20 0.57 0.0 
25670.19 0.56 0.0 
25937.67 0.54 0.0 
26511.12 0.76 0.0 
27387.56 0.72 0.0 
27387.55 0.50 0.0 
27664.93 0.44 0.0 
28983.39 0.33 0.0 
29530.15 0.32 0.0 
29431.42 0.31 0.0 
29536.35 0.31 0.0 
30617.89 0.36 0.0 
30617.89 0.61 0.0 
31302.94 0.47 0.0 
31302.95 0.38 0.0 
31246.53 0.46 0.0 
31255.39 0.50 0.0 
31255.31 0.36 0.0 
32741.15 0.37 0.0 
32970.97 0.31 0.0 
33293.67 0.33 0.0 
33293.63 0.34 0.0 
33936.65 0.81 0.0 
33936.65 0.69 0.0 
34511.93 0.33 0.0 
35737.73 0.40 0.0 
35737.71 0.38 0.0 
36855.85 0.50 0.0 
37929.99 0.48 0.0 
37923.80 0.76 0.0 
37929.99 0.81 0.0 
38145.73 0.32 0.0 
38360.88 0.33 0.0 
38367.08 0.52 0.0 
38367.09 0.51 0.0 
38517.76 0.36 0.0 
38553.05 0.45 0.0 
41131.24 0.80 0.0 
41172.21 0.53 0.0 
41172.21 0.53 0.0 
41180.98 0.90 0.0 
41180.96 0.79 0.0 
41206.80 0.34 0.0 
41434.04 0.62 0.0 
41460.00 0.63 0.0 
41514.88 0.61 0.0 
43412.09 0.50 0.0 
43689.53 0.62 0.0 
44165.35 0.43 0.0 
44462.53 0.56 0.0 
44462.57 0.67 0.0 
44644.60 0.32 0.0 
44721.99 0.32 0.0 
44840.25 0.54 0.0 
44984.79 0.51 0.0 
44984.75 0.37 0.0 
44990.55 0.39 0.0 
44990.53 0.35 0.0 
45121.01 0.33 0.0 
45130.21 0.48 0.0 
45120.93 0.39 0.0 
45130.25 0.34 0.0 
45286.35 0.34 0.0 
45409.05 0.55 0.0 
45409.02 0.71 0.0 
45627.95 0.64 0.0 
45649.49 0.71 0.0 
45630.47 0.84 0.0 
45644.95 0.39 0.0 
45649.48 0.54 0.0 
45862.91 0.47 0.0 
46065.91 0.35 0.0 
46078.99 0.35 0.0 
46133.09 0.65 0.0 
46122.77 0.34 0.0 
46133.05 0.61 0.0 
46680.59 0.66 0.0 
47918.35 0.32 0.0 
49477.47 0.56 0.0 
49477.48 0.46 0.0 
51902.59 0.46 0.0 
52291.45 0.69 0.0 
52596.95 0.33 0.0 
52596.99 0.38 0.0 
53041.32 0.86 0.0 
53756.27 0.40 0.0 
53820.48 0.75 0.0 
55747.75 0.38 0.0 
56205.31 0.36 0.0 
56599.03 0.43 0.0 
57000.59 0.87 0.0 
57313.65 0.61 0.0 
57313.63 0.51 0.0 
57688.67 0.40 0.0 
57750.44 0.72 0.0 
61324.23 0.35 0.0 
63692.63 0.40 0.0 
63754.99 0.30 0.0 
66767.55 0.32 0.0 
67106.29 0.41 0.0 
68041.55 0.65 0.0 
69237.16 0.44 0.0 
69719.94 0.75 0.0 
70995.97 0.34 0.0 
71027.01 0.31 0.0 
71851.99 0.53 0.0 
72166.62 0.56 0.0 
72601.83 0.30 0.0 
72648.53 0.63 0.0 
72796.35 0.41 0.0 
73029.82 0.67 0.0 
73613.51 0.33 0.0 
73887.40 0.83 0.0 
74158.12 0.60 0.0 
75508.93 0.36 0.0 
75570.73 0.89 0.0 
75696.67 0.50 0.0 
75696.71 0.32 0.0 
76612.11 0.48 0.0 
77363.71 0.32 0.0 
77334.95 0.32 0.0 
77363.71 0.41 0.0 
78498.72 0.69 0.0 
78525.49 0.41 0.0 
79248.27 0.35 0.0 
79582.99 0.45 0.0 
79786.45 0.58 0.0 
80251.49 0.36 0.0 
80958.96 0.65 0.0 
81614.19 0.37 0.0 
81635.18 0.73 0.0 
81635.21 0.70 0.0 
82001.41 0.31 0.0 
82279.03 0.41 0.0 
82448.95 0.42 0.0 
83339.95 0.44 0.0 
83417.18 0.60 0.0 
84053.82 0.63 0.0 
84241.37 0.54 0.0 
84452.67 0.32 0.0 
84885.71 0.37 0.0 
84991.11 0.44 0.0 
86236.01 0.42 0.0 
