6627.17 0.44 0.0 
10978.13 0.39 0.0 
11713.81 0.34 0.0 
12410.05 0.33 0.0 
12942.21 0.40 0.0 
13021.96 0.88 0.0 
13028.59 0.90 0.0 
13021.98 0.86 0.0 
13028.60 0.81 0.0 
13045.69 0.31 0.0 
14273.00 0.60 0.0 
14349.21 0.57 0.0 
14349.17 0.67 0.0 
14358.84 0.79 0.0 
14760.09 0.30 0.0 
22918.61 0.52 0.0 
22918.65 0.48 0.0 
26007.13 0.39 0.0 
27130.64 0.78 0.0 
28124.33 0.45 0.0 
30130.79 0.33 0.0 
32804.36 0.75 0.0 
34191.35 0.85 0.0 
38645.56 0.78 0.0 
70424.48 0.47 0.0 
72203.39 0.31 0.0 
72390.88 0.30 0.0 
72390.85 0.69 0.0 
72499.41 0.43 0.0 
72598.43 0.39 0.0 
72910.24 0.65 0.0 
72865.69 0.30 0.0 
73104.68 0.66 0.0 
73436.40 0.34 0.0 
73663.25 0.43 0.0 
74710.13 0.47 0.0 
74710.11 0.33 0.0 
75688.84 0.33 0.0 
75883.36 0.58 0.0 
75954.07 0.40 0.0 
76865.93 0.47 0.0 
76921.28 0.55 0.0 
76927.29 0.50 0.0 
76921.24 0.34 0.0 
77508.16 0.40 0.0 
77739.80 0.33 0.0 
77813.00 0.44 0.0 
78471.20 0.32 0.0 
78471.12 0.45 0.0 
79211.11 0.51 0.0 
79211.19 0.33 0.0 
79327.29 0.43 0.0 
79327.28 0.41 0.0 
79482.03 0.34 0.0 
79969.12 0.39 0.0 
80579.48 0.57 0.0 
80706.77 0.68 0.0 
80713.56 0.34 0.0 
80706.77 0.78 0.0 
80742.97 0.32 0.0 
80753.07 0.40 0.0 
80972.85 0.39 0.0 
80972.43 0.44 0.0 
81453.09 0.31 0.0 
81477.23 0.31 0.0 
81581.40 0.39 0.0 
81891.56 0.39 0.0 
81891.56 0.82 0.0 
82024.39 0.34 0.0 
81984.57 0.46 0.0 
81984.64 0.50 0.0 
82149.47 0.65 0.0 
82112.56 0.70 0.0 
82112.56 0.51 0.0 
82229.48 0.37 0.0 
82315.15 0.33 0.0 
83134.87 0.39 0.0 
83066.65 0.58 0.0 
83134.87 0.40 0.0 
83491.72 0.39 0.0 
83532.96 0.38 0.0 
83629.65 0.62 0.0 
83663.49 0.31 0.0 
83819.63 0.38 0.0 
83903.44 0.34 0.0 
84274.16 0.51 0.0 
84420.76 0.42 0.0 
84716.65 0.48 0.0 
84790.67 0.35 0.0 
84940.63 0.66 0.0 
85018.97 0.56 0.0 
85467.95 0.51 0.0 
85629.40 0.79 0.0 
85629.35 0.53 0.0 
85659.85 0.67 0.0 
85864.04 0.41 0.0 
85871.77 0.74 0.0 
86111.97 0.32 0.0 
