604.64 0.32 0.0 
604.67 0.38 0.0 
1764.73 0.36 0.0 
2218.08 0.30 0.0 
2615.87 0.40 0.0 
3558.65 0.40 0.0 
5386.93 0.35 0.0 
9687.93 0.42 0.0 
18990.59 0.37 0.0 
22072.53 0.49 0.0 
22505.29 0.47 0.0 
24982.11 0.41 0.0 
25024.07 0.30 0.0 
26262.83 0.58 0.0 
26385.39 0.49 0.0 
26382.43 0.32 0.0 
28259.35 0.39 0.0 
32312.09 0.64 0.0 
34452.27 0.36 0.0 
38193.71 0.34 0.0 
43007.92 0.30 0.0 
43385.99 0.32 0.0 
44685.59 0.38 0.0 
47412.53 0.38 0.0 
48016.13 0.33 0.0 
51017.07 0.41 0.0 
52696.03 0.39 0.0 
54393.59 0.36 0.0 
55831.16 0.35 0.0 
58050.45 0.39 0.0 
60753.97 0.48 0.0 
60834.89 0.33 0.0 
61880.67 0.30 0.0 
61880.71 0.32 0.0 
62276.31 0.49 0.0 
62462.79 0.46 0.0 
63196.43 0.31 0.0 
64816.44 0.44 0.0 
64975.01 0.48 0.0 
66526.53 0.54 0.0 
66796.51 0.31 0.0 
66987.81 0.37 0.0 
69872.07 0.34 0.0 
71417.79 0.48 0.0 
73160.19 0.42 0.0 
75607.43 0.40 0.0 
76223.07 0.32 0.0 
77113.51 0.32 0.0 
77312.19 0.31 0.0 
80419.17 0.53 0.0 
80510.23 0.35 0.0 
81000.75 0.42 0.0 
81097.07 0.50 0.0 
82220.35 0.34 0.0 
85278.60 0.51 0.0 
85924.37 0.36 0.0 
