99.31 0.33 0.0 
951.29 0.38 0.0 
1546.99 0.45 0.0 
1679.44 0.54 0.0 
1675.85 0.39 0.0 
1757.29 0.31 0.0 
1780.93 0.68 0.0 
1810.60 0.53 0.0 
1711.03 0.35 0.0 
1808.19 0.55 0.0 
1810.63 0.37 0.0 
1819.71 0.63 0.0 
1828.37 0.30 0.0 
1819.71 0.47 0.0 
1885.05 0.37 0.0 
1901.19 0.48 0.0 
1864.49 0.31 0.0 
2197.19 0.31 0.0 
2267.77 0.30 0.0 
2505.69 0.32 0.0 
3256.35 0.39 0.0 
4092.15 0.71 0.0 
4117.31 0.38 0.0 
4219.17 0.46 0.0 
4658.01 0.31 0.0 
4951.18 0.46 0.0 
5548.73 0.34 0.0 
6580.85 0.39 0.0 
7172.16 0.55 0.0 
7172.09 0.56 0.0 
7187.33 0.56 0.0 
7187.31 0.48 0.0 
7168.03 0.48 0.0 
7263.63 0.50 0.0 
7230.91 0.33 0.0 
7263.67 0.32 0.0 
8024.29 0.33 0.0 
8869.85 0.53 0.0 
8898.25 0.31 0.0 
10161.36 0.48 0.0 
10161.35 0.34 0.0 
10509.00 0.58 0.0 
10509.03 0.46 0.0 
11424.37 0.46 0.0 
11424.35 0.32 0.0 
12284.47 0.33 0.0 
12332.69 0.38 0.0 
12285.63 0.39 0.0 
12413.29 0.30 0.0 
12422.85 0.57 0.0 
12689.91 0.42 0.0 
12770.01 0.38 0.0 
12992.95 0.30 0.0 
13038.74 0.73 0.0 
13027.10 0.66 0.0 
12992.92 0.32 0.0 
13027.13 0.62 0.0 
13038.73 0.64 0.0 
13186.92 0.57 0.0 
13186.89 0.50 0.0 
13335.51 0.33 0.0 
13654.05 0.40 0.0 
13654.04 0.38 0.0 
13858.23 0.41 0.0 
14172.25 0.55 0.0 
14275.35 0.42 0.0 
14275.35 0.50 0.0 
14354.91 0.42 0.0 
14348.79 0.31 0.0 
14479.14 0.87 0.0 
14492.28 0.55 0.0 
14479.11 0.81 0.0 
14661.05 0.45 0.0 
15003.76 0.68 0.0 
15003.74 0.67 0.0 
15365.32 0.48 0.0 
15376.92 0.72 0.0 
16172.99 0.35 0.0 
16894.71 0.32 0.0 
17068.36 0.31 0.0 
17677.51 0.65 0.0 
17694.00 0.54 0.0 
17677.54 0.65 0.0 
18285.74 0.43 0.0 
18993.44 0.36 0.0 
19194.87 0.51 0.0 
19577.25 0.30 0.0 
19577.27 0.37 0.0 
20286.35 0.32 0.0 
20636.79 0.33 0.0 
21136.61 0.31 0.0 
21436.46 0.87 0.0 
21472.92 0.62 0.0 
21396.12 0.44 0.0 
21436.48 0.89 0.0 
21613.71 0.32 0.0 
22637.53 0.32 0.0 
23375.05 0.45 0.0 
23444.91 0.31 0.0 
23506.16 0.62 0.0 
24324.32 0.38 0.0 
25592.07 0.33 0.0 
26851.79 0.34 0.0 
28143.47 0.38 0.0 
28193.92 0.57 0.0 
28394.37 0.36 0.0 
29090.35 0.38 0.0 
29304.07 0.30 0.0 
30386.63 0.34 0.0 
30624.15 0.64 0.0 
30624.16 0.71 0.0 
30631.25 0.31 0.0 
32013.62 0.34 0.0 
31971.43 0.32 0.0 
32213.75 0.31 0.0 
32213.79 0.33 0.0 
32875.57 0.30 0.0 
33642.23 0.31 0.0 
33651.73 0.54 0.0 
34197.39 0.47 0.0 
34695.78 0.34 0.0 
34738.47 0.31 0.0 
35133.05 0.42 0.0 
35191.34 0.38 0.0 
35595.48 0.50 0.0 
36172.91 0.54 0.0 
36184.21 0.55 0.0 
36172.92 0.75 0.0 
36184.22 0.85 0.0 
36844.55 0.57 0.0 
37619.89 0.34 0.0 
38325.75 0.37 0.0 
38563.64 0.40 0.0 
38990.07 0.33 0.0 
39392.37 0.40 0.0 
39858.31 0.62 0.0 
39996.15 0.36 0.0 
39996.11 0.38 0.0 
40487.41 0.44 0.0 
41191.88 0.37 0.0 
41255.95 0.33 0.0 
41766.47 0.35 0.0 
42530.51 0.35 0.0 
42547.55 0.33 0.0 
42708.05 0.48 0.0 
42708.07 0.46 0.0 
43408.45 0.35 0.0 
43698.09 0.32 0.0 
43698.07 0.39 0.0 
43859.95 0.32 0.0 
44681.79 0.38 0.0 
45582.05 0.45 0.0 
47851.52 0.35 0.0 
47796.01 0.47 0.0 
47955.71 0.37 0.0 
47938.03 0.34 0.0 
48822.95 0.36 0.0 
48887.35 0.30 0.0 
49402.91 0.32 0.0 
49596.05 0.41 0.0 
49954.49 0.33 0.0 
50089.29 0.37 0.0 
50514.03 0.31 0.0 
50998.93 0.35 0.0 
51726.41 0.34 0.0 
51996.03 0.37 0.0 
52153.51 0.33 0.0 
58437.91 0.32 0.0 
59794.99 0.31 0.0 
60395.99 0.31 0.0 
60964.84 0.32 0.0 
61596.03 0.31 0.0 
61650.60 0.52 0.0 
61979.29 0.31 0.0 
62613.97 0.31 0.0 
62985.51 0.31 0.0 
63031.35 0.48 0.0 
63349.15 0.39 0.0 
63363.69 0.38 0.0 
63363.65 0.43 0.0 
63375.43 0.37 0.0 
63396.04 0.39 0.0 
63305.37 0.34 0.0 
63396.05 0.49 0.0 
63932.71 0.54 0.0 
63932.73 0.69 0.0 
63949.11 0.37 0.0 
64220.93 0.31 0.0 
64595.94 0.34 0.0 
64595.81 0.36 0.0 
66739.87 0.30 0.0 
66813.03 0.37 0.0 
67562.85 0.61 0.0 
67685.07 0.49 0.0 
67596.11 0.39 0.0 
67874.31 0.55 0.0 
70186.79 0.45 0.0 
71255.08 0.46 0.0 
71207.73 0.46 0.0 
71747.29 0.32 0.0 
71747.29 0.65 0.0 
72233.21 0.46 0.0 
72621.47 0.36 0.0 
73596.03 0.33 0.0 
74039.65 0.48 0.0 
76593.33 0.31 0.0 
77952.23 0.41 0.0 
79402.31 0.39 0.0 
