840.45 0.71 0.0 
1113.15 0.34 0.0 
1756.50 0.60 0.0 
1887.91 0.33 0.0 
2123.81 0.37 0.0 
2331.61 0.35 0.0 
2277.08 0.30 0.0 
3634.07 0.33 0.0 
3794.83 0.36 0.0 
4132.87 0.32 0.0 
4430.23 0.36 0.0 
4484.25 0.33 0.0 
5572.31 0.33 0.0 
5777.81 0.46 0.0 
5790.81 0.35 0.0 
6367.75 0.36 0.0 
6793.39 0.36 0.0 
7039.91 0.34 0.0 
7157.27 0.35 0.0 
7940.55 0.39 0.0 
8869.23 0.33 0.0 
9140.41 0.50 0.0 
9780.89 0.67 0.0 
10156.71 0.33 0.0 
10367.99 0.37 0.0 
10368.05 0.38 0.0 
11760.44 0.49 0.0 
12108.55 0.36 0.0 
12525.89 0.47 0.0 
12885.91 0.48 0.0 
13049.51 0.42 0.0 
13049.55 0.76 0.0 
13206.00 0.31 0.0 
13334.27 0.43 0.0 
13334.25 0.35 0.0 
13623.33 0.55 0.0 
14081.81 0.36 0.0 
14165.95 0.37 0.0 
14303.33 0.51 0.0 
14372.16 0.71 0.0 
14372.15 0.61 0.0 
14501.88 0.89 0.0 
14501.88 0.89 0.0 
14620.15 0.61 0.0 
15168.31 0.37 0.0 
15401.12 0.32 0.0 
16481.75 0.30 0.0 
16517.19 0.32 0.0 
17805.57 0.42 0.0 
18808.91 0.33 0.0 
19021.81 0.35 0.0 
19367.57 0.33 0.0 
20206.83 0.39 0.0 
21457.05 0.32 0.0 
21581.33 0.32 0.0 
21581.37 0.48 0.0 
22301.11 0.51 0.0 
22427.67 0.31 0.0 
22459.35 0.35 0.0 
22566.92 0.41 0.0 
23148.79 0.50 0.0 
23178.83 0.35 0.0 
23148.79 0.37 0.0 
23326.81 0.59 0.0 
23326.84 0.63 0.0 
23371.55 0.31 0.0 
23558.52 0.56 0.0 
23558.53 0.70 0.0 
23580.65 0.66 0.0 
23580.61 0.32 0.0 
23751.27 0.31 0.0 
23880.85 0.46 0.0 
23972.45 0.33 0.0 
24036.21 0.58 0.0 
23972.25 0.47 0.0 
24167.61 0.43 0.0 
24167.60 0.44 0.0 
24543.11 0.40 0.0 
24696.19 0.32 0.0 
24696.41 0.39 0.0 
24901.35 0.40 0.0 
25005.81 0.38 0.0 
25181.09 0.34 0.0 
25181.08 0.53 0.0 
25803.35 0.33 0.0 
26177.51 0.36 0.0 
26177.53 0.43 0.0 
26444.93 0.46 0.0 
26581.27 0.32 0.0 
26581.31 0.44 0.0 
26825.55 0.46 0.0 
26926.23 0.33 0.0 
27301.65 0.49 0.0 
27301.65 0.48 0.0 
28204.84 0.39 0.0 
28160.19 0.52 0.0 
28142.15 0.39 0.0 
28160.15 0.46 0.0 
28294.07 0.45 0.0 
28419.87 0.41 0.0 
28628.97 0.44 0.0 
29207.63 0.34 0.0 
29226.19 0.38 0.0 
29226.20 0.51 0.0 
30257.59 0.30 0.0 
30288.41 0.58 0.0 
30640.05 0.40 0.0 
30896.39 0.31 0.0 
31042.91 0.34 0.0 
33294.00 0.31 0.0 
33511.65 0.75 0.0 
33843.59 0.38 0.0 
33902.08 0.49 0.0 
33902.09 0.55 0.0 
33935.07 0.32 0.0 
34118.17 0.33 0.0 
34381.81 0.46 0.0 
34381.81 0.51 0.0 
34743.27 0.35 0.0 
34743.27 0.35 0.0 
34838.43 0.43 0.0 
35060.36 0.45 0.0 
35080.03 0.42 0.0 
35080.03 0.40 0.0 
35659.57 0.54 0.0 
35779.87 0.33 0.0 
35828.39 0.38 0.0 
36032.67 0.50 0.0 
36192.61 0.64 0.0 
36192.63 0.43 0.0 
36894.71 0.31 0.0 
37579.97 0.40 0.0 
37534.20 0.57 0.0 
37671.65 0.41 0.0 
37624.75 0.53 0.0 
37784.25 0.46 0.0 
38386.37 0.72 0.0 
38407.69 0.42 0.0 
38364.99 0.34 0.0 
38386.35 0.42 0.0 
38564.59 0.42 0.0 
38936.93 0.36 0.0 
38971.48 0.66 0.0 
39159.77 0.60 0.0 
39442.23 0.38 0.0 
39421.17 0.40 0.0 
39755.15 0.37 0.0 
39784.05 0.48 0.0 
39820.83 0.31 0.0 
39975.83 0.40 0.0 
40017.97 0.57 0.0 
40097.75 0.33 0.0 
42373.59 0.38 0.0 
42964.91 0.38 0.0 
43430.20 0.51 0.0 
43397.13 0.31 0.0 
43430.23 0.42 0.0 
43719.13 0.40 0.0 
43861.97 0.46 0.0 
44313.33 0.46 0.0 
44641.35 0.45 0.0 
44903.03 0.32 0.0 
45311.80 0.30 0.0 
45600.15 0.32 0.0 
46225.35 0.31 0.0 
46371.41 0.38 0.0 
46713.39 0.39 0.0 
46905.73 0.67 0.0 
47238.47 0.33 0.0 
47405.51 0.46 0.0 
47405.50 0.53 0.0 
47553.85 0.36 0.0 
49244.75 0.37 0.0 
49743.65 0.30 0.0 
49979.74 0.34 0.0 
50856.79 0.36 0.0 
51839.45 0.33 0.0 
53241.31 0.35 0.0 
53241.33 0.48 0.0 
57196.03 0.38 0.0 
58119.11 0.33 0.0 
58119.05 0.41 0.0 
60753.33 0.33 0.0 
63241.19 0.41 0.0 
64401.14 0.59 0.0 
67230.87 0.49 0.0 
68278.13 0.42 0.0 
69024.06 0.37 0.0 
69024.05 0.50 0.0 
71056.71 0.32 0.0 
71056.67 0.35 0.0 
72486.61 0.62 0.0 
72750.99 0.38 0.0 
72804.03 0.37 0.0 
72804.01 0.30 0.0 
74096.41 0.45 0.0 
74792.47 0.42 0.0 
75024.19 0.37 0.0 
75877.77 0.45 0.0 
76178.95 0.41 0.0 
77023.03 0.50 0.0 
77221.13 0.50 0.0 
77359.03 0.36 0.0 
78047.19 0.42 0.0 
78047.16 0.46 0.0 
78077.15 0.31 0.0 
78255.41 0.44 0.0 
78555.89 0.51 0.0 
79356.59 0.33 0.0 
80421.67 0.47 0.0 
80561.93 0.48 0.0 
82081.45 0.53 0.0 
82223.59 0.39 0.0 
86357.99 0.34 0.0 
