10510.41 0.60 0.0 
10745.59 0.62 0.0 
13024.78 0.79 0.0 
13034.13 0.59 0.0 
13024.76 0.78 0.0 
13034.12 0.61 0.0 
14010.91 0.47 0.0 
14273.99 0.45 0.0 
14274.01 0.36 0.0 
14351.53 0.38 0.0 
14351.48 0.45 0.0 
14362.93 0.80 0.0 
14362.91 0.53 0.0 
15363.85 0.45 0.0 
15377.05 0.32 0.0 
21391.77 0.40 0.0 
21617.45 0.44 0.0 
22921.84 0.71 0.0 
22921.84 0.65 0.0 
30626.88 0.60 0.0 
30626.87 0.65 0.0 
32931.63 0.32 0.0 
32931.63 0.31 0.0 
34191.38 0.88 0.0 
34219.33 0.54 0.0 
36841.45 0.52 0.0 
38368.99 0.34 0.0 
38645.51 0.35 0.0 
38673.43 0.50 0.0 
43691.94 0.36 0.0 
57280.79 0.40 0.0 
72163.13 0.33 0.0 
72506.31 0.33 0.0 
73646.81 0.36 0.0 
74027.51 0.32 0.0 
74506.37 0.39 0.0 
74705.05 0.56 0.0 
75796.73 0.37 0.0 
77168.18 0.42 0.0 
77493.59 0.52 0.0 
77943.89 0.48 0.0 
78477.51 0.30 0.0 
78797.37 0.34 0.0 
79073.77 0.41 0.0 
79169.31 0.32 0.0 
79331.27 0.35 0.0 
79520.43 0.32 0.0 
79520.49 0.57 0.0 
79801.29 0.55 0.0 
80612.75 0.38 0.0 
80709.79 0.33 0.0 
80829.97 0.55 0.0 
80829.97 0.65 0.0 
81375.48 0.65 0.0 
81657.67 0.32 0.0 
82009.99 0.37 0.0 
82028.53 0.52 0.0 
82028.52 0.40 0.0 
82356.45 0.50 0.0 
82356.49 0.51 0.0 
82818.59 0.32 0.0 
82948.29 0.34 0.0 
83013.53 0.57 0.0 
83141.29 0.68 0.0 
83130.97 0.51 0.0 
83141.27 0.47 0.0 
83611.79 0.30 0.0 
83625.83 0.35 0.0 
84046.52 0.47 0.0 
85873.07 0.37 0.0 
86123.87 0.34 0.0 
86308.23 0.36 0.0 
