419.48 0.31 0.0 
672.79 0.33 0.0 
1844.51 0.56 0.0 
2379.48 0.33 0.0 
3251.11 0.33 0.0 
3520.15 0.45 0.0 
6059.56 0.61 0.0 
6629.16 0.62 0.0 
7013.67 0.40 0.0 
7056.93 0.44 0.0 
7164.19 0.33 0.0 
7668.37 0.56 0.0 
7887.53 0.57 0.0 
7905.71 0.36 0.0 
9077.09 0.52 0.0 
9614.73 0.35 0.0 
9752.15 0.33 0.0 
9813.49 0.54 0.0 
10506.17 0.31 0.0 
10521.61 0.48 0.0 
11252.08 0.53 0.0 
11442.05 0.39 0.0 
11717.20 0.47 0.0 
12428.09 0.54 0.0 
12826.05 0.35 0.0 
13008.21 0.59 0.0 
13048.60 0.46 0.0 
13136.69 0.42 0.0 
13332.52 0.89 0.0 
13360.21 0.67 0.0 
13360.24 0.67 0.0 
13719.17 0.49 0.0 
14073.45 0.31 0.0 
14293.64 0.64 0.0 
14294.36 0.73 0.0 
14294.33 0.70 0.0 
14307.56 0.71 0.0 
14366.92 0.77 0.0 
14366.88 0.90 0.0 
14499.76 0.77 0.0 
14564.24 0.33 0.0 
14499.76 0.75 0.0 
14619.39 0.42 0.0 
15390.96 0.52 0.0 
15591.07 0.43 0.0 
16110.81 0.31 0.0 
16470.65 0.50 0.0 
16517.17 0.39 0.0 
17026.47 0.33 0.0 
17598.07 0.33 0.0 
17883.59 0.59 0.0 
18482.79 0.31 0.0 
18750.84 0.58 0.0 
18771.92 0.50 0.0 
18800.07 0.32 0.0 
19141.47 0.37 0.0 
19571.52 0.52 0.0 
19560.48 0.33 0.0 
19571.43 0.35 0.0 
19907.71 0.32 0.0 
21297.83 0.32 0.0 
22942.72 0.73 0.0 
22942.68 0.52 0.0 
23082.51 0.39 0.0 
23326.35 0.86 0.0 
23326.36 0.91 0.0 
23547.60 0.65 0.0 
23557.06 0.91 0.0 
23557.06 0.91 0.0 
23579.10 0.86 0.0 
23579.11 0.72 0.0 
23866.81 0.35 0.0 
24156.81 0.44 0.0 
24596.12 0.40 0.0 
25064.07 0.36 0.0 
26133.53 0.51 0.0 
26503.53 0.54 0.0 
26814.96 0.35 0.0 
27749.45 0.38 0.0 
28376.31 0.32 0.0 
29097.81 0.64 0.0 
30638.76 0.65 0.0 
30638.72 0.56 0.0 
33479.13 0.45 0.0 
33558.00 0.84 0.0 
33557.99 0.82 0.0 
34219.93 0.42 0.0 
35264.29 0.39 0.0 
35353.65 0.39 0.0 
36189.13 0.78 0.0 
36189.17 0.51 0.0 
36761.43 0.33 0.0 
38564.51 0.36 0.0 
38818.71 0.44 0.0 
39132.55 0.43 0.0 
39584.44 0.45 0.0 
40018.01 0.46 0.0 
41024.15 0.67 0.0 
42134.49 0.54 0.0 
43719.16 0.53 0.0 
47984.12 0.30 0.0 
48057.10 0.43 0.0 
48569.08 0.30 0.0 
49979.67 0.50 0.0 
51598.33 0.44 0.0 
51734.51 0.43 0.0 
52299.89 0.38 0.0 
52548.55 0.39 0.0 
53188.96 0.37 0.0 
53178.00 0.45 0.0 
53205.21 0.50 0.0 
55499.16 0.32 0.0 
55963.27 0.42 0.0 
56414.47 0.35 0.0 
56998.30 0.92 0.0 
57163.92 0.31 0.0 
57224.25 0.52 0.0 
57896.33 0.38 0.0 
63519.03 0.69 0.0 
67006.85 0.59 0.0 
68726.67 0.45 0.0 
70901.38 0.43 0.0 
71129.15 0.31 0.0 
73738.59 0.31 0.0 
74241.83 0.31 0.0 
74252.43 0.33 0.0 
74908.69 0.41 0.0 
77013.79 0.32 0.0 
77543.27 0.38 0.0 
79769.32 0.52 0.0 
80561.93 0.39 0.0 
80939.39 0.38 0.0 
80878.85 0.51 0.0 
81944.03 0.53 0.0 
82799.45 0.37 0.0 
83861.47 0.43 0.0 
83861.49 0.42 0.0 
84162.03 0.39 0.0 
84640.83 0.31 0.0 
