1632.29 0.62 0.0 
1753.65 0.36 0.0 
2129.56 0.34 0.0 
2217.99 0.40 0.0 
3293.20 0.32 0.0 
3969.05 0.35 0.0 
5758.73 0.39 0.0 
6084.67 0.52 0.0 
7479.69 0.49 0.0 
7660.65 0.35 0.0 
7714.23 0.43 0.0 
8065.21 0.30 0.0 
8411.21 0.59 0.0 
9301.96 0.34 0.0 
9671.40 0.38 0.0 
9804.85 0.49 0.0 
9819.89 0.49 0.0 
10015.05 0.46 0.0 
10227.01 0.49 0.0 
10362.92 0.64 0.0 
14352.57 0.34 0.0 
14439.47 0.30 0.0 
14965.96 0.38 0.0 
16166.05 0.34 0.0 
16491.45 0.50 0.0 
17559.91 0.87 0.0 
17559.87 0.38 0.0 
17755.32 0.52 0.0 
20233.48 0.32 0.0 
20292.56 0.66 0.0 
21085.92 0.34 0.0 
21085.93 0.42 0.0 
21460.21 0.33 0.0 
22072.54 0.43 0.0 
22769.13 0.69 0.0 
24306.53 0.31 0.0 
24474.07 0.47 0.0 
25211.49 0.58 0.0 
26262.82 0.88 0.0 
26638.48 0.36 0.0 
28227.55 0.34 0.0 
28257.43 0.86 0.0 
28409.29 0.74 0.0 
28585.13 0.61 0.0 
31014.40 0.43 0.0 
31153.89 0.77 0.0 
31859.09 0.38 0.0 
31919.56 0.39 0.0 
32110.99 0.38 0.0 
32983.35 0.43 0.0 
33088.18 0.45 0.0 
33213.20 0.30 0.0 
33414.01 0.34 0.0 
33659.57 0.39 0.0 
33609.39 0.59 0.0 
33984.61 0.57 0.0 
34153.96 0.47 0.0 
35684.37 0.32 0.0 
36445.99 0.31 0.0 
38683.67 0.48 0.0 
38938.43 0.38 0.0 
40720.37 0.45 0.0 
40737.75 0.38 0.0 
42537.69 0.54 0.0 
43347.40 0.49 0.0 
47294.37 0.30 0.0 
48614.41 0.43 0.0 
51131.59 0.50 0.0 
52019.48 0.30 0.0 
52452.77 0.37 0.0 
52677.18 0.47 0.0 
52782.09 0.56 0.0 
53338.76 0.71 0.0 
54086.55 0.37 0.0 
56549.43 0.31 0.0 
56891.81 0.32 0.0 
59217.25 0.58 0.0 
59981.97 0.51 0.0 
61685.28 0.30 0.0 
62682.06 0.40 0.0 
62877.27 0.37 0.0 
65442.29 0.33 0.0 
66519.31 0.48 0.0 
66643.52 0.63 0.0 
67199.07 0.58 0.0 
71183.93 0.40 0.0 
71309.49 0.34 0.0 
71594.44 0.71 0.0 
74863.41 0.35 0.0 
74936.54 0.34 0.0 
74908.08 0.33 0.0 
76273.23 0.40 0.0 
77079.93 0.45 0.0 
78027.30 0.40 0.0 
79076.81 0.39 0.0 
82783.65 0.42 0.0 
84273.28 0.73 0.0 
85346.05 0.54 0.0 
85457.64 0.51 0.0 
85509.55 0.37 0.0 
85457.68 0.49 0.0 
85706.97 0.41 0.0 
85873.85 0.45 0.0 
85928.33 0.52 0.0 
86126.60 0.41 0.0 
