257.81 0.58 0.0 
1534.43 0.33 0.0 
1784.13 0.79 0.0 
2086.67 0.42 0.0 
3134.22 0.87 0.0 
6179.51 0.44 0.0 
6254.60 0.49 0.0 
6239.15 0.72 0.0 
6464.04 0.32 0.0 
8984.31 0.42 0.0 
9179.57 0.32 0.0 
9611.77 0.53 0.0 
9854.04 0.53 0.0 
9812.03 0.38 0.0 
10103.67 0.50 0.0 
10103.69 0.61 0.0 
10123.47 0.89 0.0 
10123.41 0.40 0.0 
10471.32 0.32 0.0 
11083.72 0.69 0.0 
12614.47 0.79 0.0 
12643.35 0.53 0.0 
13037.48 0.32 0.0 
13126.59 0.31 0.0 
13169.48 0.30 0.0 
14391.40 0.36 0.0 
14458.28 0.34 0.0 
14472.99 0.32 0.0 
15197.88 0.45 0.0 
15359.56 0.55 0.0 
15498.40 0.35 0.0 
16243.96 0.36 0.0 
16314.91 0.81 0.0 
16556.70 0.89 0.0 
17459.48 0.33 0.0 
17396.09 0.68 0.0 
17499.11 0.38 0.0 
17563.04 0.67 0.0 
17594.53 0.32 0.0 
17499.16 0.68 0.0 
17708.35 0.33 0.0 
17637.29 0.62 0.0 
17744.12 0.41 0.0 
17790.84 0.62 0.0 
17741.61 0.40 0.0 
19019.53 0.49 0.0 
19006.35 0.60 0.0 
20323.64 0.36 0.0 
21411.35 0.42 0.0 
21618.84 0.38 0.0 
21678.30 0.38 0.0 
22008.36 0.42 0.0 
23207.91 0.35 0.0 
23702.63 0.31 0.0 
25713.31 0.31 0.0 
27221.44 0.56 0.0 
28859.05 0.47 0.0 
30616.64 0.75 0.0 
30616.61 0.47 0.0 
30654.61 0.68 0.0 
31003.25 0.34 0.0 
31124.51 0.32 0.0 
31944.83 0.73 0.0 
31944.84 0.53 0.0 
36359.49 0.32 0.0 
36749.43 0.95 0.0 
37697.28 0.32 0.0 
38858.45 0.32 0.0 
39466.51 0.37 0.0 
39898.65 0.55 0.0 
40406.89 0.61 0.0 
40528.37 0.48 0.0 
40773.37 0.50 0.0 
41086.44 0.43 0.0 
41398.97 0.34 0.0 
42119.16 0.41 0.0 
43483.39 0.62 0.0 
43699.85 0.33 0.0 
44543.20 0.34 0.0 
44632.60 0.31 0.0 
45794.06 0.41 0.0 
47434.20 0.51 0.0 
47434.11 0.34 0.0 
47669.60 0.50 0.0 
49468.03 0.46 0.0 
49888.03 0.86 0.0 
50083.23 0.40 0.0 
51194.53 0.93 0.0 
51248.04 0.42 0.0 
51872.32 0.31 0.0 
51913.73 0.41 0.0 
51988.48 0.48 0.0 
51944.23 0.37 0.0 
52229.57 0.52 0.0 
53144.48 0.94 0.0 
53563.93 0.51 0.0 
53939.17 0.62 0.0 
54053.56 0.33 0.0 
54133.07 0.40 0.0 
54253.71 0.61 0.0 
55184.32 0.77 0.0 
55558.41 0.32 0.0 
55843.61 0.30 0.0 
55795.60 0.55 0.0 
57010.89 0.58 0.0 
57010.88 0.64 0.0 
57058.95 0.48 0.0 
57119.09 0.87 0.0 
58199.34 0.85 0.0 
58482.39 0.85 0.0 
58589.45 0.53 0.0 
59157.56 0.38 0.0 
59473.93 0.44 0.0 
59950.63 0.35 0.0 
60343.97 0.52 0.0 
61453.00 0.43 0.0 
61676.20 0.55 0.0 
61681.49 0.58 0.0 
61722.91 0.58 0.0 
61676.23 0.84 0.0 
61904.17 0.74 0.0 
62187.24 0.52 0.0 
62863.55 0.65 0.0 
63231.60 0.32 0.0 
63419.29 0.42 0.0 
65591.23 0.58 0.0 
66498.56 0.34 0.0 
66553.13 0.39 0.0 
66761.97 0.31 0.0 
66761.91 0.31 0.0 
66863.39 0.32 0.0 
67183.33 0.45 0.0 
67285.89 0.34 0.0 
67454.37 0.43 0.0 
67455.71 0.38 0.0 
68372.35 0.33 0.0 
68459.45 0.49 0.0 
68372.37 0.55 0.0 
69719.44 0.56 0.0 
70957.25 0.43 0.0 
71083.68 0.32 0.0 
71322.41 0.30 0.0 
71626.51 0.44 0.0 
72860.44 0.36 0.0 
73278.99 0.37 0.0 
73394.44 0.46 0.0 
73873.40 0.45 0.0 
74156.08 0.56 0.0 
74298.79 0.52 0.0 
74356.76 0.49 0.0 
75167.75 0.50 0.0 
76243.80 0.30 0.0 
76933.36 0.34 0.0 
77066.91 0.47 0.0 
77094.23 0.51 0.0 
77314.49 0.36 0.0 
77712.52 0.63 0.0 
77974.64 0.50 0.0 
77974.63 0.52 0.0 
78748.52 0.67 0.0 
80631.00 0.40 0.0 
81380.87 0.39 0.0 
82049.12 0.35 0.0 
84159.41 0.40 0.0 
85213.37 0.67 0.0 
85735.92 0.53 0.0 
85919.51 0.50 0.0 
