2791.53 0.38 0.0 
3274.80 0.87 0.0 
6522.60 0.82 0.0 
6522.60 0.78 0.0 
7843.88 0.76 0.0 
7883.76 0.53 0.0 
7883.78 0.72 0.0 
8241.95 0.76 0.0 
8241.97 0.37 0.0 
8350.76 0.49 0.0 
8350.75 0.79 0.0 
8392.48 0.76 0.0 
8392.49 0.35 0.0 
8552.43 0.51 0.0 
8552.40 0.39 0.0 
9859.67 0.97 0.0 
9859.68 0.96 0.0 
17123.07 0.48 0.0 
31449.31 0.33 0.0 
32084.82 0.54 0.0 
33041.31 0.35 0.0 
33919.05 0.40 0.0 
33919.11 0.32 0.0 
34754.84 0.52 0.0 
39774.27 0.48 0.0 
39774.23 0.59 0.0 
40186.96 0.81 0.0 
47042.14 0.96 0.0 
47042.15 0.95 0.0 
49902.75 0.49 0.0 
51640.66 0.67 0.0 
52872.79 0.69 0.0 
65766.30 0.33 0.0 
85550.95 0.58 0.0 
