3273.56 0.93 0.0 
4259.64 0.63 0.0 
6521.36 0.94 0.0 
6521.36 0.84 0.0 
7842.64 0.93 0.0 
7842.64 0.30 0.0 
7843.82 0.31 0.0 
7882.52 0.76 0.0 
7882.52 0.94 0.0 
8240.72 0.79 0.0 
8240.72 0.80 0.0 
8349.48 0.46 0.0 
8349.49 0.86 0.0 
8391.22 0.95 0.0 
8391.21 0.64 0.0 
8551.16 0.95 0.0 
8551.16 0.86 0.0 
8644.09 0.75 0.0 
9457.84 0.70 0.0 
9858.41 0.98 0.0 
9858.40 0.98 0.0 
13966.13 0.36 0.0 
39772.70 0.34 0.0 
40185.87 0.59 0.0 
43773.33 0.37 0.0 
47040.88 0.98 0.0 
47040.87 0.97 0.0 
48778.80 0.58 0.0 
49901.49 0.42 0.0 
49901.52 0.51 0.0 
52871.52 0.79 0.0 
54314.19 0.32 0.0 
54848.57 0.40 0.0 
85549.28 0.79 0.0 
