714.36 0.31 0.0 
719.42 0.77 0.0 
1214.59 0.68 0.0 
1797.77 0.67 0.0 
2069.53 0.34 0.0 
2324.11 0.82 0.0 
2408.04 0.55 0.0 
3703.45 0.43 0.0 
3902.52 0.36 0.0 
4305.29 0.61 0.0 
4813.57 0.51 0.0 
5008.00 0.53 0.0 
5209.67 0.61 0.0 
7020.80 0.56 0.0 
8864.21 0.33 0.0 
9404.42 0.56 0.0 
10169.15 0.32 0.0 
13503.64 0.55 0.0 
13503.64 0.51 0.0 
13649.59 0.46 0.0 
13724.65 0.32 0.0 
13735.29 0.34 0.0 
13737.52 0.39 0.0 
14228.27 0.98 0.0 
14228.27 0.98 0.0 
14519.15 0.37 0.0 
15219.28 0.45 0.0 
25558.72 0.69 0.0 
26713.37 0.44 0.0 
29270.16 0.66 0.0 
29270.16 0.67 0.0 
30544.46 0.97 0.0 
30544.46 0.97 0.0 
37123.99 0.37 0.0 
37259.48 0.89 0.0 
37829.37 0.33 0.0 
40934.71 0.35 0.0 
41714.12 0.47 0.0 
43363.47 0.81 0.0 
47231.87 0.65 0.0 
47231.89 0.33 0.0 
51670.35 0.36 0.0 
57236.17 0.34 0.0 
60104.12 0.33 0.0 
60797.95 0.50 0.0 
61274.43 0.61 0.0 
61464.96 0.91 0.0 
61464.96 0.82 0.0 
66132.90 0.31 0.0 
68804.55 0.94 0.0 
68804.56 0.68 0.0 
68931.52 0.33 0.0 
69386.84 0.89 0.0 
69486.75 0.48 0.0 
79932.60 0.46 0.0 
83249.16 0.64 0.0 
83548.44 0.57 0.0 
83849.52 0.36 0.0 
84343.96 0.35 0.0 
84463.20 0.65 0.0 
84521.85 0.31 0.0 
84749.44 0.74 0.0 
84929.05 0.45 0.0 
86368.85 0.33 0.0 
