45.88 0.46 0.0 
45.81 0.49 0.0 
370.76 0.73 0.0 
370.74 0.96 0.0 
406.47 0.39 0.0 
1738.40 0.45 0.0 
2019.78 0.33 0.0 
2982.86 0.30 0.0 
3424.04 0.38 0.0 
3506.10 0.31 0.0 
3705.94 0.57 0.0 
3839.27 0.60 0.0 
3809.54 0.83 0.0 
4139.09 0.73 0.0 
4470.13 0.69 0.0 
5164.16 0.33 0.0 
5204.19 0.68 0.0 
5249.56 0.73 0.0 
5474.51 0.78 0.0 
6059.35 0.49 0.0 
7316.08 0.91 0.0 
7311.61 0.36 0.0 
7316.09 0.94 0.0 
7389.39 0.55 0.0 
7389.40 0.64 0.0 
7947.68 0.59 0.0 
8068.56 0.71 0.0 
8894.03 0.39 0.0 
9015.68 0.82 0.0 
9013.19 0.95 0.0 
9509.06 0.79 0.0 
9429.78 0.30 0.0 
9569.63 0.77 0.0 
9929.07 0.70 0.0 
10304.39 0.30 0.0 
10589.20 0.83 0.0 
11864.12 0.68 0.0 
11964.44 0.56 0.0 
11964.45 0.56 0.0 
12348.15 0.63 0.0 
12524.00 0.80 0.0 
12555.64 0.92 0.0 
12662.39 0.41 0.0 
12863.24 0.36 0.0 
12928.96 0.93 0.0 
13018.62 0.74 0.0 
13349.16 0.58 0.0 
13931.34 0.69 0.0 
13931.32 0.30 0.0 
14339.49 0.43 0.0 
14894.48 0.52 0.0 
14953.89 0.47 0.0 
15035.58 0.41 0.0 
15089.19 0.32 0.0 
15427.09 0.47 0.0 
16137.20 0.32 0.0 
16319.35 0.76 0.0 
17054.66 0.74 0.0 
18316.79 0.91 0.0 
18316.80 0.76 0.0 
18463.00 0.32 0.0 
18583.79 0.94 0.0 
18928.39 0.94 0.0 
19731.85 0.41 0.0 
20536.16 0.65 0.0 
20536.16 0.66 0.0 
20518.16 0.38 0.0 
21073.80 0.89 0.0 
21163.84 0.94 0.0 
21463.95 0.84 0.0 
21638.49 0.40 0.0 
21674.51 0.64 0.0 
21937.59 0.69 0.0 
21937.60 0.52 0.0 
22244.35 0.52 0.0 
22453.87 0.62 0.0 
22830.51 0.37 0.0 
22949.44 0.81 0.0 
22919.05 0.55 0.0 
22933.76 0.67 0.0 
23780.31 0.41 0.0 
24071.59 0.67 0.0 
24083.97 0.34 0.0 
24371.75 0.54 0.0 
24446.22 0.47 0.0 
24446.21 0.38 0.0 
24987.56 0.40 0.0 
24926.40 0.66 0.0 
24972.64 0.73 0.0 
25105.04 0.87 0.0 
25105.06 0.61 0.0 
25637.33 0.65 0.0 
25637.33 0.38 0.0 
25844.59 0.59 0.0 
26022.41 0.59 0.0 
26249.12 0.55 0.0 
26249.12 0.60 0.0 
26471.81 0.36 0.0 
27223.30 0.64 0.0 
27539.43 0.48 0.0 
28619.04 0.31 0.0 
28886.16 0.50 0.0 
29647.21 0.65 0.0 
30112.24 0.33 0.0 
30629.11 0.66 0.0 
30599.69 0.32 0.0 
30691.12 0.35 0.0 
31079.56 0.39 0.0 
32759.04 0.37 0.0 
33328.55 0.58 0.0 
34607.61 0.43 0.0 
34634.01 0.45 0.0 
35172.81 0.33 0.0 
38113.87 0.45 0.0 
38190.51 0.52 0.0 
38998.56 0.40 0.0 
42329.19 0.71 0.0 
45442.07 0.33 0.0 
46934.07 0.47 0.0 
48805.49 0.32 0.0 
50323.99 0.76 0.0 
52319.04 0.79 0.0 
54027.84 0.94 0.0 
53969.44 0.76 0.0 
54164.52 0.64 0.0 
55064.36 0.63 0.0 
56506.92 0.41 0.0 
56954.63 0.52 0.0 
58532.75 0.44 0.0 
58706.40 0.60 0.0 
58723.13 0.82 0.0 
59818.30 0.85 0.0 
59909.56 0.70 0.0 
60085.24 0.73 0.0 
60253.53 0.80 0.0 
60472.09 0.33 0.0 
61408.80 0.62 0.0 
63517.08 0.30 0.0 
63517.00 0.33 0.0 
63652.27 0.36 0.0 
63883.72 0.39 0.0 
64154.55 0.38 0.0 
64179.72 0.35 0.0 
64213.50 0.67 0.0 
64344.73 0.43 0.0 
64365.83 0.72 0.0 
64859.60 0.72 0.0 
64964.40 0.94 0.0 
64997.04 0.88 0.0 
65038.40 0.49 0.0 
65280.47 0.38 0.0 
67337.24 0.47 0.0 
68473.96 0.40 0.0 
68921.64 0.32 0.0 
69264.45 0.35 0.0 
69318.24 0.38 0.0 
71250.32 0.85 0.0 
71250.30 0.93 0.0 
71590.01 0.52 0.0 
72509.15 0.44 0.0 
73228.12 0.91 0.0 
73461.09 0.42 0.0 
73461.06 0.41 0.0 
74068.83 0.32 0.0 
74309.20 0.67 0.0 
74323.87 0.93 0.0 
74699.16 0.33 0.0 
74773.56 0.88 0.0 
75095.28 0.31 0.0 
75095.28 0.75 0.0 
75193.48 0.43 0.0 
75851.50 0.91 0.0 
76211.92 0.47 0.0 
76211.92 0.38 0.0 
76385.03 0.59 0.0 
76384.99 0.73 0.0 
77608.25 0.52 0.0 
79934.15 0.43 0.0 
79979.36 0.48 0.0 
81028.85 0.51 0.0 
83670.96 0.39 0.0 
86084.47 0.84 0.0 
