45.91 0.30 0.0 
45.90 0.51 0.0 
371.76 0.72 0.0 
371.75 0.89 0.0 
408.20 0.54 0.0 
1237.96 0.42 0.0 
1237.99 0.62 0.0 
2019.80 0.62 0.0 
3426.62 0.31 0.0 
3614.75 0.41 0.0 
5824.44 0.53 0.0 
5824.40 0.36 0.0 
5912.87 0.36 0.0 
6059.49 0.36 0.0 
6330.84 0.30 0.0 
7170.75 0.60 0.0 
7316.55 0.93 0.0 
7316.54 0.96 0.0 
7390.00 0.81 0.0 
7390.00 0.84 0.0 
9429.84 0.43 0.0 
10278.40 0.53 0.0 
10477.19 0.36 0.0 
11011.87 0.38 0.0 
11415.40 0.43 0.0 
11733.21 0.62 0.0 
11793.26 0.34 0.0 
11733.23 0.76 0.0 
12255.48 0.81 0.0 
12353.24 0.61 0.0 
12556.63 0.94 0.0 
12664.36 0.64 0.0 
12664.35 0.54 0.0 
12864.08 0.50 0.0 
13018.66 0.33 0.0 
13931.39 0.72 0.0 
14387.52 0.79 0.0 
14387.48 0.70 0.0 
14678.01 0.36 0.0 
14772.56 0.42 0.0 
15429.63 0.34 0.0 
16845.45 0.70 0.0 
17054.72 0.31 0.0 
17560.73 0.47 0.0 
18318.54 0.40 0.0 
18318.53 0.75 0.0 
19473.60 0.36 0.0 
19381.69 0.33 0.0 
19473.63 0.59 0.0 
19549.67 0.84 0.0 
19916.48 0.64 0.0 
19916.49 0.33 0.0 
20038.98 0.33 0.0 
20536.79 0.92 0.0 
20536.78 0.94 0.0 
20490.40 0.79 0.0 
20865.40 0.81 0.0 
21074.71 0.93 0.0 
21074.69 0.37 0.0 
21242.49 0.38 0.0 
21644.45 0.41 0.0 
21939.35 0.66 0.0 
21939.32 0.51 0.0 
22247.44 0.65 0.0 
22247.44 0.79 0.0 
22830.99 0.79 0.0 
22830.99 0.91 0.0 
23142.99 0.50 0.0 
23445.43 0.79 0.0 
24072.88 0.64 0.0 
24106.63 0.68 0.0 
24373.99 0.69 0.0 
24797.35 0.59 0.0 
24928.48 0.46 0.0 
25294.32 0.44 0.0 
25637.63 0.92 0.0 
25637.63 0.46 0.0 
26249.74 0.91 0.0 
26249.74 0.95 0.0 
26472.60 0.59 0.0 
26472.61 0.49 0.0 
26975.32 0.33 0.0 
27223.37 0.49 0.0 
27223.36 0.53 0.0 
27902.48 0.38 0.0 
28710.51 0.67 0.0 
28886.71 0.77 0.0 
28886.72 0.79 0.0 
29647.20 0.63 0.0 
30113.03 0.36 0.0 
30599.66 0.39 0.0 
30691.50 0.51 0.0 
30691.52 0.87 0.0 
31024.65 0.66 0.0 
36663.96 0.40 0.0 
38191.05 0.78 0.0 
39840.48 0.53 0.0 
40698.80 0.44 0.0 
43061.03 0.51 0.0 
43061.03 0.65 0.0 
45442.08 0.42 0.0 
46306.95 0.79 0.0 
46306.95 0.77 0.0 
52901.68 0.59 0.0 
52901.68 0.51 0.0 
53380.47 0.72 0.0 
53380.44 0.40 0.0 
54878.20 0.70 0.0 
56040.88 0.50 0.0 
58532.80 0.37 0.0 
58532.83 0.80 0.0 
59162.56 0.68 0.0 
59629.64 0.69 0.0 
59691.91 0.31 0.0 
60088.33 0.42 0.0 
60254.60 0.53 0.0 
60254.61 0.85 0.0 
60472.12 0.35 0.0 
61409.16 0.81 0.0 
61575.52 0.52 0.0 
61575.53 0.74 0.0 
62220.78 0.89 0.0 
63518.19 0.47 0.0 
63518.18 0.52 0.0 
63653.92 0.74 0.0 
63653.91 0.56 0.0 
64213.55 0.74 0.0 
64213.60 0.31 0.0 
64348.76 0.77 0.0 
64369.58 0.77 0.0 
64879.23 0.49 0.0 
65038.49 0.47 0.0 
65882.28 0.66 0.0 
67874.75 0.54 0.0 
67874.76 0.34 0.0 
69266.08 0.48 0.0 
69318.24 0.65 0.0 
69318.27 0.31 0.0 
71251.03 0.94 0.0 
71251.04 0.92 0.0 
71687.40 0.33 0.0 
73229.73 0.59 0.0 
73461.08 0.36 0.0 
73539.36 0.33 0.0 
76385.40 0.85 0.0 
76385.38 0.92 0.0 
76620.72 0.42 0.0 
76620.71 0.90 0.0 
77610.35 0.34 0.0 
82441.62 0.53 0.0 
83670.93 0.46 0.0 
