230.23 0.57 0.0 
230.24 0.32 0.0 
808.32 0.33 0.0 
884.59 0.33 0.0 
1095.29 0.38 0.0 
1482.94 0.38 0.0 
1721.59 0.64 0.0 
2182.51 0.76 0.0 
2182.52 0.71 0.0 
2681.70 0.68 0.0 
3014.47 0.32 0.0 
3101.48 0.30 0.0 
3342.60 0.36 0.0 
3589.05 0.59 0.0 
3898.92 0.38 0.0 
4157.80 0.33 0.0 
4176.80 0.77 0.0 
4797.89 0.42 0.0 
4874.03 0.64 0.0 
5712.00 0.77 0.0 
5712.00 0.56 0.0 
5884.84 0.45 0.0 
5975.69 0.38 0.0 
6126.51 0.34 0.0 
6126.47 0.42 0.0 
6139.75 0.61 0.0 
6522.08 0.42 0.0 
6522.07 0.65 0.0 
6659.40 0.61 0.0 
7122.73 0.36 0.0 
7122.77 0.50 0.0 
7307.27 0.37 0.0 
7440.09 0.37 0.0 
7459.57 0.45 0.0 
7751.93 0.32 0.0 
8480.19 0.70 0.0 
8480.17 0.61 0.0 
8550.11 0.38 0.0 
8775.05 0.32 0.0 
9506.56 0.46 0.0 
9763.84 0.36 0.0 
9803.67 0.37 0.0 
9763.75 0.30 0.0 
9952.88 0.38 0.0 
10449.32 0.57 0.0 
11122.93 0.61 0.0 
11308.07 0.77 0.0 
11752.63 0.39 0.0 
11698.71 0.46 0.0 
12867.76 0.35 0.0 
13085.53 0.74 0.0 
13085.54 0.91 0.0 
13656.01 0.34 0.0 
13870.76 0.37 0.0 
13870.77 0.52 0.0 
14481.17 0.32 0.0 
14597.49 0.38 0.0 
14597.52 0.72 0.0 
14853.68 0.43 0.0 
14853.69 0.62 0.0 
14903.56 0.32 0.0 
15282.29 0.66 0.0 
15599.51 0.69 0.0 
15599.61 0.41 0.0 
15654.21 0.59 0.0 
15901.23 0.31 0.0 
16187.71 0.33 0.0 
16401.09 0.32 0.0 
16558.73 0.65 0.0 
16558.73 0.57 0.0 
16811.39 0.85 0.0 
16760.00 0.56 0.0 
16811.35 0.55 0.0 
16842.85 0.48 0.0 
16870.19 0.58 0.0 
17291.53 0.55 0.0 
17291.52 0.50 0.0 
17506.83 0.50 0.0 
17506.81 0.72 0.0 
17457.73 0.42 0.0 
17824.93 0.32 0.0 
17824.94 0.32 0.0 
17970.23 0.58 0.0 
17984.27 0.85 0.0 
17984.27 0.82 0.0 
18191.28 0.42 0.0 
18302.96 0.44 0.0 
18313.68 0.62 0.0 
18302.89 0.36 0.0 
18731.05 0.60 0.0 
18659.08 0.56 0.0 
18731.04 0.34 0.0 
18882.81 0.49 0.0 
18910.99 0.38 0.0 
19117.07 0.43 0.0 
19331.15 0.38 0.0 
19422.97 0.37 0.0 
19633.20 0.47 0.0 
20034.71 0.72 0.0 
20395.51 0.70 0.0 
20443.17 0.31 0.0 
20474.59 0.82 0.0 
20520.09 0.59 0.0 
20545.01 0.35 0.0 
20963.06 0.74 0.0 
21057.79 0.57 0.0 
21057.83 0.87 0.0 
21252.60 0.43 0.0 
21204.63 0.41 0.0 
21179.32 0.46 0.0 
21267.89 0.73 0.0 
21598.48 0.60 0.0 
21611.81 0.30 0.0 
21628.97 0.36 0.0 
21684.01 0.40 0.0 
21684.01 0.88 0.0 
22100.07 0.40 0.0 
22321.29 0.48 0.0 
22333.77 0.56 0.0 
22358.49 0.58 0.0 
22421.95 0.35 0.0 
22698.20 0.67 0.0 
22698.23 0.40 0.0 
22796.17 0.72 0.0 
22735.49 0.82 0.0 
23489.44 0.59 0.0 
23578.35 0.32 0.0 
23758.53 0.36 0.0 
24064.25 0.32 0.0 
24103.45 0.48 0.0 
24208.32 0.36 0.0 
24476.39 0.32 0.0 
24581.81 0.46 0.0 
24581.85 0.80 0.0 
24743.44 0.40 0.0 
24848.49 0.66 0.0 
24898.65 0.40 0.0 
25047.77 0.75 0.0 
25014.69 0.39 0.0 
25133.21 0.63 0.0 
25333.69 0.51 0.0 
26154.63 0.74 0.0 
26090.81 0.70 0.0 
26351.85 0.41 0.0 
26608.16 0.58 0.0 
26780.17 0.44 0.0 
26780.17 0.48 0.0 
26984.54 0.89 0.0 
27149.56 0.73 0.0 
27183.92 0.34 0.0 
27183.93 0.31 0.0 
27248.71 0.49 0.0 
27522.45 0.35 0.0 
27852.43 0.33 0.0 
28062.57 0.80 0.0 
28108.41 0.35 0.0 
28203.17 0.34 0.0 
28317.93 0.51 0.0 
28948.17 0.53 0.0 
29111.29 0.35 0.0 
29453.65 0.60 0.0 
30537.27 0.32 0.0 
31302.79 0.32 0.0 
31569.52 0.64 0.0 
32566.21 0.32 0.0 
33673.95 0.96 0.0 
33673.97 0.76 0.0 
34067.89 0.67 0.0 
34783.80 0.35 0.0 
35399.45 0.37 0.0 
35623.96 0.67 0.0 
35666.93 0.31 0.0 
35710.92 0.41 0.0 
35673.97 0.35 0.0 
35763.93 0.38 0.0 
35806.96 0.34 0.0 
35806.96 0.75 0.0 
36054.53 0.30 0.0 
36054.50 0.83 0.0 
36202.99 0.38 0.0 
36203.00 0.52 0.0 
36905.37 0.36 0.0 
36928.94 0.82 0.0 
36925.79 0.31 0.0 
36966.95 0.32 0.0 
37027.88 0.35 0.0 
37146.65 0.77 0.0 
37209.96 0.34 0.0 
37146.65 0.45 0.0 
37183.37 0.57 0.0 
37224.93 0.35 0.0 
37243.93 0.52 0.0 
37360.90 0.46 0.0 
37587.79 0.51 0.0 
38103.56 0.33 0.0 
38103.56 0.31 0.0 
38489.21 0.66 0.0 
38913.92 0.52 0.0 
38923.81 0.66 0.0 
39119.07 0.38 0.0 
39354.68 0.53 0.0 
39354.67 0.31 0.0 
39406.91 0.32 0.0 
39407.85 0.42 0.0 
39407.81 0.36 0.0 
39583.87 0.70 0.0 
39740.92 0.31 0.0 
39831.64 0.42 0.0 
39838.89 0.52 0.0 
39868.84 0.30 0.0 
40482.67 0.64 0.0 
40663.87 0.35 0.0 
42042.41 0.31 0.0 
42222.33 0.31 0.0 
42467.01 0.33 0.0 
42466.99 0.51 0.0 
42417.89 0.47 0.0 
42598.76 0.52 0.0 
42552.40 0.60 0.0 
43178.93 0.37 0.0 
43333.16 0.61 0.0 
43566.65 0.55 0.0 
43540.11 0.50 0.0 
44013.68 0.36 0.0 
44013.72 0.41 0.0 
44593.87 0.90 0.0 
44622.04 0.36 0.0 
44740.97 0.46 0.0 
46391.53 0.40 0.0 
46494.09 0.38 0.0 
46728.88 0.36 0.0 
46902.24 0.32 0.0 
47161.11 0.55 0.0 
47256.13 0.38 0.0 
47256.09 0.62 0.0 
47512.97 0.36 0.0 
47513.00 0.49 0.0 
47607.52 0.64 0.0 
47734.85 0.46 0.0 
47726.28 0.42 0.0 
47991.13 0.74 0.0 
47991.13 0.60 0.0 
49481.36 0.38 0.0 
49930.60 0.51 0.0 
49930.61 0.42 0.0 
50248.95 0.42 0.0 
50659.93 0.74 0.0 
50659.93 0.73 0.0 
50982.09 0.35 0.0 
51508.01 0.39 0.0 
51572.65 0.31 0.0 
51824.51 0.40 0.0 
52090.68 0.53 0.0 
52090.68 0.50 0.0 
52222.97 0.67 0.0 
52222.96 0.34 0.0 
52541.81 0.52 0.0 
52541.84 0.71 0.0 
52659.09 0.34 0.0 
52723.15 0.72 0.0 
52869.83 0.58 0.0 
53593.95 0.58 0.0 
53577.89 0.46 0.0 
53941.36 0.39 0.0 
54118.67 0.32 0.0 
54318.66 0.38 0.0 
54476.29 0.31 0.0 
54936.23 0.42 0.0 
55165.72 0.82 0.0 
55165.72 0.54 0.0 
55332.24 0.32 0.0 
55771.65 0.40 0.0 
56251.75 0.47 0.0 
56217.36 0.68 0.0 
56301.56 0.35 0.0 
56301.56 0.36 0.0 
56758.63 0.58 0.0 
56845.41 0.60 0.0 
57159.71 0.45 0.0 
57184.67 0.64 0.0 
57492.36 0.44 0.0 
57640.59 0.39 0.0 
57958.64 0.76 0.0 
57960.48 0.47 0.0 
58003.90 0.55 0.0 
58262.52 0.41 0.0 
58321.88 0.35 0.0 
58262.56 0.54 0.0 
58437.87 0.72 0.0 
58496.69 0.50 0.0 
58496.57 0.58 0.0 
59467.93 0.48 0.0 
59495.57 0.37 0.0 
59744.23 0.42 0.0 
59998.08 0.76 0.0 
60035.11 0.30 0.0 
60148.12 0.68 0.0 
60254.48 0.45 0.0 
60323.79 0.44 0.0 
60323.71 0.46 0.0 
60549.00 0.45 0.0 
60703.39 0.36 0.0 
60788.29 0.35 0.0 
61037.77 0.44 0.0 
61137.47 0.30 0.0 
61259.40 0.60 0.0 
61402.89 0.36 0.0 
62148.24 0.31 0.0 
62352.95 0.76 0.0 
62489.45 0.42 0.0 
62911.12 0.36 0.0 
63355.88 0.64 0.0 
63355.88 0.55 0.0 
63568.23 0.53 0.0 
64123.93 0.50 0.0 
64168.07 0.54 0.0 
64931.51 0.44 0.0 
64963.96 0.50 0.0 
64977.67 0.53 0.0 
65321.97 0.45 0.0 
65626.80 0.81 0.0 
65780.91 0.35 0.0 
66250.79 0.35 0.0 
66312.81 0.66 0.0 
66640.93 0.54 0.0 
66640.88 0.58 0.0 
66903.53 0.40 0.0 
66903.49 0.52 0.0 
67031.01 0.73 0.0 
67380.85 0.31 0.0 
67585.89 0.33 0.0 
67624.01 0.59 0.0 
67623.99 0.41 0.0 
67664.38 0.36 0.0 
67813.89 0.50 0.0 
68088.91 0.36 0.0 
68607.45 0.47 0.0 
68751.39 0.46 0.0 
68794.17 0.40 0.0 
69087.04 0.34 0.0 
69156.08 0.54 0.0 
69560.39 0.37 0.0 
69674.19 0.51 0.0 
69728.24 0.43 0.0 
70692.05 0.31 0.0 
70692.05 0.39 0.0 
70787.75 0.42 0.0 
70787.76 0.58 0.0 
70811.72 0.35 0.0 
71036.77 0.58 0.0 
71488.45 0.41 0.0 
71623.60 0.73 0.0 
71743.37 0.54 0.0 
71997.57 0.38 0.0 
71945.15 0.47 0.0 
71951.72 0.43 0.0 
71983.84 0.54 0.0 
72043.40 0.62 0.0 
72282.67 0.69 0.0 
72326.32 0.43 0.0 
72488.31 0.57 0.0 
72488.35 0.60 0.0 
72542.96 0.32 0.0 
72642.05 0.30 0.0 
72898.87 0.56 0.0 
73434.04 0.74 0.0 
73705.80 0.67 0.0 
74496.44 0.50 0.0 
75149.57 0.30 0.0 
77037.73 0.33 0.0 
77382.32 0.74 0.0 
77499.05 0.56 0.0 
78717.16 0.62 0.0 
78939.53 0.30 0.0 
79213.91 0.32 0.0 
79244.36 0.51 0.0 
79403.69 0.65 0.0 
79617.17 0.36 0.0 
79783.01 0.39 0.0 
79752.96 0.32 0.0 
80037.85 0.54 0.0 
80037.87 0.32 0.0 
80050.09 0.60 0.0 
80050.08 0.52 0.0 
80098.20 0.82 0.0 
80363.43 0.36 0.0 
80473.49 0.38 0.0 
80720.97 0.44 0.0 
81367.20 0.58 0.0 
81367.25 0.32 0.0 
81463.68 0.43 0.0 
81566.77 0.40 0.0 
81738.48 0.34 0.0 
81805.48 0.79 0.0 
82016.34 0.82 0.0 
82016.33 0.82 0.0 
82210.45 0.63 0.0 
82443.04 0.42 0.0 
82752.27 0.30 0.0 
83876.01 0.46 0.0 
83876.01 0.59 0.0 
83980.01 0.44 0.0 
84043.07 0.34 0.0 
84116.60 0.54 0.0 
84043.12 0.74 0.0 
84148.03 0.42 0.0 
84162.63 0.42 0.0 
84385.07 0.64 0.0 
84385.08 0.62 0.0 
84534.85 0.47 0.0 
85121.63 0.32 0.0 
85409.17 0.71 0.0 
85514.97 0.44 0.0 
85933.99 0.69 0.0 
