2982.32 0.49 0.0 
3343.92 0.77 0.0 
4288.41 0.38 0.0 
10415.84 0.51 0.0 
10618.24 0.47 0.0 
10618.23 0.63 0.0 
11021.40 0.31 0.0 
11373.27 0.31 0.0 
11413.73 0.32 0.0 
11848.09 0.47 0.0 
11991.84 0.37 0.0 
12732.47 0.37 0.0 
12942.52 0.51 0.0 
13091.12 0.61 0.0 
13765.69 0.35 0.0 
15164.13 0.43 0.0 
15372.20 0.35 0.0 
15488.29 0.48 0.0 
17353.71 0.31 0.0 
17837.01 0.35 0.0 
18014.36 0.53 0.0 
18268.84 0.45 0.0 
19843.91 0.40 0.0 
20278.49 0.55 0.0 
20368.76 0.52 0.0 
20594.41 0.33 0.0 
20894.23 0.56 0.0 
21282.56 0.66 0.0 
21305.39 0.96 0.0 
21305.39 0.96 0.0 
22391.29 0.49 0.0 
22664.15 0.31 0.0 
22768.05 0.35 0.0 
23132.19 0.36 0.0 
23489.17 0.67 0.0 
23489.15 0.51 0.0 
24385.79 0.39 0.0 
24988.05 0.32 0.0 
25197.71 0.44 0.0 
25377.84 0.46 0.0 
25377.84 0.36 0.0 
25976.72 0.62 0.0 
26388.75 0.39 0.0 
26388.73 0.56 0.0 
27777.33 0.46 0.0 
32024.32 0.36 0.0 
40032.77 0.45 0.0 
42313.13 0.47 0.0 
42943.21 0.43 0.0 
43691.49 0.41 0.0 
44218.99 0.46 0.0 
50549.25 0.85 0.0 
55871.51 0.36 0.0 
60059.47 0.51 0.0 
66449.31 0.88 0.0 
73047.59 0.48 0.0 
73304.21 0.52 0.0 
79663.72 0.77 0.0 
80773.69 0.32 0.0 
81253.23 0.39 0.0 
84942.72 0.41 0.0 
