155.99 0.40 0.0 
174.71 0.43 0.0 
174.66 0.65 0.0 
242.96 0.47 0.0 
358.87 0.42 0.0 
478.97 0.41 0.0 
803.19 0.42 0.0 
961.65 0.59 0.0 
971.36 0.45 0.0 
961.61 0.62 0.0 
1010.41 0.39 0.0 
1296.79 0.32 0.0 
1322.67 0.34 0.0 
1563.84 0.48 0.0 
1968.91 0.31 0.0 
2304.03 0.34 0.0 
2364.07 0.38 0.0 
2380.99 0.34 0.0 
2465.57 0.39 0.0 
2686.79 0.46 0.0 
2918.97 0.38 0.0 
2918.89 0.30 0.0 
2996.51 0.31 0.0 
4024.73 0.41 0.0 
4530.77 0.44 0.0 
4530.85 0.33 0.0 
5042.13 0.35 0.0 
5483.43 0.40 0.0 
5401.61 0.43 0.0 
6343.41 0.66 0.0 
6696.41 0.45 0.0 
6879.13 0.37 0.0 
7148.72 0.40 0.0 
7118.85 0.54 0.0 
7118.84 0.65 0.0 
7148.75 0.48 0.0 
7173.08 0.42 0.0 
7280.40 0.51 0.0 
7280.36 0.49 0.0 
7247.51 0.37 0.0 
7416.63 0.37 0.0 
7552.77 0.43 0.0 
7591.35 0.37 0.0 
8217.39 0.39 0.0 
8257.61 0.66 0.0 
8329.73 0.54 0.0 
9070.43 0.38 0.0 
9466.27 0.33 0.0 
9583.89 0.48 0.0 
9841.79 0.36 0.0 
10048.03 0.42 0.0 
10047.97 0.33 0.0 
10159.87 0.44 0.0 
10516.44 0.49 0.0 
10978.39 0.44 0.0 
10927.79 0.34 0.0 
10978.40 0.48 0.0 
10991.09 0.39 0.0 
11352.57 0.40 0.0 
11412.69 0.36 0.0 
11468.07 0.52 0.0 
11486.95 0.37 0.0 
11486.95 0.32 0.0 
11749.72 0.51 0.0 
12857.31 0.35 0.0 
13470.91 0.32 0.0 
13594.07 0.39 0.0 
13785.81 0.65 0.0 
15203.55 0.40 0.0 
15203.55 0.39 0.0 
15495.63 0.44 0.0 
17890.77 0.48 0.0 
18662.60 0.50 0.0 
18775.45 0.42 0.0 
18925.83 0.39 0.0 
19095.79 0.34 0.0 
19340.36 0.62 0.0 
19727.85 0.55 0.0 
20235.47 0.33 0.0 
21117.03 0.48 0.0 
21183.71 0.36 0.0 
21161.09 0.38 0.0 
21161.09 0.41 0.0 
21305.38 0.44 0.0 
21343.63 0.63 0.0 
21305.35 0.40 0.0 
21420.77 0.32 0.0 
21722.83 0.32 0.0 
23058.79 0.32 0.0 
24319.95 0.35 0.0 
24522.71 0.32 0.0 
24893.04 0.41 0.0 
25359.53 0.62 0.0 
25359.53 0.61 0.0 
25881.05 0.38 0.0 
25874.67 0.32 0.0 
26007.61 0.53 0.0 
26223.44 0.53 0.0 
26691.12 0.37 0.0 
27121.92 0.31 0.0 
27428.04 0.32 0.0 
27438.21 0.52 0.0 
27679.52 0.50 0.0 
27789.82 0.60 0.0 
27721.51 0.32 0.0 
27789.81 0.67 0.0 
27837.59 0.32 0.0 
28031.81 0.46 0.0 
28196.71 0.42 0.0 
28871.85 0.48 0.0 
28871.84 0.63 0.0 
29027.59 0.32 0.0 
29076.15 0.31 0.0 
29206.32 0.35 0.0 
29674.05 0.42 0.0 
29955.47 0.45 0.0 
29977.28 0.53 0.0 
30037.63 0.48 0.0 
30166.18 0.67 0.0 
30378.76 0.39 0.0 
30677.33 0.41 0.0 
30880.32 0.33 0.0 
31271.23 0.33 0.0 
31224.87 0.31 0.0 
31271.23 0.40 0.0 
32427.09 0.40 0.0 
32427.07 0.30 0.0 
32602.43 0.34 0.0 
32602.42 0.66 0.0 
32627.07 0.34 0.0 
32648.07 0.38 0.0 
32648.06 0.52 0.0 
32747.35 0.34 0.0 
33195.53 0.64 0.0 
33293.83 0.35 0.0 
33557.12 0.52 0.0 
34165.87 0.45 0.0 
34385.67 0.33 0.0 
34427.07 0.44 0.0 
34552.52 0.44 0.0 
35142.80 0.74 0.0 
35142.82 0.78 0.0 
36322.47 0.36 0.0 
36798.97 0.35 0.0 
37083.69 0.33 0.0 
38493.13 0.32 0.0 
38811.93 0.33 0.0 
38957.15 0.42 0.0 
38957.13 0.72 0.0 
38988.23 0.32 0.0 
39078.61 0.60 0.0 
39631.79 0.38 0.0 
41502.45 0.41 0.0 
41502.43 0.31 0.0 
41740.91 0.36 0.0 
41645.19 0.30 0.0 
41740.91 0.38 0.0 
43023.21 0.61 0.0 
43730.71 0.35 0.0 
44278.67 0.61 0.0 
44475.56 0.42 0.0 
44596.35 0.30 0.0 
44932.01 0.50 0.0 
45817.99 0.31 0.0 
45993.69 0.51 0.0 
46202.35 0.31 0.0 
46202.39 0.35 0.0 
46403.27 0.41 0.0 
46403.25 0.47 0.0 
46520.11 0.32 0.0 
46731.29 0.40 0.0 
47119.47 0.33 0.0 
47230.79 0.38 0.0 
47353.97 0.52 0.0 
47445.45 0.67 0.0 
47751.03 0.35 0.0 
48685.51 0.39 0.0 
48932.05 0.31 0.0 
48932.01 0.48 0.0 
49360.93 0.78 0.0 
49360.89 0.48 0.0 
50103.35 0.40 0.0 
50103.32 0.35 0.0 
50794.63 0.36 0.0 
51789.99 0.36 0.0 
52089.65 0.31 0.0 
52089.64 0.50 0.0 
52294.35 0.51 0.0 
52457.19 0.34 0.0 
52776.75 0.41 0.0 
53647.13 0.50 0.0 
53957.03 0.33 0.0 
54032.83 0.41 0.0 
54732.15 0.32 0.0 
54791.61 0.50 0.0 
54791.63 0.51 0.0 
54889.39 0.46 0.0 
54889.39 0.48 0.0 
55080.41 0.45 0.0 
55080.47 0.30 0.0 
55133.39 0.33 0.0 
55243.51 0.38 0.0 
55782.31 0.32 0.0 
55834.53 0.55 0.0 
55834.52 0.60 0.0 
56015.83 0.33 0.0 
56327.19 0.31 0.0 
56621.43 0.38 0.0 
56898.45 0.42 0.0 
57106.67 0.32 0.0 
57499.75 0.36 0.0 
57752.28 0.74 0.0 
58068.40 0.50 0.0 
58157.33 0.37 0.0 
58253.59 0.34 0.0 
58506.49 0.45 0.0 
58592.07 0.34 0.0 
59655.75 0.58 0.0 
59863.49 0.41 0.0 
59760.71 0.47 0.0 
60038.61 0.47 0.0 
60025.03 0.36 0.0 
60266.27 0.31 0.0 
60970.15 0.31 0.0 
62026.03 0.31 0.0 
62212.63 0.36 0.0 
62426.95 0.37 0.0 
62432.03 0.33 0.0 
62426.92 0.53 0.0 
62680.08 0.56 0.0 
62899.35 0.38 0.0 
63151.56 0.49 0.0 
63173.85 0.37 0.0 
63509.91 0.36 0.0 
64136.83 0.45 0.0 
66375.54 0.51 0.0 
66375.60 0.47 0.0 
67879.47 0.43 0.0 
68117.19 0.32 0.0 
68357.15 0.36 0.0 
68627.87 0.35 0.0 
68706.47 0.40 0.0 
68674.23 0.36 0.0 
69072.98 0.65 0.0 
69073.01 0.63 0.0 
69183.11 0.58 0.0 
69256.73 0.40 0.0 
69916.85 0.51 0.0 
69942.67 0.32 0.0 
69946.67 0.37 0.0 
70126.39 0.50 0.0 
70942.60 0.41 0.0 
71047.85 0.30 0.0 
71516.83 0.31 0.0 
71724.97 0.35 0.0 
71855.45 0.56 0.0 
72469.06 0.54 0.0 
72554.55 0.34 0.0 
72573.49 0.58 0.0 
73231.45 0.53 0.0 
73292.01 0.33 0.0 
73997.29 0.39 0.0 
74057.41 0.46 0.0 
74163.43 0.46 0.0 
74163.47 0.44 0.0 
74314.56 0.46 0.0 
74643.37 0.52 0.0 
74667.72 0.49 0.0 
74643.37 0.53 0.0 
74667.69 0.71 0.0 
74753.20 0.42 0.0 
75348.11 0.35 0.0 
75433.57 0.30 0.0 
75497.81 0.60 0.0 
75899.19 0.38 0.0 
75945.48 0.86 0.0 
76073.21 0.32 0.0 
76073.25 0.37 0.0 
76227.93 0.53 0.0 
76442.27 0.30 0.0 
76601.96 0.65 0.0 
76656.87 0.34 0.0 
76768.23 0.46 0.0 
76704.97 0.53 0.0 
76704.97 0.47 0.0 
77011.17 0.62 0.0 
77190.48 0.39 0.0 
77253.11 0.32 0.0 
77349.73 0.35 0.0 
77573.69 0.36 0.0 
77967.59 0.38 0.0 
77967.65 0.45 0.0 
78067.75 0.34 0.0 
78718.01 0.39 0.0 
78718.05 0.33 0.0 
79340.63 0.33 0.0 
79323.56 0.40 0.0 
79879.01 0.52 0.0 
80068.73 0.47 0.0 
81033.51 0.37 0.0 
81350.57 0.39 0.0 
81410.53 0.47 0.0 
82095.49 0.74 0.0 
83097.47 0.34 0.0 
83592.03 0.31 0.0 
83609.23 0.31 0.0 
85885.83 0.46 0.0 
85834.51 0.35 0.0 
85834.45 0.54 0.0 
85940.70 0.52 0.0 
86018.61 0.39 0.0 
86018.57 0.36 0.0 
