683.77 0.46 0.0 
748.36 0.42 0.0 
902.71 0.55 0.0 
966.15 0.32 0.0 
966.15 0.47 0.0 
1067.69 0.37 0.0 
1067.67 0.35 0.0 
1138.24 0.31 0.0 
1765.04 0.35 0.0 
2372.15 0.52 0.0 
2303.85 0.69 0.0 
2742.09 0.32 0.0 
2890.91 0.40 0.0 
3166.69 0.77 0.0 
3166.70 0.63 0.0 
3296.48 0.38 0.0 
3700.93 0.51 0.0 
3674.13 0.31 0.0 
4318.49 0.36 0.0 
5136.43 0.31 0.0 
5475.13 0.33 0.0 
5967.68 0.64 0.0 
6261.97 0.42 0.0 
6261.96 0.38 0.0 
6821.83 0.31 0.0 
6914.01 0.30 0.0 
7510.35 0.48 0.0 
8366.81 0.47 0.0 
8697.56 0.39 0.0 
10812.61 0.64 0.0 
11197.91 0.55 0.0 
11755.56 0.38 0.0 
11920.72 0.36 0.0 
12418.16 0.81 0.0 
12504.92 0.36 0.0 
13083.59 0.58 0.0 
13197.41 0.35 0.0 
13616.49 0.49 0.0 
14065.00 0.56 0.0 
14249.36 0.71 0.0 
14800.44 0.33 0.0 
15700.13 0.33 0.0 
15670.76 0.38 0.0 
15818.52 0.32 0.0 
16409.28 0.38 0.0 
17888.77 0.35 0.0 
17937.05 0.31 0.0 
18683.68 0.37 0.0 
18644.16 0.36 0.0 
18771.29 0.36 0.0 
19464.85 0.42 0.0 
20646.28 0.32 0.0 
22020.21 0.39 0.0 
22000.76 0.34 0.0 
22064.17 0.44 0.0 
22011.85 0.36 0.0 
22420.76 0.51 0.0 
22915.69 0.38 0.0 
22978.76 0.44 0.0 
23049.67 0.58 0.0 
23824.08 0.33 0.0 
24510.73 0.33 0.0 
24510.76 0.39 0.0 
24821.89 0.72 0.0 
24890.05 0.34 0.0 
25135.87 0.31 0.0 
26001.36 0.30 0.0 
27080.37 0.66 0.0 
27080.33 0.30 0.0 
27427.95 0.48 0.0 
27664.80 0.40 0.0 
28085.97 0.51 0.0 
28137.49 0.58 0.0 
28137.48 0.39 0.0 
28353.92 0.38 0.0 
28353.89 0.48 0.0 
28528.45 0.32 0.0 
28869.33 0.47 0.0 
29224.89 0.43 0.0 
29198.97 0.56 0.0 
29671.57 0.45 0.0 
30068.29 0.43 0.0 
30068.29 0.37 0.0 
30402.12 0.57 0.0 
30495.19 0.43 0.0 
30640.33 0.34 0.0 
30884.56 0.37 0.0 
30870.21 0.35 0.0 
32425.60 0.46 0.0 
32597.59 0.69 0.0 
32597.56 0.71 0.0 
32642.33 0.47 0.0 
32912.87 0.39 0.0 
34303.57 0.47 0.0 
34644.77 0.30 0.0 
34923.61 0.46 0.0 
35035.58 0.37 0.0 
35137.25 0.50 0.0 
35137.25 0.65 0.0 
35428.88 0.54 0.0 
35918.87 0.39 0.0 
36283.97 0.45 0.0 
36388.22 0.43 0.0 
36474.36 0.42 0.0 
36971.84 0.34 0.0 
37194.39 0.64 0.0 
37194.35 0.57 0.0 
37954.28 0.71 0.0 
37954.28 0.71 0.0 
38264.00 0.36 0.0 
40509.03 0.68 0.0 
40509.07 0.76 0.0 
41158.01 0.44 0.0 
41498.64 0.31 0.0 
41428.87 0.36 0.0 
43586.52 0.84 0.0 
43704.03 0.36 0.0 
43892.04 0.49 0.0 
43892.01 0.35 0.0 
43987.88 0.40 0.0 
43987.89 0.62 0.0 
44273.41 0.30 0.0 
46276.13 0.46 0.0 
46466.93 0.42 0.0 
46945.49 0.42 0.0 
47601.80 0.64 0.0 
47621.48 0.35 0.0 
47638.13 0.49 0.0 
47695.17 0.33 0.0 
47900.47 0.40 0.0 
48068.98 0.32 0.0 
48594.49 0.44 0.0 
48594.48 0.49 0.0 
48929.49 0.40 0.0 
49297.54 0.91 0.0 
49297.52 0.58 0.0 
49364.47 0.67 0.0 
49880.36 0.35 0.0 
50492.07 0.31 0.0 
50862.77 0.42 0.0 
50816.31 0.61 0.0 
51176.51 0.49 0.0 
51431.75 0.31 0.0 
51655.56 0.48 0.0 
51667.95 0.45 0.0 
51786.16 0.58 0.0 
52089.62 0.37 0.0 
52267.20 0.34 0.0 
52499.48 0.31 0.0 
52772.00 0.33 0.0 
52806.85 0.31 0.0 
53654.68 0.38 0.0 
53951.39 0.52 0.0 
53951.45 0.57 0.0 
54595.19 0.42 0.0 
54789.21 0.37 0.0 
55010.68 0.40 0.0 
55830.36 0.31 0.0 
55830.31 0.70 0.0 
56351.36 0.44 0.0 
57205.85 0.33 0.0 
57143.79 0.41 0.0 
58157.25 0.37 0.0 
58569.81 0.34 0.0 
58695.21 0.46 0.0 
59914.00 0.32 0.0 
60030.68 0.33 0.0 
60030.68 0.31 0.0 
60019.96 0.62 0.0 
60445.52 0.65 0.0 
61079.13 0.45 0.0 
62040.33 0.45 0.0 
62670.08 0.73 0.0 
62910.71 0.37 0.0 
63358.37 0.57 0.0 
63437.65 0.41 0.0 
63503.91 0.30 0.0 
63628.85 0.67 0.0 
64133.00 0.35 0.0 
64297.08 0.33 0.0 
64592.24 0.34 0.0 
65315.13 0.56 0.0 
66344.56 0.36 0.0 
66506.11 0.30 0.0 
67962.39 0.34 0.0 
69042.96 0.51 0.0 
69069.47 0.76 0.0 
69273.32 0.62 0.0 
69273.36 0.46 0.0 
70137.00 0.34 0.0 
70257.04 0.45 0.0 
70625.09 0.43 0.0 
70837.52 0.58 0.0 
70837.47 0.30 0.0 
71191.21 0.43 0.0 
71836.17 0.48 0.0 
72555.56 0.39 0.0 
72858.52 0.32 0.0 
73036.37 0.57 0.0 
73291.93 0.38 0.0 
73512.91 0.33 0.0 
73552.52 0.31 0.0 
73721.37 0.51 0.0 
75425.09 0.55 0.0 
75425.09 0.54 0.0 
75895.37 0.50 0.0 
75987.89 0.37 0.0 
76069.41 0.36 0.0 
76113.51 0.37 0.0 
76147.36 0.35 0.0 
76220.65 0.51 0.0 
76598.84 0.72 0.0 
76598.85 0.41 0.0 
76670.45 0.36 0.0 
77747.48 0.45 0.0 
78283.68 0.35 0.0 
79369.09 0.32 0.0 
80321.53 0.32 0.0 
81181.37 0.30 0.0 
81184.13 0.43 0.0 
81719.67 0.35 0.0 
82595.99 0.59 0.0 
83692.92 0.31 0.0 
85672.76 0.35 0.0 
85754.67 0.33 0.0 
