1965.51 0.46 0.0 
5806.23 0.37 0.0 
6245.96 0.34 0.0 
7725.48 0.38 0.0 
8970.91 0.36 0.0 
10770.51 0.31 0.0 
18855.48 0.36 0.0 
21961.83 0.32 0.0 
24075.54 0.54 0.0 
25100.95 0.33 0.0 
26415.49 0.68 0.0 
26886.12 0.34 0.0 
27990.71 0.33 0.0 
28425.44 0.41 0.0 
31545.39 0.35 0.0 
32775.47 0.37 0.0 
34605.51 0.34 0.0 
37020.51 0.30 0.0 
45285.51 0.37 0.0 
46035.59 0.37 0.0 
46050.48 0.65 0.0 
46350.51 0.40 0.0 
47700.51 0.47 0.0 
50820.45 0.35 0.0 
54075.49 0.41 0.0 
54060.49 0.53 0.0 
57195.39 0.40 0.0 
58711.15 0.37 0.0 
60870.55 0.31 0.0 
61245.51 0.36 0.0 
64920.59 0.32 0.0 
65085.81 0.34 0.0 
67861.52 0.38 0.0 
71421.99 0.35 0.0 
71421.92 0.42 0.0 
71711.99 0.34 0.0 
72541.18 0.33 0.0 
72649.43 0.39 0.0 
72649.43 0.34 0.0 
73231.20 0.35 0.0 
73231.18 0.41 0.0 
73275.84 0.51 0.0 
73623.87 0.32 0.0 
73940.77 0.31 0.0 
74692.23 0.30 0.0 
78075.51 0.41 0.0 
78681.65 0.41 0.0 
79217.98 0.31 0.0 
79433.39 0.33 0.0 
79596.81 0.42 0.0 
80612.43 0.32 0.0 
81119.61 0.32 0.0 
81270.98 0.53 0.0 
82351.35 0.33 0.0 
82351.32 0.40 0.0 
82636.17 0.44 0.0 
83761.21 0.55 0.0 
85043.33 0.57 0.0 
85200.86 0.51 0.0 
85770.91 0.46 0.0 
85921.63 0.40 0.0 
85908.97 0.49 0.0 
86270.95 0.32 0.0 
