437.95 0.31 0.0 
437.96 0.71 0.0 
796.87 0.44 0.0 
796.93 0.67 0.0 
1020.50 0.90 0.0 
1105.56 0.64 0.0 
1105.55 0.61 0.0 
1276.99 0.30 0.0 
2015.22 0.67 0.0 
1957.92 0.46 0.0 
2015.23 0.46 0.0 
2184.82 0.85 0.0 
2184.82 0.87 0.0 
2446.68 0.48 0.0 
2442.01 0.56 0.0 
3015.68 0.64 0.0 
3469.72 0.71 0.0 
3554.73 0.31 0.0 
3585.68 0.52 0.0 
3589.72 0.51 0.0 
3616.48 0.69 0.0 
5011.35 0.43 0.0 
5507.03 0.34 0.0 
5885.85 0.39 0.0 
5979.35 0.31 0.0 
5957.42 0.80 0.0 
6128.11 0.60 0.0 
6128.14 0.68 0.0 
6139.81 0.63 0.0 
6529.55 0.68 0.0 
6979.99 0.42 0.0 
7127.05 0.50 0.0 
7436.83 0.38 0.0 
7443.91 0.37 0.0 
7350.81 0.87 0.0 
7443.91 0.43 0.0 
7530.76 0.52 0.0 
8481.59 0.35 0.0 
8545.79 0.75 0.0 
8545.77 0.76 0.0 
8552.20 0.48 0.0 
8552.25 0.52 0.0 
8891.03 0.33 0.0 
8976.59 0.52 0.0 
9032.39 0.33 0.0 
9452.51 0.44 0.0 
9510.97 0.41 0.0 
9846.53 0.31 0.0 
9754.19 0.52 0.0 
9952.98 0.61 0.0 
11048.09 0.48 0.0 
11181.03 0.41 0.0 
11191.72 0.67 0.0 
12060.90 0.68 0.0 
12721.87 0.40 0.0 
13086.92 0.57 0.0 
13086.93 0.50 0.0 
13095.58 0.83 0.0 
13865.01 0.35 0.0 
13865.03 0.51 0.0 
14492.75 0.31 0.0 
14599.71 0.32 0.0 
14717.47 0.32 0.0 
15061.17 0.41 0.0 
15061.21 0.53 0.0 
15286.61 0.49 0.0 
15286.58 0.58 0.0 
15783.47 0.31 0.0 
16196.73 0.48 0.0 
16196.75 0.45 0.0 
16296.95 0.60 0.0 
16296.99 0.80 0.0 
16547.48 0.75 0.0 
16559.27 0.33 0.0 
16547.49 0.77 0.0 
16565.88 0.59 0.0 
16565.89 0.58 0.0 
16580.88 0.57 0.0 
16592.85 0.35 0.0 
16592.81 0.62 0.0 
16770.53 0.40 0.0 
16781.43 0.32 0.0 
16770.24 0.41 0.0 
16842.87 0.38 0.0 
17071.29 0.61 0.0 
17458.19 0.39 0.0 
17458.25 0.39 0.0 
17475.48 0.46 0.0 
17539.90 0.54 0.0 
17539.90 0.58 0.0 
17987.81 0.69 0.0 
17987.82 0.66 0.0 
18016.87 0.36 0.0 
18307.09 0.46 0.0 
18488.87 0.41 0.0 
18575.48 0.50 0.0 
18734.05 0.52 0.0 
18676.89 0.53 0.0 
18734.01 0.63 0.0 
19792.71 0.40 0.0 
20041.85 0.48 0.0 
20401.22 0.54 0.0 
20401.26 0.64 0.0 
20474.91 0.56 0.0 
20459.66 0.31 0.0 
20942.51 0.30 0.0 
20963.09 0.77 0.0 
21065.79 0.33 0.0 
21236.11 0.64 0.0 
21179.25 0.33 0.0 
21241.55 0.31 0.0 
21241.61 0.53 0.0 
21252.71 0.44 0.0 
21581.15 0.51 0.0 
21581.19 0.33 0.0 
21690.27 0.33 0.0 
22027.87 0.32 0.0 
22027.85 0.46 0.0 
22002.39 0.41 0.0 
22100.25 0.66 0.0 
22306.32 0.47 0.0 
22328.93 0.39 0.0 
22425.95 0.32 0.0 
22351.32 0.63 0.0 
22590.39 0.41 0.0 
22796.25 0.32 0.0 
23191.95 0.40 0.0 
23310.83 0.39 0.0 
23760.27 0.51 0.0 
24077.11 0.45 0.0 
24743.39 0.33 0.0 
24743.41 0.51 0.0 
25336.73 0.56 0.0 
25336.76 0.53 0.0 
25591.65 0.55 0.0 
26027.61 0.55 0.0 
26266.33 0.44 0.0 
26343.08 0.73 0.0 
26343.08 0.71 0.0 
26401.47 0.31 0.0 
27256.79 0.51 0.0 
27330.44 0.77 0.0 
27286.33 0.42 0.0 
27502.11 0.43 0.0 
27616.75 0.56 0.0 
27616.75 0.39 0.0 
27826.76 0.45 0.0 
27854.70 0.65 0.0 
28203.16 0.69 0.0 
28208.72 0.55 0.0 
28438.37 0.53 0.0 
28476.19 0.37 0.0 
28697.67 0.52 0.0 
28770.71 0.44 0.0 
29237.41 0.37 0.0 
29237.49 0.60 0.0 
29284.58 0.59 0.0 
29454.41 0.39 0.0 
30495.89 0.68 0.0 
31516.15 0.33 0.0 
31952.81 0.50 0.0 
32774.97 0.39 0.0 
34073.80 0.46 0.0 
34735.95 0.52 0.0 
34773.27 0.32 0.0 
35625.71 0.37 0.0 
35625.68 0.45 0.0 
35766.87 0.48 0.0 
35766.85 0.57 0.0 
36203.65 0.34 0.0 
36203.55 0.32 0.0 
36909.75 0.48 0.0 
37029.67 0.32 0.0 
37067.02 0.45 0.0 
37029.63 0.36 0.0 
37150.34 0.74 0.0 
37150.31 0.33 0.0 
37227.65 0.51 0.0 
37587.98 0.37 0.0 
37587.93 0.48 0.0 
37800.75 0.30 0.0 
38106.81 0.54 0.0 
38106.79 0.40 0.0 
38918.93 0.49 0.0 
39497.95 0.34 0.0 
39834.27 0.41 0.0 
40270.95 0.37 0.0 
40426.67 0.37 0.0 
40592.91 0.30 0.0 
40592.95 0.34 0.0 
41415.57 0.39 0.0 
41851.03 0.39 0.0 
41867.47 0.41 0.0 
41867.47 0.52 0.0 
41791.85 0.30 0.0 
42021.23 0.54 0.0 
42030.27 0.37 0.0 
43622.17 0.44 0.0 
43770.67 0.34 0.0 
44019.82 0.75 0.0 
44019.83 0.72 0.0 
44228.99 0.35 0.0 
44416.69 0.57 0.0 
44594.81 0.41 0.0 
44822.63 0.35 0.0 
45810.53 0.45 0.0 
45977.08 0.38 0.0 
46062.15 0.34 0.0 
46397.63 0.31 0.0 
46455.57 0.34 0.0 
47058.11 0.30 0.0 
47161.86 0.53 0.0 
47495.50 0.64 0.0 
48639.71 0.44 0.0 
48957.49 0.45 0.0 
49125.61 0.51 0.0 
49309.07 0.34 0.0 
50565.52 0.66 0.0 
50663.38 0.65 0.0 
50663.36 0.65 0.0 
51356.63 0.37 0.0 
52194.97 0.43 0.0 
52224.73 0.51 0.0 
52457.51 0.33 0.0 
52542.96 0.38 0.0 
52883.43 0.31 0.0 
53945.11 0.33 0.0 
53945.11 0.40 0.0 
54288.75 0.62 0.0 
54477.99 0.30 0.0 
54937.93 0.50 0.0 
55168.91 0.59 0.0 
56256.09 0.41 0.0 
56938.19 0.38 0.0 
57189.47 0.38 0.0 
57962.19 0.43 0.0 
57962.24 0.70 0.0 
58265.31 0.31 0.0 
58331.89 0.58 0.0 
58331.83 0.46 0.0 
59162.32 0.44 0.0 
59297.70 0.57 0.0 
59535.73 0.49 0.0 
59808.07 0.62 0.0 
60327.24 0.53 0.0 
60327.25 0.54 0.0 
60451.69 0.53 0.0 
61039.67 0.48 0.0 
61341.21 0.52 0.0 
61470.87 0.39 0.0 
62011.99 0.32 0.0 
63361.89 0.65 0.0 
63568.21 0.73 0.0 
64789.44 0.60 0.0 
65471.43 0.53 0.0 
65629.69 0.30 0.0 
65629.73 0.50 0.0 
66095.33 0.32 0.0 
66647.05 0.59 0.0 
67588.31 0.36 0.0 
67626.83 0.50 0.0 
67626.79 0.42 0.0 
67786.23 0.36 0.0 
67786.28 0.37 0.0 
68297.57 0.71 0.0 
68491.03 0.47 0.0 
68431.83 0.61 0.0 
68756.85 0.51 0.0 
68800.47 0.44 0.0 
68800.51 0.63 0.0 
69159.51 0.41 0.0 
69391.99 0.30 0.0 
70441.11 0.40 0.0 
70656.86 0.68 0.0 
70692.99 0.33 0.0 
70792.47 0.35 0.0 
70792.47 0.46 0.0 
70817.99 0.60 0.0 
70817.95 0.33 0.0 
71146.51 0.44 0.0 
71370.59 0.44 0.0 
71310.50 0.58 0.0 
71948.35 0.43 0.0 
72044.35 0.36 0.0 
72301.49 0.52 0.0 
73413.75 0.41 0.0 
73413.76 0.36 0.0 
73719.37 0.36 0.0 
74986.97 0.47 0.0 
75182.55 0.30 0.0 
76552.89 0.49 0.0 
76552.87 0.40 0.0 
78595.05 0.52 0.0 
79249.56 0.63 0.0 
79249.55 0.47 0.0 
79786.55 0.38 0.0 
79786.56 0.70 0.0 
79921.05 0.64 0.0 
80040.87 0.44 0.0 
80050.99 0.32 0.0 
80050.99 0.31 0.0 
80343.04 0.79 0.0 
80365.35 0.32 0.0 
80365.33 0.58 0.0 
81467.19 0.42 0.0 
81531.71 0.37 0.0 
82220.17 0.54 0.0 
82220.16 0.50 0.0 
83445.50 0.73 0.0 
83878.19 0.31 0.0 
83878.19 0.55 0.0 
84046.02 0.73 0.0 
84046.01 0.65 0.0 
84152.84 0.63 0.0 
84152.84 0.86 0.0 
84388.33 0.45 0.0 
84388.37 0.55 0.0 
84666.85 0.52 0.0 
84962.45 0.49 0.0 
85156.88 0.68 0.0 
85234.95 0.43 0.0 
85240.89 0.38 0.0 
85410.80 0.50 0.0 
85471.74 0.59 0.0 
