2751.15 0.45 0.0 
3358.37 0.85 0.0 
4619.17 0.48 0.0 
7739.31 0.76 0.0 
9581.07 0.65 0.0 
9658.08 0.51 0.0 
9883.39 0.74 0.0 
9811.35 0.43 0.0 
10159.76 0.40 0.0 
10159.82 0.50 0.0 
10423.12 0.54 0.0 
12912.68 0.31 0.0 
15401.21 0.38 0.0 
16529.09 0.64 0.0 
17638.28 0.48 0.0 
18102.25 0.63 0.0 
18395.48 0.34 0.0 
18643.93 0.32 0.0 
20292.07 0.75 0.0 
21179.03 0.36 0.0 
22556.84 0.57 0.0 
23067.68 0.36 0.0 
23969.19 0.81 0.0 
24084.89 0.44 0.0 
24178.85 0.79 0.0 
25231.60 0.39 0.0 
25313.49 0.47 0.0 
25479.92 0.35 0.0 
25382.72 0.52 0.0 
25676.37 0.31 0.0 
25858.64 0.48 0.0 
26068.56 0.33 0.0 
26071.19 0.70 0.0 
26398.93 0.64 0.0 
26593.76 0.93 0.0 
28228.47 0.81 0.0 
29143.64 0.32 0.0 
30794.57 0.31 0.0 
32308.35 0.95 0.0 
34946.56 0.49 0.0 
41534.27 0.89 0.0 
41647.38 0.43 0.0 
41884.52 0.33 0.0 
41884.52 0.36 0.0 
42193.21 0.46 0.0 
43301.49 0.55 0.0 
43285.26 0.82 0.0 
43843.88 0.57 0.0 
44582.85 0.57 0.0 
44876.35 0.38 0.0 
44894.60 0.39 0.0 
45568.89 0.53 0.0 
46368.05 0.33 0.0 
46368.04 0.43 0.0 
46453.95 0.58 0.0 
46541.20 0.34 0.0 
46828.67 0.85 0.0 
47551.87 0.35 0.0 
49739.06 0.88 0.0 
51192.12 0.35 0.0 
52288.80 0.43 0.0 
52871.06 0.40 0.0 
53983.21 0.72 0.0 
55244.57 0.46 0.0 
55829.57 0.73 0.0 
56009.08 0.55 0.0 
56050.92 0.51 0.0 
56194.71 0.32 0.0 
56221.95 0.35 0.0 
56506.76 0.55 0.0 
57503.57 0.78 0.0 
58097.30 0.70 0.0 
58097.24 0.39 0.0 
58270.95 0.53 0.0 
58528.77 0.54 0.0 
60029.41 0.92 0.0 
60056.83 0.62 0.0 
60056.85 0.39 0.0 
60163.67 0.39 0.0 
60110.28 0.50 0.0 
60283.55 0.51 0.0 
60792.93 0.74 0.0 
61055.45 0.34 0.0 
63404.12 0.61 0.0 
64726.31 0.64 0.0 
66982.75 0.89 0.0 
66982.73 0.47 0.0 
67075.15 0.78 0.0 
68204.17 0.60 0.0 
68384.49 0.48 0.0 
70859.05 0.47 0.0 
71669.57 0.61 0.0 
74938.19 0.81 0.0 
75464.49 0.77 0.0 
75608.32 0.30 0.0 
75610.24 0.72 0.0 
76196.69 0.34 0.0 
76799.17 0.78 0.0 
76851.68 0.77 0.0 
76873.61 0.53 0.0 
76960.37 0.39 0.0 
77048.16 0.40 0.0 
77257.15 0.61 0.0 
77352.56 0.71 0.0 
77549.57 0.59 0.0 
77998.20 0.75 0.0 
78418.55 0.76 0.0 
83654.37 0.65 0.0 
85364.16 0.53 0.0 
85738.93 0.64 0.0 
