1471.21 0.34 0.0 
1728.37 0.40 0.0 
2145.40 0.48 0.0 
2310.51 0.57 0.0 
2790.40 0.48 0.0 
4215.49 0.48 0.0 
4142.56 0.54 0.0 
4352.55 0.34 0.0 
4771.15 0.32 0.0 
7320.81 0.36 0.0 
12223.12 0.85 0.0 
13259.49 0.44 0.0 
13636.53 0.44 0.0 
15149.57 0.73 0.0 
16921.03 0.59 0.0 
17835.65 0.58 0.0 
20640.63 0.51 0.0 
22635.93 0.66 0.0 
23249.01 0.37 0.0 
23762.73 0.48 0.0 
24072.27 0.44 0.0 
24117.56 0.55 0.0 
24119.23 0.39 0.0 
24645.33 0.49 0.0 
24912.56 0.68 0.0 
24962.56 0.52 0.0 
24962.55 0.31 0.0 
26883.51 0.37 0.0 
27852.64 0.83 0.0 
28953.37 0.47 0.0 
29878.99 0.87 0.0 
30000.73 0.31 0.0 
32400.41 0.59 0.0 
35925.35 0.51 0.0 
37575.44 0.55 0.0 
38821.33 0.73 0.0 
39516.61 0.66 0.0 
39516.57 0.63 0.0 
39870.96 0.60 0.0 
41115.35 0.49 0.0 
41386.29 0.35 0.0 
41762.11 0.46 0.0 
42180.65 0.32 0.0 
42615.49 0.54 0.0 
43471.47 0.32 0.0 
44238.37 0.41 0.0 
45615.91 0.50 0.0 
45960.81 0.54 0.0 
47026.25 0.41 0.0 
48287.33 0.36 0.0 
54225.59 0.49 0.0 
54287.83 0.35 0.0 
60540.17 0.33 0.0 
61144.04 0.47 0.0 
61860.31 0.37 0.0 
64350.31 0.43 0.0 
64395.48 0.63 0.0 
64412.35 0.36 0.0 
64515.49 0.47 0.0 
64606.91 0.34 0.0 
65158.76 0.38 0.0 
67529.48 0.40 0.0 
68608.96 0.66 0.0 
69461.92 0.30 0.0 
72839.15 0.34 0.0 
73860.81 0.44 0.0 
76843.03 0.46 0.0 
77504.17 0.53 0.0 
78636.87 0.36 0.0 
80599.87 0.32 0.0 
81734.03 0.43 0.0 
84357.99 0.33 0.0 
84569.24 0.44 0.0 
