1090.21 0.42 0.0 
20500.17 0.43 0.0 
21042.62 0.98 0.0 
21042.62 0.98 0.0 
21526.25 0.71 0.0 
21526.29 0.78 0.0 
22797.84 0.50 0.0 
28383.68 0.80 0.0 
28383.71 0.77 0.0 
28513.89 0.33 0.0 
28468.48 0.64 0.0 
29556.44 0.77 0.0 
29556.44 0.90 0.0 
35368.51 0.37 0.0 
39700.45 0.68 0.0 
39700.41 0.62 0.0 
40989.59 0.99 0.0 
40989.59 0.99 0.0 
41016.20 0.33 0.0 
41457.84 0.31 0.0 
54843.54 0.98 0.0 
54843.54 0.98 0.0 
55776.00 0.98 0.0 
55748.07 0.36 0.0 
55775.99 0.98 0.0 
59876.80 0.48 0.0 
65443.67 0.51 0.0 
67723.99 0.37 0.0 
69707.73 0.51 0.0 
69707.89 0.47 0.0 
72828.45 0.48 0.0 
72828.45 0.31 0.0 
73855.53 0.45 0.0 
84844.39 0.52 0.0 
84844.44 0.37 0.0 
85918.67 0.73 0.0 
