820.76 0.79 0.0 
2773.61 0.73 0.0 
14289.79 0.36 0.0 
15363.25 0.59 0.0 
15363.28 0.54 0.0 
18433.60 0.60 0.0 
18620.03 0.48 0.0 
19409.33 0.55 0.0 
20640.45 0.40 0.0 
20953.93 0.53 0.0 
22454.57 0.48 0.0 
22514.65 0.34 0.0 
22829.25 0.44 0.0 
23313.93 0.77 0.0 
23281.63 0.38 0.0 
23281.64 0.33 0.0 
23313.90 0.93 0.0 
23639.59 0.35 0.0 
25334.21 0.40 0.0 
26540.92 0.52 0.0 
27103.80 0.40 0.0 
27208.88 0.52 0.0 
27355.28 0.75 0.0 
27355.28 0.47 0.0 
27587.77 0.50 0.0 
28824.03 0.98 0.0 
28824.03 0.98 0.0 
30358.80 0.87 0.0 
31000.56 0.72 0.0 
32502.55 0.88 0.0 
32488.67 0.53 0.0 
33719.56 0.66 0.0 
35293.96 0.38 0.0 
35672.28 0.30 0.0 
35728.80 0.37 0.0 
36339.23 0.33 0.0 
36564.39 0.77 0.0 
39005.31 0.43 0.0 
39748.88 0.56 0.0 
39731.37 0.36 0.0 
41427.41 0.58 0.0 
43329.23 0.36 0.0 
43483.04 0.53 0.0 
48390.28 0.91 0.0 
54013.84 0.46 0.0 
55886.80 0.41 0.0 
56497.39 0.80 0.0 
57268.87 0.39 0.0 
58464.44 0.41 0.0 
61648.67 0.30 0.0 
61828.04 0.30 0.0 
63247.45 0.43 0.0 
64708.80 0.43 0.0 
65892.00 0.69 0.0 
66695.21 0.87 0.0 
66695.21 0.53 0.0 
67693.37 0.37 0.0 
69539.12 0.66 0.0 
72718.51 0.30 0.0 
84434.04 0.47 0.0 
84672.88 0.46 0.0 
84899.37 0.30 0.0 
85604.57 0.52 0.0 
