3510.21 0.79 0.0 
5939.17 0.49 0.0 
17818.87 0.76 0.0 
20144.56 0.30 0.0 
21531.37 0.80 0.0 
21531.39 0.84 0.0 
21926.04 0.45 0.0 
24118.53 0.37 0.0 
32683.91 0.32 0.0 
33284.16 0.78 0.0 
33269.56 0.41 0.0 
39717.17 0.43 0.0 
61784.31 0.71 0.0 
62328.80 0.78 0.0 
62697.62 0.97 0.0 
62878.14 0.34 0.0 
65652.80 0.97 0.0 
66178.25 0.37 0.0 
66793.94 0.94 0.0 
69598.76 0.69 0.0 
70287.52 0.36 0.0 
72714.69 0.40 0.0 
74579.12 0.53 0.0 
74729.44 0.30 0.0 
75509.01 0.70 0.0 
76748.01 0.38 0.0 
76843.48 0.54 0.0 
77302.72 0.46 0.0 
77308.89 0.64 0.0 
77909.15 0.83 0.0 
79528.77 0.35 0.0 
81194.28 0.33 0.0 
81509.79 0.39 0.0 
82004.40 0.85 0.0 
82212.81 0.49 0.0 
82319.34 0.95 0.0 
82979.74 0.42 0.0 
82918.00 0.88 0.0 
83045.64 0.36 0.0 
84476.75 0.37 0.0 
85093.80 0.49 0.0 
85116.33 0.31 0.0 
85116.33 0.44 0.0 
85354.02 0.50 0.0 
85396.28 0.37 0.0 
85676.55 0.63 0.0 
86369.20 0.91 0.0 
