1320.65 0.42 0.0 
2386.04 0.33 0.0 
3375.43 0.31 0.0 
4022.19 0.37 0.0 
4832.45 0.58 0.0 
5700.35 0.33 0.0 
10096.29 0.54 0.0 
13009.03 0.41 0.0 
15165.49 0.57 0.0 
15571.43 0.42 0.0 
15868.75 0.30 0.0 
18029.51 0.43 0.0 
18198.41 0.54 0.0 
18314.44 0.64 0.0 
18522.11 0.66 0.0 
18522.13 0.57 0.0 
20895.47 0.45 0.0 
21525.52 0.69 0.0 
21525.53 0.80 0.0 
21598.45 0.42 0.0 
24676.07 0.38 0.0 
25125.97 0.59 0.0 
28393.11 0.32 0.0 
28393.64 0.58 0.0 
28411.12 0.49 0.0 
29406.35 0.33 0.0 
30525.97 0.46 0.0 
31740.51 0.47 0.0 
36562.19 0.35 0.0 
36800.27 0.31 0.0 
37158.87 0.33 0.0 
37223.85 0.83 0.0 
37223.85 0.37 0.0 
37427.41 0.39 0.0 
37384.84 0.40 0.0 
37532.05 0.74 0.0 
37800.44 0.40 0.0 
38656.13 0.37 0.0 
39360.72 0.33 0.0 
39499.07 0.30 0.0 
40740.43 0.43 0.0 
45389.97 0.46 0.0 
45631.85 0.40 0.0 
45752.97 0.55 0.0 
46080.63 0.31 0.0 
46357.27 0.39 0.0 
46316.67 0.32 0.0 
47946.48 0.40 0.0 
52140.49 0.53 0.0 
58755.49 0.39 0.0 
59551.93 0.36 0.0 
60720.20 0.35 0.0 
61695.31 0.52 0.0 
62340.75 0.43 0.0 
63825.65 0.31 0.0 
64890.57 0.31 0.0 
65505.39 0.33 0.0 
66376.00 0.47 0.0 
67005.09 0.35 0.0 
67200.75 0.32 0.0 
70320.59 0.32 0.0 
72060.65 0.49 0.0 
72570.19 0.31 0.0 
73110.48 0.41 0.0 
73155.97 0.54 0.0 
74940.79 0.44 0.0 
75151.93 0.40 0.0 
76605.49 0.39 0.0 
76845.33 0.30 0.0 
79247.91 0.37 0.0 
84795.51 0.54 0.0 
86235.66 0.36 0.0 
