103.37 0.44 0.0 
173.21 0.45 0.0 
831.16 0.32 0.0 
1050.06 0.56 0.0 
1834.46 0.60 0.0 
3358.50 0.74 0.0 
3762.88 0.32 0.0 
4686.65 0.62 0.0 
4686.65 0.64 0.0 
5162.08 0.34 0.0 
5388.56 0.48 0.0 
5399.20 0.62 0.0 
5584.96 0.80 0.0 
5591.16 0.85 0.0 
5584.95 0.92 0.0 
5591.17 0.69 0.0 
5973.85 0.46 0.0 
6144.81 0.45 0.0 
6144.76 0.32 0.0 
6815.97 0.51 0.0 
7058.09 0.32 0.0 
7064.23 0.67 0.0 
7107.09 0.59 0.0 
7582.29 0.35 0.0 
8301.81 0.73 0.0 
8839.78 0.80 0.0 
9021.85 0.58 0.0 
9106.83 0.95 0.0 
9106.83 0.96 0.0 
9280.64 0.69 0.0 
9280.66 0.42 0.0 
9356.97 0.34 0.0 
9713.51 0.32 0.0 
9713.54 0.42 0.0 
9688.81 0.45 0.0 
9839.43 0.90 0.0 
11852.48 0.48 0.0 
11977.63 0.38 0.0 
12087.37 0.62 0.0 
12247.91 0.61 0.0 
12247.92 0.80 0.0 
12527.53 0.45 0.0 
12527.60 0.36 0.0 
12865.76 0.50 0.0 
13198.21 0.50 0.0 
13198.19 0.95 0.0 
13739.00 0.71 0.0 
13902.99 0.45 0.0 
13863.97 0.40 0.0 
13864.01 0.36 0.0 
14157.89 0.50 0.0 
14509.34 0.41 0.0 
14745.65 0.48 0.0 
14745.63 0.68 0.0 
14809.71 0.98 0.0 
14809.71 0.96 0.0 
14972.15 0.37 0.0 
15044.48 0.42 0.0 
15074.43 0.97 0.0 
15074.45 0.37 0.0 
15542.02 0.34 0.0 
15590.47 0.58 0.0 
15597.09 0.35 0.0 
15709.96 0.45 0.0 
15709.96 0.40 0.0 
15821.63 0.33 0.0 
16244.45 0.34 0.0 
16244.45 0.44 0.0 
16276.48 0.37 0.0 
16516.21 0.43 0.0 
16619.13 0.33 0.0 
16702.29 0.41 0.0 
16748.95 0.30 0.0 
17081.56 0.61 0.0 
17081.56 0.51 0.0 
17475.88 0.40 0.0 
17737.77 0.43 0.0 
17746.32 0.56 0.0 
17847.91 0.50 0.0 
18058.85 0.32 0.0 
18121.12 0.73 0.0 
18121.16 0.72 0.0 
18317.92 0.43 0.0 
18489.55 0.40 0.0 
18427.09 0.48 0.0 
18897.21 0.54 0.0 
18897.20 0.85 0.0 
19104.56 0.40 0.0 
19104.53 0.44 0.0 
19027.43 0.32 0.0 
19420.01 0.47 0.0 
19454.52 0.94 0.0 
19420.01 0.50 0.0 
19992.36 0.68 0.0 
20427.16 0.62 0.0 
20401.77 0.51 0.0 
20470.52 0.35 0.0 
20474.63 0.31 0.0 
20488.05 0.44 0.0 
20564.91 0.48 0.0 
20862.49 0.38 0.0 
21018.29 0.39 0.0 
20928.21 0.43 0.0 
21074.07 0.33 0.0 
21058.75 0.65 0.0 
21127.09 0.39 0.0 
21127.13 0.38 0.0 
21236.24 0.32 0.0 
21447.57 0.43 0.0 
21494.05 0.44 0.0 
21449.24 0.72 0.0 
21526.74 0.67 0.0 
21526.69 0.67 0.0 
21805.59 0.63 0.0 
21794.16 0.35 0.0 
21805.58 0.67 0.0 
21973.93 0.35 0.0 
22240.81 0.82 0.0 
22225.70 0.39 0.0 
22163.92 0.32 0.0 
22240.88 0.56 0.0 
22348.79 0.69 0.0 
22317.04 0.57 0.0 
22424.13 0.30 0.0 
22544.00 0.33 0.0 
22498.04 0.55 0.0 
22858.25 0.94 0.0 
23162.12 0.31 0.0 
23218.08 0.62 0.0 
23279.00 0.45 0.0 
23428.77 0.92 0.0 
23484.96 0.75 0.0 
23484.95 0.73 0.0 
23637.43 0.84 0.0 
23637.43 0.78 0.0 
23917.99 0.32 0.0 
23888.20 0.46 0.0 
24034.07 0.41 0.0 
24493.32 0.33 0.0 
24642.01 0.57 0.0 
24867.93 0.33 0.0 
25077.11 0.63 0.0 
25126.28 0.72 0.0 
25126.24 0.42 0.0 
25137.13 0.64 0.0 
25844.41 0.37 0.0 
25895.57 0.67 0.0 
26217.61 0.45 0.0 
26336.77 0.54 0.0 
26412.16 0.39 0.0 
26508.16 0.54 0.0 
26863.48 0.39 0.0 
27131.93 0.54 0.0 
27131.92 0.91 0.0 
27713.13 0.30 0.0 
27667.72 0.35 0.0 
27669.56 0.33 0.0 
28153.25 0.30 0.0 
28236.79 0.33 0.0 
28393.63 0.54 0.0 
28460.85 0.41 0.0 
28878.51 0.46 0.0 
29009.11 0.95 0.0 
29126.09 0.49 0.0 
29142.93 0.35 0.0 
29126.08 0.32 0.0 
29515.29 0.42 0.0 
29515.31 0.89 0.0 
29632.45 0.37 0.0 
29632.38 0.40 0.0 
29878.32 0.31 0.0 
30220.05 0.66 0.0 
30852.16 0.47 0.0 
30852.17 0.81 0.0 
31347.00 0.36 0.0 
31347.01 0.45 0.0 
31662.93 0.37 0.0 
31903.00 0.45 0.0 
31865.68 0.42 0.0 
32752.25 0.48 0.0 
32767.56 0.45 0.0 
32758.62 0.89 0.0 
33064.50 0.34 0.0 
33402.13 0.63 0.0 
33424.54 0.47 0.0 
33508.73 0.33 0.0 
33424.51 0.61 0.0 
33688.88 0.79 0.0 
34027.77 0.48 0.0 
34137.13 0.32 0.0 
34137.09 0.39 0.0 
34244.93 0.34 0.0 
35023.89 0.40 0.0 
35009.07 0.31 0.0 
35216.79 0.59 0.0 
35271.94 0.57 0.0 
35330.23 0.34 0.0 
35688.89 0.50 0.0 
35688.85 0.78 0.0 
35697.84 0.73 0.0 
36618.73 0.54 0.0 
36543.49 0.51 0.0 
36704.60 0.55 0.0 
36650.37 0.51 0.0 
37344.07 0.35 0.0 
37344.04 0.66 0.0 
38009.84 0.36 0.0 
39401.98 0.94 0.0 
39402.02 0.40 0.0 
39527.93 0.39 0.0 
39529.88 0.49 0.0 
39529.88 0.50 0.0 
39711.01 0.38 0.0 
39710.87 0.38 0.0 
40540.89 0.58 0.0 
40497.93 0.36 0.0 
40545.89 0.32 0.0 
40540.88 0.30 0.0 
40716.01 0.40 0.0 
40797.93 0.40 0.0 
40866.92 0.37 0.0 
40873.23 0.32 0.0 
40909.97 0.38 0.0 
40910.89 0.38 0.0 
40910.89 0.46 0.0 
42016.81 0.44 0.0 
42016.81 0.42 0.0 
43345.01 0.81 0.0 
43305.93 0.58 0.0 
45258.36 0.32 0.0 
45872.37 0.39 0.0 
46467.34 0.89 0.0 
47099.41 0.94 0.0 
47704.71 0.59 0.0 
47759.41 0.72 0.0 
47704.69 0.33 0.0 
48297.68 0.88 0.0 
48900.57 0.40 0.0 
48900.48 0.38 0.0 
49502.32 0.35 0.0 
50102.10 0.56 0.0 
50102.17 0.43 0.0 
50759.55 0.49 0.0 
50759.56 0.87 0.0 
51368.73 0.87 0.0 
51981.81 0.57 0.0 
52688.21 0.57 0.0 
53331.97 0.46 0.0 
53331.97 0.68 0.0 
54723.65 0.51 0.0 
54982.91 0.33 0.0 
55139.05 0.30 0.0 
55421.96 0.73 0.0 
58925.93 0.64 0.0 
58925.93 0.72 0.0 
59078.87 0.53 0.0 
59033.71 0.32 0.0 
59113.95 0.84 0.0 
59078.93 0.41 0.0 
59113.92 0.31 0.0 
59233.87 0.47 0.0 
59414.05 0.36 0.0 
59487.87 0.32 0.0 
59562.91 0.59 0.0 
59488.96 0.37 0.0 
59562.94 0.31 0.0 
59658.79 0.37 0.0 
59739.92 0.31 0.0 
59702.93 0.44 0.0 
60810.96 0.75 0.0 
60810.93 0.39 0.0 
61154.87 0.35 0.0 
61489.33 0.40 0.0 
61719.75 0.33 0.0 
61768.96 0.50 0.0 
61783.92 0.42 0.0 
61774.81 0.31 0.0 
61798.93 0.32 0.0 
61768.96 0.76 0.0 
62203.94 0.49 0.0 
62086.93 0.37 0.0 
62220.96 0.36 0.0 
62493.56 0.38 0.0 
62567.45 0.32 0.0 
62653.94 0.39 0.0 
62653.96 0.51 0.0 
62848.93 0.57 0.0 
63507.01 0.59 0.0 
63506.97 0.87 0.0 
63717.91 0.33 0.0 
65082.91 0.32 0.0 
65082.96 0.47 0.0 
65215.99 0.36 0.0 
66142.84 0.53 0.0 
66637.93 0.47 0.0 
66680.99 0.43 0.0 
66754.95 0.84 0.0 
66720.89 0.51 0.0 
66729.84 0.39 0.0 
66681.03 0.31 0.0 
66754.96 0.66 0.0 
66777.89 0.41 0.0 
66880.93 0.54 0.0 
66966.93 0.65 0.0 
67032.80 0.59 0.0 
67558.96 0.56 0.0 
68322.92 0.33 0.0 
68419.92 0.83 0.0 
68419.92 0.81 0.0 
68494.03 0.43 0.0 
68575.75 0.40 0.0 
69204.88 0.43 0.0 
69312.92 0.49 0.0 
69358.93 0.81 0.0 
69464.44 0.39 0.0 
69464.53 0.37 0.0 
69562.93 0.43 0.0 
69733.93 0.42 0.0 
69705.59 0.52 0.0 
69882.39 0.40 0.0 
69794.03 0.41 0.0 
70029.53 0.39 0.0 
70088.91 0.35 0.0 
70180.28 0.35 0.0 
70229.92 0.32 0.0 
70115.96 0.42 0.0 
70536.93 0.30 0.0 
70658.85 0.57 0.0 
71108.92 0.69 0.0 
71108.96 0.37 0.0 
72043.93 0.36 0.0 
71952.89 0.63 0.0 
71952.96 0.47 0.0 
72281.92 0.33 0.0 
72344.93 0.57 0.0 
72884.73 0.36 0.0 
73167.69 0.48 0.0 
73273.95 0.84 0.0 
73879.89 0.35 0.0 
73886.93 0.32 0.0 
74292.84 0.45 0.0 
74811.73 0.45 0.0 
75756.85 0.44 0.0 
75808.72 0.85 0.0 
75970.87 0.35 0.0 
76435.93 0.35 0.0 
76646.96 0.41 0.0 
76847.72 0.49 0.0 
76847.72 0.44 0.0 
77308.93 0.52 0.0 
77919.37 0.71 0.0 
78143.93 0.74 0.0 
78143.89 0.59 0.0 
78178.90 0.68 0.0 
78581.43 0.54 0.0 
78551.67 0.38 0.0 
78805.92 0.59 0.0 
78851.93 0.49 0.0 
79456.48 0.60 0.0 
79456.53 0.50 0.0 
79722.99 0.74 0.0 
79722.99 0.69 0.0 
80174.53 0.54 0.0 
80254.24 0.37 0.0 
80367.81 0.40 0.0 
80647.67 0.41 0.0 
80608.57 0.38 0.0 
81463.69 0.45 0.0 
81747.96 0.32 0.0 
81822.32 0.80 0.0 
82156.03 0.36 0.0 
82156.05 0.53 0.0 
82263.17 0.36 0.0 
82262.79 0.36 0.0 
82589.51 0.50 0.0 
82876.33 0.30 0.0 
82863.13 0.55 0.0 
83368.15 0.43 0.0 
83457.13 0.44 0.0 
83473.92 0.57 0.0 
83459.26 0.48 0.0 
83628.56 0.44 0.0 
83628.56 0.34 0.0 
83712.42 0.85 0.0 
83685.13 0.39 0.0 
83769.80 0.42 0.0 
83710.97 0.53 0.0 
83792.85 0.35 0.0 
83903.75 0.50 0.0 
84042.88 0.47 0.0 
84042.88 0.49 0.0 
84489.41 0.35 0.0 
84478.63 0.33 0.0 
84680.65 0.46 0.0 
84680.67 0.46 0.0 
84864.91 0.86 0.0 
84864.91 0.94 0.0 
85427.01 0.46 0.0 
85426.97 0.57 0.0 
85731.97 0.31 0.0 
85736.15 0.68 0.0 
86024.03 0.30 0.0 
86173.80 0.56 0.0 
