1100.83 0.35 0.0 
3358.67 0.32 0.0 
5586.47 0.78 0.0 
5586.44 0.69 0.0 
5745.75 0.49 0.0 
5976.35 0.38 0.0 
6591.17 0.39 0.0 
6817.77 0.52 0.0 
6980.87 0.33 0.0 
7060.41 0.53 0.0 
7083.15 0.35 0.0 
7060.40 0.41 0.0 
7263.15 0.34 0.0 
8839.82 0.66 0.0 
8852.21 0.37 0.0 
8852.17 0.67 0.0 
9108.61 0.84 0.0 
9095.05 0.59 0.0 
9108.60 0.86 0.0 
9741.64 0.33 0.0 
12676.36 0.66 0.0 
12685.89 0.51 0.0 
13586.71 0.32 0.0 
13743.15 0.58 0.0 
13743.15 0.42 0.0 
14146.29 0.47 0.0 
14205.48 0.35 0.0 
14528.75 0.40 0.0 
14748.13 0.33 0.0 
15542.13 0.62 0.0 
15591.00 0.69 0.0 
15590.95 0.58 0.0 
15542.11 0.88 0.0 
16276.51 0.90 0.0 
16276.53 0.55 0.0 
16518.31 0.54 0.0 
16708.61 0.49 0.0 
17013.27 0.45 0.0 
17136.27 0.46 0.0 
17506.83 0.42 0.0 
18085.21 0.34 0.0 
18092.54 0.59 0.0 
18123.57 0.53 0.0 
18123.54 0.53 0.0 
18092.53 0.54 0.0 
18900.43 0.31 0.0 
19108.36 0.80 0.0 
19108.35 0.48 0.0 
19155.48 0.68 0.0 
19651.51 0.37 0.0 
19866.43 0.33 0.0 
20403.47 0.34 0.0 
20403.47 0.44 0.0 
20476.19 0.40 0.0 
20912.47 0.31 0.0 
21809.65 0.50 0.0 
21987.59 0.40 0.0 
22080.53 0.37 0.0 
22336.69 0.30 0.0 
22318.09 0.34 0.0 
23105.39 0.34 0.0 
23429.17 0.47 0.0 
23487.02 0.40 0.0 
23520.93 0.38 0.0 
23597.15 0.30 0.0 
23649.69 0.31 0.0 
23642.95 0.37 0.0 
23597.15 0.37 0.0 
23894.21 0.47 0.0 
23829.59 0.30 0.0 
24075.81 0.36 0.0 
24116.95 0.30 0.0 
24091.65 0.49 0.0 
24334.74 0.47 0.0 
24553.11 0.37 0.0 
24767.47 0.38 0.0 
24960.51 0.68 0.0 
25129.11 0.31 0.0 
25129.11 0.33 0.0 
25226.28 0.45 0.0 
25951.32 0.61 0.0 
26132.01 0.55 0.0 
26582.19 0.36 0.0 
27132.20 0.49 0.0 
27254.45 0.36 0.0 
27526.93 0.64 0.0 
27526.88 0.47 0.0 
27671.10 0.63 0.0 
28238.67 0.35 0.0 
28467.23 0.36 0.0 
28501.00 0.40 0.0 
29009.40 0.76 0.0 
29190.68 0.63 0.0 
29310.47 0.49 0.0 
30105.47 0.50 0.0 
30220.11 0.32 0.0 
31576.46 0.44 0.0 
31755.85 0.75 0.0 
31755.87 0.37 0.0 
32758.64 0.56 0.0 
32773.35 0.30 0.0 
32754.48 0.31 0.0 
33424.71 0.44 0.0 
33601.67 0.49 0.0 
34250.57 0.42 0.0 
34250.60 0.58 0.0 
34465.95 0.64 0.0 
34875.55 0.32 0.0 
35020.59 0.36 0.0 
34961.83 0.44 0.0 
35026.09 0.47 0.0 
35325.64 0.30 0.0 
35334.23 0.46 0.0 
35596.05 0.52 0.0 
35691.61 0.51 0.0 
35704.19 0.35 0.0 
36465.81 0.35 0.0 
36619.59 0.36 0.0 
36931.71 0.35 0.0 
37127.28 0.48 0.0 
37397.77 0.53 0.0 
37981.29 0.46 0.0 
38236.45 0.64 0.0 
39531.30 0.81 0.0 
39531.31 0.63 0.0 
39786.45 0.35 0.0 
40550.79 0.47 0.0 
40550.83 0.31 0.0 
40771.69 0.38 0.0 
40771.74 0.67 0.0 
40869.03 0.33 0.0 
40913.30 0.65 0.0 
43089.75 0.34 0.0 
45258.37 0.31 0.0 
46467.56 0.37 0.0 
48297.91 0.48 0.0 
49502.47 0.34 0.0 
50160.35 0.58 0.0 
52037.55 0.44 0.0 
52688.35 0.38 0.0 
54792.84 0.64 0.0 
54941.67 0.43 0.0 
55182.75 0.45 0.0 
55255.73 0.54 0.0 
58830.89 0.44 0.0 
58930.63 0.42 0.0 
59079.84 0.33 0.0 
58994.47 0.47 0.0 
59087.64 0.46 0.0 
59233.79 0.38 0.0 
59391.92 0.53 0.0 
59391.93 0.62 0.0 
59492.85 0.56 0.0 
59563.70 0.61 0.0 
60016.15 0.44 0.0 
60046.09 0.36 0.0 
60046.13 0.38 0.0 
60680.12 0.38 0.0 
60816.48 0.67 0.0 
61801.36 0.45 0.0 
61771.09 0.45 0.0 
62328.77 0.37 0.0 
62343.64 0.45 0.0 
62570.02 0.59 0.0 
62570.03 0.41 0.0 
62626.07 0.52 0.0 
62626.09 0.52 0.0 
63607.12 0.49 0.0 
63607.09 0.46 0.0 
65083.93 0.39 0.0 
66195.63 0.73 0.0 
66725.79 0.34 0.0 
66725.79 0.40 0.0 
66916.71 0.38 0.0 
67384.61 0.62 0.0 
67384.57 0.56 0.0 
67559.05 0.30 0.0 
68425.96 0.58 0.0 
68425.99 0.34 0.0 
68894.55 0.41 0.0 
69032.03 0.32 0.0 
69031.99 0.50 0.0 
69205.33 0.64 0.0 
69228.05 0.53 0.0 
69423.69 0.55 0.0 
69423.69 0.53 0.0 
69567.89 0.44 0.0 
69541.83 0.39 0.0 
69567.87 0.36 0.0 
69708.69 0.62 0.0 
69985.97 0.52 0.0 
70029.59 0.51 0.0 
70384.59 0.34 0.0 
70542.11 0.34 0.0 
70542.23 0.34 0.0 
71112.76 0.57 0.0 
72243.53 0.42 0.0 
72243.49 0.49 0.0 
72532.75 0.40 0.0 
73888.88 0.55 0.0 
73888.89 0.34 0.0 
74223.60 0.45 0.0 
75500.31 0.33 0.0 
76323.05 0.60 0.0 
76323.03 0.47 0.0 
76576.71 0.49 0.0 
76608.67 0.41 0.0 
76801.61 0.34 0.0 
77071.63 0.35 0.0 
78000.87 0.31 0.0 
78145.81 0.51 0.0 
78145.80 0.51 0.0 
78680.24 0.59 0.0 
78808.49 0.59 0.0 
78853.69 0.32 0.0 
79463.73 0.55 0.0 
79727.72 0.58 0.0 
79921.51 0.43 0.0 
80367.87 0.37 0.0 
81004.99 0.35 0.0 
81332.55 0.41 0.0 
81463.82 0.36 0.0 
81642.21 0.48 0.0 
81676.56 0.68 0.0 
81642.21 0.64 0.0 
81676.55 0.54 0.0 
82159.57 0.56 0.0 
82159.56 0.46 0.0 
82268.35 0.34 0.0 
82268.39 0.38 0.0 
82560.89 0.41 0.0 
82636.05 0.44 0.0 
82865.65 0.69 0.0 
83388.37 0.68 0.0 
83388.39 0.55 0.0 
83459.31 0.38 0.0 
83459.23 0.39 0.0 
83598.93 0.34 0.0 
83634.65 0.37 0.0 
83778.25 0.44 0.0 
83687.79 0.30 0.0 
83778.28 0.46 0.0 
83734.99 0.33 0.0 
83712.41 0.73 0.0 
83795.57 0.50 0.0 
84048.66 0.71 0.0 
84048.66 0.74 0.0 
84490.88 0.64 0.0 
84662.51 0.33 0.0 
85184.47 0.41 0.0 
85184.48 0.70 0.0 
85815.81 0.74 0.0 
85736.17 0.33 0.0 
85831.11 0.49 0.0 
86374.01 0.30 0.0 
