343.56 0.70 0.0 
557.76 0.33 0.0 
884.36 0.59 0.0 
2083.95 0.46 0.0 
2277.93 0.45 0.0 
2277.96 0.58 0.0 
2444.04 0.52 0.0 
3044.48 0.48 0.0 
3776.80 0.57 0.0 
3800.88 0.72 0.0 
5878.97 0.31 0.0 
6422.56 0.59 0.0 
7139.15 0.65 0.0 
7109.09 0.71 0.0 
8384.51 0.43 0.0 
8369.33 0.42 0.0 
9059.24 0.77 0.0 
9729.41 0.41 0.0 
10017.89 0.63 0.0 
10634.21 0.39 0.0 
16289.25 0.42 0.0 
21522.42 0.76 0.0 
21522.41 0.84 0.0 
27667.24 0.44 0.0 
30269.49 0.31 0.0 
33755.38 0.31 0.0 
33973.47 0.86 0.0 
34062.69 0.50 0.0 
36503.07 0.35 0.0 
37514.48 0.51 0.0 
39483.67 0.35 0.0 
39708.00 0.44 0.0 
43394.56 0.32 0.0 
43734.19 0.55 0.0 
43734.19 0.84 0.0 
44793.56 0.33 0.0 
44861.08 0.44 0.0 
44907.99 0.53 0.0 
47339.45 0.63 0.0 
48716.71 0.50 0.0 
49136.41 0.44 0.0 
49138.29 0.32 0.0 
49403.89 0.35 0.0 
49403.97 0.50 0.0 
51876.39 0.31 0.0 
53414.01 0.35 0.0 
55104.44 0.49 0.0 
55104.45 0.51 0.0 
55304.48 0.41 0.0 
55891.97 0.39 0.0 
55996.94 0.32 0.0 
56824.49 0.55 0.0 
57073.95 0.41 0.0 
57092.52 0.50 0.0 
57682.53 0.68 0.0 
58213.08 0.48 0.0 
58858.69 0.80 0.0 
59937.96 0.40 0.0 
61468.89 0.39 0.0 
61587.99 0.68 0.0 
61664.51 0.58 0.0 
62249.51 0.93 0.0 
62727.81 0.33 0.0 
63074.57 0.71 0.0 
63269.35 0.84 0.0 
64269.87 0.52 0.0 
65129.31 0.93 0.0 
65685.66 0.77 0.0 
65732.53 0.34 0.0 
65938.88 0.56 0.0 
66001.16 0.33 0.0 
75033.19 0.74 0.0 
