735.75 0.44 0.0 
8431.65 0.42 0.0 
9690.81 0.50 0.0 
13755.43 0.32 0.0 
17580.92 0.42 0.0 
17701.09 0.32 0.0 
18169.01 0.39 0.0 
18198.51 0.60 0.0 
24661.37 0.36 0.0 
26985.57 0.62 0.0 
28811.33 0.30 0.0 
31185.57 0.57 0.0 
31440.48 0.42 0.0 
35895.45 0.39 0.0 
36344.09 0.61 0.0 
36513.45 0.53 0.0 
36500.68 0.47 0.0 
36948.13 0.60 0.0 
37755.67 0.40 0.0 
38790.77 0.51 0.0 
39499.12 0.33 0.0 
39855.78 0.63 0.0 
43980.48 0.41 0.0 
45287.12 0.49 0.0 
45218.39 0.41 0.0 
45615.41 0.61 0.0 
45855.49 0.47 0.0 
46035.85 0.67 0.0 
46086.21 0.44 0.0 
46292.31 0.31 0.0 
46490.15 0.37 0.0 
47520.43 0.30 0.0 
53370.51 0.52 0.0 
53505.83 0.41 0.0 
54495.97 0.50 0.0 
54660.51 0.33 0.0 
54885.57 0.38 0.0 
59265.55 0.40 0.0 
61680.55 0.38 0.0 
62325.67 0.48 0.0 
63435.55 0.35 0.0 
64275.51 0.34 0.0 
66015.59 0.41 0.0 
66330.51 0.36 0.0 
66645.57 0.36 0.0 
66991.15 0.32 0.0 
76350.51 0.37 0.0 
