1173.73 0.34 0.0 
1173.77 0.59 0.0 
1815.46 0.58 0.0 
3782.79 0.32 0.0 
5416.87 0.36 0.0 
11946.17 0.41 0.0 
12536.43 0.37 0.0 
12858.61 0.37 0.0 
14718.21 0.59 0.0 
14970.93 0.32 0.0 
14970.91 0.30 0.0 
15318.76 0.40 0.0 
15951.09 0.32 0.0 
19903.57 0.36 0.0 
21415.13 0.35 0.0 
21415.11 0.73 0.0 
27001.53 0.37 0.0 
27272.53 0.34 0.0 
27486.31 0.48 0.0 
29133.36 0.49 0.0 
29192.15 0.42 0.0 
31695.63 0.42 0.0 
33131.75 0.37 0.0 
34502.79 0.47 0.0 
34821.59 0.33 0.0 
41960.35 0.31 0.0 
45528.29 0.47 0.0 
46937.69 0.55 0.0 
48450.48 0.41 0.0 
48728.71 0.37 0.0 
50745.51 0.41 0.0 
50850.51 0.32 0.0 
53148.93 0.61 0.0 
53283.15 0.37 0.0 
53628.83 0.37 0.0 
56761.35 0.30 0.0 
57303.03 0.38 0.0 
57616.19 0.32 0.0 
57782.27 0.34 0.0 
58202.25 0.47 0.0 
61770.73 0.53 0.0 
63555.55 0.48 0.0 
64533.75 0.30 0.0 
64965.47 0.34 0.0 
65640.55 0.34 0.0 
67079.21 0.49 0.0 
67216.69 0.40 0.0 
70796.68 0.47 0.0 
70796.69 0.38 0.0 
70972.04 0.39 0.0 
76069.29 0.38 0.0 
76562.63 0.30 0.0 
77116.19 0.40 0.0 
77100.61 0.42 0.0 
77552.38 0.45 0.0 
81151.09 0.47 0.0 
81872.55 0.38 0.0 
83687.25 0.52 0.0 
84023.57 0.33 0.0 
84090.50 0.70 0.0 
84369.07 0.39 0.0 
85013.11 0.30 0.0 
84990.87 0.37 0.0 
85111.93 0.50 0.0 
