3080.20 0.50 0.0 
7156.84 0.53 0.0 
10494.09 0.35 0.0 
11058.59 0.55 0.0 
11058.63 0.59 0.0 
11682.71 0.48 0.0 
12060.43 0.33 0.0 
12287.53 0.53 0.0 
12559.69 0.47 0.0 
12957.17 0.56 0.0 
12957.21 0.35 0.0 
13218.59 0.31 0.0 
13606.30 0.81 0.0 
13616.75 0.44 0.0 
13616.79 0.51 0.0 
13729.08 0.73 0.0 
13709.28 0.44 0.0 
14114.43 0.61 0.0 
14083.87 0.49 0.0 
14105.31 0.51 0.0 
14083.86 0.73 0.0 
14251.15 0.91 0.0 
14378.97 0.36 0.0 
14479.76 0.71 0.0 
14479.78 0.78 0.0 
14928.54 0.89 0.0 
14928.55 0.72 0.0 
15670.53 0.39 0.0 
15853.32 0.49 0.0 
15964.55 0.73 0.0 
16252.33 0.76 0.0 
16261.94 0.71 0.0 
16650.47 0.47 0.0 
18035.93 0.32 0.0 
18342.21 0.54 0.0 
18902.25 0.36 0.0 
18932.20 0.85 0.0 
18932.20 0.83 0.0 
18902.28 0.64 0.0 
19409.21 0.32 0.0 
20224.56 0.41 0.0 
20580.93 0.45 0.0 
20676.01 0.32 0.0 
20963.08 0.35 0.0 
21176.95 0.41 0.0 
21349.62 0.78 0.0 
21360.91 0.41 0.0 
21282.70 0.37 0.0 
21542.19 0.35 0.0 
21542.19 0.33 0.0 
21851.25 0.55 0.0 
21737.54 0.80 0.0 
21818.68 0.36 0.0 
21818.67 0.49 0.0 
21870.89 0.33 0.0 
21963.17 0.38 0.0 
22056.40 0.81 0.0 
22040.47 0.30 0.0 
22040.44 0.52 0.0 
22456.23 0.45 0.0 
58367.10 0.52 0.0 
58684.97 0.42 0.0 
62380.53 0.37 0.0 
64498.47 0.34 0.0 
64877.01 0.33 0.0 
65344.09 0.53 0.0 
65746.37 0.47 0.0 
65746.39 0.31 0.0 
66930.97 0.38 0.0 
67354.08 0.47 0.0 
68409.99 0.35 0.0 
69385.41 0.38 0.0 
69385.45 0.47 0.0 
69495.23 0.42 0.0 
70005.53 0.46 0.0 
71152.51 0.64 0.0 
71987.33 0.49 0.0 
71987.39 0.37 0.0 
72354.71 0.30 0.0 
72326.36 0.58 0.0 
72396.15 0.32 0.0 
72797.12 0.47 0.0 
72797.16 0.43 0.0 
73169.47 0.34 0.0 
73682.59 0.43 0.0 
73682.63 0.45 0.0 
74206.67 0.35 0.0 
74297.99 0.34 0.0 
74491.73 0.56 0.0 
74480.93 0.43 0.0 
74480.93 0.32 0.0 
75373.81 0.38 0.0 
75713.19 0.33 0.0 
75858.75 0.30 0.0 
76161.31 0.33 0.0 
76593.59 0.31 0.0 
76876.11 0.45 0.0 
76938.53 0.33 0.0 
77121.79 0.42 0.0 
77101.49 0.41 0.0 
77535.57 0.45 0.0 
77719.68 0.48 0.0 
78055.89 0.45 0.0 
78304.23 0.32 0.0 
78527.09 0.36 0.0 
78650.45 0.44 0.0 
78845.96 0.54 0.0 
78909.52 0.68 0.0 
78845.97 0.77 0.0 
78909.53 0.47 0.0 
79017.30 0.51 0.0 
79017.37 0.37 0.0 
79132.42 0.61 0.0 
79132.45 0.71 0.0 
79504.63 0.40 0.0 
79652.53 0.50 0.0 
80379.65 0.45 0.0 
80867.29 0.43 0.0 
80791.52 0.61 0.0 
81018.31 0.36 0.0 
81151.07 0.31 0.0 
81906.31 0.34 0.0 
82101.15 0.62 0.0 
82230.67 0.42 0.0 
82230.85 0.44 0.0 
82414.67 0.39 0.0 
82606.53 0.33 0.0 
82643.28 0.57 0.0 
83386.49 0.31 0.0 
83499.21 0.55 0.0 
83731.81 0.51 0.0 
83801.97 0.64 0.0 
83845.13 0.50 0.0 
83927.25 0.42 0.0 
84330.11 0.48 0.0 
84595.31 0.41 0.0 
84681.57 0.58 0.0 
84681.57 0.54 0.0 
85254.29 0.39 0.0 
85254.29 0.47 0.0 
85439.37 0.37 0.0 
85486.93 0.44 0.0 
85667.39 0.40 0.0 
85756.61 0.82 0.0 
85756.59 0.48 0.0 
86063.17 0.61 0.0 
86063.14 0.76 0.0 
86125.52 0.57 0.0 
86223.91 0.41 0.0 
86307.51 0.43 0.0 
