608.47 0.39 0.0 
4392.36 0.42 0.0 
8828.89 0.48 0.0 
11246.37 0.39 0.0 
11330.99 0.31 0.0 
11995.79 0.49 0.0 
12118.08 0.33 0.0 
12557.29 0.73 0.0 
12620.16 0.66 0.0 
13273.29 0.52 0.0 
13302.61 0.37 0.0 
13633.61 0.67 0.0 
13614.85 0.52 0.0 
13704.57 0.31 0.0 
13709.26 0.40 0.0 
13729.03 0.42 0.0 
13940.80 0.31 0.0 
14111.69 0.46 0.0 
14083.17 0.36 0.0 
14094.13 0.56 0.0 
14383.78 0.78 0.0 
14477.63 0.40 0.0 
14477.65 0.36 0.0 
14628.09 0.33 0.0 
14651.93 0.38 0.0 
14545.92 0.57 0.0 
14545.91 0.55 0.0 
14926.20 0.42 0.0 
14927.80 0.49 0.0 
14926.21 0.51 0.0 
15394.52 0.36 0.0 
15539.26 0.42 0.0 
15849.87 0.37 0.0 
15970.25 0.34 0.0 
16260.57 0.49 0.0 
16288.93 0.32 0.0 
16368.17 0.38 0.0 
16603.89 0.32 0.0 
16737.43 0.66 0.0 
17826.29 0.37 0.0 
18339.93 0.30 0.0 
18508.05 0.59 0.0 
18764.08 0.83 0.0 
18910.80 0.42 0.0 
18929.85 0.37 0.0 
19049.03 0.61 0.0 
19118.75 0.75 0.0 
19272.82 0.87 0.0 
19226.13 0.47 0.0 
19409.19 0.58 0.0 
19543.05 0.76 0.0 
19916.63 0.34 0.0 
20425.92 0.34 0.0 
20594.52 0.79 0.0 
20772.59 0.36 0.0 
20729.42 0.91 0.0 
20890.17 0.56 0.0 
20842.77 0.34 0.0 
21356.52 0.35 0.0 
21282.66 0.44 0.0 
21349.56 0.36 0.0 
21341.92 0.81 0.0 
21525.47 0.73 0.0 
21599.18 0.31 0.0 
21580.39 0.55 0.0 
21599.28 0.33 0.0 
21580.47 0.90 0.0 
21525.50 0.84 0.0 
21689.49 0.54 0.0 
21844.64 0.39 0.0 
21854.48 0.41 0.0 
21817.96 0.44 0.0 
21817.93 0.51 0.0 
21844.69 0.43 0.0 
22030.27 0.68 0.0 
22054.16 0.49 0.0 
22056.37 0.59 0.0 
22030.27 0.84 0.0 
22139.19 0.62 0.0 
22453.88 0.84 0.0 
22453.89 0.54 0.0 
39791.35 0.34 0.0 
51764.17 0.40 0.0 
53240.37 0.70 0.0 
58524.23 0.31 0.0 
61602.93 0.35 0.0 
62375.68 0.68 0.0 
62375.68 0.86 0.0 
64780.93 0.50 0.0 
66594.16 0.43 0.0 
66792.41 0.37 0.0 
66918.96 0.73 0.0 
66944.25 0.58 0.0 
66918.92 0.77 0.0 
68652.35 0.50 0.0 
68541.44 0.51 0.0 
70047.27 0.52 0.0 
71081.37 0.62 0.0 
71152.52 0.65 0.0 
71255.37 0.31 0.0 
71304.59 0.48 0.0 
71304.63 0.60 0.0 
71822.08 0.32 0.0 
72319.57 0.35 0.0 
72701.48 0.74 0.0 
73680.53 0.36 0.0 
75664.61 0.37 0.0 
75996.95 0.34 0.0 
77119.77 0.31 0.0 
77577.29 0.40 0.0 
77658.24 0.53 0.0 
77793.24 0.35 0.0 
78700.45 0.54 0.0 
78913.08 0.39 0.0 
79005.15 0.49 0.0 
79338.93 0.41 0.0 
79508.33 0.41 0.0 
79733.61 0.40 0.0 
81099.00 0.39 0.0 
82218.27 0.48 0.0 
82529.05 0.30 0.0 
82812.65 0.32 0.0 
83530.59 0.49 0.0 
83790.05 0.44 0.0 
84772.59 0.33 0.0 
85278.96 0.32 0.0 
85282.13 0.32 0.0 
85575.76 0.50 0.0 
85723.65 0.65 0.0 
85828.36 0.43 0.0 
86125.48 0.35 0.0 
