395.99 0.32 0.0 
1055.21 0.40 0.0 
4724.91 0.61 0.0 
4712.59 0.36 0.0 
7316.67 0.36 0.0 
7389.71 0.31 0.0 
8559.31 0.56 0.0 
8563.69 0.30 0.0 
8579.65 0.35 0.0 
8897.39 0.49 0.0 
9734.72 0.36 0.0 
9932.67 0.35 0.0 
10654.35 0.39 0.0 
11356.64 0.57 0.0 
11356.61 0.49 0.0 
11610.67 0.38 0.0 
11938.29 0.33 0.0 
12276.11 0.54 0.0 
12842.43 0.40 0.0 
12935.55 0.48 0.0 
13834.27 0.39 0.0 
14913.87 0.62 0.0 
16079.79 0.41 0.0 
16289.03 0.40 0.0 
16390.73 0.39 0.0 
16390.75 0.36 0.0 
16543.67 0.54 0.0 
16565.87 0.48 0.0 
16614.07 0.33 0.0 
17546.43 0.46 0.0 
18730.05 0.55 0.0 
18730.04 0.79 0.0 
19397.87 0.31 0.0 
20333.01 0.74 0.0 
20332.99 0.48 0.0 
21211.67 0.42 0.0 
21274.04 0.35 0.0 
21517.67 0.30 0.0 
21530.37 0.48 0.0 
21530.36 0.51 0.0 
21675.53 0.42 0.0 
23632.91 0.34 0.0 
24029.75 0.43 0.0 
24127.27 0.33 0.0 
24709.55 0.48 0.0 
26082.43 0.50 0.0 
27941.39 0.52 0.0 
27941.39 0.69 0.0 
33215.31 0.42 0.0 
34140.59 0.66 0.0 
34252.94 0.31 0.0 
34926.92 0.47 0.0 
35477.31 0.42 0.0 
39886.29 0.54 0.0 
42129.93 0.41 0.0 
44196.09 0.31 0.0 
47938.67 0.39 0.0 
47946.27 0.42 0.0 
50195.87 0.35 0.0 
50489.67 0.35 0.0 
52903.33 0.36 0.0 
53796.07 0.31 0.0 
58874.55 0.34 0.0 
60890.17 0.44 0.0 
63029.87 0.64 0.0 
63030.80 0.63 0.0 
63408.05 0.34 0.0 
67950.67 0.44 0.0 
70399.07 0.33 0.0 
73314.79 0.67 0.0 
73709.87 0.32 0.0 
