392.28 0.56 0.0 
392.28 0.79 0.0 
713.20 0.83 0.0 
1505.98 0.86 0.0 
1506.00 0.83 0.0 
1837.52 0.64 0.0 
2210.51 0.62 0.0 
2480.02 0.83 0.0 
3558.99 0.48 0.0 
3738.78 0.69 0.0 
3753.46 0.57 0.0 
5962.16 0.45 0.0 
5962.17 0.48 0.0 
6366.90 0.63 0.0 
6182.11 0.58 0.0 
6702.79 0.34 0.0 
6725.93 0.48 0.0 
7462.51 0.32 0.0 
8194.84 0.79 0.0 
8776.48 0.68 0.0 
9387.92 0.87 0.0 
9387.94 0.76 0.0 
10122.38 0.46 0.0 
10122.36 0.77 0.0 
10247.83 0.41 0.0 
10275.99 0.43 0.0 
11920.77 0.45 0.0 
11920.79 0.41 0.0 
11968.60 0.37 0.0 
12536.17 0.49 0.0 
12579.07 0.35 0.0 
12579.04 0.87 0.0 
13878.64 0.79 0.0 
15034.08 0.86 0.0 
16908.77 0.54 0.0 
18739.26 0.70 0.0 
19143.07 0.65 0.0 
21290.53 0.61 0.0 
21889.00 0.49 0.0 
21993.60 0.81 0.0 
22816.72 0.79 0.0 
24886.31 0.62 0.0 
25164.59 0.48 0.0 
25525.83 0.30 0.0 
26449.51 0.45 0.0 
26749.42 0.81 0.0 
28275.51 0.40 0.0 
29866.21 0.40 0.0 
32012.51 0.46 0.0 
32012.54 0.37 0.0 
32156.38 0.83 0.0 
33184.55 0.33 0.0 
34141.83 0.44 0.0 
34141.81 0.79 0.0 
34539.30 0.79 0.0 
35378.62 0.75 0.0 
35970.90 0.82 0.0 
35970.91 0.51 0.0 
36450.75 0.55 0.0 
36450.79 0.37 0.0 
37034.23 0.36 0.0 
37034.19 0.56 0.0 
37670.82 0.74 0.0 
37803.96 0.66 0.0 
39513.20 0.82 0.0 
39885.35 0.61 0.0 
40214.19 0.66 0.0 
40909.89 0.32 0.0 
40938.83 0.60 0.0 
40938.78 0.69 0.0 
41520.12 0.79 0.0 
44486.08 0.69 0.0 
44784.05 0.60 0.0 
46286.99 0.42 0.0 
47353.74 0.75 0.0 
47353.72 0.79 0.0 
47981.63 0.37 0.0 
48419.88 0.50 0.0 
49057.05 0.78 0.0 
49502.33 0.33 0.0 
50586.47 0.84 0.0 
51339.31 0.49 0.0 
51742.87 0.49 0.0 
51742.79 0.66 0.0 
51945.47 0.33 0.0 
52225.23 0.31 0.0 
53276.96 0.32 0.0 
53277.00 0.63 0.0 
63005.27 0.69 0.0 
63005.26 0.86 0.0 
71430.80 0.84 0.0 
83334.70 0.85 0.0 
83943.08 0.79 0.0 
83995.39 0.38 0.0 
83943.06 0.79 0.0 
84811.69 0.31 0.0 
85973.27 0.40 0.0 
86228.12 0.61 0.0 
