713.16 0.87 0.0 
1501.08 0.86 0.0 
1501.07 0.72 0.0 
2479.99 0.71 0.0 
3209.65 0.31 0.0 
3735.60 0.81 0.0 
3565.84 0.49 0.0 
3689.42 0.49 0.0 
4138.60 0.46 0.0 
4599.55 0.95 0.0 
4498.08 0.44 0.0 
4599.53 0.57 0.0 
4835.76 0.34 0.0 
4778.89 0.55 0.0 
4574.44 0.55 0.0 
4835.75 0.41 0.0 
4529.56 0.31 0.0 
4916.77 0.68 0.0 
5187.32 0.82 0.0 
5958.56 0.51 0.0 
5892.71 0.93 0.0 
6180.12 0.55 0.0 
6155.44 0.50 0.0 
6148.99 0.41 0.0 
6428.03 0.56 0.0 
6698.29 0.77 0.0 
6428.09 0.34 0.0 
7376.88 0.84 0.0 
9376.45 0.31 0.0 
9266.60 0.42 0.0 
9376.49 0.42 0.0 
9666.33 0.47 0.0 
10232.19 0.57 0.0 
10274.23 0.40 0.0 
10274.24 0.45 0.0 
11917.40 0.77 0.0 
11917.40 0.51 0.0 
11967.40 0.60 0.0 
11726.00 0.41 0.0 
12099.95 0.35 0.0 
12237.60 0.82 0.0 
12297.41 0.34 0.0 
11967.41 0.38 0.0 
12525.51 0.64 0.0 
12530.32 0.55 0.0 
12479.31 0.84 0.0 
12388.08 0.74 0.0 
12530.40 0.72 0.0 
12578.16 0.60 0.0 
13019.53 0.34 0.0 
12927.04 0.44 0.0 
13878.55 0.38 0.0 
14371.49 0.35 0.0 
14428.55 0.59 0.0 
14756.36 0.40 0.0 
14779.65 0.31 0.0 
18027.24 0.32 0.0 
17967.79 0.53 0.0 
19901.99 0.45 0.0 
21117.07 0.47 0.0 
22389.79 0.41 0.0 
26353.57 0.43 0.0 
26749.43 0.66 0.0 
27433.67 0.55 0.0 
28739.08 0.67 0.0 
31916.75 0.51 0.0 
32156.36 0.77 0.0 
34375.00 0.38 0.0 
34539.27 0.86 0.0 
35378.59 0.72 0.0 
37034.21 0.35 0.0 
37255.96 0.34 0.0 
39208.07 0.53 0.0 
40214.20 0.69 0.0 
44486.03 0.88 0.0 
44784.04 0.75 0.0 
46286.97 0.61 0.0 
46834.31 0.43 0.0 
47349.11 0.40 0.0 
47349.04 0.40 0.0 
47981.59 0.59 0.0 
49057.03 0.60 0.0 
49123.35 0.46 0.0 
49482.43 0.37 0.0 
50586.47 0.80 0.0 
51339.27 0.54 0.0 
52225.21 0.40 0.0 
52438.20 0.51 0.0 
53277.00 0.43 0.0 
63002.60 0.79 0.0 
63002.60 0.94 0.0 
71482.79 0.32 0.0 
82462.57 0.39 0.0 
83328.71 0.71 0.0 
83334.71 0.87 0.0 
83650.35 0.80 0.0 
85213.91 0.33 0.0 
85973.23 0.78 0.0 
86228.11 0.51 0.0 
