14632.09 0.40 0.0 
14632.07 0.38 0.0 
16870.68 0.98 0.0 
16870.68 0.98 0.0 
26983.35 0.42 0.0 
27103.99 0.56 0.0 
37714.34 0.98 0.0 
37714.34 0.98 0.0 
38293.12 0.41 0.0 
48226.48 0.94 0.0 
48180.48 0.98 0.0 
48180.48 0.98 0.0 
48226.47 0.97 0.0 
50983.89 0.34 0.0 
58104.61 0.51 0.0 
58104.60 0.47 0.0 
69065.44 0.42 0.0 
69082.42 0.98 0.0 
69082.40 0.96 0.0 
72609.19 0.96 0.0 
72609.20 0.94 0.0 
73138.15 0.78 0.0 
73514.56 0.38 0.0 
75128.59 0.98 0.0 
75128.59 0.98 0.0 
76587.71 0.47 0.0 
77161.95 0.32 0.0 
78684.00 0.30 0.0 
82933.19 0.65 0.0 
85575.32 0.39 0.0 
