781.76 0.30 0.0 
1364.93 0.43 0.0 
8552.44 0.45 0.0 
8404.04 0.91 0.0 
8404.01 0.53 0.0 
13675.47 0.72 0.0 
13675.47 0.52 0.0 
16515.91 0.38 0.0 
18847.30 0.84 0.0 
18847.28 0.55 0.0 
18886.11 0.66 0.0 
20771.39 0.49 0.0 
20771.38 0.74 0.0 
22773.67 0.31 0.0 
23042.63 0.32 0.0 
23822.40 0.70 0.0 
24272.17 0.63 0.0 
25437.65 0.64 0.0 
28692.37 0.44 0.0 
34939.73 0.46 0.0 
37872.93 0.31 0.0 
41145.71 0.42 0.0 
43922.99 0.35 0.0 
45391.53 0.37 0.0 
45390.61 0.48 0.0 
48391.71 0.44 0.0 
48949.87 0.39 0.0 
48949.87 0.35 0.0 
83013.95 0.63 0.0 
84392.51 0.49 0.0 
84580.84 0.40 0.0 
85352.01 0.30 0.0 
