838.16 0.33 0.0 
1105.68 0.71 0.0 
1364.33 0.64 0.0 
2581.44 0.42 0.0 
2832.49 0.58 0.0 
3178.93 0.56 0.0 
3089.51 0.31 0.0 
5045.69 0.33 0.0 
6538.80 0.66 0.0 
7289.60 0.50 0.0 
7887.84 0.56 0.0 
8354.01 0.30 0.0 
8400.24 0.63 0.0 
8714.20 0.77 0.0 
8878.37 0.38 0.0 
10214.17 0.47 0.0 
10274.51 0.69 0.0 
11954.44 0.76 0.0 
12434.15 0.31 0.0 
12627.57 0.48 0.0 
13378.87 0.55 0.0 
13078.89 0.36 0.0 
13673.05 0.35 0.0 
18853.40 0.69 0.0 
19479.95 0.88 0.0 
20770.88 0.76 0.0 
20770.88 0.90 0.0 
22298.34 0.34 0.0 
22423.77 0.77 0.0 
22454.01 0.75 0.0 
22992.52 0.54 0.0 
23039.33 0.44 0.0 
23821.73 0.82 0.0 
23969.60 0.61 0.0 
24271.65 0.41 0.0 
25814.28 0.77 0.0 
26892.45 0.37 0.0 
27134.44 0.77 0.0 
27657.59 0.87 0.0 
28685.84 0.75 0.0 
28685.84 0.84 0.0 
30671.68 0.43 0.0 
31049.53 0.31 0.0 
34199.49 0.62 0.0 
34938.13 0.67 0.0 
34938.12 0.88 0.0 
35079.89 0.35 0.0 
38489.17 0.52 0.0 
39628.67 0.43 0.0 
41578.89 0.53 0.0 
41626.56 0.55 0.0 
42268.72 0.62 0.0 
42509.57 0.37 0.0 
43287.18 0.82 0.0 
43828.92 0.59 0.0 
45390.47 0.44 0.0 
45390.09 0.41 0.0 
46424.19 0.48 0.0 
48704.08 0.36 0.0 
48947.08 0.50 0.0 
49570.08 0.32 0.0 
50091.47 0.96 0.0 
50144.44 0.87 0.0 
50091.48 0.73 0.0 
51208.62 0.83 0.0 
53385.97 0.59 0.0 
53385.91 0.81 0.0 
65339.51 0.76 0.0 
67210.96 0.93 0.0 
67210.98 0.97 0.0 
68579.56 0.45 0.0 
68429.60 0.73 0.0 
68470.89 0.32 0.0 
69690.12 0.38 0.0 
70358.40 0.72 0.0 
70358.51 0.45 0.0 
73107.79 0.57 0.0 
76949.37 0.32 0.0 
77653.21 0.45 0.0 
80834.20 0.53 0.0 
81463.97 0.33 0.0 
83699.44 0.44 0.0 
83475.24 0.45 0.0 
84283.64 0.51 0.0 
84794.00 0.38 0.0 
85152.61 0.44 0.0 
86204.53 0.41 0.0 
