321.39 0.35 0.0 
2037.19 0.72 0.0 
2144.58 0.92 0.0 
2152.60 0.57 0.0 
2144.61 0.71 0.0 
2505.87 0.48 0.0 
2755.91 0.33 0.0 
2793.79 0.57 0.0 
3275.71 0.32 0.0 
3415.99 0.31 0.0 
3923.71 0.62 0.0 
4408.00 0.54 0.0 
5743.86 0.44 0.0 
5982.04 0.41 0.0 
6483.97 0.37 0.0 
7099.03 0.47 0.0 
7244.74 0.44 0.0 
7098.95 0.31 0.0 
9527.49 0.45 0.0 
10228.71 0.36 0.0 
10243.30 0.70 0.0 
10182.55 0.60 0.0 
11591.32 0.40 0.0 
14352.03 0.60 0.0 
14352.03 0.46 0.0 
14687.30 0.42 0.0 
14687.28 0.34 0.0 
16545.06 0.90 0.0 
33421.95 0.45 0.0 
33964.27 0.34 0.0 
33964.27 0.49 0.0 
35355.97 0.52 0.0 
35355.97 0.76 0.0 
36163.27 0.41 0.0 
37111.31 0.46 0.0 
37006.21 0.75 0.0 
37111.27 0.33 0.0 
37511.40 0.56 0.0 
41912.32 0.30 0.0 
42728.04 0.36 0.0 
43125.99 0.34 0.0 
43467.43 0.37 0.0 
43574.68 0.39 0.0 
44654.69 0.52 0.0 
45309.28 0.54 0.0 
45399.42 0.82 0.0 
45309.31 0.65 0.0 
45956.95 0.33 0.0 
46281.35 0.36 0.0 
47351.16 0.57 0.0 
47351.23 0.52 0.0 
48162.43 0.44 0.0 
49402.85 0.31 0.0 
50466.23 0.35 0.0 
50466.22 0.45 0.0 
51734.32 0.58 0.0 
52279.29 0.42 0.0 
55048.58 0.41 0.0 
57211.99 0.47 0.0 
62399.66 0.30 0.0 
62897.83 0.33 0.0 
62897.88 0.69 0.0 
63377.79 0.31 0.0 
63444.48 0.46 0.0 
63459.76 0.79 0.0 
64409.12 0.51 0.0 
64750.85 0.31 0.0 
64784.71 0.43 0.0 
64784.72 0.75 0.0 
65306.28 0.36 0.0 
65619.65 0.60 0.0 
66420.88 0.44 0.0 
66570.79 0.32 0.0 
66755.84 0.57 0.0 
66748.87 0.40 0.0 
66755.83 0.77 0.0 
66845.07 0.73 0.0 
66845.08 0.85 0.0 
70616.31 0.30 0.0 
71281.92 0.50 0.0 
71281.99 0.37 0.0 
82803.92 0.38 0.0 
