214.81 0.55 0.0 
148.36 0.58 0.0 
528.15 0.49 0.0 
420.39 0.51 0.0 
528.17 0.47 0.0 
1017.51 0.35 0.0 
1460.23 0.37 0.0 
1335.49 0.40 0.0 
1351.05 0.64 0.0 
1534.69 0.46 0.0 
1460.23 0.41 0.0 
1534.71 0.32 0.0 
1790.88 0.41 0.0 
1982.25 0.51 0.0 
2513.55 0.32 0.0 
2679.69 0.41 0.0 
3065.21 0.31 0.0 
3264.87 0.41 0.0 
3702.61 0.44 0.0 
3702.61 0.46 0.0 
3856.02 0.73 0.0 
3915.83 0.31 0.0 
4925.31 0.49 0.0 
7069.55 0.34 0.0 
8010.87 0.51 0.0 
8223.69 0.49 0.0 
8804.75 0.32 0.0 
9090.71 0.31 0.0 
9457.59 0.32 0.0 
10312.59 0.36 0.0 
11716.35 0.36 0.0 
13570.71 0.31 0.0 
13518.43 0.40 0.0 
14077.31 0.31 0.0 
14369.67 0.36 0.0 
14910.91 0.35 0.0 
17748.53 0.40 0.0 
17748.57 0.30 0.0 
18466.95 0.39 0.0 
18432.99 0.38 0.0 
18539.32 0.58 0.0 
18848.71 0.32 0.0 
19918.87 0.35 0.0 
20111.64 0.62 0.0 
20728.00 0.50 0.0 
20930.51 0.38 0.0 
20876.71 0.39 0.0 
20930.51 0.47 0.0 
21067.23 0.40 0.0 
22139.15 0.54 0.0 
22494.35 0.32 0.0 
23549.91 0.69 0.0 
25137.63 0.31 0.0 
25953.47 0.33 0.0 
26346.25 0.53 0.0 
27005.24 0.54 0.0 
29207.17 0.43 0.0 
29326.35 0.31 0.0 
29430.53 0.50 0.0 
30254.45 0.37 0.0 
30885.73 0.48 0.0 
31130.99 0.37 0.0 
31798.03 0.31 0.0 
32265.69 0.31 0.0 
33251.69 0.31 0.0 
33530.22 0.51 0.0 
33404.19 0.62 0.0 
35595.87 0.43 0.0 
35726.83 0.36 0.0 
36765.89 0.41 0.0 
37593.03 0.34 0.0 
37593.07 0.39 0.0 
37695.74 0.65 0.0 
37757.15 0.31 0.0 
38020.79 0.33 0.0 
39668.87 0.44 0.0 
40368.36 0.42 0.0 
40368.36 0.39 0.0 
42608.99 0.39 0.0 
42609.01 0.37 0.0 
42630.68 0.40 0.0 
42939.80 0.55 0.0 
43103.07 0.31 0.0 
43425.57 0.30 0.0 
43676.11 0.37 0.0 
44167.93 0.40 0.0 
45458.09 0.42 0.0 
45458.07 0.39 0.0 
45584.79 0.31 0.0 
45633.49 0.36 0.0 
45633.49 0.42 0.0 
45740.87 0.39 0.0 
46156.11 0.54 0.0 
47778.40 0.48 0.0 
49038.11 0.30 0.0 
49459.55 0.61 0.0 
49538.23 0.43 0.0 
49796.41 0.35 0.0 
49918.53 0.33 0.0 
50401.03 0.40 0.0 
52213.67 0.32 0.0 
52161.67 0.34 0.0 
52486.15 0.34 0.0 
53040.48 0.31 0.0 
53012.73 0.33 0.0 
52951.61 0.57 0.0 
53144.57 0.44 0.0 
53298.71 0.42 0.0 
53440.03 0.44 0.0 
53454.45 0.31 0.0 
53545.79 0.40 0.0 
53454.59 0.31 0.0 
54107.91 0.33 0.0 
54331.15 0.33 0.0 
54460.31 0.41 0.0 
54908.35 0.34 0.0 
55177.26 0.50 0.0 
55318.37 0.31 0.0 
55464.67 0.36 0.0 
55920.35 0.42 0.0 
56943.49 0.33 0.0 
57130.36 0.50 0.0 
56910.71 0.37 0.0 
57076.07 0.41 0.0 
57130.37 0.32 0.0 
57095.35 0.32 0.0 
57076.05 0.58 0.0 
57602.89 0.36 0.0 
57569.00 0.31 0.0 
57602.95 0.32 0.0 
57870.99 0.39 0.0 
58689.00 0.36 0.0 
58610.47 0.51 0.0 
58928.36 0.32 0.0 
58928.39 0.33 0.0 
59437.78 0.33 0.0 
59437.77 0.50 0.0 
61269.35 0.32 0.0 
61282.10 0.81 0.0 
61282.08 0.83 0.0 
61765.43 0.36 0.0 
63795.97 0.49 0.0 
64270.75 0.30 0.0 
64497.35 0.41 0.0 
64497.40 0.38 0.0 
65569.24 0.36 0.0 
66335.95 0.32 0.0 
66397.94 0.31 0.0 
66917.79 0.34 0.0 
67118.55 0.37 0.0 
67118.59 0.38 0.0 
67698.47 0.40 0.0 
67776.92 0.36 0.0 
69146.15 0.48 0.0 
69580.35 0.36 0.0 
70291.55 0.46 0.0 
70442.92 0.34 0.0 
71822.83 0.38 0.0 
72111.28 0.48 0.0 
72196.99 0.31 0.0 
72521.45 0.36 0.0 
72809.11 0.31 0.0 
73212.27 0.43 0.0 
73234.47 0.31 0.0 
73277.67 0.56 0.0 
73886.55 0.37 0.0 
73886.53 0.54 0.0 
75120.74 0.37 0.0 
75086.91 0.33 0.0 
75189.83 0.31 0.0 
75430.65 0.61 0.0 
75664.85 0.45 0.0 
75664.81 0.51 0.0 
76337.76 0.42 0.0 
76575.59 0.44 0.0 
76519.51 0.51 0.0 
77229.72 0.62 0.0 
77473.53 0.42 0.0 
77586.01 0.31 0.0 
77740.33 0.52 0.0 
77861.55 0.35 0.0 
78126.91 0.42 0.0 
78166.03 0.32 0.0 
78151.61 0.53 0.0 
78410.20 0.38 0.0 
78610.83 0.41 0.0 
78971.29 0.39 0.0 
79048.00 0.54 0.0 
78995.23 0.30 0.0 
79532.35 0.46 0.0 
80266.67 0.31 0.0 
80332.59 0.35 0.0 
80386.40 0.61 0.0 
80693.21 0.41 0.0 
80867.11 0.37 0.0 
80900.37 0.71 0.0 
81318.12 0.47 0.0 
81318.10 0.61 0.0 
81863.35 0.32 0.0 
82381.03 0.35 0.0 
82568.16 0.53 0.0 
82709.20 0.40 0.0 
82668.95 0.34 0.0 
82928.75 0.33 0.0 
83851.61 0.31 0.0 
84247.87 0.32 0.0 
84473.77 0.51 0.0 
84608.87 0.37 0.0 
84633.03 0.45 0.0 
84633.05 0.57 0.0 
84846.57 0.43 0.0 
84846.57 0.47 0.0 
85367.15 0.51 0.0 
85555.81 0.52 0.0 
86046.79 0.33 0.0 
