148.35 0.43 0.0 
419.41 0.40 0.0 
798.33 0.48 0.0 
1437.84 0.35 0.0 
2667.83 0.32 0.0 
4482.93 0.42 0.0 
4603.03 0.31 0.0 
5564.00 0.33 0.0 
5878.20 0.53 0.0 
6194.03 0.31 0.0 
7153.97 0.51 0.0 
8714.15 0.39 0.0 
9898.68 0.35 0.0 
10693.35 0.35 0.0 
11518.63 0.91 0.0 
11804.53 0.44 0.0 
12631.75 0.69 0.0 
13063.85 0.30 0.0 
13567.72 0.85 0.0 
13754.36 0.62 0.0 
13798.41 0.64 0.0 
13739.21 0.49 0.0 
15071.35 0.30 0.0 
15569.20 0.51 0.0 
19168.55 0.31 0.0 
19766.91 0.45 0.0 
19894.03 0.64 0.0 
21449.15 0.34 0.0 
23548.67 0.71 0.0 
23939.29 0.58 0.0 
24861.31 0.32 0.0 
25184.37 0.35 0.0 
26713.75 0.32 0.0 
26663.87 0.30 0.0 
29384.26 0.49 0.0 
30252.43 0.53 0.0 
30914.19 0.49 0.0 
32511.60 0.31 0.0 
33401.48 0.75 0.0 
33703.39 0.65 0.0 
35384.07 0.33 0.0 
37664.15 0.30 0.0 
38458.48 0.34 0.0 
38608.99 0.42 0.0 
39668.85 0.33 0.0 
40078.79 0.38 0.0 
40229.01 0.33 0.0 
42549.19 0.31 0.0 
42733.67 0.35 0.0 
44137.75 0.35 0.0 
44697.11 0.37 0.0 
45357.99 0.49 0.0 
46031.91 0.58 0.0 
46273.75 0.31 0.0 
47242.84 0.48 0.0 
49384.13 0.34 0.0 
49457.88 0.41 0.0 
49482.15 0.91 0.0 
49536.65 0.38 0.0 
49535.99 0.31 0.0 
49536.65 0.49 0.0 
49796.43 0.41 0.0 
53298.65 0.50 0.0 
53870.01 0.51 0.0 
56078.20 0.34 0.0 
58609.20 0.39 0.0 
58960.91 0.33 0.0 
60133.89 0.55 0.0 
61279.85 0.93 0.0 
61279.85 0.88 0.0 
62639.51 0.35 0.0 
62759.29 0.53 0.0 
63747.88 0.43 0.0 
65457.85 0.38 0.0 
66357.77 0.32 0.0 
73184.11 0.60 0.0 
74201.89 0.38 0.0 
74500.77 0.59 0.0 
74579.21 0.51 0.0 
75746.75 0.37 0.0 
75703.51 0.32 0.0 
76064.31 0.46 0.0 
77877.79 0.35 0.0 
79047.95 0.31 0.0 
80291.05 0.66 0.0 
82563.31 0.39 0.0 
85510.99 0.45 0.0 
85555.81 0.66 0.0 
86174.00 0.37 0.0 
