1501.09 0.35 0.0 
2550.76 0.47 0.0 
3405.57 0.34 0.0 
4067.55 0.32 0.0 
4067.55 0.48 0.0 
7950.65 0.48 0.0 
8070.48 0.44 0.0 
11929.23 0.32 0.0 
12375.39 0.36 0.0 
12919.91 0.59 0.0 
12919.97 0.46 0.0 
14419.69 0.51 0.0 
14972.75 0.32 0.0 
17454.32 0.62 0.0 
20212.92 0.33 0.0 
25191.12 0.37 0.0 
27529.03 0.43 0.0 
33169.45 0.55 0.0 
33695.39 0.33 0.0 
37073.89 0.31 0.0 
38130.89 0.41 0.0 
41751.09 0.69 0.0 
42675.91 0.39 0.0 
46382.73 0.46 0.0 
47235.47 0.36 0.0 
49635.87 0.33 0.0 
53356.27 0.60 0.0 
53758.57 0.31 0.0 
55309.61 0.49 0.0 
55309.58 0.52 0.0 
56206.80 0.33 0.0 
56524.40 0.49 0.0 
56835.45 0.48 0.0 
59802.65 0.63 0.0 
60183.17 0.46 0.0 
60410.80 0.39 0.0 
60811.73 0.40 0.0 
61695.59 0.41 0.0 
61692.49 0.51 0.0 
62135.61 0.50 0.0 
63289.99 0.40 0.0 
63452.39 0.37 0.0 
63452.35 0.31 0.0 
64537.88 0.43 0.0 
66241.39 0.31 0.0 
66647.31 0.31 0.0 
67925.73 0.35 0.0 
70130.83 0.40 0.0 
70157.41 0.45 0.0 
70181.67 0.31 0.0 
70065.93 0.37 0.0 
70231.99 0.56 0.0 
72289.96 0.68 0.0 
72586.41 0.54 0.0 
72807.59 0.80 0.0 
72807.58 0.45 0.0 
73182.89 0.61 0.0 
73182.93 0.50 0.0 
74855.23 0.54 0.0 
74855.27 0.48 0.0 
76003.89 0.36 0.0 
79253.79 0.31 0.0 
79980.51 0.35 0.0 
80342.67 0.35 0.0 
80791.57 0.39 0.0 
81767.63 0.38 0.0 
82485.87 0.37 0.0 
83568.11 0.39 0.0 
85620.49 0.74 0.0 
