284.10 0.87 0.0 
105.91 0.47 0.0 
331.09 0.37 0.0 
472.01 0.33 0.0 
553.85 0.37 0.0 
1333.91 0.42 0.0 
1918.28 0.36 0.0 
2036.49 0.50 0.0 
2142.32 0.91 0.0 
2142.32 0.79 0.0 
2804.24 0.64 0.0 
2790.16 0.48 0.0 
3031.73 0.44 0.0 
3333.49 0.39 0.0 
3333.49 0.70 0.0 
3414.35 0.34 0.0 
3414.41 0.39 0.0 
3493.06 0.79 0.0 
3892.56 0.34 0.0 
4318.04 0.53 0.0 
4313.92 0.79 0.0 
5369.04 0.34 0.0 
5631.24 0.37 0.0 
5740.45 0.35 0.0 
5740.44 0.35 0.0 
5743.80 0.44 0.0 
5878.72 0.62 0.0 
6389.41 0.43 0.0 
6482.37 0.39 0.0 
7512.48 0.73 0.0 
8338.13 0.58 0.0 
8609.19 0.35 0.0 
9875.68 0.58 0.0 
10180.31 0.34 0.0 
10180.33 0.33 0.0 
10240.40 0.37 0.0 
10498.56 0.33 0.0 
11743.57 0.37 0.0 
11743.55 0.31 0.0 
12232.65 0.34 0.0 
12654.11 0.54 0.0 
12659.51 0.34 0.0 
12929.03 0.62 0.0 
13825.97 0.32 0.0 
14348.21 0.37 0.0 
14348.24 0.43 0.0 
16541.43 0.66 0.0 
20489.49 0.46 0.0 
20593.71 0.32 0.0 
24808.87 0.36 0.0 
26654.48 0.70 0.0 
28139.46 0.76 0.0 
30760.28 0.35 0.0 
33420.71 0.52 0.0 
33899.48 0.50 0.0 
33962.88 0.36 0.0 
34616.87 0.70 0.0 
35129.49 0.51 0.0 
35474.48 0.65 0.0 
36013.72 0.77 0.0 
36151.09 0.58 0.0 
37507.76 0.32 0.0 
37633.79 0.55 0.0 
38129.06 0.91 0.0 
38647.95 0.31 0.0 
41743.57 0.31 0.0 
41743.60 0.91 0.0 
41935.29 0.40 0.0 
42238.68 0.38 0.0 
42658.65 0.32 0.0 
42883.84 0.78 0.0 
43463.21 0.67 0.0 
43439.42 0.89 0.0 
43463.24 0.53 0.0 
43842.65 0.66 0.0 
45308.13 0.50 0.0 
45398.11 0.31 0.0 
45308.11 0.54 0.0 
45642.73 0.33 0.0 
45599.44 0.72 0.0 
46087.72 0.35 0.0 
46278.56 0.72 0.0 
46278.56 0.37 0.0 
46944.62 0.38 0.0 
46979.16 0.43 0.0 
47845.05 0.31 0.0 
47894.11 0.80 0.0 
48157.20 0.72 0.0 
49136.40 0.45 0.0 
49463.97 0.65 0.0 
49723.37 0.37 0.0 
50219.19 0.54 0.0 
50464.04 0.54 0.0 
50457.40 0.58 0.0 
50464.04 0.43 0.0 
51298.71 0.43 0.0 
51446.56 0.85 0.0 
51414.35 0.43 0.0 
51414.39 0.59 0.0 
51677.63 0.47 0.0 
52859.52 0.38 0.0 
55784.48 0.46 0.0 
56324.44 0.37 0.0 
56261.63 0.91 0.0 
56354.00 0.34 0.0 
57582.91 0.45 0.0 
62396.81 0.32 0.0 
62399.60 0.42 0.0 
63439.16 0.35 0.0 
63464.21 0.43 0.0 
63431.29 0.46 0.0 
64183.97 0.31 0.0 
64289.92 0.37 0.0 
64409.11 0.87 0.0 
64348.60 0.71 0.0 
65084.44 0.37 0.0 
65384.40 0.34 0.0 
65472.71 0.33 0.0 
65618.61 0.57 0.0 
65548.99 0.32 0.0 
65618.63 0.81 0.0 
65623.43 0.40 0.0 
65863.99 0.69 0.0 
66313.69 0.80 0.0 
66751.39 0.67 0.0 
66748.84 0.32 0.0 
66822.24 0.37 0.0 
66751.40 0.72 0.0 
66843.13 0.32 0.0 
66843.09 0.48 0.0 
67107.89 0.51 0.0 
67619.33 0.31 0.0 
68086.65 0.36 0.0 
70662.57 0.57 0.0 
71272.25 0.43 0.0 
78209.53 0.31 0.0 
83083.42 0.41 0.0 
83038.45 0.31 0.0 
83654.31 0.31 0.0 
