7168.69 0.37 0.0 
9763.92 0.83 0.0 
12019.61 0.50 0.0 
25408.80 0.32 0.0 
27869.17 0.44 0.0 
27822.56 0.41 0.0 
28438.69 0.82 0.0 
28618.97 0.69 0.0 
34003.98 0.93 0.0 
34031.48 0.52 0.0 
34510.54 0.36 0.0 
34661.12 0.38 0.0 
35297.31 0.38 0.0 
40122.35 0.72 0.0 
42466.46 0.45 0.0 
43171.17 0.49 0.0 
43468.12 0.78 0.0 
43708.80 0.40 0.0 
44894.25 0.40 0.0 
46402.48 0.33 0.0 
51432.97 0.54 0.0 
52202.33 0.33 0.0 
54220.25 0.72 0.0 
63379.65 0.49 0.0 
65009.49 0.55 0.0 
67919.09 0.50 0.0 
70395.71 0.56 0.0 
79872.59 0.49 0.0 
81116.69 0.55 0.0 
81453.85 0.37 0.0 
83984.51 0.78 0.0 
85349.51 0.85 0.0 
85483.93 0.39 0.0 
