136.13 0.44 0.0 
250.89 0.31 0.0 
879.95 0.35 0.0 
1162.27 0.30 0.0 
1096.91 0.55 0.0 
1447.11 0.44 0.0 
1597.30 0.77 0.0 
1597.30 0.70 0.0 
1816.95 0.50 0.0 
1893.85 0.52 0.0 
1920.47 0.44 0.0 
2281.22 0.56 0.0 
3232.31 0.52 0.0 
3190.43 0.49 0.0 
4517.01 0.52 0.0 
4474.82 0.52 0.0 
5043.07 0.83 0.0 
5529.82 0.75 0.0 
5529.87 0.42 0.0 
5535.59 0.35 0.0 
5625.87 0.39 0.0 
6061.75 0.65 0.0 
6592.81 0.62 0.0 
6592.80 0.57 0.0 
6932.07 0.42 0.0 
6928.91 0.34 0.0 
7124.19 0.57 0.0 
7311.10 0.55 0.0 
7311.05 0.36 0.0 
7351.09 0.40 0.0 
7766.71 0.52 0.0 
7690.51 0.43 0.0 
7892.67 0.36 0.0 
7874.51 0.50 0.0 
7874.53 0.32 0.0 
8139.97 0.66 0.0 
8140.00 0.70 0.0 
8154.21 0.34 0.0 
8295.56 0.59 0.0 
8453.97 0.47 0.0 
8453.97 0.68 0.0 
9514.90 0.52 0.0 
9681.65 0.67 0.0 
9681.64 0.63 0.0 
10277.47 0.45 0.0 
10277.47 0.37 0.0 
10370.37 0.43 0.0 
10491.29 0.44 0.0 
10562.77 0.35 0.0 
10491.27 0.55 0.0 
10608.85 0.34 0.0 
10606.70 0.31 0.0 
10608.91 0.66 0.0 
11399.99 0.34 0.0 
11647.52 0.40 0.0 
12201.27 0.38 0.0 
12436.77 0.50 0.0 
12682.15 0.44 0.0 
12549.39 0.41 0.0 
12549.39 0.34 0.0 
12756.63 0.42 0.0 
12928.63 0.31 0.0 
12795.77 0.36 0.0 
12928.25 0.35 0.0 
13201.23 0.35 0.0 
13295.11 0.33 0.0 
13301.00 0.64 0.0 
13412.47 0.60 0.0 
13662.07 0.38 0.0 
13725.51 0.31 0.0 
14512.81 0.42 0.0 
14781.29 0.60 0.0 
14781.29 0.53 0.0 
14888.19 0.36 0.0 
14901.48 0.59 0.0 
15102.40 0.46 0.0 
15102.41 0.57 0.0 
15211.03 0.36 0.0 
15396.75 0.34 0.0 
15396.76 0.36 0.0 
15921.70 0.50 0.0 
15781.79 0.51 0.0 
15977.43 0.31 0.0 
16140.85 0.64 0.0 
16861.51 0.35 0.0 
17117.63 0.49 0.0 
17128.40 0.66 0.0 
17033.97 0.52 0.0 
17128.40 0.64 0.0 
17373.31 0.33 0.0 
17345.42 0.53 0.0 
17345.39 0.46 0.0 
17619.77 0.45 0.0 
17619.81 0.44 0.0 
17549.51 0.43 0.0 
17866.26 0.73 0.0 
17866.25 0.65 0.0 
18403.71 0.37 0.0 
18806.75 0.42 0.0 
18806.71 0.36 0.0 
19219.35 0.40 0.0 
19840.99 0.41 0.0 
19849.91 0.40 0.0 
19847.13 0.36 0.0 
19849.92 0.55 0.0 
19854.44 0.70 0.0 
20331.19 0.41 0.0 
20431.51 0.33 0.0 
20331.17 0.50 0.0 
20401.93 0.61 0.0 
20431.49 0.67 0.0 
21114.87 0.37 0.0 
21271.71 0.32 0.0 
21293.71 0.47 0.0 
21298.03 0.33 0.0 
21310.25 0.50 0.0 
21375.94 0.85 0.0 
21382.05 0.43 0.0 
21298.00 0.82 0.0 
21616.31 0.49 0.0 
21616.29 0.44 0.0 
21855.95 0.40 0.0 
22408.74 0.71 0.0 
22382.73 0.45 0.0 
22408.73 0.71 0.0 
22473.92 0.45 0.0 
22468.99 0.48 0.0 
22811.11 0.45 0.0 
23008.47 0.49 0.0 
23012.26 0.77 0.0 
23121.89 0.38 0.0 
23008.47 0.47 0.0 
23097.99 0.32 0.0 
23167.99 0.37 0.0 
23340.52 0.92 0.0 
23500.66 0.54 0.0 
23596.60 0.76 0.0 
23551.81 0.58 0.0 
23551.82 0.82 0.0 
23757.55 0.51 0.0 
23991.03 0.64 0.0 
23991.04 0.82 0.0 
24030.73 0.59 0.0 
24659.65 0.35 0.0 
24856.21 0.45 0.0 
25051.76 0.64 0.0 
25114.81 0.56 0.0 
25787.79 0.32 0.0 
25787.77 0.52 0.0 
25857.07 0.32 0.0 
25907.57 0.71 0.0 
25942.91 0.75 0.0 
25938.41 0.64 0.0 
25942.85 0.37 0.0 
26274.40 0.59 0.0 
26366.12 0.88 0.0 
26274.43 0.79 0.0 
26366.10 0.85 0.0 
26509.27 0.50 0.0 
26456.81 0.50 0.0 
26509.32 0.59 0.0 
26532.16 0.43 0.0 
27347.44 0.34 0.0 
27988.51 0.50 0.0 
27988.55 0.42 0.0 
28089.72 0.50 0.0 
28089.72 0.56 0.0 
28287.77 0.52 0.0 
28287.75 0.41 0.0 
28724.47 0.44 0.0 
28827.69 0.35 0.0 
29261.16 0.79 0.0 
29261.16 0.59 0.0 
29219.57 0.53 0.0 
29222.57 0.33 0.0 
29266.14 0.77 0.0 
29426.20 0.50 0.0 
29913.79 0.66 0.0 
29913.84 0.49 0.0 
30584.93 0.32 0.0 
30584.91 0.57 0.0 
30750.68 0.45 0.0 
30757.37 0.44 0.0 
30845.38 0.62 0.0 
30852.20 0.87 0.0 
30870.46 0.82 0.0 
30905.37 0.48 0.0 
30977.85 0.31 0.0 
30852.13 0.31 0.0 
30905.41 0.46 0.0 
31169.13 0.37 0.0 
31908.21 0.31 0.0 
31727.77 0.34 0.0 
31732.91 0.35 0.0 
32267.87 0.39 0.0 
33750.73 0.72 0.0 
33766.47 0.40 0.0 
33778.67 0.43 0.0 
34531.95 0.58 0.0 
34559.39 0.32 0.0 
35969.31 0.30 0.0 
35898.94 0.75 0.0 
35898.97 0.47 0.0 
36858.90 0.51 0.0 
36858.93 0.58 0.0 
37160.63 0.44 0.0 
37028.83 0.32 0.0 
37855.97 0.43 0.0 
37855.97 0.58 0.0 
38835.47 0.30 0.0 
40143.91 0.41 0.0 
46750.97 0.76 0.0 
46754.93 0.44 0.0 
49559.87 0.42 0.0 
50992.35 0.36 0.0 
51309.99 0.33 0.0 
51309.95 0.51 0.0 
51736.35 0.51 0.0 
52503.84 0.48 0.0 
52503.82 0.50 0.0 
53912.16 0.36 0.0 
54829.31 0.37 0.0 
54835.71 0.37 0.0 
58158.19 0.43 0.0 
58261.69 0.52 0.0 
58919.73 0.51 0.0 
61440.82 0.45 0.0 
70430.16 0.35 0.0 
85686.01 0.64 0.0 
85625.97 0.90 0.0 
85625.95 0.83 0.0 
85685.99 0.59 0.0 
