316.43 0.36 0.0 
2758.43 0.45 0.0 
2895.46 0.73 0.0 
2900.59 0.41 0.0 
2895.49 0.33 0.0 
2966.31 0.37 0.0 
3121.20 0.49 0.0 
3219.69 0.48 0.0 
3291.25 0.33 0.0 
3669.83 0.32 0.0 
13062.63 0.33 0.0 
13951.41 0.34 0.0 
15401.51 0.36 0.0 
15810.75 0.30 0.0 
23020.47 0.38 0.0 
28114.49 0.50 0.0 
28121.49 0.50 0.0 
40561.61 0.43 0.0 
43065.68 0.61 0.0 
44352.67 0.55 0.0 
46080.63 0.47 0.0 
64547.63 0.36 0.0 
66359.63 0.49 0.0 
68674.63 0.35 0.0 
68832.45 0.54 0.0 
69557.63 0.37 0.0 
72452.17 0.40 0.0 
86070.55 0.49 0.0 
