666.37 0.67 0.0 
666.33 0.56 0.0 
1767.57 0.87 0.0 
2892.41 0.49 0.0 
3187.03 0.38 0.0 
3550.15 0.34 0.0 
3686.56 0.41 0.0 
3686.56 0.73 0.0 
6341.15 0.34 0.0 
8006.60 0.34 0.0 
8877.77 0.38 0.0 
10122.80 0.66 0.0 
14573.63 0.73 0.0 
15275.27 0.62 0.0 
18411.89 0.43 0.0 
18411.85 0.31 0.0 
18868.47 0.40 0.0 
21822.32 0.62 0.0 
23020.57 0.39 0.0 
23156.64 0.72 0.0 
24558.89 0.32 0.0 
24558.88 0.69 0.0 
24505.79 0.64 0.0 
24865.88 0.52 0.0 
27343.00 0.33 0.0 
27236.97 0.62 0.0 
27596.88 0.38 0.0 
27941.29 0.43 0.0 
28739.33 0.40 0.0 
29982.31 0.62 0.0 
31604.52 0.75 0.0 
32717.53 0.65 0.0 
32717.56 0.72 0.0 
33001.83 0.77 0.0 
33001.87 0.62 0.0 
37235.13 0.47 0.0 
38155.43 0.59 0.0 
38436.80 0.33 0.0 
39610.85 0.46 0.0 
40123.71 0.34 0.0 
43469.07 0.43 0.0 
47261.03 0.51 0.0 
48315.56 0.62 0.0 
48321.36 0.92 0.0 
50485.81 0.42 0.0 
51279.76 0.31 0.0 
51371.12 0.51 0.0 
53288.43 0.77 0.0 
78458.03 0.74 0.0 
78352.60 0.51 0.0 
78499.65 0.32 0.0 
79572.41 0.32 0.0 
83640.13 0.32 0.0 
84898.47 0.31 0.0 
84908.76 0.86 0.0 
84908.75 0.55 0.0 
85257.03 0.44 0.0 
85655.56 0.56 0.0 
85713.64 0.40 0.0 
86064.68 0.35 0.0 
86203.59 0.51 0.0 
86218.73 0.48 0.0 
86169.85 0.63 0.0 
