670.38 0.83 0.0 
670.38 0.83 0.0 
2177.98 0.71 0.0 
3688.47 0.57 0.0 
4006.55 0.41 0.0 
5087.00 0.81 0.0 
6602.91 0.55 0.0 
6975.96 0.69 0.0 
6975.95 0.44 0.0 
8271.76 0.75 0.0 
8271.76 0.78 0.0 
8519.81 0.75 0.0 
10122.83 0.72 0.0 
10729.42 0.82 0.0 
11025.43 0.34 0.0 
11133.59 0.31 0.0 
12506.81 0.35 0.0 
12595.42 0.66 0.0 
14573.64 0.83 0.0 
15083.19 0.62 0.0 
15638.36 0.69 0.0 
17663.60 0.73 0.0 
17663.63 0.32 0.0 
18543.77 0.37 0.0 
20907.23 0.45 0.0 
21077.19 0.38 0.0 
21136.07 0.60 0.0 
21136.08 0.31 0.0 
21491.03 0.33 0.0 
23157.74 0.42 0.0 
23299.17 0.64 0.0 
23751.81 0.42 0.0 
24142.30 0.63 0.0 
24152.83 0.36 0.0 
25295.86 0.76 0.0 
25371.43 0.42 0.0 
28128.85 0.45 0.0 
28233.64 0.73 0.0 
28233.62 0.85 0.0 
28697.55 0.81 0.0 
28743.63 0.54 0.0 
28743.64 0.68 0.0 
28697.56 0.60 0.0 
29496.43 0.32 0.0 
31294.55 0.73 0.0 
32460.89 0.76 0.0 
32460.93 0.69 0.0 
32718.03 0.35 0.0 
32733.26 0.87 0.0 
32718.03 0.90 0.0 
32805.21 0.63 0.0 
32733.27 0.75 0.0 
34101.35 0.39 0.0 
36690.71 0.48 0.0 
36690.71 0.31 0.0 
37079.35 0.48 0.0 
37325.85 0.51 0.0 
39247.61 0.76 0.0 
39499.04 0.65 0.0 
40831.70 0.83 0.0 
42618.66 0.72 0.0 
45296.91 0.31 0.0 
46368.21 0.67 0.0 
47260.99 0.61 0.0 
48321.34 0.87 0.0 
48338.55 0.37 0.0 
48965.84 0.70 0.0 
51371.14 0.66 0.0 
52145.16 0.76 0.0 
52145.18 0.49 0.0 
53288.44 0.75 0.0 
54665.38 0.69 0.0 
54717.05 0.38 0.0 
54717.03 0.38 0.0 
75970.50 0.69 0.0 
78458.06 0.83 0.0 
81498.14 0.35 0.0 
83227.45 0.60 0.0 
83649.20 0.74 0.0 
84091.18 0.67 0.0 
84151.35 0.35 0.0 
84091.16 0.83 0.0 
84656.63 0.36 0.0 
84910.69 0.47 0.0 
85660.69 0.61 0.0 
85611.11 0.40 0.0 
85713.51 0.32 0.0 
85660.67 0.33 0.0 
85877.17 0.52 0.0 
85982.65 0.43 0.0 
86218.78 0.51 0.0 
