6883.83 0.48 0.0 
18644.28 0.47 0.0 
21808.91 0.63 0.0 
30885.75 0.98 0.0 
30885.74 0.98 0.0 
31514.09 0.99 0.0 
31426.80 0.84 0.0 
31514.08 0.99 0.0 
31634.86 0.98 0.0 
32742.12 0.62 0.0 
32743.36 0.68 0.0 
32696.72 0.99 0.0 
32696.72 0.99 0.0 
32862.20 0.98 0.0 
32813.04 0.88 0.0 
32819.08 0.69 0.0 
32833.97 0.75 0.0 
32841.76 0.60 0.0 
32768.65 0.99 0.0 
32813.04 0.89 0.0 
32768.64 0.99 0.0 
32862.20 0.99 0.0 
33028.59 0.98 0.0 
33090.64 0.97 0.0 
33062.88 0.91 0.0 
33062.88 0.79 0.0 
33018.16 0.38 0.0 
33028.57 0.82 0.0 
33202.90 0.99 0.0 
33177.27 0.54 0.0 
33090.64 0.98 0.0 
33202.90 0.99 0.0 
33186.60 0.81 0.0 
33320.36 0.92 0.0 
33320.36 0.91 0.0 
33227.17 0.56 0.0 
33514.84 0.99 0.0 
33514.84 0.99 0.0 
33455.64 0.65 0.0 
33532.32 0.51 0.0 
33647.80 0.49 0.0 
33647.80 0.89 0.0 
33856.36 0.70 0.0 
34062.87 0.58 0.0 
34064.12 0.73 0.0 
34148.05 0.64 0.0 
34148.04 0.68 0.0 
34465.63 0.70 0.0 
34465.65 0.31 0.0 
38751.92 0.98 0.0 
38751.92 0.99 0.0 
40154.23 0.34 0.0 
42448.85 0.44 0.0 
46495.84 0.72 0.0 
52617.25 0.32 0.0 
52617.25 0.39 0.0 
55008.38 0.98 0.0 
55008.38 0.98 0.0 
58276.48 0.91 0.0 
58276.48 0.93 0.0 
59834.23 0.59 0.0 
59896.24 0.99 0.0 
59896.24 0.99 0.0 
68939.11 0.54 0.0 
70363.25 0.36 0.0 
70377.12 0.38 0.0 
71496.55 0.91 0.0 
71558.40 0.98 0.0 
71558.40 0.95 0.0 
71496.56 0.89 0.0 
72325.45 0.32 0.0 
73199.21 0.62 0.0 
74537.20 0.41 0.0 
74593.24 0.64 0.0 
74758.68 0.33 0.0 
75916.99 0.67 0.0 
75917.00 0.32 0.0 
76587.83 0.35 0.0 
77627.71 0.34 0.0 
79183.47 0.38 0.0 
79213.89 0.34 0.0 
79271.29 0.45 0.0 
79765.95 0.53 0.0 
80836.83 0.46 0.0 
81821.75 0.35 0.0 
81851.39 0.78 0.0 
82353.68 0.33 0.0 
82979.12 0.58 0.0 
83412.71 0.52 0.0 
83412.67 0.32 0.0 
83680.60 0.50 0.0 
84716.67 0.59 0.0 
84733.95 0.45 0.0 
85329.99 0.42 0.0 
