462.27 0.60 0.0 
654.40 0.35 0.0 
2894.73 0.67 0.0 
3824.12 0.60 0.0 
13288.41 0.34 0.0 
13918.88 0.30 0.0 
16302.21 0.30 0.0 
21223.28 0.64 0.0 
21929.52 0.62 0.0 
22184.24 0.37 0.0 
23027.08 0.38 0.0 
24468.93 0.33 0.0 
26443.87 0.30 0.0 
30116.84 0.32 0.0 
32747.65 0.56 0.0 
32726.16 0.79 0.0 
32730.18 0.95 0.0 
32747.65 0.58 0.0 
32726.16 0.48 0.0 
32802.11 0.73 0.0 
41399.59 0.78 0.0 
41576.52 0.34 0.0 
45492.57 0.39 0.0 
48494.03 0.39 0.0 
50639.57 0.60 0.0 
58784.24 0.41 0.0 
60221.51 0.39 0.0 
61198.33 0.33 0.0 
80516.71 0.45 0.0 
81356.08 0.31 0.0 
82831.64 0.47 0.0 
84424.59 0.62 0.0 
84424.60 0.63 0.0 
84899.60 0.62 0.0 
85253.73 0.49 0.0 
85790.25 0.36 0.0 
85782.09 0.42 0.0 
