9842.43 0.33 0.0 
13943.91 0.50 0.0 
30886.99 0.95 0.0 
30887.00 0.94 0.0 
31515.36 0.93 0.0 
31515.35 0.97 0.0 
31428.04 0.43 0.0 
31636.12 0.89 0.0 
31636.12 0.96 0.0 
32697.98 0.96 0.0 
32697.98 0.96 0.0 
32863.48 0.95 0.0 
32814.32 0.72 0.0 
32743.39 0.76 0.0 
32835.20 0.32 0.0 
32842.99 0.41 0.0 
32769.91 0.97 0.0 
32814.32 0.58 0.0 
32769.91 0.96 0.0 
32863.47 0.96 0.0 
33029.84 0.95 0.0 
33091.87 0.94 0.0 
33064.11 0.48 0.0 
33029.83 0.59 0.0 
33204.15 0.97 0.0 
33091.88 0.96 0.0 
33204.15 0.97 0.0 
33187.84 0.55 0.0 
33321.58 0.94 0.0 
33321.60 0.67 0.0 
33516.10 0.96 0.0 
33516.08 0.96 0.0 
33456.88 0.52 0.0 
33649.03 0.81 0.0 
38753.16 0.97 0.0 
38753.15 0.97 0.0 
41473.31 0.31 0.0 
52617.84 0.88 0.0 
52617.83 0.94 0.0 
55009.64 0.96 0.0 
55009.64 0.96 0.0 
58277.55 0.52 0.0 
58277.55 0.60 0.0 
59897.50 0.97 0.0 
59897.50 0.96 0.0 
71161.14 0.35 0.0 
71497.83 0.58 0.0 
71559.63 0.96 0.0 
71559.63 0.94 0.0 
71497.84 0.36 0.0 
75453.31 0.32 0.0 
75920.07 0.32 0.0 
77028.87 0.43 0.0 
79006.63 0.32 0.0 
84673.91 0.36 0.0 
86058.23 0.33 0.0 
