145.57 0.79 0.0 
239.44 0.93 0.0 
2369.00 0.57 0.0 
2954.52 0.59 0.0 
3112.57 0.43 0.0 
3344.41 0.64 0.0 
4079.52 0.56 0.0 
4229.51 0.59 0.0 
4274.24 0.34 0.0 
4618.32 0.62 0.0 
7541.09 0.49 0.0 
7964.11 0.67 0.0 
8039.11 0.42 0.0 
8383.05 0.39 0.0 
9809.56 0.37 0.0 
10528.92 0.41 0.0 
11939.51 0.53 0.0 
13364.56 0.53 0.0 
13904.57 0.39 0.0 
16063.92 0.37 0.0 
16469.49 0.50 0.0 
17969.59 0.72 0.0 
18778.96 0.34 0.0 
18867.01 0.53 0.0 
19181.44 0.55 0.0 
21134.57 0.35 0.0 
21388.67 0.94 0.0 
21523.24 0.62 0.0 
21553.23 0.33 0.0 
22113.49 0.48 0.0 
22751.63 0.41 0.0 
22993.38 0.94 0.0 
24999.39 0.36 0.0 
25019.49 0.46 0.0 
26246.76 0.66 0.0 
30147.61 0.38 0.0 
30328.35 0.46 0.0 
31075.39 0.46 0.0 
31075.47 0.45 0.0 
31707.39 0.41 0.0 
32037.83 0.50 0.0 
33743.51 0.95 0.0 
34927.45 0.67 0.0 
34927.39 0.36 0.0 
35723.37 0.72 0.0 
36041.81 0.36 0.0 
38159.22 0.79 0.0 
38380.92 0.38 0.0 
38439.88 0.80 0.0 
38334.69 0.36 0.0 
38485.05 0.31 0.0 
39300.95 0.33 0.0 
39324.93 0.34 0.0 
39565.27 0.40 0.0 
41279.12 0.44 0.0 
41549.12 0.35 0.0 
41626.81 0.34 0.0 
41863.05 0.91 0.0 
42179.35 0.55 0.0 
43378.05 0.47 0.0 
43468.89 0.57 0.0 
43393.25 0.43 0.0 
44440.76 0.47 0.0 
44893.69 0.56 0.0 
44990.03 0.37 0.0 
45311.51 0.47 0.0 
45868.54 0.36 0.0 
48162.64 0.57 0.0 
48054.60 0.95 0.0 
48054.60 0.51 0.0 
49281.21 0.37 0.0 
49281.19 0.81 0.0 
49739.41 0.84 0.0 
49810.75 0.45 0.0 
49813.23 0.71 0.0 
50276.72 0.84 0.0 
51389.09 0.35 0.0 
51373.39 0.48 0.0 
51874.00 0.44 0.0 
51874.00 0.69 0.0 
52163.32 0.33 0.0 
52154.25 0.31 0.0 
53144.12 0.93 0.0 
53725.09 0.40 0.0 
53910.96 0.67 0.0 
54433.89 0.49 0.0 
55155.25 0.49 0.0 
55200.16 0.33 0.0 
55980.74 0.96 0.0 
55980.74 0.96 0.0 
58004.08 0.61 0.0 
60014.08 0.31 0.0 
64725.35 0.46 0.0 
65543.91 0.98 0.0 
65543.91 0.98 0.0 
67828.51 0.71 0.0 
68924.55 0.73 0.0 
69284.20 0.84 0.0 
71759.12 0.32 0.0 
74997.48 0.84 0.0 
75029.28 0.62 0.0 
75283.99 0.42 0.0 
75208.87 0.68 0.0 
77112.75 0.74 0.0 
78479.56 0.44 0.0 
78974.53 0.31 0.0 
80024.51 0.49 0.0 
80564.01 0.76 0.0 
81944.08 0.69 0.0 
82248.76 0.34 0.0 
82783.64 0.62 0.0 
82830.57 0.33 0.0 
82830.55 0.54 0.0 
82864.04 0.54 0.0 
83075.76 0.34 0.0 
83173.65 0.76 0.0 
83173.63 0.80 0.0 
