145.56 0.36 0.0 
2466.60 0.56 0.0 
2893.31 0.52 0.0 
3113.75 0.65 0.0 
5853.85 0.31 0.0 
7518.27 0.39 0.0 
7897.11 0.36 0.0 
14911.61 0.39 0.0 
17956.22 0.50 0.0 
17956.20 0.38 0.0 
30061.19 0.33 0.0 
31077.83 0.64 0.0 
31077.83 0.74 0.0 
31888.07 0.32 0.0 
33743.55 0.78 0.0 
34245.49 0.43 0.0 
34402.93 0.32 0.0 
34513.81 0.33 0.0 
34929.85 0.59 0.0 
34929.83 0.48 0.0 
38339.79 0.40 0.0 
38453.71 0.35 0.0 
41148.15 0.39 0.0 
41863.52 0.84 0.0 
43378.84 0.41 0.0 
45311.67 0.34 0.0 
45416.58 0.48 0.0 
49813.27 0.72 0.0 
52167.27 0.48 0.0 
53313.68 0.72 0.0 
54345.40 0.52 0.0 
54537.69 0.31 0.0 
55156.27 0.44 0.0 
55983.50 0.93 0.0 
55983.48 0.92 0.0 
56934.51 0.40 0.0 
62431.87 0.55 0.0 
65546.85 0.96 0.0 
65546.86 0.96 0.0 
73877.19 0.37 0.0 
77112.77 0.72 0.0 
79444.23 0.61 0.0 
79444.27 0.46 0.0 
81087.24 0.33 0.0 
81087.23 0.63 0.0 
82335.92 0.82 0.0 
82834.31 0.32 0.0 
83076.55 0.31 0.0 
83076.53 0.65 0.0 
83174.64 0.78 0.0 
83174.69 0.65 0.0 
83256.59 0.40 0.0 
83190.80 0.85 0.0 
