1401.07 0.91 0.0 
1401.04 0.83 0.0 
2883.29 0.35 0.0 
2885.99 0.37 0.0 
3821.26 0.90 0.0 
3821.24 0.76 0.0 
3829.34 0.30 0.0 
3775.84 0.33 0.0 
3825.62 0.80 0.0 
4091.95 0.69 0.0 
4858.71 0.92 0.0 
4854.36 0.47 0.0 
6222.39 0.90 0.0 
6222.41 0.35 0.0 
8066.25 0.40 0.0 
8066.21 0.76 0.0 
8006.08 0.50 0.0 
9192.96 0.32 0.0 
9833.88 0.87 0.0 
9833.88 0.74 0.0 
10810.63 0.40 0.0 
10810.65 0.59 0.0 
10870.30 0.53 0.0 
10870.29 0.36 0.0 
11095.99 0.88 0.0 
11095.97 0.71 0.0 
12381.01 0.57 0.0 
12381.01 0.68 0.0 
13328.66 0.60 0.0 
13328.60 0.84 0.0 
13529.29 0.44 0.0 
13529.28 0.64 0.0 
14264.45 0.53 0.0 
14683.93 0.33 0.0 
14690.67 0.39 0.0 
14900.37 0.30 0.0 
15458.21 0.53 0.0 
15548.29 0.43 0.0 
15867.03 0.88 0.0 
15870.09 0.41 0.0 
16032.57 0.79 0.0 
16032.57 0.36 0.0 
16423.09 0.43 0.0 
16511.72 0.81 0.0 
16959.17 0.62 0.0 
17159.00 0.34 0.0 
17380.13 0.38 0.0 
17795.42 0.33 0.0 
18232.01 0.48 0.0 
18629.61 0.72 0.0 
18629.59 0.92 0.0 
18674.53 0.70 0.0 
19495.12 0.78 0.0 
19896.63 0.95 0.0 
19896.63 0.96 0.0 
20333.80 0.67 0.0 
20333.80 0.69 0.0 
20748.96 0.63 0.0 
20748.96 0.70 0.0 
21154.86 0.47 0.0 
21193.39 0.44 0.0 
21306.83 0.55 0.0 
21608.17 0.52 0.0 
21608.13 0.44 0.0 
22025.76 0.49 0.0 
22025.76 0.39 0.0 
22434.56 0.79 0.0 
22434.57 0.88 0.0 
22541.57 0.74 0.0 
22958.81 0.60 0.0 
22844.89 0.69 0.0 
23243.91 0.95 0.0 
23243.92 0.93 0.0 
23661.07 0.34 0.0 
23661.13 0.40 0.0 
23696.70 0.82 0.0 
24088.94 0.82 0.0 
24088.93 0.94 0.0 
24462.97 0.46 0.0 
24505.10 0.42 0.0 
24505.09 0.90 0.0 
24763.17 0.63 0.0 
24807.44 0.53 0.0 
24948.10 0.46 0.0 
24948.13 0.40 0.0 
25017.93 0.32 0.0 
25484.41 0.63 0.0 
25437.01 0.63 0.0 
25370.00 0.33 0.0 
25437.02 0.34 0.0 
25968.93 0.57 0.0 
26599.98 0.31 0.0 
26599.99 0.84 0.0 
26930.21 0.59 0.0 
26930.21 0.38 0.0 
27365.92 0.81 0.0 
27365.92 0.65 0.0 
27639.46 0.36 0.0 
27768.90 0.60 0.0 
27768.86 0.63 0.0 
28282.71 0.75 0.0 
28282.72 0.84 0.0 
28678.56 0.93 0.0 
28763.34 0.63 0.0 
28763.36 0.69 0.0 
28952.61 0.40 0.0 
28961.93 0.54 0.0 
28962.09 0.34 0.0 
29248.81 0.81 0.0 
29248.79 0.92 0.0 
29746.08 0.55 0.0 
29746.08 0.72 0.0 
30315.59 0.89 0.0 
30315.61 0.77 0.0 
30912.00 0.82 0.0 
30912.01 0.72 0.0 
31467.36 0.90 0.0 
31467.36 0.94 0.0 
32028.58 0.82 0.0 
32028.60 0.78 0.0 
32613.73 0.61 0.0 
32613.72 0.65 0.0 
32719.07 0.82 0.0 
32736.33 0.86 0.0 
32736.31 0.94 0.0 
32719.07 0.87 0.0 
33145.64 0.57 0.0 
33145.62 0.86 0.0 
33757.68 0.67 0.0 
33757.68 0.69 0.0 
34371.16 0.79 0.0 
34371.16 0.74 0.0 
34731.06 0.78 0.0 
35017.36 0.43 0.0 
35017.37 0.50 0.0 
35692.85 0.38 0.0 
36374.25 0.54 0.0 
36374.23 0.94 0.0 
37041.45 0.75 0.0 
37041.44 0.32 0.0 
37715.03 0.45 0.0 
38392.05 0.34 0.0 
38392.01 0.33 0.0 
39045.05 0.39 0.0 
39679.04 0.56 0.0 
40075.69 0.39 0.0 
40093.97 0.36 0.0 
40305.22 0.74 0.0 
40305.21 0.80 0.0 
40277.81 0.49 0.0 
40583.69 0.32 0.0 
40511.84 0.32 0.0 
40511.84 0.73 0.0 
40799.21 0.40 0.0 
40813.49 0.32 0.0 
40912.81 0.56 0.0 
41223.31 0.35 0.0 
41386.69 0.33 0.0 
41517.51 0.92 0.0 
41517.54 0.71 0.0 
41671.93 0.62 0.0 
41682.93 0.33 0.0 
41671.96 0.50 0.0 
41682.88 0.33 0.0 
41692.00 0.34 0.0 
42000.75 0.58 0.0 
42050.61 0.32 0.0 
42239.10 0.84 0.0 
42179.11 0.50 0.0 
42195.06 0.43 0.0 
42735.85 0.32 0.0 
42807.00 0.57 0.0 
42806.99 0.87 0.0 
42943.95 0.41 0.0 
42963.04 0.34 0.0 
42914.57 0.58 0.0 
42963.08 0.49 0.0 
43425.86 0.38 0.0 
43425.85 0.33 0.0 
44028.61 0.41 0.0 
44588.37 0.41 0.0 
46424.08 0.37 0.0 
47078.45 0.40 0.0 
47078.45 0.36 0.0 
47622.54 0.80 0.0 
48196.03 0.45 0.0 
48779.59 0.72 0.0 
48779.69 0.49 0.0 
49409.27 0.92 0.0 
49945.61 0.49 0.0 
50523.88 0.44 0.0 
51157.42 0.52 0.0 
51673.75 0.42 0.0 
51777.73 0.92 0.0 
51777.81 0.31 0.0 
52315.99 0.88 0.0 
52316.04 0.68 0.0 
52881.17 0.43 0.0 
52881.12 0.65 0.0 
53462.33 0.34 0.0 
53462.33 0.31 0.0 
54100.79 0.87 0.0 
54100.77 0.54 0.0 
54150.12 0.49 0.0 
54287.13 0.37 0.0 
54694.73 0.60 0.0 
54694.76 0.40 0.0 
55879.21 0.48 0.0 
56459.48 0.94 0.0 
56938.12 0.33 0.0 
56938.09 0.59 0.0 
57058.78 0.91 0.0 
57698.68 0.66 0.0 
58319.97 0.52 0.0 
58981.29 0.30 0.0 
58981.32 0.49 0.0 
59619.20 0.71 0.0 
59619.21 0.31 0.0 
60941.39 0.88 0.0 
60941.35 0.52 0.0 
61559.31 0.92 0.0 
61559.33 0.48 0.0 
62606.49 0.50 0.0 
62874.21 0.49 0.0 
63606.32 0.47 0.0 
64272.56 0.78 0.0 
65007.63 0.45 0.0 
65007.64 0.87 0.0 
65650.91 0.56 0.0 
65650.85 0.72 0.0 
66359.77 0.55 0.0 
68578.25 0.89 0.0 
69342.55 0.77 0.0 
69989.88 0.34 0.0 
70622.93 0.52 0.0 
70622.89 0.35 0.0 
71278.37 0.87 0.0 
71958.59 0.60 0.0 
71958.69 0.55 0.0 
72405.21 0.60 0.0 
72694.36 0.45 0.0 
73379.16 0.89 0.0 
73379.17 0.37 0.0 
74058.61 0.51 0.0 
74058.61 0.49 0.0 
74709.69 0.44 0.0 
74709.69 0.41 0.0 
75428.66 0.78 0.0 
76152.99 0.91 0.0 
76153.05 0.38 0.0 
76792.92 0.60 0.0 
77466.49 0.33 0.0 
77466.49 0.65 0.0 
78151.28 0.44 0.0 
78151.25 0.71 0.0 
78926.46 0.37 0.0 
78926.43 0.74 0.0 
80629.39 0.46 0.0 
80666.72 0.73 0.0 
81117.96 0.66 0.0 
81145.56 0.73 0.0 
81122.96 0.57 0.0 
81386.74 0.58 0.0 
82207.33 0.34 0.0 
83051.89 0.51 0.0 
83051.84 0.84 0.0 
83787.41 0.44 0.0 
84554.29 0.88 0.0 
84891.50 0.97 0.0 
84891.49 0.97 0.0 
85291.63 0.56 0.0 
85316.80 0.46 0.0 
85255.97 0.33 0.0 
85285.87 0.45 0.0 
85371.57 0.31 0.0 
85780.91 0.46 0.0 
86080.05 0.31 0.0 
86166.86 0.87 0.0 
86166.85 0.64 0.0 
