346.16 0.45 0.0 
352.79 0.45 0.0 
947.03 0.63 0.0 
1714.47 0.40 0.0 
1590.47 0.36 0.0 
2114.24 0.72 0.0 
2880.59 0.34 0.0 
3364.35 0.40 0.0 
3364.39 0.38 0.0 
3973.36 0.31 0.0 
4131.35 0.44 0.0 
4500.45 0.73 0.0 
5479.46 0.74 0.0 
5523.12 0.49 0.0 
5479.47 0.44 0.0 
5635.19 0.37 0.0 
5660.68 0.77 0.0 
5999.93 0.36 0.0 
6259.93 0.33 0.0 
6277.84 0.37 0.0 
6526.88 0.46 0.0 
6701.23 0.35 0.0 
7264.47 0.51 0.0 
7473.91 0.34 0.0 
7727.71 0.33 0.0 
8159.84 0.56 0.0 
8196.03 0.50 0.0 
8195.99 0.46 0.0 
8288.55 0.38 0.0 
8735.08 0.53 0.0 
8735.08 0.48 0.0 
8759.91 0.39 0.0 
8760.70 0.71 0.0 
9452.64 0.33 0.0 
9452.64 0.83 0.0 
9988.15 0.50 0.0 
9988.13 0.42 0.0 
9996.09 0.39 0.0 
10386.47 0.32 0.0 
11795.86 0.31 0.0 
11971.47 0.52 0.0 
12376.09 0.33 0.0 
12531.24 0.34 0.0 
13664.79 0.36 0.0 
13664.79 0.93 0.0 
14034.80 0.57 0.0 
14638.83 0.31 0.0 
14795.87 0.38 0.0 
15665.16 0.65 0.0 
16456.71 0.58 0.0 
16365.50 0.67 0.0 
18067.51 0.32 0.0 
18395.97 0.33 0.0 
18618.33 0.46 0.0 
18630.60 0.82 0.0 
18995.87 0.34 0.0 
18995.88 0.40 0.0 
19253.91 0.30 0.0 
19592.59 0.36 0.0 
19878.04 0.38 0.0 
20108.81 0.38 0.0 
20392.56 0.36 0.0 
20480.51 0.32 0.0 
20967.77 0.55 0.0 
22268.31 0.53 0.0 
22810.88 0.70 0.0 
22810.89 0.72 0.0 
22882.65 0.55 0.0 
22994.44 0.45 0.0 
23196.09 0.38 0.0 
25179.59 0.37 0.0 
25145.31 0.41 0.0 
25145.31 0.42 0.0 
26123.77 0.39 0.0 
26795.99 0.36 0.0 
26795.98 0.59 0.0 
26874.32 0.36 0.0 
27007.45 0.32 0.0 
26985.67 0.67 0.0 
27664.71 0.38 0.0 
27996.07 0.37 0.0 
28171.15 0.40 0.0 
28378.11 0.51 0.0 
28595.85 0.34 0.0 
28804.25 0.50 0.0 
28804.28 0.52 0.0 
29196.09 0.41 0.0 
30154.40 0.77 0.0 
30154.40 0.41 0.0 
30784.85 0.45 0.0 
30784.82 0.83 0.0 
31349.89 0.34 0.0 
31879.04 0.40 0.0 
31879.08 0.80 0.0 
32057.35 0.51 0.0 
32341.79 0.41 0.0 
32502.45 0.58 0.0 
32724.04 0.87 0.0 
32744.67 0.31 0.0 
32744.62 0.94 0.0 
32724.06 0.42 0.0 
32795.51 0.40 0.0 
32816.49 0.69 0.0 
33395.21 0.69 0.0 
33395.17 0.40 0.0 
33396.17 0.31 0.0 
33863.72 0.36 0.0 
34057.91 0.40 0.0 
34595.95 0.31 0.0 
34770.43 0.31 0.0 
35151.16 0.30 0.0 
36995.97 0.40 0.0 
36996.05 0.50 0.0 
37752.75 0.31 0.0 
38589.21 0.43 0.0 
39396.03 0.33 0.0 
40259.57 0.31 0.0 
40378.08 0.51 0.0 
41077.32 0.36 0.0 
41312.09 0.39 0.0 
41312.12 0.37 0.0 
41588.29 0.60 0.0 
43953.72 0.56 0.0 
44682.45 0.47 0.0 
44768.75 0.63 0.0 
44957.59 0.36 0.0 
45242.72 0.62 0.0 
45639.19 0.32 0.0 
45666.88 0.38 0.0 
46147.09 0.47 0.0 
46369.59 0.61 0.0 
46710.71 0.32 0.0 
47134.97 0.47 0.0 
47568.73 0.42 0.0 
48142.51 0.58 0.0 
48224.27 0.38 0.0 
48396.03 0.37 0.0 
48545.29 0.41 0.0 
48918.27 0.36 0.0 
48918.33 0.36 0.0 
49595.93 0.42 0.0 
51394.17 0.40 0.0 
51996.05 0.38 0.0 
52478.10 0.49 0.0 
53796.05 0.41 0.0 
53796.09 0.33 0.0 
54168.52 0.42 0.0 
54524.95 0.65 0.0 
54564.47 0.36 0.0 
55571.54 0.67 0.0 
55571.54 0.63 0.0 
57599.17 0.65 0.0 
58170.68 0.35 0.0 
58696.39 0.41 0.0 
59117.75 0.30 0.0 
59789.91 0.50 0.0 
59795.93 0.42 0.0 
60395.84 0.36 0.0 
60317.23 0.57 0.0 
60395.83 0.31 0.0 
60665.27 0.47 0.0 
60665.26 0.76 0.0 
60965.06 0.86 0.0 
60965.07 0.66 0.0 
62028.95 0.53 0.0 
63033.19 0.35 0.0 
63215.83 0.38 0.0 
63454.88 0.60 0.0 
63454.87 0.51 0.0 
63573.07 0.31 0.0 
63588.37 0.35 0.0 
63599.41 0.40 0.0 
63705.45 0.38 0.0 
63869.47 0.33 0.0 
63994.71 0.37 0.0 
63994.73 0.45 0.0 
64091.80 0.65 0.0 
64639.43 0.32 0.0 
64948.43 0.38 0.0 
65851.19 0.35 0.0 
65884.47 0.38 0.0 
66080.83 0.45 0.0 
66087.19 0.53 0.0 
66166.02 0.31 0.0 
66704.75 0.55 0.0 
66671.59 0.39 0.0 
69170.63 0.31 0.0 
69614.71 0.42 0.0 
70092.30 0.54 0.0 
70092.31 0.59 0.0 
70596.03 0.34 0.0 
71179.16 0.37 0.0 
71196.05 0.59 0.0 
71225.73 0.35 0.0 
72241.75 0.60 0.0 
73694.93 0.35 0.0 
73937.61 0.61 0.0 
73937.61 0.59 0.0 
74671.87 0.36 0.0 
74671.87 0.74 0.0 
74795.39 0.40 0.0 
75215.13 0.32 0.0 
75395.55 0.35 0.0 
75395.57 0.46 0.0 
76126.29 0.63 0.0 
76126.26 0.85 0.0 
76634.99 0.32 0.0 
77789.69 0.30 0.0 
77672.29 0.63 0.0 
78129.15 0.37 0.0 
78394.95 0.39 0.0 
78527.49 0.58 0.0 
78539.75 0.48 0.0 
78996.00 0.37 0.0 
78962.76 0.45 0.0 
79117.75 0.41 0.0 
78995.83 0.31 0.0 
79117.75 0.34 0.0 
79125.59 0.33 0.0 
79426.03 0.39 0.0 
79518.43 0.53 0.0 
79632.07 0.35 0.0 
80519.95 0.49 0.0 
80857.23 0.47 0.0 
81139.45 0.30 0.0 
81647.41 0.42 0.0 
82441.99 0.50 0.0 
83339.91 0.55 0.0 
84108.87 0.35 0.0 
84108.87 0.37 0.0 
84702.75 0.33 0.0 
84653.11 0.47 0.0 
84653.16 0.69 0.0 
84767.40 0.34 0.0 
84896.08 0.82 0.0 
84896.07 0.90 0.0 
85077.87 0.56 0.0 
86336.92 0.33 0.0 
