432.11 0.57 0.0 
1104.05 0.78 0.0 
1499.39 0.31 0.0 
1690.92 0.33 0.0 
1923.49 0.30 0.0 
2141.37 0.32 0.0 
3162.99 0.51 0.0 
3319.03 0.40 0.0 
3236.84 0.61 0.0 
3653.37 0.85 0.0 
3600.41 0.42 0.0 
4616.81 0.35 0.0 
4553.20 0.35 0.0 
5458.37 0.32 0.0 
5659.00 0.51 0.0 
5659.01 0.43 0.0 
6103.60 0.31 0.0 
6298.47 0.70 0.0 
6638.57 0.45 0.0 
6778.63 0.45 0.0 
7044.42 0.43 0.0 
7093.05 0.30 0.0 
7663.45 0.34 0.0 
8234.11 0.69 0.0 
8875.61 0.48 0.0 
8908.48 0.50 0.0 
9959.44 0.77 0.0 
10630.33 0.55 0.0 
10842.61 0.30 0.0 
13263.36 0.54 0.0 
13263.40 0.61 0.0 
13326.99 0.33 0.0 
13864.28 0.88 0.0 
13864.25 0.41 0.0 
14695.91 0.59 0.0 
14695.89 0.55 0.0 
14653.28 0.50 0.0 
14833.09 0.62 0.0 
15928.77 0.50 0.0 
16268.39 0.34 0.0 
16960.87 0.33 0.0 
17099.45 0.51 0.0 
17257.21 0.66 0.0 
18069.09 0.45 0.0 
18150.21 0.61 0.0 
18250.20 0.49 0.0 
18250.24 0.40 0.0 
21621.00 0.43 0.0 
21618.45 0.32 0.0 
21620.95 0.49 0.0 
23306.61 0.51 0.0 
23906.57 0.68 0.0 
26097.97 0.49 0.0 
27490.57 0.43 0.0 
27728.92 0.76 0.0 
27931.23 0.35 0.0 
29452.09 0.49 0.0 
30595.67 0.60 0.0 
32083.17 0.41 0.0 
32444.52 0.66 0.0 
33011.95 0.55 0.0 
34542.51 0.39 0.0 
35833.77 0.72 0.0 
36229.97 0.42 0.0 
37302.97 0.67 0.0 
37393.56 0.31 0.0 
37798.61 0.60 0.0 
38623.04 0.36 0.0 
38662.61 0.42 0.0 
38830.81 0.39 0.0 
39103.11 0.33 0.0 
40528.80 0.31 0.0 
45689.05 0.30 0.0 
45793.58 0.33 0.0 
45943.17 0.32 0.0 
46169.19 0.52 0.0 
47713.73 0.32 0.0 
49738.01 0.77 0.0 
50953.16 0.38 0.0 
51131.53 0.67 0.0 
52511.26 0.39 0.0 
52870.53 0.45 0.0 
54066.37 0.40 0.0 
54776.61 0.44 0.0 
56226.65 0.40 0.0 
58001.65 0.44 0.0 
58270.37 0.37 0.0 
58845.04 0.63 0.0 
59889.07 0.53 0.0 
63293.11 0.33 0.0 
63257.85 0.46 0.0 
65106.99 0.31 0.0 
66450.91 0.40 0.0 
66430.23 0.31 0.0 
68005.21 0.35 0.0 
70058.20 0.76 0.0 
70099.57 0.43 0.0 
70099.53 0.45 0.0 
70721.65 0.59 0.0 
71623.13 0.60 0.0 
71623.13 0.43 0.0 
71981.65 0.57 0.0 
71934.89 0.44 0.0 
72389.05 0.36 0.0 
72852.45 0.43 0.0 
73034.41 0.36 0.0 
76949.00 0.60 0.0 
77898.71 0.30 0.0 
78339.00 0.43 0.0 
78272.36 0.37 0.0 
80408.21 0.32 0.0 
80474.45 0.34 0.0 
81928.08 0.45 0.0 
82778.97 0.81 0.0 
82778.93 0.63 0.0 
83136.39 0.37 0.0 
83591.60 0.59 0.0 
85288.96 0.37 0.0 
85450.21 0.42 0.0 
86188.09 0.34 0.0 
