342.52 0.78 0.0 
342.53 0.46 0.0 
352.80 0.40 0.0 
569.16 0.82 0.0 
1589.56 0.33 0.0 
2069.05 0.48 0.0 
2004.02 0.48 0.0 
2200.19 0.35 0.0 
2112.64 0.57 0.0 
2248.32 0.76 0.0 
2384.49 0.57 0.0 
2880.52 0.53 0.0 
3101.99 0.82 0.0 
4108.68 0.71 0.0 
4092.27 0.60 0.0 
4127.52 0.33 0.0 
4434.87 0.40 0.0 
5229.45 0.51 0.0 
5476.51 0.94 0.0 
5476.52 0.82 0.0 
5633.69 0.45 0.0 
5697.59 0.44 0.0 
5812.77 0.71 0.0 
5994.59 0.53 0.0 
5994.60 0.34 0.0 
5995.90 0.30 0.0 
5965.25 0.35 0.0 
6088.13 0.35 0.0 
6274.96 0.73 0.0 
6256.92 0.30 0.0 
6274.96 0.87 0.0 
6698.91 0.33 0.0 
6763.04 0.86 0.0 
7061.92 0.39 0.0 
7139.56 0.49 0.0 
7304.17 0.32 0.0 
7260.32 0.77 0.0 
7286.40 0.75 0.0 
7463.33 0.34 0.0 
7577.13 0.50 0.0 
7472.91 0.60 0.0 
7780.67 0.52 0.0 
8157.19 0.83 0.0 
8203.87 0.53 0.0 
8188.80 0.50 0.0 
8285.55 0.31 0.0 
8564.01 0.50 0.0 
8731.48 0.42 0.0 
8731.53 0.59 0.0 
8752.47 0.40 0.0 
8758.27 0.35 0.0 
8772.76 0.78 0.0 
9239.58 0.61 0.0 
9536.29 0.56 0.0 
9697.59 0.46 0.0 
9985.51 0.33 0.0 
9988.07 0.33 0.0 
9912.41 0.73 0.0 
10225.48 0.41 0.0 
10312.05 0.53 0.0 
10312.03 0.46 0.0 
10422.17 0.82 0.0 
10647.19 0.36 0.0 
10843.76 0.46 0.0 
10814.65 0.45 0.0 
11313.72 0.42 0.0 
11246.97 0.64 0.0 
11353.84 0.40 0.0 
11519.05 0.37 0.0 
11790.64 0.33 0.0 
11821.49 0.60 0.0 
12179.23 0.51 0.0 
12802.44 0.31 0.0 
12905.16 0.78 0.0 
12905.17 0.51 0.0 
13122.36 0.39 0.0 
13008.61 0.31 0.0 
13330.47 0.67 0.0 
13664.23 0.32 0.0 
13664.19 0.38 0.0 
14384.16 0.51 0.0 
14336.52 0.34 0.0 
14667.24 0.48 0.0 
14553.19 0.33 0.0 
14741.44 0.82 0.0 
15028.93 0.57 0.0 
15573.59 0.40 0.0 
15549.19 0.68 0.0 
15869.51 0.35 0.0 
15944.58 0.73 0.0 
16363.62 0.88 0.0 
16363.64 0.89 0.0 
16829.13 0.41 0.0 
16753.62 0.85 0.0 
17168.44 0.36 0.0 
17168.41 0.40 0.0 
17218.47 0.80 0.0 
17410.46 0.33 0.0 
17516.05 0.85 0.0 
17516.07 0.88 0.0 
17845.73 0.64 0.0 
18134.19 0.77 0.0 
18315.53 0.61 0.0 
18583.89 0.42 0.0 
18582.85 0.50 0.0 
19004.42 0.64 0.0 
19048.77 0.76 0.0 
19573.05 0.39 0.0 
19628.25 0.36 0.0 
19967.84 0.44 0.0 
20106.81 0.64 0.0 
20399.21 0.34 0.0 
20414.46 0.91 0.0 
20816.49 0.47 0.0 
21164.48 0.94 0.0 
21164.45 0.41 0.0 
22805.92 0.43 0.0 
22805.85 0.42 0.0 
22754.48 0.70 0.0 
22990.19 0.70 0.0 
23382.72 0.53 0.0 
23639.51 0.83 0.0 
24042.56 0.71 0.0 
24191.24 0.56 0.0 
24328.67 0.34 0.0 
24642.97 0.56 0.0 
24629.32 0.32 0.0 
25228.16 0.31 0.0 
25152.89 0.69 0.0 
26054.21 0.63 0.0 
26122.04 0.70 0.0 
26313.36 0.48 0.0 
26765.80 0.52 0.0 
26726.81 0.46 0.0 
26835.33 0.54 0.0 
26848.94 0.73 0.0 
27043.69 0.54 0.0 
27433.64 0.51 0.0 
28123.76 0.30 0.0 
28169.44 0.31 0.0 
28330.17 0.69 0.0 
28377.24 0.58 0.0 
28632.49 0.62 0.0 
28801.15 0.72 0.0 
28825.67 0.30 0.0 
28801.13 0.71 0.0 
28811.61 0.34 0.0 
29261.45 0.69 0.0 
29227.09 0.35 0.0 
29623.45 0.31 0.0 
29650.97 0.71 0.0 
29787.29 0.38 0.0 
30151.84 0.30 0.0 
30151.83 0.31 0.0 
30314.33 0.35 0.0 
30478.69 0.44 0.0 
30522.09 0.47 0.0 
30783.95 0.69 0.0 
30783.98 0.96 0.0 
31063.43 0.33 0.0 
31469.44 0.32 0.0 
31392.20 0.31 0.0 
31901.68 0.38 0.0 
31873.67 0.47 0.0 
31873.67 0.48 0.0 
32055.56 0.46 0.0 
32201.53 0.39 0.0 
32114.11 0.74 0.0 
32243.48 0.78 0.0 
32341.05 0.31 0.0 
32502.37 0.32 0.0 
32500.61 0.50 0.0 
32721.47 0.82 0.0 
32744.62 0.73 0.0 
32721.48 0.68 0.0 
32724.02 0.50 0.0 
32816.50 0.58 0.0 
33194.40 0.78 0.0 
33394.32 0.83 0.0 
33506.45 0.96 0.0 
33394.32 0.73 0.0 
33644.57 0.90 0.0 
33861.07 0.61 0.0 
33861.05 0.74 0.0 
33931.80 0.41 0.0 
33931.81 0.46 0.0 
34573.72 0.62 0.0 
35149.72 0.31 0.0 
35937.45 0.60 0.0 
37003.16 0.36 0.0 
36988.51 0.36 0.0 
37438.63 0.58 0.0 
37815.01 0.30 0.0 
37769.04 0.32 0.0 
37887.51 0.53 0.0 
38198.39 0.48 0.0 
38559.77 0.62 0.0 
38584.91 0.46 0.0 
38582.71 0.77 0.0 
38921.45 0.33 0.0 
39102.08 0.35 0.0 
39164.58 0.90 0.0 
39252.92 0.71 0.0 
39464.49 0.69 0.0 
39449.24 0.76 0.0 
39538.84 0.32 0.0 
39550.73 0.50 0.0 
39554.17 0.71 0.0 
39719.49 0.75 0.0 
39719.45 0.34 0.0 
39883.29 0.31 0.0 
40078.16 0.52 0.0 
40086.36 0.61 0.0 
40257.09 0.31 0.0 
40374.87 0.77 0.0 
40530.48 0.66 0.0 
40904.31 0.39 0.0 
41082.45 0.36 0.0 
41055.73 0.31 0.0 
41167.32 0.81 0.0 
41303.71 0.37 0.0 
41351.69 0.86 0.0 
41367.81 0.33 0.0 
41587.08 0.56 0.0 
42467.88 0.33 0.0 
42614.51 0.42 0.0 
42837.62 0.30 0.0 
43481.36 0.34 0.0 
43596.05 0.37 0.0 
43529.65 0.65 0.0 
43953.69 0.53 0.0 
44680.79 0.37 0.0 
44682.43 0.39 0.0 
44765.69 0.36 0.0 
44773.76 0.37 0.0 
45343.84 0.62 0.0 
45387.59 0.65 0.0 
45419.51 0.30 0.0 
45628.48 0.86 0.0 
45665.68 0.45 0.0 
45665.65 0.69 0.0 
46378.41 0.35 0.0 
47039.65 0.51 0.0 
47355.77 0.32 0.0 
47618.52 0.44 0.0 
47567.65 0.78 0.0 
47567.64 0.93 0.0 
47894.51 0.81 0.0 
48224.28 0.43 0.0 
48294.03 0.50 0.0 
48509.04 0.74 0.0 
48674.51 0.59 0.0 
48881.77 0.56 0.0 
48881.76 0.51 0.0 
49112.03 0.37 0.0 
49589.56 0.40 0.0 
49912.32 0.63 0.0 
49888.28 0.75 0.0 
50113.31 0.50 0.0 
50446.53 0.76 0.0 
50603.84 0.64 0.0 
51004.41 0.33 0.0 
51283.92 0.83 0.0 
51824.36 0.35 0.0 
52383.43 0.55 0.0 
52475.43 0.61 0.0 
52844.43 0.61 0.0 
53844.70 0.34 0.0 
54055.17 0.44 0.0 
54224.33 0.51 0.0 
54166.63 0.54 0.0 
54519.62 0.87 0.0 
54561.79 0.43 0.0 
54519.60 0.62 0.0 
54959.56 0.80 0.0 
55004.52 0.75 0.0 
55166.88 0.57 0.0 
55396.17 0.63 0.0 
55569.40 0.31 0.0 
55569.39 0.54 0.0 
55679.37 0.35 0.0 
55768.71 0.30 0.0 
55768.76 0.88 0.0 
55859.58 0.36 0.0 
56159.07 0.38 0.0 
56382.41 0.39 0.0 
56957.31 0.33 0.0 
57148.79 0.37 0.0 
57396.09 0.38 0.0 
57599.16 0.39 0.0 
58311.97 0.36 0.0 
58709.56 0.30 0.0 
58633.53 0.33 0.0 
58828.92 0.36 0.0 
59165.76 0.67 0.0 
59788.28 0.54 0.0 
59864.25 0.38 0.0 
59908.32 0.31 0.0 
60522.92 0.56 0.0 
60514.39 0.35 0.0 
60662.01 0.50 0.0 
60662.05 0.87 0.0 
60944.53 0.91 0.0 
60962.97 0.89 0.0 
60962.97 0.83 0.0 
60973.24 0.60 0.0 
61649.51 0.54 0.0 
61799.49 0.64 0.0 
62027.87 0.48 0.0 
62054.35 0.30 0.0 
62324.19 0.67 0.0 
62339.47 0.78 0.0 
62908.36 0.90 0.0 
63029.28 0.34 0.0 
63134.16 0.39 0.0 
63089.42 0.85 0.0 
63583.79 0.42 0.0 
63595.33 0.48 0.0 
63595.33 0.34 0.0 
63967.17 0.40 0.0 
63967.21 0.38 0.0 
64090.72 0.50 0.0 
64031.45 0.33 0.0 
64235.05 0.30 0.0 
65136.20 0.33 0.0 
65408.83 0.38 0.0 
65363.88 0.47 0.0 
66556.68 0.35 0.0 
66702.43 0.65 0.0 
66807.07 0.39 0.0 
67000.85 0.56 0.0 
67258.16 0.72 0.0 
67449.77 0.41 0.0 
67709.24 0.58 0.0 
68397.71 0.89 0.0 
68397.69 0.31 0.0 
68953.83 0.64 0.0 
69539.44 0.72 0.0 
69613.08 0.57 0.0 
69843.91 0.36 0.0 
69852.89 0.48 0.0 
70090.88 0.45 0.0 
70090.92 0.83 0.0 
70257.51 0.58 0.0 
70379.04 0.64 0.0 
71178.47 0.32 0.0 
71548.41 0.41 0.0 
71624.44 0.73 0.0 
71744.36 0.81 0.0 
71730.21 0.39 0.0 
71877.57 0.34 0.0 
71892.77 0.64 0.0 
72284.59 0.45 0.0 
72643.87 0.80 0.0 
72764.36 0.81 0.0 
72674.57 0.33 0.0 
72837.48 0.34 0.0 
72764.36 0.33 0.0 
72943.99 0.42 0.0 
73063.92 0.92 0.0 
73138.72 0.65 0.0 
73273.60 0.66 0.0 
73694.20 0.80 0.0 
73812.84 0.33 0.0 
74053.96 0.48 0.0 
74489.40 0.67 0.0 
75088.05 0.32 0.0 
75205.49 0.50 0.0 
75295.03 0.57 0.0 
75295.04 0.38 0.0 
76377.72 0.39 0.0 
76632.24 0.30 0.0 
77638.87 0.33 0.0 
77661.33 0.46 0.0 
77664.91 0.32 0.0 
77786.56 0.53 0.0 
78524.41 0.46 0.0 
78524.40 0.81 0.0 
78539.40 0.79 0.0 
79115.05 0.61 0.0 
79123.60 0.31 0.0 
79115.09 0.50 0.0 
79469.60 0.84 0.0 
79558.82 0.45 0.0 
79510.81 0.37 0.0 
79738.45 0.35 0.0 
80041.40 0.70 0.0 
80041.39 0.65 0.0 
80136.61 0.38 0.0 
80368.31 0.69 0.0 
80518.95 0.79 0.0 
80749.63 0.41 0.0 
80855.96 0.33 0.0 
81404.28 0.69 0.0 
82043.05 0.42 0.0 
82146.65 0.42 0.0 
82439.81 0.56 0.0 
82604.00 0.41 0.0 
82754.57 0.67 0.0 
83417.63 0.52 0.0 
83337.04 0.74 0.0 
83451.23 0.40 0.0 
83999.57 0.62 0.0 
84607.69 0.30 0.0 
84650.84 0.76 0.0 
84650.83 0.83 0.0 
84890.64 0.66 0.0 
84890.65 0.92 0.0 
85077.36 0.41 0.0 
85018.68 0.62 0.0 
85872.97 0.64 0.0 
86166.72 0.72 0.0 
86166.72 0.89 0.0 
86174.50 0.82 0.0 
86113.05 0.38 0.0 
86231.23 0.69 0.0 
86332.47 0.31 0.0 
