3829.41 0.33 0.0 
3836.35 0.34 0.0 
3829.40 0.57 0.0 
3836.32 0.58 0.0 
4252.43 0.30 0.0 
4858.72 0.69 0.0 
4980.35 0.91 0.0 
5235.89 0.87 0.0 
5315.59 0.65 0.0 
6134.99 0.37 0.0 
6222.68 0.39 0.0 
6590.39 0.38 0.0 
8066.47 0.70 0.0 
8102.05 0.31 0.0 
9193.60 0.91 0.0 
9915.57 0.60 0.0 
10905.81 0.81 0.0 
11190.65 0.37 0.0 
11269.15 0.36 0.0 
11527.61 0.53 0.0 
12081.74 0.53 0.0 
12081.73 0.53 0.0 
13328.87 0.38 0.0 
13533.40 0.66 0.0 
13538.65 0.49 0.0 
13533.41 0.41 0.0 
14698.12 0.46 0.0 
14698.11 0.54 0.0 
15458.49 0.41 0.0 
15549.83 0.54 0.0 
15549.86 0.65 0.0 
15868.37 0.90 0.0 
15877.65 0.37 0.0 
16080.49 0.52 0.0 
16032.79 0.39 0.0 
17162.88 0.83 0.0 
17162.88 0.68 0.0 
19495.35 0.37 0.0 
19768.15 0.38 0.0 
19899.83 0.36 0.0 
20333.99 0.34 0.0 
20659.13 0.58 0.0 
20659.13 0.35 0.0 
21196.53 0.58 0.0 
21313.37 0.32 0.0 
21798.33 0.37 0.0 
22434.97 0.48 0.0 
22485.87 0.56 0.0 
23244.19 0.30 0.0 
23745.63 0.52 0.0 
23865.49 0.72 0.0 
24089.19 0.33 0.0 
25437.32 0.45 0.0 
26600.05 0.61 0.0 
26930.35 0.34 0.0 
27220.57 0.34 0.0 
27639.47 0.33 0.0 
28282.88 0.32 0.0 
28282.92 0.45 0.0 
28656.35 0.30 0.0 
28656.33 0.34 0.0 
28763.51 0.35 0.0 
28763.55 0.39 0.0 
28957.33 0.39 0.0 
28962.84 0.92 0.0 
28838.29 0.30 0.0 
28847.00 0.41 0.0 
28846.96 0.35 0.0 
29001.76 0.33 0.0 
29249.12 0.70 0.0 
30912.23 0.31 0.0 
30912.27 0.48 0.0 
31467.67 0.37 0.0 
31467.64 0.70 0.0 
32738.88 0.72 0.0 
32738.85 0.75 0.0 
32760.53 0.50 0.0 
34733.56 0.51 0.0 
35017.59 0.67 0.0 
35017.57 0.58 0.0 
35311.99 0.32 0.0 
36374.47 0.37 0.0 
40097.97 0.56 0.0 
40098.01 0.54 0.0 
40106.15 0.34 0.0 
40305.39 0.34 0.0 
40352.61 0.43 0.0 
40392.76 0.33 0.0 
40578.42 0.55 0.0 
40585.76 0.58 0.0 
40472.74 0.60 0.0 
40569.55 0.33 0.0 
40578.41 0.52 0.0 
40585.76 0.59 0.0 
40814.25 0.49 0.0 
40799.15 0.31 0.0 
40806.16 0.61 0.0 
40913.09 0.32 0.0 
41239.55 0.53 0.0 
41517.76 0.46 0.0 
41673.06 0.75 0.0 
41683.73 0.52 0.0 
41673.09 0.66 0.0 
41683.81 0.66 0.0 
41692.21 0.49 0.0 
42000.81 0.63 0.0 
42051.41 0.70 0.0 
42051.41 0.69 0.0 
42449.63 0.36 0.0 
42449.65 0.55 0.0 
42680.25 0.39 0.0 
42751.23 0.46 0.0 
42747.65 0.40 0.0 
42751.26 0.61 0.0 
42963.93 0.67 0.0 
42902.25 0.39 0.0 
42963.93 0.63 0.0 
42901.47 0.35 0.0 
43471.36 0.66 0.0 
44072.61 0.36 0.0 
48240.51 0.81 0.0 
48827.61 0.43 0.0 
49455.74 0.92 0.0 
51157.59 0.44 0.0 
55350.77 0.90 0.0 
55922.73 0.36 0.0 
56938.13 0.38 0.0 
59025.83 0.93 0.0 
62266.14 0.79 0.0 
65009.83 0.50 0.0 
66359.91 0.30 0.0 
67183.96 0.64 0.0 
67187.51 0.31 0.0 
67831.47 0.67 0.0 
72052.85 0.40 0.0 
72150.81 0.32 0.0 
72409.76 0.46 0.0 
72409.71 0.49 0.0 
79725.88 0.32 0.0 
79759.89 0.36 0.0 
81122.89 0.52 0.0 
81125.17 0.44 0.0 
82252.81 0.32 0.0 
84459.75 0.31 0.0 
84453.43 0.38 0.0 
84897.29 0.94 0.0 
84897.29 0.94 0.0 
84900.87 0.58 0.0 
85287.11 0.30 0.0 
85292.73 0.63 0.0 
86081.72 0.54 0.0 
86040.72 0.80 0.0 
86040.73 0.39 0.0 
86167.29 0.76 0.0 
86167.31 0.63 0.0 
