66.83 0.32 0.0 
2454.97 0.46 0.0 
3236.85 0.61 0.0 
3616.52 0.58 0.0 
3639.25 0.72 0.0 
3639.25 0.77 0.0 
3603.31 0.45 0.0 
3603.29 0.61 0.0 
3729.77 0.33 0.0 
3729.68 0.44 0.0 
5340.63 0.45 0.0 
5674.09 0.48 0.0 
6454.43 0.32 0.0 
7683.99 0.50 0.0 
9960.68 0.50 0.0 
10860.87 0.31 0.0 
12030.51 0.41 0.0 
17134.08 0.37 0.0 
17134.07 0.39 0.0 
17912.51 0.32 0.0 
18545.73 0.46 0.0 
21415.05 0.61 0.0 
21469.79 0.39 0.0 
21469.74 0.48 0.0 
21621.02 0.33 0.0 
26087.51 0.40 0.0 
30587.19 0.32 0.0 
32745.81 0.30 0.0 
32745.84 0.51 0.0 
33346.64 0.33 0.0 
39979.61 0.34 0.0 
39979.61 0.40 0.0 
40972.93 0.73 0.0 
47425.51 0.32 0.0 
51518.41 0.35 0.0 
53507.28 0.68 0.0 
53973.23 0.31 0.0 
54450.89 0.36 0.0 
57975.55 0.32 0.0 
58157.25 0.37 0.0 
59175.45 0.71 0.0 
59260.43 0.36 0.0 
59260.41 0.58 0.0 
60246.05 0.42 0.0 
60767.47 0.40 0.0 
61493.49 0.45 0.0 
61509.59 0.33 0.0 
62132.63 0.35 0.0 
63735.91 0.43 0.0 
64924.90 0.68 0.0 
65107.01 0.33 0.0 
65109.45 0.47 0.0 
65568.63 0.36 0.0 
66286.03 0.32 0.0 
66455.44 0.56 0.0 
66455.45 0.59 0.0 
66473.91 0.36 0.0 
66826.12 0.70 0.0 
67365.48 0.33 0.0 
67322.65 0.44 0.0 
67636.35 0.43 0.0 
68031.19 0.47 0.0 
68031.20 0.52 0.0 
68045.75 0.51 0.0 
68220.47 0.71 0.0 
68402.39 0.32 0.0 
70031.53 0.62 0.0 
70031.54 0.67 0.0 
70100.62 0.87 0.0 
70058.53 0.30 0.0 
70082.19 0.42 0.0 
70082.16 0.41 0.0 
70100.62 0.85 0.0 
70864.87 0.41 0.0 
74378.55 0.34 0.0 
74378.59 0.31 0.0 
75008.91 0.32 0.0 
75916.03 0.32 0.0 
76895.40 0.47 0.0 
78696.05 0.46 0.0 
78571.51 0.34 0.0 
78696.09 0.63 0.0 
79980.91 0.36 0.0 
82040.52 0.48 0.0 
82350.71 0.31 0.0 
82845.71 0.40 0.0 
83208.17 0.34 0.0 
84511.62 0.61 0.0 
84511.66 0.76 0.0 
