1634.21 0.39 0.0 
2881.93 0.68 0.0 
2881.93 0.45 0.0 
3254.48 0.62 0.0 
3313.36 0.48 0.0 
3748.09 0.37 0.0 
3752.27 0.36 0.0 
4232.51 0.35 0.0 
4400.92 0.75 0.0 
4479.44 0.33 0.0 
4634.48 0.57 0.0 
4520.80 0.37 0.0 
5668.69 0.37 0.0 
5924.47 0.34 0.0 
6284.48 0.31 0.0 
6239.48 0.34 0.0 
6824.36 0.66 0.0 
7195.75 0.87 0.0 
8147.48 0.44 0.0 
8997.52 0.33 0.0 
9252.73 0.77 0.0 
9290.84 0.71 0.0 
9509.37 0.39 0.0 
9509.23 0.34 0.0 
9630.75 0.31 0.0 
13233.45 0.42 0.0 
13571.76 0.43 0.0 
13903.92 0.89 0.0 
14501.17 0.57 0.0 
14699.49 0.58 0.0 
15146.21 0.32 0.0 
15085.74 0.72 0.0 
15085.72 0.63 0.0 
15463.88 0.45 0.0 
15791.88 0.47 0.0 
16066.83 0.49 0.0 
16376.32 0.55 0.0 
17683.41 0.64 0.0 
17683.39 0.78 0.0 
17819.51 0.50 0.0 
18329.48 0.50 0.0 
18647.08 0.85 0.0 
18598.52 0.52 0.0 
18854.49 0.61 0.0 
18845.72 0.31 0.0 
20276.65 0.60 0.0 
20669.33 0.50 0.0 
20836.29 0.50 0.0 
21136.49 0.46 0.0 
21238.69 0.71 0.0 
23758.89 0.92 0.0 
24194.31 0.97 0.0 
24376.88 0.30 0.0 
24734.51 0.31 0.0 
24775.25 0.73 0.0 
24764.23 0.33 0.0 
25242.89 0.31 0.0 
26354.05 0.34 0.0 
27863.95 0.31 0.0 
30138.37 0.42 0.0 
30226.28 0.48 0.0 
30973.85 0.33 0.0 
30959.60 0.69 0.0 
31123.95 0.65 0.0 
31124.01 0.90 0.0 
31618.97 0.46 0.0 
31919.46 0.88 0.0 
32008.53 0.58 0.0 
32468.97 0.54 0.0 
32503.60 0.31 0.0 
32608.80 0.65 0.0 
32720.88 0.74 0.0 
32720.89 0.71 0.0 
32739.02 0.80 0.0 
32738.99 0.50 0.0 
33284.28 0.54 0.0 
33335.20 0.34 0.0 
33703.96 0.66 0.0 
33870.65 0.50 0.0 
34079.57 0.42 0.0 
34255.31 0.65 0.0 
34223.48 0.36 0.0 
34167.73 0.78 0.0 
34255.35 0.78 0.0 
34196.20 0.35 0.0 
34303.99 0.35 0.0 
34560.64 0.68 0.0 
34885.33 0.45 0.0 
34960.73 0.36 0.0 
34960.76 0.53 0.0 
35698.84 0.41 0.0 
37034.44 0.56 0.0 
40353.35 0.64 0.0 
43595.84 0.69 0.0 
43595.84 0.35 0.0 
43552.17 0.33 0.0 
45734.16 0.60 0.0 
46588.44 0.50 0.0 
47155.29 0.32 0.0 
51072.63 0.39 0.0 
51279.61 0.38 0.0 
51746.40 0.60 0.0 
51913.00 0.61 0.0 
52274.24 0.40 0.0 
52274.20 0.30 0.0 
52777.05 0.50 0.0 
52933.92 0.40 0.0 
53068.96 0.40 0.0 
53023.96 0.34 0.0 
53470.72 0.57 0.0 
53533.48 0.80 0.0 
53533.44 0.33 0.0 
53506.41 0.44 0.0 
53771.07 0.49 0.0 
53744.01 0.33 0.0 
55786.51 0.30 0.0 
57568.33 0.44 0.0 
57770.16 0.49 0.0 
59238.95 0.36 0.0 
67293.84 0.35 0.0 
68159.48 0.31 0.0 
77548.39 0.60 0.0 
77857.37 0.61 0.0 
77969.31 0.30 0.0 
80252.88 0.37 0.0 
80275.05 0.32 0.0 
84659.32 0.57 0.0 
84893.36 0.38 0.0 
85708.61 0.54 0.0 
86381.24 0.38 0.0 
