1787.95 0.37 0.0 
2161.29 0.49 0.0 
3894.04 0.48 0.0 
5402.80 0.35 0.0 
5402.82 0.46 0.0 
5633.09 0.52 0.0 
6196.44 0.56 0.0 
6196.46 0.55 0.0 
7022.89 0.57 0.0 
8854.15 0.35 0.0 
10553.03 0.44 0.0 
25266.33 0.38 0.0 
25266.31 0.39 0.0 
25216.52 0.52 0.0 
27106.84 0.49 0.0 
32447.68 0.37 0.0 
32725.57 0.69 0.0 
32746.77 0.51 0.0 
32746.73 0.54 0.0 
32725.57 0.62 0.0 
32818.75 0.37 0.0 
36890.89 0.61 0.0 
41355.99 0.40 0.0 
68656.35 0.43 0.0 
79264.95 0.50 0.0 
79312.47 0.49 0.0 
79312.47 0.69 0.0 
82061.53 0.44 0.0 
82753.19 0.37 0.0 
84321.25 0.68 0.0 
84890.45 0.91 0.0 
84890.46 0.92 0.0 
86104.09 0.34 0.0 
