1848.28 0.39 0.0 
2981.44 0.39 0.0 
3566.60 0.51 0.0 
11941.95 0.32 0.0 
15298.23 0.41 0.0 
16652.21 0.46 0.0 
17026.49 0.33 0.0 
17236.61 0.36 0.0 
18046.75 0.33 0.0 
18105.77 0.64 0.0 
21765.09 0.35 0.0 
22485.49 0.31 0.0 
22500.09 0.34 0.0 
23909.33 0.72 0.0 
24196.89 0.38 0.0 
26387.73 0.30 0.0 
26466.19 0.32 0.0 
26517.67 0.30 0.0 
26658.39 0.44 0.0 
26866.16 0.51 0.0 
27003.01 0.41 0.0 
28757.93 0.45 0.0 
30337.45 0.37 0.0 
30632.09 0.33 0.0 
30571.93 0.34 0.0 
31056.12 0.51 0.0 
31056.09 0.61 0.0 
31156.23 0.46 0.0 
31487.95 0.46 0.0 
31606.39 0.38 0.0 
32236.47 0.49 0.0 
32816.12 0.36 0.0 
32799.44 0.41 0.0 
32800.89 0.42 0.0 
32777.17 0.64 0.0 
32799.47 0.71 0.0 
32888.09 0.71 0.0 
32888.07 0.43 0.0 
33900.87 0.31 0.0 
37654.20 0.52 0.0 
37654.25 0.43 0.0 
38897.23 0.40 0.0 
41473.53 0.53 0.0 
46981.93 0.30 0.0 
50085.45 0.58 0.0 
52740.34 0.43 0.0 
55726.51 0.54 0.0 
62715.33 0.41 0.0 
63105.57 0.45 0.0 
67665.09 0.60 0.0 
67906.09 0.53 0.0 
69138.29 0.71 0.0 
69225.45 0.78 0.0 
69180.43 0.44 0.0 
70185.48 0.30 0.0 
75720.52 0.60 0.0 
77625.49 0.38 0.0 
84600.49 0.57 0.0 
84983.14 0.37 0.0 
85213.77 0.64 0.0 
86010.09 0.43 0.0 
86189.51 0.42 0.0 
