1545.51 0.36 0.0 
2983.07 0.71 0.0 
2983.08 0.60 0.0 
6422.11 0.33 0.0 
10065.91 0.36 0.0 
14042.33 0.40 0.0 
18600.41 0.45 0.0 
23191.05 0.43 0.0 
23175.85 0.43 0.0 
23970.39 0.41 0.0 
25052.01 0.48 0.0 
26568.31 0.41 0.0 
26469.67 0.31 0.0 
26580.59 0.41 0.0 
26971.67 0.35 0.0 
28759.64 0.32 0.0 
29309.93 0.59 0.0 
29448.11 0.36 0.0 
30339.37 0.65 0.0 
30677.69 0.43 0.0 
31020.51 0.31 0.0 
31140.51 0.39 0.0 
31550.31 0.35 0.0 
32223.61 0.43 0.0 
32818.14 0.70 0.0 
32818.13 0.57 0.0 
32800.93 0.56 0.0 
35310.61 0.36 0.0 
39315.57 0.46 0.0 
40995.83 0.31 0.0 
44023.39 0.31 0.0 
45840.51 0.31 0.0 
46217.33 0.38 0.0 
47730.51 0.37 0.0 
48255.51 0.35 0.0 
48330.51 0.40 0.0 
52560.51 0.37 0.0 
56100.44 0.37 0.0 
57930.48 0.36 0.0 
58155.55 0.37 0.0 
67020.51 0.39 0.0 
68160.51 0.33 0.0 
68955.55 0.57 0.0 
71098.57 0.34 0.0 
71098.59 0.32 0.0 
72765.55 0.40 0.0 
76470.55 0.42 0.0 
78540.51 0.34 0.0 
85785.48 0.33 0.0 
