664.01 0.61 0.0 
712.95 0.33 0.0 
1462.90 0.78 0.0 
1895.88 0.56 0.0 
1895.88 0.79 0.0 
2017.20 0.39 0.0 
2525.87 0.51 0.0 
3460.10 0.76 0.0 
3743.15 0.32 0.0 
3853.83 0.37 0.0 
4666.83 0.53 0.0 
4666.82 0.82 0.0 
5013.14 0.70 0.0 
5167.78 0.79 0.0 
5852.15 0.31 0.0 
5786.51 0.41 0.0 
5852.09 0.45 0.0 
6364.10 0.82 0.0 
6428.66 0.34 0.0 
6429.07 0.38 0.0 
6949.68 0.48 0.0 
6949.66 0.70 0.0 
7450.03 0.34 0.0 
8167.63 0.39 0.0 
8338.32 0.53 0.0 
8338.32 0.36 0.0 
8454.98 0.57 0.0 
8455.01 0.62 0.0 
8895.74 0.54 0.0 
8943.15 0.31 0.0 
9164.01 0.31 0.0 
9841.64 0.77 0.0 
9841.73 0.39 0.0 
10173.22 0.74 0.0 
11242.11 0.43 0.0 
12225.45 0.59 0.0 
12573.99 0.49 0.0 
12630.83 0.39 0.0 
12573.99 0.71 0.0 
12630.78 0.73 0.0 
12868.73 0.53 0.0 
12911.31 0.65 0.0 
12911.33 0.41 0.0 
13376.27 0.65 0.0 
13593.15 0.73 0.0 
13812.95 0.52 0.0 
14201.26 0.65 0.0 
15795.99 0.35 0.0 
15721.92 0.82 0.0 
16711.91 0.76 0.0 
16711.90 0.84 0.0 
16995.89 0.32 0.0 
17239.64 0.55 0.0 
17160.51 0.32 0.0 
17349.21 0.39 0.0 
17349.15 0.37 0.0 
18752.35 0.54 0.0 
18938.03 0.62 0.0 
18978.95 0.47 0.0 
18978.94 0.48 0.0 
18938.03 0.71 0.0 
19196.61 0.54 0.0 
19372.08 0.58 0.0 
19372.08 0.85 0.0 
20292.90 0.87 0.0 
20292.91 0.33 0.0 
21196.66 0.81 0.0 
21196.67 0.49 0.0 
21902.83 0.76 0.0 
21902.86 0.75 0.0 
21942.43 0.34 0.0 
22656.53 0.38 0.0 
22497.79 0.58 0.0 
23148.62 0.64 0.0 
23677.12 0.75 0.0 
23677.12 0.86 0.0 
24270.59 0.31 0.0 
24737.42 0.79 0.0 
24737.44 0.46 0.0 
25248.52 0.73 0.0 
25797.15 0.31 0.0 
26247.24 0.94 0.0 
26192.83 0.30 0.0 
26247.24 0.94 0.0 
26819.82 0.81 0.0 
27142.28 0.76 0.0 
27142.27 0.62 0.0 
29820.88 0.34 0.0 
31012.64 0.44 0.0 
31012.63 0.54 0.0 
31837.02 0.48 0.0 
31896.27 0.58 0.0 
32113.87 0.60 0.0 
33515.15 0.58 0.0 
33515.15 0.61 0.0 
34522.71 0.40 0.0 
34653.20 0.74 0.0 
34653.16 0.79 0.0 
35555.63 0.58 0.0 
35648.03 0.41 0.0 
36095.79 0.35 0.0 
36423.35 0.34 0.0 
36715.55 0.52 0.0 
38300.37 0.45 0.0 
39211.30 0.80 0.0 
39513.39 0.36 0.0 
39513.34 0.86 0.0 
39872.23 0.72 0.0 
40203.32 0.86 0.0 
40830.74 0.82 0.0 
41610.83 0.37 0.0 
41631.96 0.77 0.0 
42654.70 0.65 0.0 
43436.83 0.44 0.0 
44451.31 0.84 0.0 
45382.38 0.82 0.0 
45382.41 0.50 0.0 
46576.87 0.32 0.0 
47284.59 0.54 0.0 
47941.58 0.78 0.0 
47941.59 0.55 0.0 
48477.95 0.46 0.0 
48669.99 0.57 0.0 
51319.92 0.81 0.0 
51302.53 0.36 0.0 
51319.91 0.63 0.0 
53306.83 0.34 0.0 
54648.22 0.91 0.0 
55357.84 0.84 0.0 
55890.50 0.61 0.0 
75695.53 0.52 0.0 
78487.04 0.77 0.0 
79549.41 0.52 0.0 
81064.24 0.83 0.0 
81064.28 0.77 0.0 
83318.16 0.75 0.0 
83711.77 0.42 0.0 
84727.55 0.41 0.0 
84727.58 0.77 0.0 
85370.48 0.31 0.0 
85672.19 0.73 0.0 
86269.72 0.66 0.0 
