1474.40 0.51 0.0 
9789.72 0.93 0.0 
9789.72 0.93 0.0 
10791.33 0.30 0.0 
25821.94 0.94 0.0 
25821.94 0.93 0.0 
28906.55 0.96 0.0 
28906.54 0.95 0.0 
31778.38 0.96 0.0 
31778.39 0.96 0.0 
38013.24 0.74 0.0 
40067.51 0.50 0.0 
53169.08 0.96 0.0 
53169.08 0.95 0.0 
65159.79 0.31 0.0 
70902.86 0.95 0.0 
70902.84 0.92 0.0 
71206.80 0.86 0.0 
71680.48 0.93 0.0 
71680.48 0.93 0.0 
71715.70 0.86 0.0 
71715.71 0.96 0.0 
72525.51 0.97 0.0 
72529.93 0.30 0.0 
72525.51 0.97 0.0 
72529.96 0.81 0.0 
72590.32 0.30 0.0 
72779.43 0.97 0.0 
72590.31 0.93 0.0 
72779.43 0.97 0.0 
72789.04 0.58 0.0 
73119.39 0.32 0.0 
84394.84 0.32 0.0 
84394.83 0.80 0.0 
