9313.24 0.70 0.0 
9788.76 0.98 0.0 
9788.76 0.98 0.0 
10048.91 0.46 0.0 
10790.20 0.56 0.0 
11419.99 0.44 0.0 
11420.00 0.36 0.0 
21912.17 0.35 0.0 
24900.48 0.63 0.0 
25820.34 0.98 0.0 
25820.34 0.97 0.0 
26271.32 0.36 0.0 
28905.60 0.99 0.0 
28905.60 0.99 0.0 
31777.45 0.99 0.0 
31777.44 0.99 0.0 
39912.35 0.50 0.0 
40066.56 0.53 0.0 
40066.56 0.81 0.0 
53083.48 0.76 0.0 
53167.86 0.98 0.0 
53167.86 0.98 0.0 
70901.63 0.98 0.0 
70901.63 0.97 0.0 
71205.56 0.83 0.0 
71679.23 0.97 0.0 
71679.23 0.97 0.0 
71699.40 0.35 0.0 
71744.24 0.71 0.0 
71714.48 0.86 0.0 
71714.49 0.98 0.0 
72524.28 0.98 0.0 
72524.29 0.99 0.0 
72778.20 0.99 0.0 
72589.12 0.66 0.0 
72778.20 0.99 0.0 
72787.84 0.56 0.0 
72787.84 0.66 0.0 
75554.31 0.32 0.0 
84393.64 0.83 0.0 
84393.64 0.95 0.0 
