6408.31 0.40 0.0 
7396.60 0.32 0.0 
8288.09 0.38 0.0 
8882.43 0.40 0.0 
9931.55 0.33 0.0 
10101.51 0.36 0.0 
10101.44 0.42 0.0 
10479.81 0.59 0.0 
10936.55 0.50 0.0 
11867.25 0.51 0.0 
11777.16 0.30 0.0 
12881.21 0.36 0.0 
12881.18 0.33 0.0 
13546.96 0.56 0.0 
14855.95 0.30 0.0 
14855.95 0.43 0.0 
15481.29 0.49 0.0 
16788.55 0.33 0.0 
17793.95 0.40 0.0 
17730.46 0.60 0.0 
22338.95 0.32 0.0 
25995.59 0.30 0.0 
26267.55 0.49 0.0 
26270.35 0.64 0.0 
26270.34 0.64 0.0 
28050.59 0.40 0.0 
29596.33 0.49 0.0 
29805.57 0.52 0.0 
29633.31 0.45 0.0 
33487.65 0.64 0.0 
33720.59 0.33 0.0 
35776.35 0.44 0.0 
36641.07 0.47 0.0 
42666.07 0.31 0.0 
42666.02 0.43 0.0 
44159.35 0.46 0.0 
55022.67 0.31 0.0 
73101.41 0.54 0.0 
