391.23 0.42 0.0 
1757.05 0.61 0.0 
2327.95 0.34 0.0 
6198.83 0.35 0.0 
8968.25 0.34 0.0 
9200.01 0.43 0.0 
16457.55 0.31 0.0 
16457.47 0.36 0.0 
17896.25 0.35 0.0 
21499.66 0.87 0.0 
21453.47 0.42 0.0 
21499.68 0.82 0.0 
27664.73 0.39 0.0 
36734.00 0.70 0.0 
36733.99 0.79 0.0 
37772.35 0.50 0.0 
38731.92 0.64 0.0 
42136.76 0.51 0.0 
42046.40 0.66 0.0 
42595.16 0.35 0.0 
44076.71 0.35 0.0 
46394.73 0.46 0.0 
47559.80 0.55 0.0 
47616.35 0.47 0.0 
48298.79 0.31 0.0 
50746.27 0.38 0.0 
53822.36 0.44 0.0 
54666.26 0.90 0.0 
54666.26 0.89 0.0 
59625.55 0.87 0.0 
62014.27 0.60 0.0 
62014.28 0.55 0.0 
63466.39 0.34 0.0 
84119.91 0.35 0.0 
