795.11 0.32 0.0 
1919.57 0.46 0.0 
3689.51 0.80 0.0 
4090.09 0.52 0.0 
4359.35 0.31 0.0 
5275.64 0.70 0.0 
5275.64 0.70 0.0 
5366.92 0.36 0.0 
5503.81 0.30 0.0 
5574.69 0.50 0.0 
6044.04 0.56 0.0 
6763.88 0.63 0.0 
7645.76 0.34 0.0 
8069.15 0.39 0.0 
8204.36 0.59 0.0 
8097.64 0.77 0.0 
8097.64 0.65 0.0 
8268.27 0.44 0.0 
8246.72 0.58 0.0 
11802.41 0.46 0.0 
11818.28 0.84 0.0 
12224.32 0.95 0.0 
12224.31 0.45 0.0 
12343.52 0.62 0.0 
12438.77 0.34 0.0 
12797.39 0.38 0.0 
13488.93 0.49 0.0 
14082.68 0.56 0.0 
14529.92 0.50 0.0 
14729.48 0.48 0.0 
15329.51 0.41 0.0 
15519.43 0.32 0.0 
15779.56 0.48 0.0 
16019.48 0.50 0.0 
16094.13 0.37 0.0 
16313.43 0.31 0.0 
16289.08 0.36 0.0 
17114.28 0.39 0.0 
17189.72 0.39 0.0 
17435.40 0.55 0.0 
17565.45 0.68 0.0 
18329.12 0.81 0.0 
18524.51 0.66 0.0 
18417.50 0.74 0.0 
18689.37 0.34 0.0 
19244.60 0.71 0.0 
19363.09 0.49 0.0 
19403.87 0.41 0.0 
19468.69 0.62 0.0 
20053.80 0.33 0.0 
20922.91 0.58 0.0 
21373.47 0.50 0.0 
21387.99 0.35 0.0 
21448.60 0.73 0.0 
21537.09 0.69 0.0 
21794.28 0.43 0.0 
22469.21 0.41 0.0 
22604.45 0.63 0.0 
22514.13 0.47 0.0 
23421.79 0.37 0.0 
25182.75 0.38 0.0 
25228.57 0.85 0.0 
25559.33 0.42 0.0 
25588.70 0.94 0.0 
25841.49 0.44 0.0 
25758.47 0.32 0.0 
26147.57 0.54 0.0 
26147.60 0.49 0.0 
26623.11 0.33 0.0 
26698.00 0.36 0.0 
26830.17 0.46 0.0 
26984.60 0.39 0.0 
27507.47 0.34 0.0 
27659.05 0.34 0.0 
28409.04 0.52 0.0 
28585.13 0.41 0.0 
28467.81 0.32 0.0 
28585.16 0.54 0.0 
28917.63 0.36 0.0 
30088.52 0.78 0.0 
30642.64 0.36 0.0 
30747.49 0.58 0.0 
30913.29 0.35 0.0 
30974.13 0.44 0.0 
31683.68 0.55 0.0 
32338.25 0.70 0.0 
32414.32 0.54 0.0 
32639.22 0.63 0.0 
33191.63 0.79 0.0 
33191.59 0.68 0.0 
33868.41 0.32 0.0 
34233.45 0.81 0.0 
34149.13 0.50 0.0 
34233.48 0.78 0.0 
34469.25 0.31 0.0 
34691.06 0.45 0.0 
34977.93 0.37 0.0 
35488.80 0.33 0.0 
35624.58 0.89 0.0 
35653.64 0.84 0.0 
35832.13 0.32 0.0 
35818.43 0.44 0.0 
37093.23 0.39 0.0 
37593.44 0.31 0.0 
38339.29 0.40 0.0 
39929.28 0.70 0.0 
41234.51 0.48 0.0 
43363.78 0.33 0.0 
43947.71 0.75 0.0 
44354.33 0.68 0.0 
51629.31 0.46 0.0 
62489.56 0.46 0.0 
64093.89 0.33 0.0 
64978.25 0.31 0.0 
65659.73 0.37 0.0 
65848.11 0.37 0.0 
66703.20 0.60 0.0 
66957.84 0.64 0.0 
72815.68 0.48 0.0 
73337.61 0.31 0.0 
73330.09 0.43 0.0 
74058.36 0.70 0.0 
74058.36 0.44 0.0 
74655.33 0.47 0.0 
75151.88 0.48 0.0 
75151.88 0.61 0.0 
76094.48 0.42 0.0 
76410.04 0.35 0.0 
76692.64 0.32 0.0 
77476.37 0.39 0.0 
77883.64 0.30 0.0 
80771.61 0.46 0.0 
80964.64 0.44 0.0 
81404.51 0.57 0.0 
81853.30 0.50 0.0 
