401.63 0.40 0.0 
904.79 0.31 0.0 
1373.71 0.50 0.0 
1691.60 0.64 0.0 
1947.25 0.63 0.0 
2592.36 0.30 0.0 
3763.57 0.32 0.0 
4192.65 0.77 0.0 
4192.66 0.95 0.0 
4737.21 0.36 0.0 
4843.51 0.51 0.0 
5526.40 0.50 0.0 
6122.85 0.59 0.0 
7468.39 0.56 0.0 
7659.73 0.46 0.0 
7914.21 0.47 0.0 
8042.09 0.42 0.0 
7993.32 0.31 0.0 
8574.80 0.34 0.0 
10517.48 0.35 0.0 
10514.09 0.70 0.0 
10737.59 0.73 0.0 
10644.77 0.36 0.0 
10723.93 0.85 0.0 
10860.93 0.64 0.0 
10860.96 0.60 0.0 
10872.82 0.35 0.0 
11908.91 0.92 0.0 
12728.25 0.41 0.0 
14234.44 0.53 0.0 
18447.17 0.35 0.0 
18578.93 0.36 0.0 
19541.49 0.77 0.0 
19529.32 0.35 0.0 
19657.31 0.55 0.0 
22497.29 0.49 0.0 
25232.25 0.46 0.0 
25783.75 0.44 0.0 
25792.29 0.64 0.0 
26779.80 0.49 0.0 
27142.20 0.42 0.0 
27142.25 0.41 0.0 
28403.85 0.42 0.0 
29654.17 0.46 0.0 
29818.69 0.57 0.0 
30799.59 0.75 0.0 
33145.81 0.35 0.0 
34518.61 0.44 0.0 
34739.48 0.39 0.0 
39173.69 0.46 0.0 
41637.39 0.71 0.0 
42250.77 0.50 0.0 
43163.89 0.54 0.0 
43341.91 0.39 0.0 
46103.28 0.34 0.0 
47038.19 0.60 0.0 
47038.24 0.80 0.0 
47514.57 0.38 0.0 
47751.60 0.39 0.0 
48478.72 0.32 0.0 
48713.09 0.52 0.0 
49679.36 0.39 0.0 
50037.96 0.32 0.0 
50578.60 0.36 0.0 
51233.43 0.58 0.0 
51353.45 0.31 0.0 
52915.05 0.38 0.0 
55032.10 0.31 0.0 
55078.41 0.37 0.0 
55673.32 0.33 0.0 
56740.65 0.33 0.0 
57988.00 0.51 0.0 
59204.01 0.48 0.0 
59793.83 0.48 0.0 
60188.94 0.32 0.0 
60702.41 0.34 0.0 
61722.67 0.38 0.0 
62174.05 0.32 0.0 
62353.25 0.51 0.0 
62653.24 0.33 0.0 
64808.57 0.56 0.0 
65500.85 0.52 0.0 
66671.04 0.42 0.0 
68561.31 0.45 0.0 
69009.80 0.43 0.0 
70035.87 0.45 0.0 
71144.48 0.54 0.0 
71264.03 0.37 0.0 
72521.22 0.42 0.0 
72805.73 0.37 0.0 
73059.16 0.43 0.0 
74859.87 0.41 0.0 
75222.44 0.35 0.0 
75274.56 0.83 0.0 
75274.53 0.79 0.0 
75595.37 0.40 0.0 
75849.97 0.33 0.0 
75957.56 0.73 0.0 
76208.97 0.87 0.0 
77473.95 0.42 0.0 
77528.79 0.41 0.0 
78344.17 0.48 0.0 
78704.51 0.88 0.0 
78704.47 0.32 0.0 
81161.05 0.70 0.0 
81520.29 0.50 0.0 
81612.83 0.35 0.0 
82058.56 0.81 0.0 
82509.80 0.73 0.0 
83050.13 0.57 0.0 
83143.04 0.43 0.0 
83773.52 0.31 0.0 
83859.63 0.72 0.0 
84028.57 0.31 0.0 
84220.35 0.36 0.0 
85209.61 0.73 0.0 
85572.89 0.37 0.0 
85930.05 0.31 0.0 
86099.25 0.32 0.0 
86159.00 0.44 0.0 
