1379.01 0.37 0.0 
2334.53 0.34 0.0 
2887.88 0.54 0.0 
3089.01 0.71 0.0 
4270.24 0.64 0.0 
4368.28 0.76 0.0 
4368.31 0.41 0.0 
5538.36 0.35 0.0 
6625.96 0.48 0.0 
6625.89 0.43 0.0 
6689.56 0.48 0.0 
9968.71 0.35 0.0 
15167.56 0.46 0.0 
15836.15 0.30 0.0 
16137.85 0.42 0.0 
16545.97 0.58 0.0 
16990.01 0.51 0.0 
17803.81 0.79 0.0 
18580.64 0.30 0.0 
18838.57 0.51 0.0 
19575.14 0.48 0.0 
19527.01 0.50 0.0 
22992.49 0.44 0.0 
24794.56 0.85 0.0 
26208.44 0.41 0.0 
26915.91 0.41 0.0 
27028.09 0.73 0.0 
27207.15 0.34 0.0 
27599.57 0.37 0.0 
28275.89 0.40 0.0 
28405.01 0.37 0.0 
29215.71 0.88 0.0 
29233.32 0.50 0.0 
29144.17 0.36 0.0 
29240.23 0.55 0.0 
29373.04 0.74 0.0 
29373.04 0.35 0.0 
29534.12 0.77 0.0 
29517.29 0.75 0.0 
29679.80 0.62 0.0 
30218.51 0.61 0.0 
33039.61 0.40 0.0 
33433.53 0.32 0.0 
35234.21 0.38 0.0 
35262.13 0.31 0.0 
35474.50 0.91 0.0 
35806.08 0.60 0.0 
35859.19 0.33 0.0 
36012.24 0.77 0.0 
36284.44 0.46 0.0 
36536.81 0.34 0.0 
36536.84 0.79 0.0 
37664.13 0.49 0.0 
38741.15 0.84 0.0 
39211.87 0.35 0.0 
39702.59 0.69 0.0 
40831.12 0.47 0.0 
40910.75 0.47 0.0 
41112.45 0.52 0.0 
41073.47 0.72 0.0 
41073.48 0.78 0.0 
41112.41 0.45 0.0 
41283.31 0.81 0.0 
41767.15 0.35 0.0 
41913.61 0.81 0.0 
42000.52 0.62 0.0 
42534.03 0.78 0.0 
42534.04 0.62 0.0 
43276.99 0.53 0.0 
43277.00 0.52 0.0 
46199.50 0.85 0.0 
46558.45 0.48 0.0 
46541.52 0.65 0.0 
47219.40 0.55 0.0 
49964.39 0.83 0.0 
52424.65 0.55 0.0 
54935.00 0.51 0.0 
57668.73 0.34 0.0 
62352.20 0.53 0.0 
63141.12 0.45 0.0 
63269.60 0.41 0.0 
63419.33 0.53 0.0 
63624.24 0.65 0.0 
63708.36 0.36 0.0 
63690.32 0.37 0.0 
64094.48 0.51 0.0 
64693.51 0.70 0.0 
64664.45 0.66 0.0 
64844.36 0.33 0.0 
65309.56 0.73 0.0 
65504.40 0.54 0.0 
66193.96 0.46 0.0 
66221.32 0.55 0.0 
66568.32 0.54 0.0 
66929.01 0.41 0.0 
67169.33 0.63 0.0 
67408.60 0.75 0.0 
68877.39 0.40 0.0 
68877.48 0.69 0.0 
71427.89 0.55 0.0 
73078.08 0.88 0.0 
74426.24 0.39 0.0 
76332.44 0.43 0.0 
77547.75 0.40 0.0 
79051.60 0.40 0.0 
79046.77 0.36 0.0 
79037.51 0.34 0.0 
80156.05 0.37 0.0 
80144.45 0.82 0.0 
81263.57 0.68 0.0 
81271.17 0.33 0.0 
83758.81 0.59 0.0 
