2365.53 0.44 0.0 
4016.67 0.90 0.0 
4324.40 0.30 0.0 
5021.49 0.62 0.0 
5369.08 0.75 0.0 
5281.44 0.40 0.0 
5369.18 0.50 0.0 
5431.37 0.70 0.0 
5485.73 0.61 0.0 
5835.83 0.50 0.0 
6848.45 0.85 0.0 
8798.84 0.50 0.0 
8798.85 0.37 0.0 
9872.67 0.33 0.0 
14650.44 0.56 0.0 
22046.11 0.40 0.0 
24580.76 0.37 0.0 
28106.61 0.31 0.0 
31678.48 0.47 0.0 
32908.69 0.51 0.0 
33193.60 0.53 0.0 
35441.52 0.38 0.0 
41318.64 0.40 0.0 
41787.64 0.45 0.0 
42702.08 0.53 0.0 
48222.44 0.69 0.0 
49252.88 0.33 0.0 
49252.88 0.52 0.0 
51404.29 0.33 0.0 
52004.11 0.35 0.0 
52019.16 0.31 0.0 
59485.96 0.49 0.0 
64016.60 0.36 0.0 
65095.77 0.45 0.0 
70571.56 0.67 0.0 
70571.56 0.84 0.0 
73597.08 0.48 0.0 
73872.20 0.70 0.0 
75042.57 0.62 0.0 
75044.00 0.50 0.0 
75072.83 0.57 0.0 
75042.52 0.44 0.0 
78214.12 0.42 0.0 
80849.27 0.79 0.0 
81463.48 0.37 0.0 
81629.21 0.59 0.0 
81845.16 0.38 0.0 
82271.37 0.31 0.0 
83176.21 0.32 0.0 
84284.43 0.34 0.0 
85851.97 0.34 0.0 
86084.05 0.65 0.0 
