2665.33 0.32 0.0 
5174.23 0.33 0.0 
5549.57 0.51 0.0 
5810.55 0.39 0.0 
6359.44 0.85 0.0 
6359.43 0.81 0.0 
6367.51 0.31 0.0 
6631.64 0.31 0.0 
9463.77 0.37 0.0 
9465.35 0.56 0.0 
9465.33 0.31 0.0 
10860.72 0.81 0.0 
10860.72 0.81 0.0 
11459.19 0.43 0.0 
13534.31 0.33 0.0 
13534.35 0.35 0.0 
13694.35 0.53 0.0 
13695.51 0.50 0.0 
14418.89 0.32 0.0 
15442.71 0.32 0.0 
17463.53 0.34 0.0 
17539.21 0.33 0.0 
17539.20 0.33 0.0 
21624.58 0.34 0.0 
21711.95 0.32 0.0 
22274.87 0.76 0.0 
22560.50 0.65 0.0 
23820.71 0.48 0.0 
26327.45 0.73 0.0 
26327.46 0.68 0.0 
26894.39 0.32 0.0 
28762.27 0.35 0.0 
31554.79 0.31 0.0 
32168.97 0.35 0.0 
34004.40 0.34 0.0 
34781.79 0.37 0.0 
34847.83 0.34 0.0 
37378.69 0.30 0.0 
38160.71 0.44 0.0 
38400.72 0.47 0.0 
38400.77 0.57 0.0 
41495.80 0.37 0.0 
44549.57 0.31 0.0 
45513.56 0.42 0.0 
46711.97 0.33 0.0 
48781.79 0.32 0.0 
54301.03 0.39 0.0 
55741.13 0.41 0.0 
56226.83 0.38 0.0 
61812.35 0.45 0.0 
63338.81 0.34 0.0 
64575.83 0.36 0.0 
65148.63 0.31 0.0 
65384.13 0.31 0.0 
65517.25 0.64 0.0 
65517.23 0.30 0.0 
68819.03 0.30 0.0 
75016.87 0.33 0.0 
78407.12 0.33 0.0 
80459.11 0.35 0.0 
81061.36 0.34 0.0 
81061.32 0.44 0.0 
82264.87 0.38 0.0 
82471.17 0.38 0.0 
82471.24 0.37 0.0 
82524.07 0.32 0.0 
82739.03 0.41 0.0 
83129.92 0.43 0.0 
83299.20 0.46 0.0 
84677.73 0.46 0.0 
84677.68 0.46 0.0 
85025.97 0.31 0.0 
