631.41 0.64 0.0 
631.41 0.67 0.0 
1090.11 0.30 0.0 
1128.85 0.62 0.0 
1157.28 0.52 0.0 
1231.40 0.68 0.0 
2372.69 0.54 0.0 
2372.73 0.59 0.0 
4016.71 0.67 0.0 
4366.64 0.48 0.0 
5056.99 0.52 0.0 
5086.85 0.56 0.0 
5176.78 0.67 0.0 
5256.71 0.38 0.0 
5369.14 0.32 0.0 
5461.01 0.31 0.0 
5461.00 0.56 0.0 
5476.59 0.33 0.0 
5476.59 0.38 0.0 
5491.69 0.51 0.0 
5431.40 0.65 0.0 
5491.72 0.62 0.0 
5632.93 0.80 0.0 
5632.97 0.62 0.0 
5784.99 0.49 0.0 
5835.90 0.42 0.0 
5835.84 0.70 0.0 
5914.41 0.53 0.0 
5914.37 0.52 0.0 
6848.49 0.67 0.0 
8800.05 0.35 0.0 
8799.99 0.39 0.0 
9395.37 0.32 0.0 
9395.45 0.46 0.0 
9874.89 0.33 0.0 
10389.81 0.48 0.0 
10389.77 0.64 0.0 
12496.99 0.52 0.0 
12725.68 0.51 0.0 
22046.15 0.36 0.0 
23973.63 0.31 0.0 
29706.84 0.44 0.0 
33368.56 0.35 0.0 
33651.95 0.38 0.0 
48318.43 0.49 0.0 
50222.31 0.31 0.0 
63393.31 0.48 0.0 
65610.51 0.49 0.0 
75043.93 0.37 0.0 
75034.39 0.72 0.0 
75043.95 0.47 0.0 
83181.17 0.50 0.0 
84952.29 0.48 0.0 
85355.19 0.34 0.0 
86084.09 0.62 0.0 
