325.74 0.83 0.0 
853.27 0.89 0.0 
1911.33 0.79 0.0 
1964.49 0.45 0.0 
1911.29 0.45 0.0 
2935.60 0.54 0.0 
3454.36 0.32 0.0 
3521.16 0.58 0.0 
3629.31 0.32 0.0 
4384.56 0.55 0.0 
4384.56 0.56 0.0 
4465.92 0.72 0.0 
4491.41 0.46 0.0 
4691.95 0.47 0.0 
4987.23 0.34 0.0 
5414.38 0.37 0.0 
5519.53 0.89 0.0 
5467.52 0.51 0.0 
5514.12 0.76 0.0 
5744.07 0.40 0.0 
5759.16 0.40 0.0 
5677.65 0.59 0.0 
5844.36 0.43 0.0 
5968.76 0.83 0.0 
6094.64 0.50 0.0 
6264.97 0.67 0.0 
6663.58 0.41 0.0 
7064.30 0.89 0.0 
7239.16 0.92 0.0 
7206.32 0.84 0.0 
7212.00 0.33 0.0 
7205.21 0.53 0.0 
7206.32 0.65 0.0 
7239.16 0.94 0.0 
7465.69 0.64 0.0 
7529.55 0.77 0.0 
7858.63 0.54 0.0 
8290.72 0.70 0.0 
8290.69 0.61 0.0 
8817.44 0.55 0.0 
9027.33 0.37 0.0 
9760.16 0.52 0.0 
9925.65 0.69 0.0 
10309.07 0.65 0.0 
10309.12 0.32 0.0 
10672.15 0.34 0.0 
10842.13 0.46 0.0 
11475.85 0.32 0.0 
11443.78 0.53 0.0 
11461.00 0.39 0.0 
11475.84 0.32 0.0 
11668.99 0.79 0.0 
11803.14 0.31 0.0 
11915.04 0.67 0.0 
12036.69 0.40 0.0 
12151.27 0.63 0.0 
12493.55 0.89 0.0 
12493.53 0.41 0.0 
12554.56 0.80 0.0 
12897.04 0.79 0.0 
12897.04 0.86 0.0 
13135.35 0.55 0.0 
13307.88 0.45 0.0 
13263.33 0.31 0.0 
13737.72 0.83 0.0 
13947.05 0.30 0.0 
14972.25 0.47 0.0 
14997.61 0.68 0.0 
15013.52 0.74 0.0 
15224.25 0.56 0.0 
15379.04 0.47 0.0 
15569.25 0.33 0.0 
15912.48 0.37 0.0 
16202.58 0.34 0.0 
16350.60 0.90 0.0 
16788.91 0.55 0.0 
17229.33 0.63 0.0 
17666.09 0.52 0.0 
17666.10 0.86 0.0 
18055.48 0.43 0.0 
18445.20 0.57 0.0 
18445.17 0.61 0.0 
18417.87 0.52 0.0 
19282.96 0.32 0.0 
19282.93 0.43 0.0 
19236.12 0.51 0.0 
19697.67 0.41 0.0 
19828.65 0.58 0.0 
19828.64 0.60 0.0 
20535.97 0.52 0.0 
20642.93 0.30 0.0 
20946.11 0.54 0.0 
20946.15 0.64 0.0 
21225.63 0.50 0.0 
21148.07 0.43 0.0 
21225.64 0.59 0.0 
21369.76 0.40 0.0 
21818.68 0.74 0.0 
21749.61 0.64 0.0 
21818.69 0.32 0.0 
22092.29 0.50 0.0 
22264.16 0.44 0.0 
22264.15 0.92 0.0 
22422.57 0.34 0.0 
22359.00 0.40 0.0 
22359.00 0.35 0.0 
22453.40 0.46 0.0 
23040.50 0.35 0.0 
23438.00 0.78 0.0 
23438.00 0.58 0.0 
23819.46 0.83 0.0 
24199.04 0.35 0.0 
24593.83 0.73 0.0 
24988.92 0.74 0.0 
24988.92 0.96 0.0 
25393.35 0.78 0.0 
25640.11 0.46 0.0 
25676.07 0.89 0.0 
25630.36 0.74 0.0 
25676.09 0.94 0.0 
25992.15 0.39 0.0 
25992.09 0.40 0.0 
26261.09 0.71 0.0 
26180.33 0.31 0.0 
26095.52 0.69 0.0 
26261.11 0.79 0.0 
26180.32 0.69 0.0 
26818.84 0.31 0.0 
27028.41 0.70 0.0 
27193.63 0.80 0.0 
27363.88 0.39 0.0 
27388.53 0.31 0.0 
27426.48 0.37 0.0 
27400.97 0.39 0.0 
27798.97 0.61 0.0 
27856.32 0.39 0.0 
27973.00 0.43 0.0 
28682.35 0.55 0.0 
28682.34 0.68 0.0 
29121.04 0.77 0.0 
29121.03 0.87 0.0 
29399.37 0.42 0.0 
29659.41 0.46 0.0 
30419.02 0.76 0.0 
30854.14 0.94 0.0 
31179.57 0.73 0.0 
31504.24 0.45 0.0 
31504.27 0.62 0.0 
31706.17 0.62 0.0 
32143.67 0.48 0.0 
32108.49 0.36 0.0 
32590.20 0.68 0.0 
33214.36 0.46 0.0 
33138.99 0.69 0.0 
33139.06 0.76 0.0 
33388.67 0.52 0.0 
33955.49 0.42 0.0 
33926.11 0.80 0.0 
34276.92 0.34 0.0 
34407.02 0.87 0.0 
34498.05 0.44 0.0 
35365.37 0.69 0.0 
35396.65 0.75 0.0 
35365.36 0.75 0.0 
35862.04 0.63 0.0 
36206.93 0.40 0.0 
36356.88 0.67 0.0 
36446.13 0.42 0.0 
36844.91 0.70 0.0 
36844.92 0.45 0.0 
37307.45 0.32 0.0 
37793.05 0.86 0.0 
37793.04 0.49 0.0 
38000.91 0.40 0.0 
38001.51 0.35 0.0 
38001.55 0.53 0.0 
38451.27 0.47 0.0 
38637.47 0.60 0.0 
38755.72 0.57 0.0 
39222.28 0.85 0.0 
39222.28 0.69 0.0 
39697.59 0.40 0.0 
40168.07 0.86 0.0 
41148.36 0.76 0.0 
41387.12 0.43 0.0 
41387.11 0.74 0.0 
42625.52 0.55 0.0 
42625.49 0.81 0.0 
42930.04 0.37 0.0 
43120.35 0.82 0.0 
43120.36 0.80 0.0 
43363.07 0.33 0.0 
43454.01 0.33 0.0 
43486.17 0.89 0.0 
43887.43 0.47 0.0 
43859.51 0.42 0.0 
44087.08 0.90 0.0 
44087.08 0.81 0.0 
44223.11 0.60 0.0 
45022.63 0.34 0.0 
45500.77 0.35 0.0 
45445.12 0.44 0.0 
46332.57 0.36 0.0 
46905.33 0.33 0.0 
46916.53 0.44 0.0 
47172.76 0.34 0.0 
47419.87 0.35 0.0 
47419.93 0.43 0.0 
48399.81 0.39 0.0 
48399.79 0.76 0.0 
48886.33 0.51 0.0 
49378.56 0.82 0.0 
49891.60 0.66 0.0 
49891.60 0.79 0.0 
50024.57 0.41 0.0 
50377.81 0.70 0.0 
50377.80 0.56 0.0 
51135.78 0.31 0.0 
51073.36 0.68 0.0 
51362.47 0.31 0.0 
51459.60 0.72 0.0 
51362.41 0.73 0.0 
51459.60 0.68 0.0 
51542.24 0.58 0.0 
51542.25 0.39 0.0 
52316.93 0.47 0.0 
52273.80 0.69 0.0 
52798.44 0.36 0.0 
53297.25 0.68 0.0 
53297.25 0.81 0.0 
53669.16 0.92 0.0 
54290.37 0.30 0.0 
54290.37 0.50 0.0 
55483.00 0.39 0.0 
56143.78 0.34 0.0 
56143.76 0.74 0.0 
56606.25 0.79 0.0 
56606.24 0.83 0.0 
57086.37 0.75 0.0 
57449.51 0.55 0.0 
58029.29 0.34 0.0 
58137.57 0.52 0.0 
58362.88 0.55 0.0 
58506.93 0.56 0.0 
58506.92 0.75 0.0 
58649.09 0.32 0.0 
58649.05 0.36 0.0 
58790.73 0.33 0.0 
58898.83 0.69 0.0 
58898.84 0.30 0.0 
58987.04 0.44 0.0 
58987.04 0.34 0.0 
59098.68 0.45 0.0 
59321.51 0.34 0.0 
59997.21 0.67 0.0 
59997.25 0.31 0.0 
60398.01 0.67 0.0 
60271.36 0.44 0.0 
60466.57 0.30 0.0 
60592.29 0.30 0.0 
60599.48 0.46 0.0 
60398.03 0.66 0.0 
60505.72 0.79 0.0 
60595.44 0.63 0.0 
60673.36 0.39 0.0 
61005.09 0.47 0.0 
61093.08 0.32 0.0 
61994.59 0.83 0.0 
62215.29 0.64 0.0 
62564.65 0.33 0.0 
62506.49 0.37 0.0 
63503.51 0.64 0.0 
63503.53 0.43 0.0 
63977.76 0.62 0.0 
63977.76 0.38 0.0 
64316.72 0.46 0.0 
64275.36 0.73 0.0 
64276.19 0.37 0.0 
64275.35 0.91 0.0 
64656.05 0.31 0.0 
64655.97 0.35 0.0 
65033.96 0.33 0.0 
65147.65 0.57 0.0 
65593.72 0.84 0.0 
66032.12 0.34 0.0 
66013.05 0.44 0.0 
66222.23 0.51 0.0 
66149.57 0.70 0.0 
66222.21 0.61 0.0 
66594.19 0.31 0.0 
66536.77 0.39 0.0 
67571.04 0.58 0.0 
67571.07 0.31 0.0 
67769.24 0.56 0.0 
67842.97 0.54 0.0 
67867.31 0.65 0.0 
67867.35 0.55 0.0 
68076.13 0.56 0.0 
68076.12 0.78 0.0 
68592.98 0.44 0.0 
68592.93 0.94 0.0 
68672.76 0.33 0.0 
69123.45 0.62 0.0 
69123.43 0.66 0.0 
69681.77 0.66 0.0 
69681.78 0.88 0.0 
70193.69 0.55 0.0 
70342.33 0.42 0.0 
70342.33 0.47 0.0 
71196.87 0.43 0.0 
71218.95 0.91 0.0 
71681.56 0.70 0.0 
71736.29 0.64 0.0 
71736.33 0.55 0.0 
72041.85 0.62 0.0 
72068.01 0.69 0.0 
72067.99 0.62 0.0 
72478.97 0.45 0.0 
72857.71 0.72 0.0 
72782.61 0.63 0.0 
72778.49 0.68 0.0 
72997.36 0.39 0.0 
73061.29 0.54 0.0 
73061.17 0.60 0.0 
72997.33 0.40 0.0 
73317.96 0.94 0.0 
73962.89 0.40 0.0 
74185.17 0.32 0.0 
74368.66 0.80 0.0 
74881.05 0.38 0.0 
75430.62 0.45 0.0 
75816.00 0.63 0.0 
75816.01 0.53 0.0 
76218.64 0.43 0.0 
76496.96 0.34 0.0 
76496.96 0.76 0.0 
77043.08 0.43 0.0 
77428.68 0.33 0.0 
77467.60 0.65 0.0 
77590.15 0.31 0.0 
78497.05 0.32 0.0 
79157.31 0.43 0.0 
79702.31 0.59 0.0 
80245.49 0.52 0.0 
80789.20 0.57 0.0 
80789.19 0.93 0.0 
81326.97 0.62 0.0 
81941.12 0.77 0.0 
81865.79 0.46 0.0 
82153.29 0.70 0.0 
82445.19 0.66 0.0 
82445.17 0.44 0.0 
82999.50 0.68 0.0 
82999.54 0.35 0.0 
83374.91 0.34 0.0 
83545.13 0.53 0.0 
83545.11 0.94 0.0 
84086.36 0.52 0.0 
84651.53 0.38 0.0 
85767.82 0.72 0.0 
86311.36 0.78 0.0 
86218.25 0.45 0.0 
86311.34 0.93 0.0 
