3523.55 0.32 0.0 
4411.34 0.76 0.0 
4433.84 0.39 0.0 
4385.03 0.54 0.0 
4433.84 0.62 0.0 
5362.31 0.31 0.0 
5378.85 0.41 0.0 
5414.41 0.32 0.0 
5468.07 0.48 0.0 
5519.54 0.79 0.0 
6095.41 0.37 0.0 
6180.58 0.63 0.0 
7041.23 0.37 0.0 
7127.16 0.38 0.0 
7286.84 0.47 0.0 
7212.03 0.31 0.0 
7286.84 0.85 0.0 
7230.95 0.34 0.0 
7310.69 0.37 0.0 
7695.65 0.45 0.0 
8793.21 0.56 0.0 
8910.87 0.36 0.0 
9857.18 0.67 0.0 
9857.23 0.52 0.0 
10259.34 0.42 0.0 
11163.33 0.43 0.0 
11163.29 0.46 0.0 
11852.59 0.42 0.0 
11920.15 0.67 0.0 
12154.67 0.30 0.0 
12900.51 0.34 0.0 
12902.63 0.36 0.0 
12977.65 0.42 0.0 
13110.89 0.36 0.0 
13878.91 0.46 0.0 
13860.47 0.48 0.0 
13800.69 0.35 0.0 
14465.05 0.72 0.0 
14465.07 0.57 0.0 
14974.55 0.44 0.0 
15029.98 0.43 0.0 
15061.49 0.40 0.0 
15224.25 0.47 0.0 
15258.71 0.39 0.0 
15274.37 0.66 0.0 
15151.61 0.62 0.0 
15332.27 0.35 0.0 
15344.78 0.68 0.0 
15274.34 0.64 0.0 
15571.54 0.54 0.0 
15977.88 0.36 0.0 
17731.04 0.31 0.0 
17669.69 0.46 0.0 
18190.96 0.32 0.0 
18231.95 0.47 0.0 
18445.71 0.42 0.0 
19832.70 0.55 0.0 
19832.66 0.47 0.0 
21008.24 0.54 0.0 
21225.56 0.45 0.0 
21304.52 0.65 0.0 
21822.07 0.43 0.0 
21750.95 0.35 0.0 
21777.46 0.49 0.0 
22264.71 0.39 0.0 
22461.83 0.64 0.0 
22464.55 0.34 0.0 
23295.81 0.63 0.0 
23441.63 0.43 0.0 
23441.59 0.49 0.0 
23505.88 0.73 0.0 
25393.58 0.31 0.0 
25457.36 0.47 0.0 
25635.42 0.91 0.0 
25635.36 0.69 0.0 
25682.82 0.80 0.0 
25682.80 0.91 0.0 
25994.94 0.50 0.0 
26263.53 0.74 0.0 
26263.50 0.77 0.0 
26648.16 0.71 0.0 
27377.17 0.56 0.0 
27366.31 0.31 0.0 
27404.17 0.38 0.0 
27804.13 0.35 0.0 
28117.12 0.46 0.0 
29124.75 0.47 0.0 
29378.99 0.40 0.0 
29197.79 0.44 0.0 
29370.84 0.63 0.0 
29378.99 0.66 0.0 
29661.78 0.62 0.0 
29661.77 0.38 0.0 
29691.73 0.62 0.0 
30419.13 0.32 0.0 
30949.29 0.54 0.0 
30949.29 0.50 0.0 
31521.80 0.47 0.0 
32143.91 0.70 0.0 
32243.75 0.62 0.0 
32233.55 0.43 0.0 
32558.04 0.59 0.0 
32558.04 0.76 0.0 
33215.77 0.63 0.0 
33141.06 0.47 0.0 
33215.77 0.75 0.0 
33141.06 0.43 0.0 
34277.91 0.41 0.0 
34336.77 0.36 0.0 
34231.69 0.60 0.0 
34499.65 0.48 0.0 
35366.71 0.31 0.0 
37796.26 0.83 0.0 
37796.27 0.36 0.0 
38002.38 0.76 0.0 
38002.40 0.73 0.0 
40891.77 0.44 0.0 
40846.40 0.75 0.0 
41388.97 0.33 0.0 
41388.96 0.78 0.0 
41641.29 0.52 0.0 
41976.51 0.59 0.0 
42027.47 0.46 0.0 
42931.23 0.30 0.0 
43487.47 0.44 0.0 
43585.15 0.39 0.0 
43744.11 0.43 0.0 
43785.55 0.57 0.0 
43938.03 0.32 0.0 
44226.44 0.73 0.0 
44226.43 0.46 0.0 
44457.59 0.51 0.0 
48832.47 0.41 0.0 
50380.59 0.40 0.0 
50380.57 0.39 0.0 
51462.87 0.34 0.0 
51462.85 0.63 0.0 
51543.28 0.68 0.0 
52680.91 0.50 0.0 
52798.72 0.51 0.0 
52680.89 0.68 0.0 
53299.87 0.30 0.0 
53300.00 0.47 0.0 
56146.80 0.46 0.0 
58138.73 0.38 0.0 
58900.33 0.59 0.0 
58900.39 0.32 0.0 
59099.28 0.55 0.0 
59820.90 0.59 0.0 
59944.59 0.42 0.0 
60400.98 0.68 0.0 
60470.36 0.57 0.0 
60470.37 0.68 0.0 
60595.45 0.46 0.0 
60400.98 0.68 0.0 
60599.73 0.63 0.0 
61157.48 0.31 0.0 
64278.32 0.69 0.0 
64278.32 0.77 0.0 
64660.60 0.54 0.0 
64666.99 0.32 0.0 
64660.55 0.46 0.0 
64666.93 0.55 0.0 
64788.09 0.59 0.0 
65150.47 0.33 0.0 
65355.48 0.75 0.0 
65346.39 0.33 0.0 
66015.99 0.45 0.0 
66015.93 0.51 0.0 
66228.34 0.43 0.0 
66259.42 0.73 0.0 
66228.44 0.42 0.0 
66285.73 0.58 0.0 
67711.87 0.36 0.0 
67771.37 0.68 0.0 
67711.88 0.64 0.0 
67868.74 0.74 0.0 
67868.76 0.79 0.0 
68078.60 0.35 0.0 
68078.53 0.43 0.0 
68475.13 0.34 0.0 
68473.43 0.59 0.0 
69125.68 0.41 0.0 
69684.21 0.32 0.0 
69684.21 0.50 0.0 
70472.29 0.43 0.0 
71281.82 0.77 0.0 
72071.09 0.63 0.0 
72071.10 0.60 0.0 
72348.96 0.68 0.0 
72435.71 0.38 0.0 
72864.15 0.57 0.0 
72888.93 0.57 0.0 
73063.62 0.52 0.0 
73063.56 0.47 0.0 
73380.73 0.43 0.0 
73385.76 0.80 0.0 
73642.81 0.42 0.0 
73964.71 0.53 0.0 
73964.71 0.42 0.0 
74222.92 0.65 0.0 
75919.55 0.47 0.0 
76224.15 0.45 0.0 
76224.15 0.37 0.0 
76392.99 0.47 0.0 
76908.21 0.45 0.0 
81943.08 0.64 0.0 
81976.85 0.61 0.0 
82112.95 0.44 0.0 
82447.42 0.61 0.0 
83374.89 0.69 0.0 
83381.11 0.37 0.0 
83374.93 0.44 0.0 
83547.45 0.58 0.0 
