449.03 0.36 0.0 
599.11 0.38 0.0 
5609.25 0.60 0.0 
5806.97 0.49 0.0 
5774.28 0.62 0.0 
6357.80 0.51 0.0 
6364.84 0.76 0.0 
6356.77 0.69 0.0 
6357.67 0.57 0.0 
6364.83 0.85 0.0 
7061.61 0.51 0.0 
7544.19 0.48 0.0 
7559.91 0.74 0.0 
7904.05 0.34 0.0 
9118.95 0.43 0.0 
9239.59 0.35 0.0 
9463.68 0.30 0.0 
9839.56 0.32 0.0 
9893.84 0.33 0.0 
10753.51 0.88 0.0 
10840.80 0.70 0.0 
10860.22 0.73 0.0 
11219.57 0.47 0.0 
11456.93 0.72 0.0 
12794.21 0.57 0.0 
12854.47 0.45 0.0 
13692.68 0.34 0.0 
14483.87 0.58 0.0 
14579.59 0.37 0.0 
16557.55 0.69 0.0 
19280.57 0.58 0.0 
21624.65 0.37 0.0 
22270.67 0.65 0.0 
22739.07 0.30 0.0 
23578.00 0.32 0.0 
24310.44 0.32 0.0 
24571.47 0.31 0.0 
26325.32 0.31 0.0 
26325.28 0.49 0.0 
26954.59 0.35 0.0 
28753.92 0.80 0.0 
29007.81 0.51 0.0 
29878.97 0.32 0.0 
29996.95 0.40 0.0 
30509.51 0.45 0.0 
36778.97 0.34 0.0 
37317.93 0.49 0.0 
37513.83 0.47 0.0 
40439.51 0.68 0.0 
40528.51 0.31 0.0 
41174.05 0.55 0.0 
43484.15 0.32 0.0 
44113.85 0.48 0.0 
44549.53 0.36 0.0 
46979.35 0.45 0.0 
48223.73 0.36 0.0 
48268.91 0.34 0.0 
51358.25 0.45 0.0 
51539.04 0.45 0.0 
51659.51 0.44 0.0 
52288.97 0.31 0.0 
58274.07 0.39 0.0 
58829.57 0.72 0.0 
60329.45 0.61 0.0 
61199.16 0.52 0.0 
65378.31 0.44 0.0 
65506.96 0.38 0.0 
71399.29 0.67 0.0 
73048.89 0.33 0.0 
73229.60 0.48 0.0 
73274.37 0.37 0.0 
76769.39 0.34 0.0 
80579.57 0.36 0.0 
80863.97 0.40 0.0 
81388.31 0.40 0.0 
82139.04 0.30 0.0 
82828.79 0.32 0.0 
83007.64 0.67 0.0 
