1872.59 0.42 0.0 
3830.81 0.77 0.0 
3830.81 0.52 0.0 
9540.71 0.35 0.0 
10246.29 0.55 0.0 
8225.12 0.81 0.0 
11816.67 0.41 0.0 
9553.87 0.49 0.0 
12893.01 0.41 0.0 
10159.34 0.77 0.0 
10159.37 0.40 0.0 
12150.35 0.74 0.0 
11988.97 0.44 0.0 
10636.67 0.42 0.0 
12150.36 0.92 0.0 
13985.91 0.41 0.0 
14328.83 0.49 0.0 
13095.76 0.70 0.0 
12687.50 0.95 0.0 
15657.64 0.71 0.0 
14328.81 0.61 0.0 
12687.51 0.96 0.0 
14024.25 0.68 0.0 
14543.32 0.47 0.0 
14543.32 0.57 0.0 
15657.63 0.54 0.0 
17228.12 0.90 0.0 
13876.15 0.52 0.0 
14024.30 0.76 0.0 
14238.59 0.35 0.0 
14238.61 0.67 0.0 
14955.77 0.40 0.0 
14955.74 0.85 0.0 
14960.71 0.56 0.0 
17557.07 0.43 0.0 
19485.89 0.48 0.0 
17736.01 0.45 0.0 
17557.11 0.45 0.0 
17228.12 0.87 0.0 
22125.49 0.49 0.0 
22966.60 0.70 0.0 
19140.51 0.34 0.0 
22966.58 0.64 0.0 
22861.70 0.44 0.0 
23248.72 0.53 0.0 
26823.37 0.43 0.0 
27420.63 0.43 0.0 
34173.58 0.82 0.0 
34173.60 0.82 0.0 
34417.03 0.41 0.0 
34417.03 0.34 0.0 
34429.79 0.37 0.0 
34429.84 0.39 0.0 
36460.85 0.40 0.0 
36460.83 0.53 0.0 
36124.17 0.49 0.0 
37073.05 0.61 0.0 
39569.40 0.62 0.0 
39218.48 0.77 0.0 
39906.91 0.48 0.0 
40776.28 0.39 0.0 
41552.86 0.73 0.0 
40776.27 0.57 0.0 
41552.85 0.55 0.0 
46136.31 0.35 0.0 
44498.19 0.67 0.0 
46136.51 0.41 0.0 
45958.21 0.49 0.0 
46313.73 0.54 0.0 
48631.59 0.44 0.0 
49950.44 0.69 0.0 
48424.76 0.64 0.0 
48960.89 0.32 0.0 
51129.12 0.64 0.0 
51129.11 0.57 0.0 
52427.92 0.64 0.0 
54071.10 0.82 0.0 
53364.52 0.82 0.0 
53618.06 0.56 0.0 
53150.02 0.57 0.0 
53150.03 0.42 0.0 
53364.55 0.32 0.0 
53618.11 0.59 0.0 
55352.65 0.72 0.0 
54071.08 0.93 0.0 
54693.19 0.63 0.0 
55352.69 0.33 0.0 
57310.64 0.89 0.0 
57479.73 0.86 0.0 
57310.64 0.88 0.0 
57480.51 0.53 0.0 
61673.73 0.93 0.0 
61673.72 0.85 0.0 
66094.81 0.54 0.0 
80806.45 0.52 0.0 
82563.37 0.74 0.0 
82890.90 0.87 0.0 
83063.51 0.46 0.0 
82892.74 0.68 0.0 
82565.35 0.52 0.0 
83380.65 0.61 0.0 
83061.47 0.38 0.0 
84750.79 0.43 0.0 
86256.16 0.73 0.0 
