9039.73 0.81 0.0 
9526.57 0.83 0.0 
9039.71 0.74 0.0 
9526.58 0.86 0.0 
11672.09 0.74 0.0 
10800.93 0.56 0.0 
12243.27 0.30 0.0 
13003.39 0.33 0.0 
13348.53 0.63 0.0 
14028.07 0.34 0.0 
11672.09 0.84 0.0 
14042.22 0.59 0.0 
13348.52 0.54 0.0 
13003.37 0.49 0.0 
14042.21 0.62 0.0 
16665.12 0.88 0.0 
14551.35 0.33 0.0 
15330.00 0.82 0.0 
14346.86 0.36 0.0 
16523.82 0.59 0.0 
16523.83 0.62 0.0 
20418.63 0.34 0.0 
20418.63 0.46 0.0 
28229.27 0.34 0.0 
29583.35 0.52 0.0 
29598.80 0.54 0.0 
29583.35 0.73 0.0 
31406.85 0.36 0.0 
31406.79 0.39 0.0 
33770.83 0.40 0.0 
35083.67 0.38 0.0 
33770.83 0.51 0.0 
41295.87 0.31 0.0 
50174.67 0.40 0.0 
82586.44 0.73 0.0 
82566.75 0.88 0.0 
81597.75 0.32 0.0 
82914.21 0.82 0.0 
82914.22 0.78 0.0 
82894.28 0.75 0.0 
83565.89 0.43 0.0 
82586.41 0.65 0.0 
