1288.15 0.75 0.0 
2262.81 0.36 0.0 
1885.75 0.69 0.0 
2219.09 0.53 0.0 
3493.99 0.44 0.0 
2963.51 0.85 0.0 
4751.56 0.86 0.0 
4342.34 0.89 0.0 
2937.05 0.33 0.0 
4342.32 0.67 0.0 
4942.64 0.32 0.0 
6283.43 0.41 0.0 
5740.77 0.35 0.0 
8907.81 0.33 0.0 
11024.12 0.47 0.0 
11483.81 0.44 0.0 
12373.84 0.46 0.0 
14438.68 0.31 0.0 
13137.92 0.90 0.0 
14030.16 0.40 0.0 
16766.44 0.93 0.0 
16878.35 0.35 0.0 
16766.46 0.97 0.0 
18094.11 0.32 0.0 
18101.79 0.96 0.0 
17867.31 0.31 0.0 
18101.79 0.96 0.0 
18083.72 0.45 0.0 
19317.17 0.38 0.0 
19642.31 0.38 0.0 
23202.27 0.64 0.0 
23474.44 0.48 0.0 
25001.01 0.34 0.0 
25910.56 0.68 0.0 
25910.55 0.54 0.0 
26369.01 0.46 0.0 
27297.87 0.55 0.0 
33357.81 0.38 0.0 
33748.72 0.60 0.0 
34537.08 0.33 0.0 
37996.49 0.41 0.0 
40032.36 0.97 0.0 
38787.19 0.43 0.0 
39148.40 0.39 0.0 
41474.41 0.38 0.0 
38608.05 0.69 0.0 
39302.39 0.63 0.0 
40032.36 0.97 0.0 
40048.12 0.39 0.0 
41534.53 0.57 0.0 
40769.25 0.31 0.0 
41005.69 0.31 0.0 
42374.39 0.90 0.0 
43061.79 0.75 0.0 
46257.11 0.44 0.0 
54312.11 0.48 0.0 
54478.23 0.75 0.0 
54343.92 0.64 0.0 
82566.60 0.87 0.0 
82593.93 0.30 0.0 
82566.60 0.81 0.0 
82587.20 0.81 0.0 
82894.23 0.86 0.0 
82894.25 0.87 0.0 
82914.36 0.42 0.0 
85985.96 0.44 0.0 
86202.28 0.37 0.0 
