2831.74 0.36 0.0 
8445.47 0.31 0.0 
9054.25 0.33 0.0 
9054.29 0.34 0.0 
10785.79 0.86 0.0 
11596.92 0.48 0.0 
10785.81 0.91 0.0 
10792.37 0.41 0.0 
10796.45 0.36 0.0 
13380.84 0.46 0.0 
13913.40 0.60 0.0 
13914.09 0.39 0.0 
14031.13 0.69 0.0 
13925.22 0.47 0.0 
13913.41 0.70 0.0 
13925.35 0.35 0.0 
14335.67 0.43 0.0 
14616.25 0.57 0.0 
14031.13 0.73 0.0 
14267.99 0.51 0.0 
15677.28 0.60 0.0 
15690.71 0.51 0.0 
14548.61 0.50 0.0 
14952.59 0.31 0.0 
14966.47 0.49 0.0 
14900.99 0.33 0.0 
14939.13 0.39 0.0 
14900.97 0.49 0.0 
15690.70 0.73 0.0 
15677.27 0.59 0.0 
15677.91 0.36 0.0 
15488.74 0.78 0.0 
15506.37 0.33 0.0 
15506.39 0.36 0.0 
15488.77 0.49 0.0 
16530.56 0.57 0.0 
16361.13 0.61 0.0 
16688.12 0.79 0.0 
16361.17 0.57 0.0 
16688.13 0.59 0.0 
17584.24 0.40 0.0 
24857.15 0.48 0.0 
27606.03 0.47 0.0 
27606.05 0.53 0.0 
28583.96 0.91 0.0 
28583.96 0.92 0.0 
28939.07 0.48 0.0 
34638.74 0.70 0.0 
34092.55 0.43 0.0 
34638.76 0.64 0.0 
34092.55 0.56 0.0 
34976.91 0.72 0.0 
34976.88 0.63 0.0 
34992.55 0.38 0.0 
35581.52 0.50 0.0 
38000.23 0.31 0.0 
46035.91 0.41 0.0 
45724.56 0.39 0.0 
55048.85 0.40 0.0 
55048.83 0.41 0.0 
66678.78 0.48 0.0 
82894.03 0.40 0.0 
82894.01 0.71 0.0 
82566.51 0.64 0.0 
82566.54 0.74 0.0 
82590.51 0.47 0.0 
82607.36 0.47 0.0 
85862.25 0.55 0.0 
