2863.60 0.44 0.0 
9583.71 0.36 0.0 
10258.15 0.35 0.0 
10933.97 0.97 0.0 
11817.61 0.51 0.0 
11817.81 0.34 0.0 
10933.98 0.98 0.0 
12014.25 0.45 0.0 
12864.23 0.79 0.0 
11749.44 0.50 0.0 
12985.16 0.93 0.0 
11990.25 0.35 0.0 
13485.59 0.90 0.0 
12864.21 0.71 0.0 
13485.60 0.52 0.0 
12985.15 0.97 0.0 
13081.84 0.42 0.0 
14074.27 0.39 0.0 
14001.03 0.92 0.0 
14330.03 0.39 0.0 
11749.44 0.72 0.0 
14001.03 0.93 0.0 
14023.57 0.71 0.0 
14718.92 0.94 0.0 
14029.53 0.71 0.0 
14718.92 0.92 0.0 
15637.34 0.87 0.0 
15637.36 0.80 0.0 
14023.55 0.68 0.0 
14029.53 0.54 0.0 
19256.45 0.43 0.0 
18972.83 0.59 0.0 
21895.80 0.50 0.0 
21185.84 0.50 0.0 
21426.37 0.49 0.0 
21854.45 0.42 0.0 
22364.21 0.35 0.0 
24116.72 0.31 0.0 
29017.09 0.52 0.0 
29591.77 0.61 0.0 
26878.96 0.56 0.0 
32007.52 0.33 0.0 
32434.38 0.96 0.0 
32434.37 0.95 0.0 
33028.03 0.35 0.0 
34493.97 0.95 0.0 
34493.98 0.95 0.0 
34722.34 0.93 0.0 
34722.32 0.82 0.0 
34435.25 0.49 0.0 
35040.71 0.42 0.0 
35040.75 0.43 0.0 
36417.96 0.43 0.0 
36749.24 0.35 0.0 
34435.29 0.37 0.0 
37950.93 0.85 0.0 
38573.97 0.35 0.0 
39611.84 0.98 0.0 
39662.04 0.98 0.0 
39662.04 0.98 0.0 
39611.84 0.98 0.0 
41044.89 0.48 0.0 
41359.92 0.83 0.0 
40572.73 0.63 0.0 
41330.24 0.49 0.0 
41044.89 0.59 0.0 
41359.89 0.73 0.0 
47263.07 0.51 0.0 
56442.05 0.35 0.0 
61723.32 0.35 0.0 
63448.69 0.59 0.0 
66058.52 0.35 0.0 
77512.52 0.89 0.0 
77512.52 0.92 0.0 
77964.21 0.34 0.0 
79991.52 0.95 0.0 
79991.52 0.97 0.0 
82567.66 0.98 0.0 
82589.33 0.82 0.0 
82567.67 0.98 0.0 
82895.26 0.95 0.0 
82589.32 0.67 0.0 
82916.77 0.57 0.0 
82895.26 0.94 0.0 
84201.08 0.31 0.0 
85020.65 0.50 0.0 
