10936.33 0.74 0.0 
10936.34 0.76 0.0 
11837.41 0.61 0.0 
12004.74 0.48 0.0 
12868.42 0.77 0.0 
12986.08 0.62 0.0 
11992.13 0.62 0.0 
12004.77 0.52 0.0 
12868.41 0.80 0.0 
12986.17 0.39 0.0 
13270.39 0.34 0.0 
13332.65 0.46 0.0 
14330.09 0.53 0.0 
14002.47 0.39 0.0 
14330.11 0.52 0.0 
14342.24 0.79 0.0 
14002.47 0.46 0.0 
14342.25 0.80 0.0 
11992.17 0.56 0.0 
14720.44 0.46 0.0 
14025.63 0.90 0.0 
14038.13 0.78 0.0 
14720.44 0.55 0.0 
15497.65 0.59 0.0 
15643.69 0.67 0.0 
15643.65 0.66 0.0 
15358.19 0.43 0.0 
14025.65 0.80 0.0 
14038.12 0.80 0.0 
17167.56 0.58 0.0 
15358.17 0.33 0.0 
18812.01 0.63 0.0 
26152.24 0.74 0.0 
26152.23 0.36 0.0 
32435.81 0.72 0.0 
32026.95 0.38 0.0 
32435.83 0.70 0.0 
30571.03 0.39 0.0 
34497.66 0.90 0.0 
34497.64 0.89 0.0 
34506.47 0.32 0.0 
34146.43 0.33 0.0 
34726.00 0.81 0.0 
34276.29 0.43 0.0 
34725.97 0.71 0.0 
34912.25 0.44 0.0 
39612.78 0.96 0.0 
39662.96 0.96 0.0 
39662.96 0.97 0.0 
39612.78 0.95 0.0 
41045.83 0.52 0.0 
41361.64 0.85 0.0 
41045.84 0.48 0.0 
41361.63 0.82 0.0 
51360.55 0.41 0.0 
77513.76 0.48 0.0 
79992.79 0.79 0.0 
79992.79 0.79 0.0 
82605.69 0.41 0.0 
82571.44 0.87 0.0 
82571.44 0.88 0.0 
82922.26 0.65 0.0 
82594.50 0.57 0.0 
82899.02 0.88 0.0 
82594.48 0.63 0.0 
82922.29 0.71 0.0 
82899.02 0.86 0.0 
82916.63 0.72 0.0 
84201.43 0.48 0.0 
85566.04 0.79 0.0 
