1094.08 0.58 0.0 
2409.08 0.36 0.0 
2640.48 0.96 0.0 
1410.09 0.34 0.0 
4212.17 0.39 0.0 
1047.60 0.64 0.0 
3478.40 0.91 0.0 
5053.96 0.42 0.0 
5669.28 0.75 0.0 
3793.93 0.43 0.0 
6989.49 0.46 0.0 
4596.85 0.56 0.0 
3584.35 0.79 0.0 
7697.40 0.48 0.0 
8174.49 0.54 0.0 
5233.56 0.75 0.0 
5143.87 0.30 0.0 
8429.44 0.81 0.0 
8748.89 0.52 0.0 
6031.49 0.46 0.0 
8276.85 0.40 0.0 
6538.41 0.33 0.0 
7697.40 0.71 0.0 
9853.32 0.57 0.0 
7528.87 0.44 0.0 
10829.09 0.71 0.0 
8247.08 0.37 0.0 
8234.04 0.47 0.0 
8339.48 0.96 0.0 
10963.68 0.74 0.0 
12345.91 0.34 0.0 
12747.81 0.71 0.0 
10640.04 0.59 0.0 
11472.45 0.43 0.0 
11008.53 0.38 0.0 
13947.93 0.98 0.0 
11596.17 0.37 0.0 
12284.49 0.46 0.0 
12747.81 0.87 0.0 
14654.31 0.44 0.0 
15119.85 0.49 0.0 
12808.64 0.34 0.0 
13947.94 0.98 0.0 
13781.60 0.60 0.0 
13242.05 0.44 0.0 
13470.21 0.47 0.0 
16196.80 0.62 0.0 
15757.72 0.98 0.0 
17427.77 0.31 0.0 
16637.52 0.39 0.0 
15757.72 0.98 0.0 
16169.40 0.90 0.0 
17724.28 0.37 0.0 
17327.51 0.39 0.0 
21629.29 0.73 0.0 
20502.60 0.94 0.0 
19969.07 0.59 0.0 
20835.84 0.41 0.0 
21135.57 0.33 0.0 
22424.45 0.35 0.0 
23023.77 0.30 0.0 
23833.96 0.35 0.0 
26281.27 0.40 0.0 
27239.44 0.39 0.0 
28079.36 0.50 0.0 
27316.49 0.32 0.0 
27423.56 0.98 0.0 
27423.56 0.98 0.0 
27664.13 0.37 0.0 
27665.59 0.46 0.0 
27664.08 0.38 0.0 
27271.52 0.45 0.0 
29999.01 0.50 0.0 
29712.20 0.60 0.0 
31558.16 0.37 0.0 
31573.52 0.32 0.0 
31694.01 0.30 0.0 
32361.08 0.67 0.0 
32027.13 0.51 0.0 
32546.48 0.54 0.0 
34050.27 0.98 0.0 
34050.27 0.97 0.0 
32361.08 0.90 0.0 
32829.56 0.41 0.0 
33326.76 0.77 0.0 
34631.40 0.60 0.0 
36463.13 0.41 0.0 
35217.33 0.56 0.0 
37634.32 0.79 0.0 
39708.63 0.47 0.0 
41923.64 0.39 0.0 
41650.99 0.61 0.0 
42344.41 0.49 0.0 
43439.20 0.80 0.0 
44881.04 0.74 0.0 
43409.36 0.38 0.0 
45313.84 0.35 0.0 
50412.43 0.71 0.0 
52589.25 0.52 0.0 
51671.63 0.46 0.0 
54092.01 0.38 0.0 
54091.99 0.79 0.0 
54943.89 0.41 0.0 
54524.48 0.44 0.0 
54674.20 0.77 0.0 
56269.75 0.96 0.0 
56269.75 0.96 0.0 
56547.64 0.80 0.0 
56216.74 0.96 0.0 
56563.64 0.36 0.0 
56447.56 0.64 0.0 
56953.57 0.33 0.0 
56216.74 0.97 0.0 
56447.56 0.44 0.0 
60668.27 0.44 0.0 
63800.33 0.60 0.0 
64303.07 0.59 0.0 
64561.13 0.50 0.0 
64799.05 0.47 0.0 
64561.11 0.58 0.0 
64963.28 0.60 0.0 
65306.72 0.87 0.0 
63800.31 0.85 0.0 
66628.71 0.54 0.0 
67987.63 0.79 0.0 
68834.27 0.84 0.0 
72494.11 0.48 0.0 
73571.37 0.37 0.0 
73078.64 0.30 0.0 
70858.90 0.32 0.0 
71129.05 0.44 0.0 
74578.85 0.39 0.0 
79084.09 0.46 0.0 
77428.49 0.52 0.0 
79182.27 0.45 0.0 
79134.80 0.31 0.0 
82567.44 0.95 0.0 
79259.56 0.36 0.0 
82567.43 0.88 0.0 
82571.03 0.56 0.0 
84494.01 0.38 0.0 
82697.43 0.63 0.0 
83235.48 0.78 0.0 
82018.60 0.31 0.0 
82508.36 0.36 0.0 
84043.08 0.47 0.0 
85198.96 0.67 0.0 
83234.41 0.58 0.0 
85320.55 0.48 0.0 
84975.64 0.79 0.0 
