975.80 0.77 0.0 
907.56 0.66 0.0 
1154.64 0.81 0.0 
1814.04 0.63 0.0 
568.48 0.45 0.0 
3881.97 0.32 0.0 
929.16 0.96 0.0 
1157.08 0.30 0.0 
4244.52 0.85 0.0 
1261.01 0.58 0.0 
2271.88 0.33 0.0 
3180.56 0.32 0.0 
4064.45 0.31 0.0 
6854.39 0.61 0.0 
10959.00 0.34 0.0 
8984.45 0.51 0.0 
9448.76 0.39 0.0 
12259.08 0.74 0.0 
13709.33 0.34 0.0 
14564.17 0.39 0.0 
14332.36 0.33 0.0 
14027.84 0.80 0.0 
14038.68 0.57 0.0 
12837.09 0.32 0.0 
14027.80 0.61 0.0 
17757.25 0.30 0.0 
22936.89 0.48 0.0 
23314.93 0.34 0.0 
23471.37 0.53 0.0 
25123.47 0.58 0.0 
23249.61 0.35 0.0 
23369.41 0.53 0.0 
23723.05 0.36 0.0 
23836.78 0.94 0.0 
23836.80 0.58 0.0 
23956.88 0.43 0.0 
24824.03 0.71 0.0 
30137.04 0.48 0.0 
27807.05 0.39 0.0 
30673.03 0.66 0.0 
31440.71 0.53 0.0 
31273.76 0.34 0.0 
31377.44 0.35 0.0 
31752.41 0.77 0.0 
31806.96 0.58 0.0 
29128.67 0.67 0.0 
31377.48 0.70 0.0 
28907.32 0.57 0.0 
34308.43 0.67 0.0 
30816.13 0.36 0.0 
40271.45 0.41 0.0 
40323.36 0.47 0.0 
41353.00 0.53 0.0 
41831.68 0.38 0.0 
42746.40 0.30 0.0 
42861.17 0.40 0.0 
40258.96 0.32 0.0 
40618.28 0.53 0.0 
42746.40 0.37 0.0 
45261.72 0.70 0.0 
41864.33 0.34 0.0 
45601.88 0.42 0.0 
45261.71 0.87 0.0 
42566.56 0.41 0.0 
42817.81 0.47 0.0 
46458.07 0.36 0.0 
42239.21 0.65 0.0 
44260.01 0.46 0.0 
45055.92 0.69 0.0 
42817.84 0.31 0.0 
46810.97 0.32 0.0 
45680.71 0.32 0.0 
45680.69 0.52 0.0 
45476.88 0.32 0.0 
45813.93 0.35 0.0 
47607.32 0.37 0.0 
52094.48 0.57 0.0 
53668.33 0.49 0.0 
48958.25 0.30 0.0 
53654.40 0.36 0.0 
55829.19 0.47 0.0 
53143.51 0.42 0.0 
55993.84 0.42 0.0 
56444.40 0.52 0.0 
57167.96 0.44 0.0 
58465.75 0.75 0.0 
57888.99 0.34 0.0 
55038.91 0.44 0.0 
58152.51 0.32 0.0 
59050.71 0.62 0.0 
59065.92 0.51 0.0 
57949.75 0.51 0.0 
58935.73 0.49 0.0 
59763.91 0.60 0.0 
58014.29 0.38 0.0 
60133.88 0.82 0.0 
60844.73 0.40 0.0 
61956.19 0.81 0.0 
60223.83 0.43 0.0 
57236.91 0.44 0.0 
57478.24 0.46 0.0 
61499.44 0.36 0.0 
63789.41 0.35 0.0 
59518.00 0.50 0.0 
63871.75 0.61 0.0 
60239.08 0.69 0.0 
67371.25 0.42 0.0 
63789.37 0.33 0.0 
67482.61 0.35 0.0 
68177.88 0.50 0.0 
67371.31 0.64 0.0 
69029.54 0.41 0.0 
68177.87 0.61 0.0 
69139.53 0.33 0.0 
67296.47 0.38 0.0 
68563.47 0.60 0.0 
69296.65 0.31 0.0 
69745.17 0.46 0.0 
68892.95 0.66 0.0 
69857.11 0.45 0.0 
69114.76 0.40 0.0 
69133.46 0.60 0.0 
70033.26 0.58 0.0 
69227.08 0.87 0.0 
70226.83 0.53 0.0 
70272.31 0.47 0.0 
69296.73 0.42 0.0 
69776.81 0.54 0.0 
68861.65 0.36 0.0 
71349.95 0.46 0.0 
70481.29 0.35 0.0 
71590.47 0.48 0.0 
70732.96 0.82 0.0 
70849.37 0.44 0.0 
71549.07 0.38 0.0 
71804.51 0.71 0.0 
71513.22 0.84 0.0 
72035.12 0.75 0.0 
72035.12 0.77 0.0 
69808.75 0.35 0.0 
72649.96 0.32 0.0 
68158.97 0.30 0.0 
72490.00 0.33 0.0 
70033.23 0.74 0.0 
73695.80 0.41 0.0 
73188.36 0.92 0.0 
73212.35 0.37 0.0 
74232.95 0.56 0.0 
69107.56 0.46 0.0 
69227.09 0.60 0.0 
69237.44 0.48 0.0 
71369.15 0.45 0.0 
74338.41 0.48 0.0 
74784.88 0.41 0.0 
70059.80 0.49 0.0 
75535.59 0.37 0.0 
74784.84 0.40 0.0 
75403.71 0.33 0.0 
70793.83 0.53 0.0 
70919.36 0.43 0.0 
75768.45 0.32 0.0 
76353.87 0.59 0.0 
71513.23 0.46 0.0 
76595.48 0.39 0.0 
74232.95 0.41 0.0 
72118.05 0.57 0.0 
75939.81 0.32 0.0 
73188.36 0.50 0.0 
76169.43 0.35 0.0 
77367.80 0.70 0.0 
77491.69 0.32 0.0 
77637.84 0.77 0.0 
82871.86 0.98 0.0 
83042.43 0.99 0.0 
83042.43 0.99 0.0 
84179.08 0.32 0.0 
82544.31 0.98 0.0 
85718.01 0.43 0.0 
85859.04 0.79 0.0 
82871.87 0.99 0.0 
86339.51 0.59 0.0 
82544.31 0.98 0.0 
