899.79 0.60 0.0 
587.17 0.34 0.0 
909.88 0.39 0.0 
11315.23 0.49 0.0 
12259.63 0.40 0.0 
14042.07 0.33 0.0 
14333.23 0.33 0.0 
15496.53 0.65 0.0 
14028.51 0.37 0.0 
14028.39 0.40 0.0 
23295.79 0.55 0.0 
23837.42 0.85 0.0 
23837.42 0.79 0.0 
23958.41 0.38 0.0 
31448.23 0.35 0.0 
31809.52 0.41 0.0 
31595.63 0.41 0.0 
34310.16 0.31 0.0 
40245.97 0.46 0.0 
41891.03 0.42 0.0 
41832.99 0.34 0.0 
41891.03 0.55 0.0 
42747.36 0.55 0.0 
42732.11 0.33 0.0 
41005.91 0.54 0.0 
41005.91 0.36 0.0 
41101.20 0.41 0.0 
44573.96 0.40 0.0 
45265.69 0.59 0.0 
46458.92 0.65 0.0 
44573.96 0.53 0.0 
44745.99 0.31 0.0 
46779.07 0.35 0.0 
54045.55 0.38 0.0 
53747.09 0.39 0.0 
54161.03 0.35 0.0 
53457.15 0.33 0.0 
56881.15 0.32 0.0 
57167.95 0.30 0.0 
57287.51 0.42 0.0 
58120.19 0.38 0.0 
57951.98 0.72 0.0 
58940.75 0.37 0.0 
57796.86 0.70 0.0 
60844.68 0.71 0.0 
59865.48 0.39 0.0 
58276.85 0.59 0.0 
60844.71 0.37 0.0 
61681.36 0.33 0.0 
58385.99 0.48 0.0 
60631.22 0.31 0.0 
57952.01 0.61 0.0 
58290.74 0.42 0.0 
63792.13 0.58 0.0 
64001.11 0.36 0.0 
64716.55 0.47 0.0 
63874.11 0.46 0.0 
63991.71 0.47 0.0 
64001.07 0.47 0.0 
66375.99 0.31 0.0 
64716.56 0.37 0.0 
63792.16 0.52 0.0 
67726.99 0.49 0.0 
68184.35 0.38 0.0 
67576.95 0.40 0.0 
66874.02 0.54 0.0 
67377.63 0.51 0.0 
68184.31 0.34 0.0 
69144.19 0.35 0.0 
69292.61 0.41 0.0 
68671.09 0.33 0.0 
68799.89 0.47 0.0 
69794.37 0.37 0.0 
69017.50 0.48 0.0 
69962.89 0.31 0.0 
69107.65 0.47 0.0 
67999.11 0.35 0.0 
68790.59 0.44 0.0 
68799.87 0.31 0.0 
69230.04 0.61 0.0 
70468.01 0.35 0.0 
69153.79 0.34 0.0 
69613.75 0.51 0.0 
69537.83 0.70 0.0 
70066.13 0.58 0.0 
69874.51 0.48 0.0 
70854.45 0.39 0.0 
70484.31 0.61 0.0 
67382.09 0.60 0.0 
70188.93 0.34 0.0 
71226.13 0.46 0.0 
71353.16 0.46 0.0 
69217.17 0.42 0.0 
71520.57 0.53 0.0 
71530.75 0.46 0.0 
70484.33 0.53 0.0 
67867.19 0.33 0.0 
71594.21 0.31 0.0 
70590.75 0.45 0.0 
70738.97 0.58 0.0 
70854.48 0.65 0.0 
71551.81 0.41 0.0 
71458.89 0.38 0.0 
71520.41 0.34 0.0 
71530.71 0.36 0.0 
71551.80 0.65 0.0 
72038.93 0.42 0.0 
69062.38 0.59 0.0 
71790.49 0.53 0.0 
72649.99 0.52 0.0 
67296.66 0.36 0.0 
72038.89 0.44 0.0 
69420.59 0.55 0.0 
72272.41 0.46 0.0 
72852.57 0.49 0.0 
72961.21 0.53 0.0 
72512.41 0.57 0.0 
72630.51 0.31 0.0 
72657.14 0.42 0.0 
71117.01 0.37 0.0 
69900.91 0.50 0.0 
69909.97 0.48 0.0 
70020.80 0.70 0.0 
70260.51 0.50 0.0 
72852.61 0.71 0.0 
68638.02 0.49 0.0 
70742.00 0.31 0.0 
69117.55 0.31 0.0 
69230.02 0.77 0.0 
72215.42 0.63 0.0 
74521.61 0.70 0.0 
72458.62 0.42 0.0 
74331.53 0.56 0.0 
72584.39 0.32 0.0 
74777.37 0.51 0.0 
70066.11 0.32 0.0 
75541.73 0.34 0.0 
74777.34 0.65 0.0 
75241.55 0.40 0.0 
75773.43 0.43 0.0 
72560.29 0.54 0.0 
75507.29 0.34 0.0 
70555.37 0.52 0.0 
72660.73 0.47 0.0 
75726.74 0.48 0.0 
70774.59 0.35 0.0 
75773.45 0.61 0.0 
73142.41 0.66 0.0 
74236.13 0.52 0.0 
76363.03 0.46 0.0 
73500.73 0.44 0.0 
73620.63 0.37 0.0 
76186.71 0.36 0.0 
76598.71 0.35 0.0 
76598.76 0.52 0.0 
74222.41 0.47 0.0 
74236.12 0.48 0.0 
72215.44 0.44 0.0 
77081.71 0.32 0.0 
75676.05 0.38 0.0 
72811.75 0.37 0.0 
77952.21 0.53 0.0 
76157.11 0.33 0.0 
75541.69 0.56 0.0 
75567.79 0.31 0.0 
77355.73 0.68 0.0 
75090.51 0.51 0.0 
77355.71 0.39 0.0 
77941.35 0.33 0.0 
77011.79 0.51 0.0 
77251.54 0.54 0.0 
77496.81 0.50 0.0 
82548.84 0.95 0.0 
83046.94 0.74 0.0 
83046.97 0.72 0.0 
82876.34 0.89 0.0 
82876.35 0.92 0.0 
82548.86 0.94 0.0 
