2040.93 0.60 0.0 
2040.91 0.55 0.0 
4296.49 0.63 0.0 
2473.99 0.72 0.0 
5731.56 0.36 0.0 
4097.49 0.68 0.0 
3061.47 0.52 0.0 
2952.33 0.56 0.0 
7037.92 0.32 0.0 
7782.36 0.33 0.0 
6378.63 0.59 0.0 
4097.48 0.79 0.0 
5006.45 0.76 0.0 
4336.64 0.38 0.0 
5705.59 0.31 0.0 
7258.93 0.82 0.0 
9451.67 0.68 0.0 
6661.67 0.64 0.0 
6661.63 0.42 0.0 
7258.89 0.46 0.0 
8781.61 0.33 0.0 
8890.32 0.65 0.0 
8904.60 0.48 0.0 
8320.93 0.51 0.0 
7438.12 0.32 0.0 
8938.39 0.63 0.0 
8320.92 0.90 0.0 
9990.92 0.43 0.0 
10496.45 0.72 0.0 
10972.68 0.73 0.0 
12456.14 0.36 0.0 
10623.03 0.45 0.0 
11189.53 0.46 0.0 
11992.43 0.32 0.0 
12936.65 0.46 0.0 
10972.68 0.51 0.0 
12246.90 0.40 0.0 
12254.51 0.89 0.0 
11668.62 0.44 0.0 
11473.38 0.85 0.0 
12397.89 0.65 0.0 
12254.53 0.30 0.0 
11473.40 0.86 0.0 
11668.65 0.38 0.0 
14020.07 0.90 0.0 
14504.16 0.72 0.0 
10799.33 0.68 0.0 
12255.07 0.52 0.0 
12430.45 0.62 0.0 
12397.93 0.81 0.0 
12403.99 0.91 0.0 
14717.42 0.91 0.0 
14294.48 0.92 0.0 
12430.53 0.55 0.0 
14324.65 0.87 0.0 
13384.53 0.93 0.0 
13384.53 0.95 0.0 
15935.08 0.65 0.0 
13843.64 0.76 0.0 
14548.20 0.65 0.0 
12936.61 0.63 0.0 
14324.59 0.83 0.0 
16449.00 0.48 0.0 
14548.17 0.67 0.0 
16675.41 0.73 0.0 
15649.77 0.34 0.0 
14947.53 0.44 0.0 
16788.28 0.86 0.0 
14717.41 0.81 0.0 
16255.19 0.40 0.0 
15155.76 0.40 0.0 
14020.04 0.84 0.0 
15649.77 0.66 0.0 
18104.31 0.91 0.0 
15927.04 0.65 0.0 
15714.79 0.32 0.0 
15935.08 0.66 0.0 
16675.41 0.45 0.0 
17687.25 0.42 0.0 
16788.28 0.88 0.0 
20116.19 0.84 0.0 
18526.46 0.86 0.0 
20477.60 0.83 0.0 
19371.35 0.81 0.0 
18104.30 0.86 0.0 
21250.81 0.90 0.0 
19371.31 0.61 0.0 
19582.36 0.67 0.0 
19751.93 0.31 0.0 
19751.85 0.78 0.0 
19582.41 0.70 0.0 
19589.55 0.90 0.0 
20116.19 0.73 0.0 
20818.49 0.66 0.0 
22402.04 0.47 0.0 
20477.60 0.90 0.0 
22636.01 0.41 0.0 
20834.03 0.72 0.0 
20880.66 0.67 0.0 
22007.89 0.79 0.0 
21250.83 0.88 0.0 
21622.57 0.55 0.0 
21622.60 0.75 0.0 
22007.90 0.65 0.0 
22617.69 0.39 0.0 
23980.28 0.55 0.0 
22227.67 0.32 0.0 
23195.31 0.82 0.0 
22828.95 0.76 0.0 
22828.95 0.90 0.0 
25166.32 0.54 0.0 
23195.35 0.77 0.0 
23368.16 0.57 0.0 
23468.41 0.34 0.0 
23585.71 0.70 0.0 
23834.51 0.83 0.0 
24767.67 0.47 0.0 
26402.51 0.93 0.0 
23980.25 0.55 0.0 
24761.06 0.87 0.0 
24385.81 0.61 0.0 
25360.16 0.31 0.0 
24767.65 0.47 0.0 
26836.20 0.75 0.0 
27246.36 0.81 0.0 
25360.12 0.33 0.0 
25166.33 0.87 0.0 
27723.93 0.68 0.0 
25587.76 0.89 0.0 
28301.49 0.48 0.0 
25948.11 0.53 0.0 
28685.85 0.34 0.0 
26402.51 0.92 0.0 
29273.96 0.54 0.0 
26836.24 0.44 0.0 
29501.29 0.60 0.0 
27246.32 0.81 0.0 
28265.29 0.31 0.0 
30223.13 0.39 0.0 
27621.49 0.37 0.0 
30837.41 0.33 0.0 
28265.29 0.36 0.0 
28565.53 0.32 0.0 
28301.50 0.40 0.0 
31814.01 0.45 0.0 
29325.65 0.58 0.0 
28941.12 0.30 0.0 
29714.40 0.78 0.0 
32358.43 0.83 0.0 
29273.93 0.90 0.0 
30774.65 0.32 0.0 
30311.92 0.90 0.0 
32481.77 0.31 0.0 
29737.52 0.53 0.0 
33469.80 0.85 0.0 
31380.67 0.94 0.0 
31394.59 0.72 0.0 
31380.65 0.75 0.0 
30837.40 0.86 0.0 
31345.03 0.48 0.0 
31991.79 0.96 0.0 
32324.28 0.52 0.0 
34422.35 0.84 0.0 
31675.21 0.41 0.0 
31991.79 0.94 0.0 
34641.40 0.52 0.0 
32591.51 0.78 0.0 
35286.47 0.78 0.0 
32358.45 0.76 0.0 
32695.45 0.56 0.0 
35406.05 0.34 0.0 
35647.13 0.32 0.0 
32545.68 0.67 0.0 
33976.09 0.85 0.0 
35958.20 0.48 0.0 
33469.79 0.92 0.0 
34244.49 0.44 0.0 
33976.07 0.71 0.0 
35457.51 0.58 0.0 
34109.41 0.52 0.0 
34641.36 0.84 0.0 
34767.40 0.59 0.0 
37327.28 0.44 0.0 
34422.32 0.67 0.0 
35958.17 0.72 0.0 
37003.85 0.41 0.0 
36664.53 0.56 0.0 
36664.48 0.83 0.0 
37327.27 0.52 0.0 
40029.31 0.91 0.0 
40029.32 0.77 0.0 
43528.36 0.37 0.0 
42651.31 0.40 0.0 
43319.43 0.89 0.0 
44684.54 0.86 0.0 
46529.53 0.79 0.0 
51086.17 0.43 0.0 
53034.37 0.63 0.0 
54427.40 0.52 0.0 
56287.33 0.30 0.0 
54427.40 0.84 0.0 
59936.69 0.34 0.0 
59951.85 0.53 0.0 
63031.19 0.56 0.0 
63031.20 0.47 0.0 
63807.85 0.51 0.0 
66209.48 0.84 0.0 
68742.01 0.73 0.0 
67856.93 0.53 0.0 
71447.92 0.51 0.0 
73304.53 0.50 0.0 
71447.95 0.64 0.0 
73259.56 0.91 0.0 
75419.23 0.32 0.0 
76918.49 0.68 0.0 
79597.40 0.39 0.0 
79539.53 0.44 0.0 
80012.11 0.31 0.0 
79193.99 0.40 0.0 
79002.19 0.39 0.0 
80012.07 0.62 0.0 
81188.35 0.42 0.0 
79697.72 0.43 0.0 
82546.19 0.98 0.0 
80662.44 0.74 0.0 
83044.25 0.97 0.0 
81119.54 0.89 0.0 
80662.44 0.64 0.0 
83512.99 0.52 0.0 
82873.75 0.98 0.0 
82546.19 0.98 0.0 
82873.75 0.98 0.0 
83044.26 0.97 0.0 
85788.77 0.55 0.0 
83513.00 0.43 0.0 
86048.41 0.37 0.0 
83591.40 0.39 0.0 
84263.71 0.58 0.0 
84263.65 0.43 0.0 
85318.63 0.84 0.0 
85630.81 0.36 0.0 
85514.16 0.57 0.0 
85630.85 0.51 0.0 
85788.81 0.44 0.0 
85364.51 0.50 0.0 
