1005.09 0.73 0.0 
1001.89 0.56 0.0 
1015.07 0.89 0.0 
1001.88 0.95 0.0 
1586.44 0.64 0.0 
2244.71 0.38 0.0 
1944.84 0.31 0.0 
3746.87 0.65 0.0 
5233.65 0.33 0.0 
7169.51 0.59 0.0 
11422.65 0.33 0.0 
11713.93 0.40 0.0 
14023.09 0.33 0.0 
20937.91 0.53 0.0 
22343.84 0.47 0.0 
20533.45 0.42 0.0 
23238.84 0.77 0.0 
28457.19 0.96 0.0 
28457.19 0.93 0.0 
30672.45 0.31 0.0 
31958.04 0.38 0.0 
31821.84 0.47 0.0 
33897.13 0.56 0.0 
33267.32 0.63 0.0 
37749.83 0.38 0.0 
36373.23 0.38 0.0 
39283.97 0.60 0.0 
40838.68 0.43 0.0 
38888.96 0.35 0.0 
40630.35 0.32 0.0 
45539.28 0.53 0.0 
44547.03 0.83 0.0 
46867.20 0.38 0.0 
46316.56 0.45 0.0 
47154.73 0.35 0.0 
47750.09 0.39 0.0 
48235.09 0.30 0.0 
48350.80 0.71 0.0 
48956.65 0.52 0.0 
50036.71 0.39 0.0 
50996.88 0.32 0.0 
53154.65 0.32 0.0 
55784.48 0.32 0.0 
58408.39 0.39 0.0 
57989.33 0.51 0.0 
63389.73 0.33 0.0 
67849.57 0.32 0.0 
69897.48 0.43 0.0 
71020.40 0.38 0.0 
70557.28 0.34 0.0 
71998.78 0.41 0.0 
77439.89 0.48 0.0 
77935.16 0.59 0.0 
77305.03 0.38 0.0 
80006.75 0.33 0.0 
77392.56 0.32 0.0 
78114.57 0.32 0.0 
82872.91 0.96 0.0 
81538.45 0.31 0.0 
82872.91 0.95 0.0 
80983.01 0.54 0.0 
80983.05 0.57 0.0 
84684.84 0.44 0.0 
81624.08 0.41 0.0 
82545.36 0.98 0.0 
85767.37 0.35 0.0 
82545.36 0.98 0.0 
83043.50 0.94 0.0 
83155.85 0.31 0.0 
83043.47 0.92 0.0 
83275.76 0.47 0.0 
83514.64 0.48 0.0 
83783.68 0.33 0.0 
84507.17 0.44 0.0 
