196.87 0.36 0.0 
991.00 0.62 0.0 
1005.08 0.82 0.0 
196.81 0.37 0.0 
1996.17 0.34 0.0 
23911.35 0.36 0.0 
23240.01 0.49 0.0 
28329.77 0.37 0.0 
28792.81 0.31 0.0 
37158.84 0.56 0.0 
38723.53 0.41 0.0 
41356.19 0.32 0.0 
45137.92 0.56 0.0 
44265.68 0.62 0.0 
47880.65 0.42 0.0 
50327.81 0.35 0.0 
51857.55 0.39 0.0 
53930.25 0.33 0.0 
52800.86 0.50 0.0 
54271.59 0.37 0.0 
59146.51 0.41 0.0 
62102.27 0.30 0.0 
63018.01 0.32 0.0 
63394.73 0.33 0.0 
63736.74 0.54 0.0 
62475.45 0.39 0.0 
63736.71 0.48 0.0 
66707.29 0.32 0.0 
69002.35 0.36 0.0 
70683.00 0.72 0.0 
70682.99 0.60 0.0 
71028.11 0.36 0.0 
76158.27 0.38 0.0 
73890.97 0.54 0.0 
75975.35 0.50 0.0 
76158.31 0.31 0.0 
79593.37 0.32 0.0 
81900.65 0.46 0.0 
82878.13 0.93 0.0 
83065.41 0.32 0.0 
82550.57 0.92 0.0 
82277.47 0.34 0.0 
82550.57 0.90 0.0 
82560.55 0.56 0.0 
83048.66 0.75 0.0 
82878.13 0.91 0.0 
83048.66 0.69 0.0 
