99.49 0.33 0.0 
265.35 0.46 0.0 
1934.08 0.33 0.0 
2024.04 0.45 0.0 
4239.43 0.31 0.0 
5418.45 0.46 0.0 
7484.19 0.47 0.0 
8019.13 0.35 0.0 
8701.47 0.32 0.0 
8501.07 0.31 0.0 
10669.39 0.49 0.0 
11883.21 0.60 0.0 
10609.84 0.46 0.0 
10669.43 0.71 0.0 
12236.75 0.40 0.0 
11804.19 0.34 0.0 
12236.79 0.37 0.0 
13562.41 0.33 0.0 
13569.43 0.41 0.0 
13912.39 0.42 0.0 
13581.79 0.54 0.0 
13736.33 0.44 0.0 
13736.32 0.57 0.0 
14492.01 0.66 0.0 
14503.82 0.77 0.0 
14855.40 0.88 0.0 
15708.21 0.73 0.0 
15693.27 0.76 0.0 
15708.21 0.62 0.0 
14594.15 0.44 0.0 
15519.39 0.80 0.0 
15519.36 0.81 0.0 
16454.60 0.33 0.0 
14475.59 0.56 0.0 
14492.01 0.74 0.0 
14503.83 0.45 0.0 
14855.40 0.86 0.0 
15693.27 0.75 0.0 
17757.25 0.38 0.0 
18465.52 0.48 0.0 
18044.13 0.43 0.0 
18146.77 0.65 0.0 
18044.09 0.49 0.0 
17953.97 0.34 0.0 
19428.91 0.51 0.0 
20009.41 0.49 0.0 
22291.43 0.31 0.0 
21645.51 0.48 0.0 
24345.74 0.62 0.0 
22291.43 0.33 0.0 
24578.97 0.43 0.0 
23624.19 0.35 0.0 
25635.53 0.40 0.0 
27323.86 0.65 0.0 
28840.25 0.44 0.0 
27323.87 0.75 0.0 
28840.29 0.34 0.0 
30232.63 0.34 0.0 
30485.83 0.39 0.0 
30420.97 0.48 0.0 
31430.80 0.77 0.0 
31440.43 0.57 0.0 
31430.80 0.72 0.0 
31440.48 0.44 0.0 
32803.02 0.58 0.0 
34670.71 0.33 0.0 
35505.51 0.50 0.0 
38446.03 0.40 0.0 
38610.48 0.94 0.0 
39843.93 0.40 0.0 
39109.87 0.43 0.0 
40562.17 0.62 0.0 
40302.43 0.36 0.0 
41440.63 0.36 0.0 
42062.28 0.42 0.0 
43445.51 0.32 0.0 
45046.51 0.43 0.0 
45556.97 0.31 0.0 
48072.39 0.39 0.0 
49922.79 0.40 0.0 
50047.13 0.45 0.0 
50047.16 0.32 0.0 
49911.83 0.34 0.0 
58952.99 0.33 0.0 
61724.77 0.33 0.0 
63164.83 0.36 0.0 
63284.84 0.35 0.0 
62624.84 0.31 0.0 
63942.55 0.30 0.0 
67364.91 0.39 0.0 
72750.87 0.34 0.0 
73243.16 0.45 0.0 
77083.35 0.38 0.0 
82928.07 0.37 0.0 
82680.83 0.34 0.0 
82928.09 0.57 0.0 
83098.57 0.68 0.0 
83532.97 0.38 0.0 
82726.79 0.30 0.0 
83102.05 0.62 0.0 
83098.53 0.56 0.0 
84416.15 0.37 0.0 
82635.39 0.37 0.0 
85812.99 0.31 0.0 
85546.39 0.30 0.0 
84416.11 0.41 0.0 
85397.27 0.31 0.0 
