5736.25 0.58 0.0 
7295.15 0.31 0.0 
4310.59 0.33 0.0 
5008.75 0.34 0.0 
7185.67 0.77 0.0 
5496.11 0.49 0.0 
5736.25 0.67 0.0 
6378.67 0.76 0.0 
7127.37 0.41 0.0 
8522.37 0.44 0.0 
8899.51 0.50 0.0 
10546.19 0.38 0.0 
8899.52 0.77 0.0 
10628.53 0.61 0.0 
11994.03 0.36 0.0 
11671.10 0.82 0.0 
11675.73 0.39 0.0 
11664.89 0.64 0.0 
10628.52 0.61 0.0 
12399.96 0.82 0.0 
12258.25 0.56 0.0 
11475.90 0.57 0.0 
11664.87 0.39 0.0 
11671.12 0.76 0.0 
12258.29 0.53 0.0 
14028.42 0.79 0.0 
14032.83 0.34 0.0 
12431.76 0.52 0.0 
12399.97 0.82 0.0 
12431.75 0.50 0.0 
14332.81 0.39 0.0 
13034.89 0.39 0.0 
11994.01 0.38 0.0 
13386.19 0.60 0.0 
14561.10 0.40 0.0 
13386.20 0.67 0.0 
13387.95 0.36 0.0 
14915.51 0.54 0.0 
14881.35 0.42 0.0 
14558.31 0.33 0.0 
14464.57 0.63 0.0 
14915.49 0.45 0.0 
15257.19 0.50 0.0 
15366.47 0.34 0.0 
15484.87 0.55 0.0 
15257.15 0.49 0.0 
14028.41 0.76 0.0 
14032.93 0.43 0.0 
14494.27 0.32 0.0 
15665.38 0.44 0.0 
16581.47 0.31 0.0 
16809.61 0.48 0.0 
16821.28 0.78 0.0 
20119.83 0.43 0.0 
18107.47 0.42 0.0 
18924.67 0.34 0.0 
19374.67 0.51 0.0 
19586.04 0.80 0.0 
19755.39 0.31 0.0 
19586.05 0.83 0.0 
19966.01 0.67 0.0 
20481.24 0.56 0.0 
22638.11 0.45 0.0 
23372.77 0.38 0.0 
24439.88 0.68 0.0 
22729.23 0.58 0.0 
25169.44 0.36 0.0 
23195.91 0.48 0.0 
23131.46 0.89 0.0 
23372.75 0.35 0.0 
26405.88 0.39 0.0 
24439.87 0.36 0.0 
27249.60 0.58 0.0 
25592.69 0.72 0.0 
28202.47 0.33 0.0 
26403.15 0.30 0.0 
26405.92 0.45 0.0 
29505.64 0.87 0.0 
29503.69 0.47 0.0 
29760.07 0.32 0.0 
29737.55 0.35 0.0 
27090.87 0.50 0.0 
27249.60 0.60 0.0 
27810.49 0.43 0.0 
28202.44 0.80 0.0 
28944.16 0.88 0.0 
28051.73 0.54 0.0 
28440.48 0.61 0.0 
28560.76 0.32 0.0 
28301.65 0.42 0.0 
31680.45 0.57 0.0 
28944.15 0.87 0.0 
29658.98 0.72 0.0 
29658.99 0.37 0.0 
32362.17 0.42 0.0 
30406.13 0.57 0.0 
33472.53 0.65 0.0 
31386.21 0.54 0.0 
31386.25 0.44 0.0 
32067.36 0.36 0.0 
31680.49 0.74 0.0 
31677.05 0.39 0.0 
31993.79 0.32 0.0 
32325.50 0.88 0.0 
34643.65 0.55 0.0 
32362.15 0.40 0.0 
33375.76 0.64 0.0 
33472.59 0.77 0.0 
35434.17 0.65 0.0 
34643.65 0.72 0.0 
35491.17 0.53 0.0 
37009.02 0.69 0.0 
36666.35 0.49 0.0 
40031.44 0.75 0.0 
40031.44 0.47 0.0 
43531.49 0.60 0.0 
45835.47 0.36 0.0 
43531.48 0.64 0.0 
45835.43 0.44 0.0 
48873.37 0.45 0.0 
49233.87 0.65 0.0 
50440.65 0.49 0.0 
51087.97 0.40 0.0 
54429.27 0.38 0.0 
54429.28 0.57 0.0 
57105.11 0.31 0.0 
59938.63 0.30 0.0 
64722.49 0.48 0.0 
64831.61 0.43 0.0 
64722.53 0.63 0.0 
71449.65 0.62 0.0 
71449.64 0.55 0.0 
75826.48 0.65 0.0 
76918.68 0.58 0.0 
77304.40 0.53 0.0 
77304.47 0.44 0.0 
80014.72 0.67 0.0 
79176.59 0.31 0.0 
79005.65 0.50 0.0 
80791.92 0.46 0.0 
79701.53 0.34 0.0 
80014.73 0.64 0.0 
79701.50 0.70 0.0 
82552.00 0.91 0.0 
80698.70 0.55 0.0 
80665.39 0.38 0.0 
81165.93 0.39 0.0 
83050.03 0.92 0.0 
82879.56 0.93 0.0 
80665.40 0.56 0.0 
82879.56 0.94 0.0 
82561.09 0.31 0.0 
82551.99 0.87 0.0 
81978.08 0.76 0.0 
83050.04 0.93 0.0 
84753.68 0.49 0.0 
85790.83 0.43 0.0 
84753.67 0.46 0.0 
85790.91 0.33 0.0 
85726.29 0.56 0.0 
