533.91 0.33 0.0 
545.03 0.38 0.0 
649.47 0.39 0.0 
814.09 0.42 0.0 
896.15 0.48 0.0 
1412.51 0.39 0.0 
1531.61 0.36 0.0 
1775.25 0.41 0.0 
1775.24 0.75 0.0 
1853.05 0.33 0.0 
1888.15 0.37 0.0 
1853.09 0.51 0.0 
2384.15 0.34 0.0 
2398.21 0.55 0.0 
2286.57 0.33 0.0 
2952.81 0.70 0.0 
3203.75 0.30 0.0 
3298.56 0.48 0.0 
4238.43 0.35 0.0 
3973.97 0.31 0.0 
4428.79 0.47 0.0 
4547.96 0.41 0.0 
4428.77 0.52 0.0 
4547.93 0.43 0.0 
5061.55 0.43 0.0 
5276.11 0.34 0.0 
5147.73 0.53 0.0 
5259.99 0.37 0.0 
6226.39 0.46 0.0 
6194.32 0.33 0.0 
6416.88 0.30 0.0 
7270.87 0.53 0.0 
7476.67 0.38 0.0 
7476.73 0.61 0.0 
6481.99 0.41 0.0 
7703.83 0.32 0.0 
7192.20 0.35 0.0 
7332.88 0.30 0.0 
7411.95 0.35 0.0 
7270.83 0.45 0.0 
7748.33 0.33 0.0 
7640.67 0.41 0.0 
7486.91 0.38 0.0 
8553.75 0.37 0.0 
8563.48 0.51 0.0 
8574.91 0.80 0.0 
8692.91 0.51 0.0 
8905.13 0.36 0.0 
8835.02 0.67 0.0 
8626.00 0.86 0.0 
8625.99 0.45 0.0 
8574.92 0.76 0.0 
8736.57 0.38 0.0 
8831.75 0.43 0.0 
9178.33 0.45 0.0 
9187.23 0.37 0.0 
10095.67 0.36 0.0 
10576.23 0.46 0.0 
10592.03 0.42 0.0 
10628.41 0.62 0.0 
10956.77 0.38 0.0 
10956.79 0.62 0.0 
10375.27 0.31 0.0 
11257.15 0.32 0.0 
10628.39 0.33 0.0 
10728.85 0.31 0.0 
12156.65 0.62 0.0 
11721.27 0.39 0.0 
11992.79 0.38 0.0 
11351.19 0.35 0.0 
12622.14 0.34 0.0 
11992.77 0.49 0.0 
12897.83 0.42 0.0 
12551.09 0.47 0.0 
12005.61 0.35 0.0 
12177.17 0.33 0.0 
12793.45 0.47 0.0 
13161.29 0.34 0.0 
12897.87 0.33 0.0 
13830.77 0.53 0.0 
13847.49 0.46 0.0 
14063.91 0.35 0.0 
13868.04 0.75 0.0 
14026.36 0.64 0.0 
14415.39 0.69 0.0 
14540.77 0.35 0.0 
14039.73 0.80 0.0 
14344.29 0.44 0.0 
13868.04 0.51 0.0 
14462.05 0.50 0.0 
14473.85 0.68 0.0 
14824.58 0.68 0.0 
14902.23 0.35 0.0 
14531.99 0.57 0.0 
14449.07 0.39 0.0 
14473.89 0.34 0.0 
14978.99 0.40 0.0 
14415.35 0.52 0.0 
14531.99 0.36 0.0 
15654.19 0.37 0.0 
14824.59 0.32 0.0 
15672.85 0.49 0.0 
15527.48 0.63 0.0 
15654.21 0.33 0.0 
15672.83 0.42 0.0 
16457.13 0.66 0.0 
15621.48 0.55 0.0 
17202.85 0.31 0.0 
16787.29 0.39 0.0 
16457.13 0.53 0.0 
17507.97 0.64 0.0 
17507.98 0.67 0.0 
17876.09 0.35 0.0 
17876.07 0.54 0.0 
18516.41 0.46 0.0 
18739.17 0.61 0.0 
18477.35 0.31 0.0 
18449.85 0.35 0.0 
18708.29 0.56 0.0 
18685.41 0.36 0.0 
18739.17 0.43 0.0 
18749.02 0.33 0.0 
19005.51 0.35 0.0 
19090.53 0.48 0.0 
20456.43 0.51 0.0 
20030.57 0.50 0.0 
20800.45 0.38 0.0 
20904.07 0.37 0.0 
20949.71 0.30 0.0 
19736.71 0.33 0.0 
20136.09 0.40 0.0 
21199.92 0.47 0.0 
21807.97 0.56 0.0 
20456.40 0.61 0.0 
21199.93 0.51 0.0 
21237.91 0.36 0.0 
22131.33 0.54 0.0 
21807.97 0.71 0.0 
21305.59 0.37 0.0 
22131.32 0.50 0.0 
23549.96 0.50 0.0 
24036.85 0.30 0.0 
23757.87 0.34 0.0 
24036.85 0.62 0.0 
24152.81 0.55 0.0 
24292.59 0.36 0.0 
24419.95 0.34 0.0 
26241.95 0.32 0.0 
25585.79 0.38 0.0 
25177.79 0.44 0.0 
25598.65 0.43 0.0 
25302.23 0.68 0.0 
25839.31 0.41 0.0 
25756.05 0.46 0.0 
26820.45 0.31 0.0 
25790.23 0.36 0.0 
26312.83 0.43 0.0 
26241.91 0.35 0.0 
27235.47 0.39 0.0 
27248.59 0.34 0.0 
28095.09 0.57 0.0 
28519.81 0.45 0.0 
28656.73 0.32 0.0 
29583.33 0.62 0.0 
29677.09 0.32 0.0 
29684.00 0.46 0.0 
29677.09 0.41 0.0 
30054.33 0.35 0.0 
31388.23 0.44 0.0 
31399.53 0.79 0.0 
31059.25 0.70 0.0 
30963.59 0.38 0.0 
31399.53 0.88 0.0 
31059.25 0.69 0.0 
31586.59 0.31 0.0 
32553.08 0.69 0.0 
32568.27 0.67 0.0 
32499.33 0.81 0.0 
32553.08 0.45 0.0 
32568.24 0.67 0.0 
32499.31 0.71 0.0 
33586.71 0.36 0.0 
34383.57 0.51 0.0 
34383.57 0.43 0.0 
33938.36 0.51 0.0 
34518.91 0.44 0.0 
34428.34 0.83 0.0 
35586.03 0.33 0.0 
35130.73 0.56 0.0 
35997.23 0.32 0.0 
37983.95 0.32 0.0 
36950.49 0.33 0.0 
38240.59 0.32 0.0 
38563.47 0.35 0.0 
39319.97 0.58 0.0 
39519.14 0.56 0.0 
40096.81 0.36 0.0 
40096.80 0.52 0.0 
40305.41 0.57 0.0 
40203.64 0.58 0.0 
40305.31 0.45 0.0 
40650.55 0.40 0.0 
41768.03 0.31 0.0 
42010.95 0.36 0.0 
42200.56 0.42 0.0 
42981.83 0.38 0.0 
43637.03 0.32 0.0 
43191.23 0.33 0.0 
44458.99 0.50 0.0 
43547.39 0.53 0.0 
44810.60 0.32 0.0 
44810.61 0.32 0.0 
44598.91 0.39 0.0 
45660.80 0.41 0.0 
45883.67 0.30 0.0 
45940.37 0.44 0.0 
45452.31 0.31 0.0 
45262.79 0.33 0.0 
46589.69 0.41 0.0 
45883.67 0.37 0.0 
47559.99 0.42 0.0 
47026.08 0.52 0.0 
48030.71 0.40 0.0 
47026.07 0.33 0.0 
47284.31 0.48 0.0 
48637.43 0.39 0.0 
48790.36 0.46 0.0 
47769.16 0.34 0.0 
47560.00 0.61 0.0 
48603.20 0.37 0.0 
49257.67 0.31 0.0 
48708.15 0.38 0.0 
49493.43 0.36 0.0 
49358.13 0.38 0.0 
51550.15 0.32 0.0 
50184.79 0.35 0.0 
50299.07 0.30 0.0 
51334.60 0.61 0.0 
52714.37 0.59 0.0 
52848.15 0.58 0.0 
52997.46 0.83 0.0 
53013.72 0.81 0.0 
51476.03 0.30 0.0 
52580.89 0.56 0.0 
53070.39 0.83 0.0 
53092.87 0.74 0.0 
52690.40 0.72 0.0 
52997.46 0.82 0.0 
52800.93 0.44 0.0 
52930.23 0.65 0.0 
53552.71 0.35 0.0 
52605.87 0.34 0.0 
52618.48 0.40 0.0 
52674.49 0.32 0.0 
52848.15 0.36 0.0 
52894.95 0.58 0.0 
52580.93 0.61 0.0 
53013.72 0.84 0.0 
53025.61 0.56 0.0 
53092.87 0.64 0.0 
52714.37 0.48 0.0 
52843.31 0.37 0.0 
52678.67 0.51 0.0 
52690.39 0.71 0.0 
54296.63 0.30 0.0 
53070.33 0.41 0.0 
53082.11 0.48 0.0 
53200.14 0.84 0.0 
53025.60 0.80 0.0 
53776.67 0.33 0.0 
53513.11 0.43 0.0 
53759.87 0.44 0.0 
54296.65 0.31 0.0 
54795.85 0.49 0.0 
55626.11 0.31 0.0 
57886.19 0.54 0.0 
60596.16 0.54 0.0 
60596.15 0.30 0.0 
66228.47 0.35 0.0 
77491.52 0.46 0.0 
77585.21 0.55 0.0 
77491.55 0.35 0.0 
77744.92 0.73 0.0 
77988.11 0.39 0.0 
77550.71 0.40 0.0 
77556.20 0.69 0.0 
77574.52 0.64 0.0 
78154.25 0.59 0.0 
77867.59 0.38 0.0 
78272.31 0.62 0.0 
77574.50 0.67 0.0 
77585.23 0.45 0.0 
77894.09 0.47 0.0 
78027.14 0.79 0.0 
78027.14 0.78 0.0 
80495.25 0.74 0.0 
80604.75 0.78 0.0 
80584.26 0.69 0.0 
80495.28 0.62 0.0 
80631.31 0.42 0.0 
80848.21 0.59 0.0 
81082.18 0.72 0.0 
81082.21 0.58 0.0 
80566.58 0.75 0.0 
80578.01 0.54 0.0 
80631.32 0.32 0.0 
81691.43 0.44 0.0 
80303.58 0.61 0.0 
81011.35 0.34 0.0 
80566.57 0.60 0.0 
80577.99 0.37 0.0 
80584.28 0.64 0.0 
80942.61 0.53 0.0 
82550.81 0.89 0.0 
82878.34 0.93 0.0 
82878.35 0.94 0.0 
83395.36 0.55 0.0 
82550.81 0.91 0.0 
83597.61 0.67 0.0 
82590.93 0.82 0.0 
83048.78 0.72 0.0 
83720.03 0.32 0.0 
84091.83 0.39 0.0 
83048.79 0.84 0.0 
83285.37 0.79 0.0 
83285.35 0.75 0.0 
83395.39 0.33 0.0 
83403.35 0.41 0.0 
