99.49 0.63 0.0 
2052.53 0.40 0.0 
2052.55 0.89 0.0 
1172.07 0.36 0.0 
1994.32 0.48 0.0 
2022.07 0.31 0.0 
3703.91 0.33 0.0 
4351.99 0.47 0.0 
5604.39 0.45 0.0 
5729.45 0.41 0.0 
7481.53 0.53 0.0 
7514.07 0.33 0.0 
9720.09 0.79 0.0 
8712.20 0.39 0.0 
9403.96 0.55 0.0 
10665.15 0.88 0.0 
9103.52 0.35 0.0 
10723.59 0.30 0.0 
10665.15 0.91 0.0 
12029.19 0.61 0.0 
9464.11 0.46 0.0 
11007.84 0.39 0.0 
12232.61 0.36 0.0 
11366.84 0.80 0.0 
11801.77 0.57 0.0 
11803.15 0.32 0.0 
11854.96 0.60 0.0 
12029.34 0.71 0.0 
12232.93 0.39 0.0 
13824.89 0.41 0.0 
14063.47 0.93 0.0 
13911.52 0.46 0.0 
11854.99 0.63 0.0 
13669.49 0.68 0.0 
13720.95 0.72 0.0 
13732.91 0.76 0.0 
14278.48 0.45 0.0 
14063.45 0.81 0.0 
15142.28 0.51 0.0 
13732.91 0.71 0.0 
14491.36 0.59 0.0 
14500.45 0.66 0.0 
14367.95 0.88 0.0 
14470.56 0.42 0.0 
14854.76 0.46 0.0 
14994.87 0.68 0.0 
14577.67 0.35 0.0 
15142.22 0.39 0.0 
15692.27 0.33 0.0 
14593.08 0.71 0.0 
15514.66 0.91 0.0 
16334.10 0.34 0.0 
15514.67 0.90 0.0 
16454.51 0.34 0.0 
14489.88 0.64 0.0 
14500.49 0.66 0.0 
16394.11 0.42 0.0 
15692.11 0.49 0.0 
18131.71 0.60 0.0 
18131.72 0.30 0.0 
18146.76 0.45 0.0 
17804.20 0.36 0.0 
18717.13 0.35 0.0 
19427.99 0.33 0.0 
20069.57 0.79 0.0 
21026.72 0.36 0.0 
23684.27 0.51 0.0 
23924.16 0.51 0.0 
25623.30 0.38 0.0 
24578.95 0.56 0.0 
24944.27 0.41 0.0 
26874.92 0.34 0.0 
27733.16 0.48 0.0 
27322.11 0.87 0.0 
27907.95 0.48 0.0 
27322.10 0.89 0.0 
28748.95 0.34 0.0 
29080.71 0.89 0.0 
29732.47 0.39 0.0 
28664.32 0.38 0.0 
30485.83 0.49 0.0 
30674.19 0.60 0.0 
30794.51 0.46 0.0 
30764.35 0.44 0.0 
29384.29 0.66 0.0 
31334.56 0.30 0.0 
31429.52 0.85 0.0 
31438.83 0.40 0.0 
29732.51 0.58 0.0 
31429.52 0.90 0.0 
30584.40 0.63 0.0 
32084.37 0.64 0.0 
33073.05 0.48 0.0 
32802.99 0.76 0.0 
33507.41 0.56 0.0 
34138.89 0.31 0.0 
34349.29 0.34 0.0 
34049.08 0.74 0.0 
34409.55 0.55 0.0 
34049.08 0.53 0.0 
36284.49 0.56 0.0 
36121.45 0.63 0.0 
37844.25 0.46 0.0 
37964.49 0.58 0.0 
38578.95 0.79 0.0 
39524.43 0.41 0.0 
37543.03 0.37 0.0 
37784.01 0.49 0.0 
41684.50 0.32 0.0 
40302.43 0.36 0.0 
41864.49 0.39 0.0 
42462.93 0.38 0.0 
45044.57 0.46 0.0 
42944.48 0.41 0.0 
46604.45 0.38 0.0 
45464.45 0.30 0.0 
49124.58 0.82 0.0 
46424.59 0.37 0.0 
47263.97 0.38 0.0 
47624.48 0.30 0.0 
48104.59 0.34 0.0 
48344.16 0.45 0.0 
52004.65 0.48 0.0 
49664.48 0.54 0.0 
52724.56 0.33 0.0 
51321.97 0.81 0.0 
53084.51 0.34 0.0 
52424.55 0.50 0.0 
52544.51 0.55 0.0 
54254.51 0.42 0.0 
54884.48 0.71 0.0 
55244.48 0.32 0.0 
53743.81 0.33 0.0 
54782.93 0.38 0.0 
54224.56 0.64 0.0 
54344.51 0.36 0.0 
54584.61 0.63 0.0 
54703.51 0.39 0.0 
59234.13 0.45 0.0 
59204.49 0.34 0.0 
61664.62 0.42 0.0 
63883.92 0.33 0.0 
62969.51 0.42 0.0 
66374.51 0.55 0.0 
66584.03 0.31 0.0 
71804.12 0.33 0.0 
72509.29 0.53 0.0 
73754.13 0.32 0.0 
77489.12 0.42 0.0 
80129.07 0.34 0.0 
82593.29 0.38 0.0 
82593.23 0.71 0.0 
82589.38 0.79 0.0 
82920.80 0.61 0.0 
82920.76 0.64 0.0 
83091.31 0.95 0.0 
83881.33 0.49 0.0 
83091.31 0.75 0.0 
86159.49 0.55 0.0 
