165.71 0.34 0.0 
359.48 0.86 0.0 
295.44 0.34 0.0 
533.87 0.38 0.0 
659.57 0.49 0.0 
642.19 0.75 0.0 
893.91 0.44 0.0 
1228.87 0.52 0.0 
1774.28 0.67 0.0 
1774.27 0.95 0.0 
2279.03 0.31 0.0 
2315.75 0.37 0.0 
2323.95 0.63 0.0 
2396.13 0.33 0.0 
2396.91 0.56 0.0 
2624.21 0.53 0.0 
2952.15 0.86 0.0 
2952.17 0.72 0.0 
3403.45 0.36 0.0 
3148.29 0.45 0.0 
3478.68 0.34 0.0 
3705.48 0.42 0.0 
3847.65 0.34 0.0 
3847.65 0.64 0.0 
5059.48 0.70 0.0 
5415.87 0.39 0.0 
5653.91 0.35 0.0 
6056.68 0.41 0.0 
5581.84 0.33 0.0 
6416.83 0.32 0.0 
6404.07 0.33 0.0 
6198.52 0.43 0.0 
6239.23 0.70 0.0 
6193.71 0.58 0.0 
7267.20 0.34 0.0 
7474.96 0.34 0.0 
7486.87 0.36 0.0 
7497.17 0.43 0.0 
7702.34 0.89 0.0 
7208.71 0.33 0.0 
7330.81 0.45 0.0 
7108.64 0.49 0.0 
7814.48 0.51 0.0 
8550.89 0.69 0.0 
8569.43 0.54 0.0 
7702.32 0.72 0.0 
8676.95 0.31 0.0 
8690.37 0.77 0.0 
8676.93 0.56 0.0 
8682.37 0.31 0.0 
8831.73 0.57 0.0 
9178.28 0.49 0.0 
8569.48 0.43 0.0 
8877.77 0.40 0.0 
9686.97 0.41 0.0 
9185.32 0.35 0.0 
9477.31 0.45 0.0 
10214.52 0.93 0.0 
10626.67 0.92 0.0 
10633.83 0.36 0.0 
11077.24 0.40 0.0 
11339.15 0.53 0.0 
10626.67 0.93 0.0 
10633.88 0.43 0.0 
11816.03 0.87 0.0 
11680.42 0.37 0.0 
10941.67 0.43 0.0 
11992.01 0.41 0.0 
11469.12 0.31 0.0 
11991.99 0.33 0.0 
11816.00 0.30 0.0 
12895.01 0.33 0.0 
11908.13 0.93 0.0 
13124.07 0.47 0.0 
12373.99 0.81 0.0 
12798.95 0.45 0.0 
13473.79 0.31 0.0 
12895.01 0.32 0.0 
13318.17 0.50 0.0 
13533.19 0.31 0.0 
13525.40 0.38 0.0 
13866.11 0.68 0.0 
13882.68 0.40 0.0 
13694.43 0.46 0.0 
13784.40 0.52 0.0 
14024.83 0.92 0.0 
14039.59 0.50 0.0 
13866.08 0.51 0.0 
14471.21 0.79 0.0 
14608.60 0.47 0.0 
14821.25 0.40 0.0 
14531.45 0.73 0.0 
14447.79 0.37 0.0 
14460.27 0.31 0.0 
14972.75 0.39 0.0 
14531.41 0.31 0.0 
14537.03 0.42 0.0 
15653.29 0.53 0.0 
14953.39 0.35 0.0 
15809.36 0.66 0.0 
15475.93 0.73 0.0 
16169.38 0.90 0.0 
15141.05 0.42 0.0 
15653.24 0.59 0.0 
15794.08 0.69 0.0 
16767.97 0.31 0.0 
17007.57 0.48 0.0 
17199.45 0.40 0.0 
16807.24 0.64 0.0 
17556.61 0.67 0.0 
17556.60 0.71 0.0 
16807.21 0.57 0.0 
17172.88 0.90 0.0 
17923.25 0.57 0.0 
17506.71 0.95 0.0 
17506.70 0.95 0.0 
17759.33 0.65 0.0 
17474.65 0.35 0.0 
18382.52 0.33 0.0 
17668.78 0.34 0.0 
18684.57 0.40 0.0 
18524.40 0.47 0.0 
18188.97 0.47 0.0 
18302.65 0.37 0.0 
18554.44 0.32 0.0 
19090.45 0.33 0.0 
18744.34 0.73 0.0 
18748.96 0.51 0.0 
20578.94 0.65 0.0 
19874.25 0.59 0.0 
19827.73 0.31 0.0 
21198.05 0.65 0.0 
20250.23 0.43 0.0 
21176.51 0.47 0.0 
21802.85 0.47 0.0 
20452.21 0.38 0.0 
21198.01 0.39 0.0 
21344.17 0.34 0.0 
21027.88 0.57 0.0 
22307.53 0.42 0.0 
23127.84 0.33 0.0 
23229.47 0.65 0.0 
22307.59 0.51 0.0 
23324.41 0.51 0.0 
23803.44 0.95 0.0 
24328.87 0.78 0.0 
23752.12 0.67 0.0 
24151.92 0.47 0.0 
23229.44 0.67 0.0 
24755.20 0.35 0.0 
24536.24 0.76 0.0 
25754.37 0.49 0.0 
24536.24 0.45 0.0 
25836.51 0.31 0.0 
26483.17 0.59 0.0 
25300.84 0.39 0.0 
25836.47 0.48 0.0 
26076.68 0.31 0.0 
25979.21 0.34 0.0 
25755.52 0.36 0.0 
26310.83 0.58 0.0 
25797.18 0.33 0.0 
25754.36 0.91 0.0 
25828.05 0.32 0.0 
26483.16 0.58 0.0 
27133.20 0.62 0.0 
27235.35 0.39 0.0 
27593.91 0.38 0.0 
28004.57 0.57 0.0 
28519.16 0.53 0.0 
27854.00 0.46 0.0 
27593.95 0.36 0.0 
27692.83 0.43 0.0 
28519.16 0.53 0.0 
28655.92 0.37 0.0 
28945.67 0.44 0.0 
29684.02 0.88 0.0 
30054.30 0.36 0.0 
30929.56 0.51 0.0 
29909.57 0.59 0.0 
31386.13 0.40 0.0 
31397.11 0.46 0.0 
31033.53 0.41 0.0 
31001.34 0.37 0.0 
30929.72 0.45 0.0 
31055.23 0.54 0.0 
31386.12 0.30 0.0 
31397.17 0.33 0.0 
31055.19 0.59 0.0 
31557.79 0.32 0.0 
32452.47 0.43 0.0 
32459.65 0.49 0.0 
32551.80 0.33 0.0 
32578.57 0.33 0.0 
32041.05 0.44 0.0 
32494.79 0.75 0.0 
32551.80 0.55 0.0 
32040.99 0.63 0.0 
32494.78 0.51 0.0 
33325.08 0.45 0.0 
32632.79 0.40 0.0 
34106.63 0.62 0.0 
33932.49 0.60 0.0 
34428.36 0.35 0.0 
34784.48 0.60 0.0 
34684.49 0.34 0.0 
35696.68 0.53 0.0 
36683.68 0.38 0.0 
36768.15 0.40 0.0 
36222.25 0.46 0.0 
36147.77 0.47 0.0 
36779.05 0.36 0.0 
36683.68 0.51 0.0 
37127.63 0.53 0.0 
37303.71 0.52 0.0 
37424.41 0.31 0.0 
37994.56 0.56 0.0 
38112.88 0.85 0.0 
37948.19 0.80 0.0 
39088.69 0.42 0.0 
39417.04 0.86 0.0 
38665.92 0.51 0.0 
38774.04 0.52 0.0 
38278.69 0.38 0.0 
40010.96 0.31 0.0 
39417.07 0.39 0.0 
39161.77 0.37 0.0 
40616.68 0.54 0.0 
39514.59 0.37 0.0 
40333.81 0.31 0.0 
40317.64 0.39 0.0 
40319.16 0.31 0.0 
40589.33 0.48 0.0 
42419.25 0.54 0.0 
41894.18 0.84 0.0 
41980.90 0.71 0.0 
42228.63 0.30 0.0 
42594.10 0.60 0.0 
43408.44 0.44 0.0 
42979.59 0.48 0.0 
42594.07 0.51 0.0 
44457.04 0.73 0.0 
44456.97 0.34 0.0 
44848.89 0.49 0.0 
44500.49 0.77 0.0 
44500.45 0.52 0.0 
45372.32 0.33 0.0 
46258.78 0.62 0.0 
45944.11 0.89 0.0 
47559.93 0.37 0.0 
47039.32 0.54 0.0 
48058.69 0.47 0.0 
47429.52 0.80 0.0 
47834.56 0.84 0.0 
48432.85 0.42 0.0 
49136.21 0.50 0.0 
48432.86 0.87 0.0 
48528.57 0.42 0.0 
49542.73 0.68 0.0 
48017.79 0.31 0.0 
49034.15 0.51 0.0 
48523.12 0.58 0.0 
50335.85 0.39 0.0 
51334.56 0.31 0.0 
50834.16 0.33 0.0 
51473.40 0.67 0.0 
52480.56 0.32 0.0 
52285.76 0.77 0.0 
52618.46 0.33 0.0 
52710.93 0.42 0.0 
53007.63 0.51 0.0 
51473.44 0.71 0.0 
52686.20 0.48 0.0 
53191.60 0.79 0.0 
52992.56 0.86 0.0 
51734.00 0.51 0.0 
52241.29 0.37 0.0 
52616.77 0.33 0.0 
52670.21 0.34 0.0 
52678.70 0.62 0.0 
53174.63 0.34 0.0 
52214.41 0.46 0.0 
52576.65 0.40 0.0 
52992.56 0.89 0.0 
53012.27 0.40 0.0 
52710.79 0.35 0.0 
52821.35 0.34 0.0 
52841.08 0.61 0.0 
52686.15 0.55 0.0 
54293.93 0.30 0.0 
52930.21 0.63 0.0 
53191.53 0.37 0.0 
54795.65 0.37 0.0 
53294.56 0.58 0.0 
53954.49 0.40 0.0 
53802.88 0.43 0.0 
54373.44 0.37 0.0 
55960.58 0.70 0.0 
57239.47 0.32 0.0 
57914.44 0.33 0.0 
60449.36 0.32 0.0 
60595.33 0.48 0.0 
60595.28 0.50 0.0 
75331.93 0.85 0.0 
75331.93 0.63 0.0 
75550.72 0.44 0.0 
75809.03 0.37 0.0 
75404.57 0.45 0.0 
75651.05 0.33 0.0 
77487.23 0.44 0.0 
77744.08 0.34 0.0 
77414.40 0.61 0.0 
77568.97 0.63 0.0 
78150.15 0.38 0.0 
77894.08 0.67 0.0 
77668.49 0.39 0.0 
77568.97 0.69 0.0 
77585.17 0.37 0.0 
77988.04 0.41 0.0 
78132.75 0.66 0.0 
77909.20 0.68 0.0 
77909.19 0.34 0.0 
78025.03 0.85 0.0 
78025.01 0.81 0.0 
80155.56 0.43 0.0 
80370.73 0.40 0.0 
80604.67 0.69 0.0 
80629.40 0.33 0.0 
80565.48 0.74 0.0 
80573.68 0.45 0.0 
80696.99 0.46 0.0 
81011.28 0.32 0.0 
80775.71 0.49 0.0 
80800.56 0.65 0.0 
80565.51 0.57 0.0 
80573.68 0.59 0.0 
80691.85 0.32 0.0 
80938.61 0.67 0.0 
81164.49 0.36 0.0 
82545.36 0.95 0.0 
82872.94 0.97 0.0 
81762.32 0.36 0.0 
82545.38 0.97 0.0 
83716.49 0.33 0.0 
83043.43 0.83 0.0 
83716.53 0.65 0.0 
83043.43 0.95 0.0 
83281.48 0.64 0.0 
82872.92 0.97 0.0 
83281.48 0.60 0.0 
83395.33 0.31 0.0 
83417.84 0.46 0.0 
83417.85 0.41 0.0 
84131.16 0.36 0.0 
85549.29 0.35 0.0 
