448.21 0.46 0.0 
6462.92 0.54 0.0 
7238.68 0.62 0.0 
683.14 0.34 0.0 
10096.27 0.52 0.0 
10108.57 0.58 0.0 
10600.85 0.60 0.0 
12690.60 0.96 0.0 
12690.61 0.97 0.0 
12799.90 0.92 0.0 
14207.56 0.33 0.0 
13797.15 0.92 0.0 
14397.21 0.48 0.0 
14382.29 0.39 0.0 
15598.05 0.32 0.0 
13797.16 0.63 0.0 
14771.78 0.94 0.0 
15235.03 0.32 0.0 
14771.78 0.89 0.0 
12447.49 0.48 0.0 
12688.92 0.88 0.0 
12799.90 0.95 0.0 
23334.72 0.38 0.0 
27881.13 0.43 0.0 
28867.51 0.91 0.0 
28872.40 0.35 0.0 
27929.28 0.98 0.0 
32594.29 0.97 0.0 
32323.00 0.98 0.0 
32323.00 0.98 0.0 
33800.06 0.97 0.0 
32526.60 0.46 0.0 
27929.28 0.98 0.0 
37272.67 0.36 0.0 
32526.60 0.51 0.0 
28867.52 0.85 0.0 
37917.51 0.91 0.0 
32594.28 0.95 0.0 
37920.47 0.96 0.0 
33800.06 0.97 0.0 
37920.48 0.71 0.0 
37048.64 0.41 0.0 
46746.63 0.36 0.0 
47333.80 0.97 0.0 
47333.80 0.97 0.0 
47486.68 0.93 0.0 
43327.92 0.94 0.0 
43327.92 0.96 0.0 
50084.45 0.80 0.0 
50084.44 0.90 0.0 
47486.68 0.96 0.0 
72042.51 0.31 0.0 
84792.43 0.45 0.0 
