7228.54 0.94 0.0 
7230.39 0.31 0.0 
10083.58 0.73 0.0 
12715.88 0.52 0.0 
12824.91 0.34 0.0 
13786.05 0.47 0.0 
11971.56 0.49 0.0 
12715.91 0.35 0.0 
12824.85 0.34 0.0 
15216.65 0.40 0.0 
15603.51 0.34 0.0 
13786.07 0.62 0.0 
14658.90 0.83 0.0 
15018.31 0.43 0.0 
15522.64 0.74 0.0 
9646.60 0.73 0.0 
14672.99 0.35 0.0 
15216.28 0.38 0.0 
15513.03 0.35 0.0 
15522.64 0.76 0.0 
7228.55 0.95 0.0 
10083.61 0.62 0.0 
16026.73 0.44 0.0 
16026.71 0.37 0.0 
23504.59 0.30 0.0 
14658.92 0.83 0.0 
26198.96 0.87 0.0 
26776.11 0.64 0.0 
26857.25 0.45 0.0 
29518.56 0.52 0.0 
26198.96 0.85 0.0 
29506.51 0.30 0.0 
29518.59 0.44 0.0 
34659.92 0.54 0.0 
34757.11 0.31 0.0 
34773.01 0.32 0.0 
34659.93 0.61 0.0 
34772.97 0.51 0.0 
26776.07 0.42 0.0 
41054.74 0.85 0.0 
41067.78 0.67 0.0 
41054.74 0.91 0.0 
41067.78 0.60 0.0 
