3253.96 0.64 0.0 
3584.49 0.32 0.0 
1648.92 0.48 0.0 
7224.83 0.98 0.0 
10081.75 0.97 0.0 
8399.48 0.40 0.0 
8519.44 0.38 0.0 
5249.60 0.44 0.0 
9643.67 0.35 0.0 
13322.31 0.90 0.0 
12700.39 0.49 0.0 
12809.64 0.58 0.0 
12821.08 0.81 0.0 
13783.84 0.98 0.0 
13362.23 0.77 0.0 
12700.35 0.33 0.0 
12821.09 0.76 0.0 
15213.79 0.97 0.0 
13783.84 0.98 0.0 
14657.59 0.69 0.0 
15510.17 0.51 0.0 
15516.76 0.34 0.0 
9907.84 0.43 0.0 
15213.79 0.95 0.0 
11609.11 0.48 0.0 
15516.75 0.58 0.0 
7224.83 0.98 0.0 
12809.45 0.41 0.0 
14367.63 0.82 0.0 
17687.37 0.43 0.0 
10081.76 0.47 0.0 
16022.63 0.35 0.0 
16269.43 0.36 0.0 
16022.76 0.37 0.0 
16269.45 0.43 0.0 
13322.31 0.80 0.0 
17594.39 0.36 0.0 
25453.43 0.34 0.0 
14657.55 0.64 0.0 
15600.95 0.43 0.0 
26197.04 0.97 0.0 
26444.11 0.48 0.0 
16108.91 0.44 0.0 
26197.05 0.97 0.0 
30219.97 0.47 0.0 
29517.40 0.39 0.0 
34334.53 0.31 0.0 
34423.51 0.33 0.0 
35995.79 0.39 0.0 
36233.93 0.43 0.0 
26773.71 0.37 0.0 
36055.99 0.45 0.0 
34647.80 0.65 0.0 
40212.33 0.33 0.0 
41053.11 0.84 0.0 
36325.47 0.31 0.0 
46334.45 0.36 0.0 
41053.11 0.87 0.0 
41065.41 0.39 0.0 
64783.01 0.52 0.0 
74203.81 0.46 0.0 
69505.21 0.57 0.0 
