389.00 0.30 0.0 
6857.01 0.31 0.0 
7242.48 0.69 0.0 
7258.97 0.76 0.0 
12702.84 0.72 0.0 
7242.52 0.54 0.0 
14381.77 0.71 0.0 
15570.36 0.68 0.0 
13329.39 0.81 0.0 
13802.11 0.49 0.0 
14645.44 0.98 0.0 
13329.40 0.82 0.0 
15600.04 0.88 0.0 
14645.44 0.97 0.0 
14217.71 0.34 0.0 
15271.52 0.77 0.0 
15515.73 0.41 0.0 
15271.52 0.87 0.0 
15515.76 0.76 0.0 
25016.38 0.96 0.0 
25634.40 0.59 0.0 
11278.52 0.64 0.0 
22259.07 0.37 0.0 
12702.84 0.81 0.0 
25016.38 0.95 0.0 
14971.80 0.33 0.0 
25364.56 0.59 0.0 
15570.31 0.64 0.0 
32126.68 0.63 0.0 
27147.89 0.34 0.0 
26789.07 0.38 0.0 
28243.01 0.36 0.0 
36322.17 0.37 0.0 
33153.83 0.61 0.0 
33166.37 0.34 0.0 
33153.84 0.67 0.0 
46769.48 0.68 0.0 
49601.96 0.31 0.0 
52094.48 0.35 0.0 
45239.44 0.34 0.0 
