1331.76 0.62 0.0 
1679.65 0.40 0.0 
1934.24 0.47 0.0 
2744.60 0.85 0.0 
3011.44 0.74 0.0 
3586.60 0.35 0.0 
1139.05 0.37 0.0 
4678.63 0.31 0.0 
6346.05 0.37 0.0 
6729.85 0.34 0.0 
6944.11 0.34 0.0 
3778.93 0.40 0.0 
3899.36 0.97 0.0 
2234.04 0.58 0.0 
8516.48 0.67 0.0 
3809.56 0.55 0.0 
4286.93 0.31 0.0 
6659.65 0.43 0.0 
5728.52 0.33 0.0 
8092.79 0.64 0.0 
8218.92 0.32 0.0 
8910.03 0.54 0.0 
7647.40 0.85 0.0 
12836.92 0.55 0.0 
8368.69 0.38 0.0 
8092.80 0.39 0.0 
8329.96 0.55 0.0 
10361.84 0.65 0.0 
14051.18 0.97 0.0 
8925.09 0.35 0.0 
17265.44 0.52 0.0 
17533.96 0.47 0.0 
19664.44 0.63 0.0 
625.97 0.36 0.0 
14234.16 0.65 0.0 
1331.76 0.56 0.0 
20841.52 0.81 0.0 
16842.27 0.41 0.0 
17175.61 0.60 0.0 
20491.35 0.75 0.0 
20892.76 0.83 0.0 
21973.77 0.78 0.0 
19240.76 0.71 0.0 
19240.73 0.39 0.0 
19588.65 0.46 0.0 
19736.63 0.40 0.0 
17945.21 0.47 0.0 
18449.40 0.66 0.0 
20818.89 0.39 0.0 
24133.00 0.32 0.0 
25155.77 0.51 0.0 
22259.56 0.75 0.0 
20326.81 0.44 0.0 
25917.65 0.37 0.0 
20841.51 0.90 0.0 
23656.96 0.42 0.0 
22168.89 0.31 0.0 
29053.96 0.76 0.0 
24546.76 0.67 0.0 
24546.75 0.90 0.0 
24911.84 0.73 0.0 
25508.93 0.41 0.0 
30467.22 0.37 0.0 
25508.96 0.63 0.0 
31326.49 0.63 0.0 
33324.57 0.36 0.0 
33344.60 0.48 0.0 
14044.69 0.51 0.0 
30164.08 0.36 0.0 
33333.57 0.51 0.0 
31258.53 0.51 0.0 
31243.12 0.58 0.0 
28848.73 0.40 0.0 
32091.69 0.54 0.0 
32097.77 0.34 0.0 
32577.84 0.36 0.0 
30769.04 0.49 0.0 
31288.13 0.57 0.0 
33507.43 0.98 0.0 
32129.52 0.67 0.0 
34484.12 0.91 0.0 
34484.13 0.75 0.0 
32085.93 0.89 0.0 
33324.55 0.57 0.0 
33407.56 0.57 0.0 
33928.80 0.86 0.0 
34269.32 0.35 0.0 
34269.37 0.51 0.0 
39966.16 0.36 0.0 
37722.58 0.98 0.0 
37722.59 0.98 0.0 
36543.40 0.93 0.0 
41860.84 0.90 0.0 
36543.40 0.90 0.0 
41860.84 0.62 0.0 
23656.96 0.39 0.0 
42014.41 0.64 0.0 
38354.36 0.60 0.0 
40529.57 0.51 0.0 
40390.92 0.48 0.0 
46894.40 0.32 0.0 
27868.21 0.62 0.0 
42062.52 0.69 0.0 
42062.52 0.78 0.0 
44729.56 0.44 0.0 
32788.88 0.59 0.0 
47796.76 0.61 0.0 
33148.21 0.31 0.0 
33507.43 0.98 0.0 
55073.84 0.57 0.0 
37709.35 0.78 0.0 
52754.59 0.40 0.0 
54207.88 0.35 0.0 
56684.25 0.49 0.0 
55632.09 0.36 0.0 
59444.04 0.64 0.0 
44669.40 0.58 0.0 
61271.63 0.54 0.0 
67978.85 0.37 0.0 
81133.73 0.33 0.0 
77804.17 0.56 0.0 
79844.21 0.34 0.0 
83638.96 0.48 0.0 
84823.92 0.47 0.0 
84837.67 0.97 0.0 
82409.53 0.42 0.0 
86054.52 0.91 0.0 
83353.52 0.53 0.0 
84074.59 0.60 0.0 
84902.80 0.39 0.0 
85048.28 0.55 0.0 
85619.49 0.46 0.0 
85394.57 0.50 0.0 
85748.25 0.35 0.0 
74427.12 0.55 0.0 
84389.44 0.61 0.0 
