1098.36 0.33 0.0 
104.56 0.38 0.0 
3522.75 0.35 0.0 
838.57 0.34 0.0 
583.52 0.61 0.0 
1404.83 0.69 0.0 
4217.41 0.30 0.0 
2469.48 0.50 0.0 
2469.47 0.84 0.0 
6479.16 0.46 0.0 
4542.49 0.48 0.0 
5344.28 0.30 0.0 
5455.43 0.51 0.0 
7287.34 0.79 0.0 
12284.19 0.64 0.0 
10409.01 0.45 0.0 
14656.16 0.55 0.0 
14656.19 0.38 0.0 
12823.41 0.48 0.0 
1978.05 0.34 0.0 
18929.51 0.43 0.0 
4004.68 0.57 0.0 
5455.44 0.74 0.0 
23356.03 0.30 0.0 
32988.52 0.47 0.0 
33013.96 0.32 0.0 
35294.08 0.60 0.0 
32123.05 0.97 0.0 
32123.06 0.96 0.0 
32979.84 0.57 0.0 
47113.96 0.36 0.0 
45044.01 0.31 0.0 
85512.84 0.41 0.0 
