222.29 0.34 0.0 
965.09 0.33 0.0 
965.07 0.39 0.0 
2803.48 0.39 0.0 
4354.36 0.50 0.0 
4018.03 0.38 0.0 
7356.30 0.48 0.0 
7294.38 0.59 0.0 
5475.77 0.38 0.0 
8520.39 0.35 0.0 
9463.87 0.35 0.0 
8954.68 0.54 0.0 
10190.55 0.36 0.0 
12375.59 0.45 0.0 
10246.97 0.33 0.0 
12740.22 0.66 0.0 
10403.55 0.31 0.0 
10860.84 0.56 0.0 
12750.71 0.36 0.0 
12375.59 0.31 0.0 
12740.24 0.73 0.0 
13198.93 0.60 0.0 
13198.88 0.35 0.0 
13685.31 0.38 0.0 
13140.84 0.42 0.0 
14697.95 0.30 0.0 
13852.95 0.43 0.0 
14731.71 0.36 0.0 
14697.95 0.33 0.0 
14731.18 0.38 0.0 
19529.58 0.32 0.0 
22277.85 0.65 0.0 
24764.91 0.32 0.0 
25079.83 0.44 0.0 
26398.31 0.36 0.0 
25863.85 0.36 0.0 
26625.45 0.47 0.0 
26841.72 0.33 0.0 
28859.91 0.33 0.0 
27959.91 0.47 0.0 
28050.43 0.63 0.0 
29066.91 0.35 0.0 
32177.45 0.32 0.0 
32177.44 0.87 0.0 
31878.29 0.53 0.0 
35179.71 0.35 0.0 
36808.19 0.32 0.0 
39714.01 0.34 0.0 
39713.99 0.31 0.0 
41340.97 0.47 0.0 
47459.57 0.44 0.0 
47358.55 0.45 0.0 
51525.63 0.59 0.0 
56643.95 0.35 0.0 
55139.65 0.40 0.0 
57842.28 0.44 0.0 
61305.73 0.42 0.0 
71325.68 0.34 0.0 
77614.01 0.36 0.0 
80024.39 0.34 0.0 
84293.73 0.47 0.0 
