291.67 0.32 0.0 
551.73 0.75 0.0 
833.22 0.79 0.0 
1529.48 0.34 0.0 
1913.29 0.77 0.0 
1913.25 0.34 0.0 
2392.88 0.32 0.0 
2392.85 0.36 0.0 
3133.78 0.86 0.0 
4243.44 0.70 0.0 
3717.85 0.63 0.0 
3957.91 0.59 0.0 
4196.45 0.48 0.0 
5394.44 0.88 0.0 
6335.89 0.32 0.0 
5394.43 0.79 0.0 
8840.97 0.31 0.0 
9429.92 0.32 0.0 
8031.64 0.39 0.0 
9457.13 0.47 0.0 
10370.89 0.39 0.0 
10629.95 0.34 0.0 
11601.13 0.37 0.0 
11801.69 0.45 0.0 
12117.00 0.38 0.0 
14143.64 0.38 0.0 
13227.73 0.47 0.0 
13227.73 0.60 0.0 
16017.41 0.54 0.0 
15835.05 0.43 0.0 
19467.91 0.40 0.0 
21957.05 0.63 0.0 
23248.71 0.52 0.0 
27267.55 0.52 0.0 
29877.41 0.31 0.0 
28446.88 0.35 0.0 
32598.20 0.32 0.0 
34435.64 0.30 0.0 
35337.88 0.31 0.0 
35075.73 0.72 0.0 
37557.17 0.42 0.0 
40150.37 0.52 0.0 
40064.56 0.33 0.0 
39497.61 0.38 0.0 
44099.24 0.32 0.0 
42625.52 0.36 0.0 
46630.97 0.52 0.0 
44668.80 0.67 0.0 
46589.13 0.79 0.0 
48625.40 0.46 0.0 
48260.52 0.39 0.0 
48625.35 0.62 0.0 
52626.55 0.37 0.0 
49946.49 0.56 0.0 
51024.69 0.69 0.0 
51503.36 0.39 0.0 
52600.05 0.30 0.0 
54025.17 0.39 0.0 
55186.39 0.42 0.0 
56864.36 0.60 0.0 
60046.92 0.56 0.0 
61752.61 0.30 0.0 
62207.85 0.44 0.0 
63942.69 0.69 0.0 
62654.28 0.46 0.0 
63488.97 0.67 0.0 
63971.55 0.32 0.0 
67070.05 0.58 0.0 
69913.19 0.72 0.0 
70391.60 0.59 0.0 
69911.00 0.41 0.0 
71015.37 0.45 0.0 
73376.27 0.66 0.0 
76646.08 0.59 0.0 
73553.21 0.34 0.0 
76646.08 0.79 0.0 
76337.44 0.39 0.0 
77759.56 0.35 0.0 
76946.25 0.34 0.0 
78991.57 0.36 0.0 
78998.08 0.46 0.0 
80453.67 0.30 0.0 
76446.92 0.36 0.0 
79677.61 0.44 0.0 
79679.24 0.37 0.0 
81356.52 0.38 0.0 
81282.48 0.30 0.0 
82158.41 0.35 0.0 
83322.92 0.53 0.0 
84219.29 0.47 0.0 
83876.71 0.37 0.0 
85754.25 0.34 0.0 
84626.81 0.57 0.0 
84610.26 0.35 0.0 
