4771.45 0.39 0.0 
5042.99 0.34 0.0 
5677.85 0.79 0.0 
5668.51 0.63 0.0 
5677.84 0.83 0.0 
5704.26 0.67 0.0 
5768.39 0.47 0.0 
5739.49 0.69 0.0 
5865.40 0.79 0.0 
5881.79 0.78 0.0 
5821.57 0.43 0.0 
5668.55 0.49 0.0 
5796.28 0.67 0.0 
5739.48 0.73 0.0 
5704.29 0.77 0.0 
5951.41 0.61 0.0 
5905.25 0.59 0.0 
5865.29 0.78 0.0 
5875.90 0.70 0.0 
5768.41 0.61 0.0 
5821.57 0.63 0.0 
5951.40 0.66 0.0 
6165.55 0.31 0.0 
5881.79 0.79 0.0 
6211.29 0.46 0.0 
6766.38 0.69 0.0 
6833.73 0.68 0.0 
6471.57 0.30 0.0 
6789.13 0.54 0.0 
6637.55 0.31 0.0 
6947.97 0.55 0.0 
7032.65 0.52 0.0 
6990.57 0.81 0.0 
6833.71 0.39 0.0 
7135.29 0.68 0.0 
7032.61 0.69 0.0 
6947.96 0.50 0.0 
7254.98 0.90 0.0 
7190.86 0.77 0.0 
7154.81 0.67 0.0 
7254.99 0.82 0.0 
6980.35 0.48 0.0 
6990.56 0.62 0.0 
6980.35 0.56 0.0 
7190.87 0.63 0.0 
7381.35 0.37 0.0 
7381.38 0.59 0.0 
7329.45 0.58 0.0 
7282.21 0.44 0.0 
7339.09 0.40 0.0 
7734.49 0.30 0.0 
7521.89 0.54 0.0 
7998.31 0.39 0.0 
8988.91 0.51 0.0 
10430.45 0.53 0.0 
10430.43 0.48 0.0 
10742.06 0.85 0.0 
10681.39 0.46 0.0 
10482.28 0.44 0.0 
10457.91 0.48 0.0 
10770.51 0.60 0.0 
10725.52 0.56 0.0 
10742.04 0.35 0.0 
10681.44 0.88 0.0 
10825.97 0.61 0.0 
10725.49 0.52 0.0 
10847.17 0.75 0.0 
10847.16 0.76 0.0 
10825.92 0.85 0.0 
11343.92 0.61 0.0 
11251.47 0.36 0.0 
11256.85 0.40 0.0 
11261.47 0.35 0.0 
11276.96 0.75 0.0 
11523.33 0.70 0.0 
11434.23 0.72 0.0 
11447.31 0.72 0.0 
11459.73 0.58 0.0 
11523.29 0.71 0.0 
11585.32 0.64 0.0 
11434.27 0.33 0.0 
11447.28 0.49 0.0 
11585.36 0.53 0.0 
11907.95 0.37 0.0 
11381.93 0.36 0.0 
11779.39 0.48 0.0 
12446.15 0.54 0.0 
12446.17 0.63 0.0 
17111.11 0.40 0.0 
17782.91 0.53 0.0 
18484.29 0.46 0.0 
19314.55 0.42 0.0 
18845.27 0.41 0.0 
18999.64 0.34 0.0 
19878.67 0.31 0.0 
19606.63 0.38 0.0 
19836.65 0.42 0.0 
20396.71 0.34 0.0 
20396.74 0.63 0.0 
20509.41 0.53 0.0 
20525.65 0.76 0.0 
19898.31 0.47 0.0 
20297.24 0.50 0.0 
20430.96 0.51 0.0 
20444.52 0.41 0.0 
20942.65 0.41 0.0 
20551.58 0.39 0.0 
20525.64 0.50 0.0 
20666.24 0.60 0.0 
20761.11 0.56 0.0 
22814.91 0.55 0.0 
22954.83 0.32 0.0 
22954.84 0.52 0.0 
22803.51 0.74 0.0 
22814.85 0.34 0.0 
23756.09 0.42 0.0 
24118.07 0.57 0.0 
24210.73 0.61 0.0 
24210.74 0.54 0.0 
24978.19 0.59 0.0 
25103.03 0.35 0.0 
25137.39 0.76 0.0 
25578.11 0.31 0.0 
26057.50 0.66 0.0 
26829.37 0.63 0.0 
26784.99 0.58 0.0 
26091.72 0.45 0.0 
26829.41 0.40 0.0 
28707.39 0.35 0.0 
28707.40 0.48 0.0 
29736.85 0.62 0.0 
30317.79 0.31 0.0 
29736.84 0.68 0.0 
29548.71 0.45 0.0 
30680.23 0.37 0.0 
30680.27 0.48 0.0 
30345.87 0.73 0.0 
30577.27 0.32 0.0 
30819.59 0.46 0.0 
30623.64 0.32 0.0 
31535.35 0.39 0.0 
32145.32 0.39 0.0 
32133.53 0.57 0.0 
32145.13 0.70 0.0 
33813.91 0.36 0.0 
33534.35 0.36 0.0 
34305.89 0.60 0.0 
34880.42 0.72 0.0 
34880.41 0.35 0.0 
34224.26 0.50 0.0 
34229.23 0.31 0.0 
34355.23 0.45 0.0 
34355.22 0.67 0.0 
34612.14 0.57 0.0 
34701.09 0.32 0.0 
36439.41 0.52 0.0 
36550.75 0.43 0.0 
36439.43 0.50 0.0 
36788.59 0.61 0.0 
36253.95 0.72 0.0 
36608.07 0.44 0.0 
36752.15 0.32 0.0 
38003.03 0.35 0.0 
36640.25 0.31 0.0 
36550.77 0.39 0.0 
36788.59 0.59 0.0 
37708.65 0.46 0.0 
37415.39 0.39 0.0 
37821.51 0.45 0.0 
37457.01 0.67 0.0 
39095.55 0.58 0.0 
37708.64 0.74 0.0 
37821.49 0.71 0.0 
38423.07 0.32 0.0 
37948.29 0.45 0.0 
38552.18 0.75 0.0 
38491.24 0.50 0.0 
38470.73 0.35 0.0 
38552.19 0.48 0.0 
39225.39 0.41 0.0 
40156.96 0.62 0.0 
40156.93 0.35 0.0 
39161.83 0.41 0.0 
40542.15 0.57 0.0 
39095.56 0.74 0.0 
40083.39 0.47 0.0 
40199.63 0.33 0.0 
40083.40 0.82 0.0 
39532.27 0.41 0.0 
40680.64 0.33 0.0 
41973.35 0.56 0.0 
40457.78 0.77 0.0 
42200.03 0.37 0.0 
42208.21 0.78 0.0 
41198.96 0.54 0.0 
41953.37 0.66 0.0 
40893.36 0.69 0.0 
41198.97 0.60 0.0 
41206.19 0.54 0.0 
42200.09 0.65 0.0 
42208.25 0.77 0.0 
42108.83 0.46 0.0 
42123.61 0.36 0.0 
41206.13 0.64 0.0 
42227.27 0.80 0.0 
42245.55 0.68 0.0 
41885.71 0.45 0.0 
42346.21 0.46 0.0 
42008.55 0.45 0.0 
42024.19 0.52 0.0 
42123.58 0.82 0.0 
43521.43 0.33 0.0 
42245.55 0.55 0.0 
41913.59 0.35 0.0 
41897.03 0.33 0.0 
41904.71 0.46 0.0 
41973.35 0.72 0.0 
42108.80 0.79 0.0 
42119.69 0.65 0.0 
41953.41 0.49 0.0 
42227.27 0.68 0.0 
42412.51 0.59 0.0 
42412.53 0.67 0.0 
44117.03 0.40 0.0 
43004.17 0.59 0.0 
43739.95 0.46 0.0 
45432.09 0.51 0.0 
45480.87 0.38 0.0 
47364.78 0.78 0.0 
45419.12 0.35 0.0 
45432.11 0.88 0.0 
45522.45 0.36 0.0 
46344.77 0.33 0.0 
46431.88 0.34 0.0 
47364.76 0.78 0.0 
47522.92 0.40 0.0 
47425.31 0.34 0.0 
49533.31 0.30 0.0 
49150.89 0.74 0.0 
49628.33 0.44 0.0 
49336.04 0.70 0.0 
50116.91 0.44 0.0 
49325.57 0.56 0.0 
49684.55 0.49 0.0 
49701.07 0.34 0.0 
49336.04 0.79 0.0 
49363.80 0.54 0.0 
49150.90 0.75 0.0 
49684.55 0.57 0.0 
49249.55 0.74 0.0 
51089.63 0.41 0.0 
49363.80 0.51 0.0 
49701.17 0.45 0.0 
51089.68 0.56 0.0 
51678.67 0.48 0.0 
51800.66 0.85 0.0 
51923.56 0.88 0.0 
50110.05 0.34 0.0 
51139.91 0.37 0.0 
51800.67 0.77 0.0 
51139.89 0.41 0.0 
51094.87 0.43 0.0 
51283.60 0.85 0.0 
51522.91 0.45 0.0 
52506.85 0.58 0.0 
51283.60 0.73 0.0 
51522.93 0.47 0.0 
51839.13 0.39 0.0 
52861.43 0.32 0.0 
51839.09 0.50 0.0 
52065.56 0.75 0.0 
52065.37 0.65 0.0 
52242.79 0.31 0.0 
53185.15 0.36 0.0 
54066.45 0.87 0.0 
52134.00 0.60 0.0 
52824.21 0.39 0.0 
53185.21 0.32 0.0 
54782.33 0.42 0.0 
53440.44 0.48 0.0 
54495.25 0.37 0.0 
54164.41 0.33 0.0 
55638.05 0.71 0.0 
55860.62 0.36 0.0 
54066.44 0.86 0.0 
54997.56 0.59 0.0 
54431.31 0.44 0.0 
54983.25 0.65 0.0 
54997.59 0.52 0.0 
55024.27 0.32 0.0 
56957.63 0.44 0.0 
55679.25 0.41 0.0 
58417.76 0.42 0.0 
57535.73 0.38 0.0 
58531.95 0.53 0.0 
60254.63 0.33 0.0 
60828.91 0.49 0.0 
60835.95 0.51 0.0 
60486.95 0.50 0.0 
59446.91 0.72 0.0 
61085.07 0.50 0.0 
61085.09 0.77 0.0 
60871.27 0.50 0.0 
60828.92 0.35 0.0 
62039.91 0.36 0.0 
61698.53 0.51 0.0 
61967.39 0.44 0.0 
69933.77 0.62 0.0 
69937.77 0.33 0.0 
70855.89 0.40 0.0 
72134.57 0.31 0.0 
72628.61 0.31 0.0 
71572.27 0.36 0.0 
74715.78 0.74 0.0 
74253.81 0.63 0.0 
74426.55 0.37 0.0 
75105.73 0.53 0.0 
76787.47 0.59 0.0 
74800.91 0.36 0.0 
74672.85 0.47 0.0 
74207.39 0.62 0.0 
76108.84 0.37 0.0 
76787.45 0.34 0.0 
78707.87 0.33 0.0 
77394.25 0.34 0.0 
77399.67 0.68 0.0 
78559.44 0.60 0.0 
84134.31 0.43 0.0 
84240.29 0.43 0.0 
83223.20 0.82 0.0 
84487.47 0.71 0.0 
84589.23 0.50 0.0 
84601.47 0.33 0.0 
83424.27 0.41 0.0 
84324.84 0.69 0.0 
83533.99 0.30 0.0 
84080.97 0.45 0.0 
84191.45 0.34 0.0 
84324.83 0.44 0.0 
84017.13 0.49 0.0 
84129.15 0.40 0.0 
84141.02 0.35 0.0 
84552.46 0.68 0.0 
83424.27 0.48 0.0 
84487.43 0.53 0.0 
84572.24 0.70 0.0 
83223.20 0.75 0.0 
84059.45 0.36 0.0 
84017.14 0.51 0.0 
83331.95 0.55 0.0 
85383.43 0.35 0.0 
84152.17 0.87 0.0 
84158.19 0.75 0.0 
84166.65 0.53 0.0 
84270.58 0.92 0.0 
84275.64 0.87 0.0 
84296.51 0.43 0.0 
84141.02 0.74 0.0 
84152.16 0.87 0.0 
84158.17 0.61 0.0 
84270.59 0.70 0.0 
84275.63 0.51 0.0 
85765.59 0.48 0.0 
84641.31 0.38 0.0 
85771.28 0.75 0.0 
84059.47 0.41 0.0 
84191.45 0.55 0.0 
84978.56 0.32 0.0 
85123.35 0.30 0.0 
84552.43 0.52 0.0 
