4166.04 0.43 0.0 
4587.57 0.49 0.0 
5098.39 0.32 0.0 
5666.21 0.50 0.0 
5673.65 0.35 0.0 
5700.72 0.93 0.0 
5763.22 0.82 0.0 
5734.68 0.57 0.0 
5875.87 0.70 0.0 
5817.41 0.36 0.0 
5666.21 0.33 0.0 
5668.49 0.34 0.0 
5777.13 0.48 0.0 
5787.76 0.41 0.0 
5734.69 0.37 0.0 
5700.74 0.91 0.0 
5948.20 0.80 0.0 
5920.65 0.37 0.0 
5763.22 0.72 0.0 
5787.72 0.87 0.0 
5844.71 0.72 0.0 
5948.16 0.92 0.0 
5905.20 0.69 0.0 
6137.40 0.45 0.0 
6274.07 0.35 0.0 
6148.84 0.48 0.0 
6274.07 0.36 0.0 
6789.08 0.38 0.0 
6832.11 0.56 0.0 
6805.64 0.33 0.0 
6994.09 0.33 0.0 
7018.95 0.73 0.0 
6832.12 0.37 0.0 
6833.66 0.34 0.0 
7130.94 0.76 0.0 
7139.35 0.82 0.0 
7130.91 0.51 0.0 
7036.73 0.31 0.0 
6939.11 0.46 0.0 
7250.64 0.83 0.0 
6939.15 0.55 0.0 
7188.43 0.90 0.0 
7151.07 0.64 0.0 
7250.67 0.86 0.0 
6986.43 0.51 0.0 
6979.34 0.47 0.0 
7188.45 0.75 0.0 
7381.36 0.38 0.0 
7329.52 0.33 0.0 
7096.83 0.74 0.0 
7407.64 0.84 0.0 
7339.05 0.53 0.0 
7466.81 0.85 0.0 
7339.05 0.46 0.0 
7518.76 0.54 0.0 
7518.75 0.86 0.0 
7466.81 0.32 0.0 
7806.77 0.41 0.0 
8848.13 0.31 0.0 
8986.72 0.74 0.0 
8623.95 0.53 0.0 
10357.15 0.35 0.0 
10496.95 0.54 0.0 
10741.98 0.50 0.0 
10948.28 0.61 0.0 
10818.75 0.41 0.0 
11251.48 0.33 0.0 
11273.79 0.85 0.0 
10902.27 0.65 0.0 
11430.71 0.63 0.0 
11431.91 0.36 0.0 
11443.83 0.70 0.0 
11581.58 0.66 0.0 
11431.87 0.34 0.0 
11443.83 0.60 0.0 
11581.55 0.87 0.0 
11251.39 0.52 0.0 
11902.40 0.60 0.0 
12807.49 0.69 0.0 
12443.09 0.32 0.0 
13663.93 0.45 0.0 
17108.13 0.31 0.0 
17638.39 0.40 0.0 
19831.03 0.33 0.0 
20523.65 0.31 0.0 
20548.08 0.53 0.0 
20684.40 0.56 0.0 
20548.10 0.67 0.0 
22793.81 0.60 0.0 
22950.59 0.34 0.0 
22812.73 0.37 0.0 
23653.36 0.51 0.0 
24134.37 0.55 0.0 
24115.55 0.35 0.0 
23785.09 0.36 0.0 
24475.53 0.32 0.0 
24524.56 0.31 0.0 
25649.44 0.44 0.0 
24869.07 0.58 0.0 
25135.27 0.41 0.0 
25559.40 0.33 0.0 
25514.03 0.46 0.0 
25738.43 0.55 0.0 
26826.88 0.54 0.0 
26504.41 0.44 0.0 
26090.01 0.59 0.0 
26863.13 0.53 0.0 
26818.04 0.79 0.0 
26826.97 0.55 0.0 
26829.36 0.49 0.0 
27940.28 0.32 0.0 
28139.41 0.56 0.0 
29143.60 0.77 0.0 
28738.99 0.81 0.0 
29219.19 0.76 0.0 
30809.35 0.76 0.0 
30479.17 0.32 0.0 
30552.63 0.41 0.0 
31034.51 0.55 0.0 
31485.22 0.32 0.0 
31705.67 0.37 0.0 
32414.59 0.71 0.0 
32142.65 0.48 0.0 
32902.27 0.30 0.0 
33629.00 0.40 0.0 
33811.99 0.46 0.0 
33672.11 0.45 0.0 
34878.36 0.47 0.0 
34221.49 0.36 0.0 
34229.20 0.69 0.0 
35009.28 0.64 0.0 
34221.48 0.36 0.0 
34608.63 0.33 0.0 
34608.59 0.44 0.0 
35184.45 0.39 0.0 
35184.41 0.58 0.0 
36786.31 0.56 0.0 
36253.92 0.70 0.0 
36607.40 0.73 0.0 
37888.80 0.47 0.0 
36543.84 0.43 0.0 
36786.33 0.58 0.0 
37003.48 0.82 0.0 
37708.60 0.37 0.0 
38604.65 0.49 0.0 
38604.64 0.83 0.0 
37948.30 0.58 0.0 
38173.37 0.35 0.0 
39091.88 0.86 0.0 
39181.67 0.34 0.0 
37819.76 0.53 0.0 
37994.12 0.84 0.0 
38669.28 0.40 0.0 
38548.36 0.64 0.0 
39252.29 0.45 0.0 
38757.41 0.57 0.0 
39158.44 0.84 0.0 
39158.43 0.90 0.0 
39091.88 0.87 0.0 
40107.47 0.53 0.0 
39554.48 0.85 0.0 
40690.21 0.40 0.0 
39793.37 0.42 0.0 
40216.67 0.47 0.0 
41971.94 0.74 0.0 
40197.79 0.77 0.0 
42196.75 0.44 0.0 
42203.86 0.66 0.0 
41203.45 0.65 0.0 
41193.37 0.55 0.0 
41203.49 0.82 0.0 
42196.71 0.51 0.0 
42203.86 0.83 0.0 
42119.68 0.69 0.0 
42237.28 0.75 0.0 
42449.25 0.49 0.0 
42374.51 0.89 0.0 
42021.28 0.64 0.0 
42029.36 0.74 0.0 
42241.41 0.37 0.0 
41911.52 0.59 0.0 
41936.47 0.49 0.0 
41902.73 0.43 0.0 
41911.48 0.50 0.0 
41971.92 0.74 0.0 
42098.39 0.51 0.0 
42119.58 0.47 0.0 
41953.32 0.36 0.0 
42313.36 0.48 0.0 
43657.89 0.30 0.0 
45419.03 0.40 0.0 
45282.11 0.72 0.0 
47362.77 0.61 0.0 
46529.37 0.43 0.0 
45868.92 0.31 0.0 
46430.31 0.49 0.0 
47362.76 0.60 0.0 
47369.32 0.34 0.0 
47520.69 0.37 0.0 
48028.92 0.42 0.0 
50264.01 0.59 0.0 
49320.69 0.47 0.0 
49333.28 0.33 0.0 
49320.59 0.43 0.0 
49330.09 0.31 0.0 
49354.81 0.34 0.0 
50864.47 0.44 0.0 
49298.63 0.49 0.0 
49245.35 0.38 0.0 
49393.89 0.34 0.0 
49530.75 0.45 0.0 
49533.05 0.40 0.0 
49499.33 0.47 0.0 
51463.37 0.36 0.0 
51676.25 0.73 0.0 
51798.41 0.71 0.0 
51919.53 0.52 0.0 
50085.63 0.57 0.0 
50774.31 0.38 0.0 
51798.41 0.32 0.0 
50924.15 0.43 0.0 
50472.19 0.50 0.0 
50699.30 0.85 0.0 
51281.08 0.81 0.0 
51281.08 0.84 0.0 
51836.73 0.74 0.0 
51836.74 0.92 0.0 
53497.40 0.66 0.0 
52117.61 0.45 0.0 
52122.16 0.38 0.0 
52060.71 0.88 0.0 
51647.07 0.33 0.0 
53607.75 0.71 0.0 
53716.03 0.73 0.0 
52454.01 0.57 0.0 
53185.14 0.46 0.0 
52618.53 0.39 0.0 
54064.05 0.80 0.0 
52131.04 0.51 0.0 
52820.92 0.53 0.0 
54343.13 0.45 0.0 
53497.45 0.51 0.0 
54064.05 0.75 0.0 
54074.01 0.47 0.0 
54980.75 0.64 0.0 
55676.19 0.30 0.0 
55031.91 0.70 0.0 
57221.96 0.94 0.0 
55961.59 0.56 0.0 
57226.56 0.31 0.0 
58543.05 0.46 0.0 
57717.33 0.50 0.0 
58379.03 0.37 0.0 
58900.56 0.41 0.0 
59489.33 0.87 0.0 
57791.20 0.35 0.0 
59337.08 0.48 0.0 
59157.20 0.48 0.0 
59787.18 0.30 0.0 
58873.71 0.42 0.0 
60484.24 0.38 0.0 
59321.64 0.78 0.0 
60484.23 0.57 0.0 
61084.41 0.32 0.0 
60828.17 0.46 0.0 
60194.35 0.67 0.0 
61128.73 0.39 0.0 
70852.92 0.52 0.0 
70852.92 0.83 0.0 
72628.55 0.37 0.0 
74711.27 0.75 0.0 
74252.08 0.41 0.0 
73362.89 0.43 0.0 
75104.36 0.96 0.0 
74337.39 0.34 0.0 
75104.35 0.95 0.0 
76785.21 0.73 0.0 
74670.75 0.43 0.0 
76288.20 0.35 0.0 
77391.69 0.52 0.0 
76785.25 0.58 0.0 
77391.72 0.61 0.0 
77908.68 0.47 0.0 
78626.35 0.40 0.0 
81334.33 0.31 0.0 
83534.00 0.74 0.0 
84129.19 0.32 0.0 
84228.01 0.43 0.0 
84236.60 0.46 0.0 
84218.09 0.45 0.0 
81914.35 0.92 0.0 
84322.11 0.34 0.0 
83667.03 0.58 0.0 
84075.21 0.42 0.0 
84186.13 0.36 0.0 
84187.89 0.36 0.0 
84322.09 0.32 0.0 
84140.98 0.48 0.0 
84551.52 0.34 0.0 
84218.09 0.33 0.0 
85813.63 0.66 0.0 
83666.93 0.50 0.0 
84747.41 0.30 0.0 
83220.25 0.44 0.0 
85380.41 0.36 0.0 
84150.09 0.85 0.0 
84274.31 0.55 0.0 
84150.09 0.49 0.0 
84269.63 0.53 0.0 
85587.20 0.62 0.0 
85123.33 0.44 0.0 
84794.26 0.36 0.0 
