231.81 0.45 0.0 
407.85 0.32 0.0 
231.77 0.49 0.0 
582.09 0.48 0.0 
2019.45 0.44 0.0 
241.23 0.31 0.0 
3690.57 0.33 0.0 
407.88 0.80 0.0 
5803.57 0.45 0.0 
5117.11 0.32 0.0 
5237.11 0.30 0.0 
6330.61 0.69 0.0 
6599.02 0.41 0.0 
6330.52 0.77 0.0 
7766.53 0.50 0.0 
8126.61 0.39 0.0 
4138.19 0.53 0.0 
4372.79 0.40 0.0 
8746.71 0.33 0.0 
9758.49 0.55 0.0 
9758.53 0.43 0.0 
9764.61 0.54 0.0 
10069.41 0.73 0.0 
5101.59 0.34 0.0 
5237.03 0.44 0.0 
10069.40 0.40 0.0 
11266.42 0.57 0.0 
12016.14 0.52 0.0 
12151.25 0.60 0.0 
12276.99 0.33 0.0 
10773.05 0.45 0.0 
12230.45 0.42 0.0 
7267.85 0.31 0.0 
12151.21 0.60 0.0 
12169.21 0.38 0.0 
12175.67 0.32 0.0 
11266.45 0.39 0.0 
7267.13 0.43 0.0 
13311.62 0.36 0.0 
13322.85 0.44 0.0 
12701.41 0.58 0.0 
7766.51 0.51 0.0 
12224.53 0.62 0.0 
12230.45 0.45 0.0 
13816.95 0.38 0.0 
13824.14 0.84 0.0 
12458.12 0.62 0.0 
8126.61 0.54 0.0 
14080.29 0.41 0.0 
12573.63 0.36 0.0 
12701.27 0.44 0.0 
12811.05 0.40 0.0 
13979.21 0.35 0.0 
13400.16 0.36 0.0 
14412.07 0.42 0.0 
14080.33 0.49 0.0 
14205.93 0.53 0.0 
14988.83 0.33 0.0 
13890.47 0.32 0.0 
10245.59 0.45 0.0 
10374.99 0.32 0.0 
14133.61 0.60 0.0 
15052.42 0.66 0.0 
15393.13 0.40 0.0 
11763.69 0.58 0.0 
15681.44 0.50 0.0 
12175.73 0.46 0.0 
16037.57 0.39 0.0 
13824.13 0.75 0.0 
18390.91 0.36 0.0 
18975.36 0.84 0.0 
14412.07 0.44 0.0 
14205.89 0.57 0.0 
19456.87 0.31 0.0 
13861.39 0.33 0.0 
14100.58 0.50 0.0 
18699.83 0.34 0.0 
15052.45 0.63 0.0 
15194.57 0.59 0.0 
15287.43 0.36 0.0 
15290.15 0.56 0.0 
14581.39 0.52 0.0 
15681.43 0.48 0.0 
21403.51 0.35 0.0 
21899.21 0.46 0.0 
23415.77 0.34 0.0 
23428.03 0.33 0.0 
23626.05 0.31 0.0 
24033.31 0.34 0.0 
22535.83 0.46 0.0 
23264.13 0.66 0.0 
23364.83 0.50 0.0 
23137.95 0.44 0.0 
23264.12 0.55 0.0 
19621.79 0.52 0.0 
23372.95 0.32 0.0 
25183.15 0.30 0.0 
26449.97 0.74 0.0 
26993.31 0.44 0.0 
27139.17 0.51 0.0 
27463.27 0.40 0.0 
24083.59 0.37 0.0 
27943.66 0.34 0.0 
29287.81 0.54 0.0 
29301.83 0.40 0.0 
30280.85 0.36 0.0 
29475.58 0.90 0.0 
26885.57 0.63 0.0 
30315.50 0.87 0.0 
26449.97 0.75 0.0 
31759.33 0.48 0.0 
28387.08 0.56 0.0 
32132.01 0.38 0.0 
32132.09 0.32 0.0 
29287.81 0.56 0.0 
29293.14 0.36 0.0 
28387.07 0.31 0.0 
29475.60 0.70 0.0 
34774.08 0.78 0.0 
34774.06 0.74 0.0 
31759.39 0.30 0.0 
36797.68 0.67 0.0 
38564.37 0.38 0.0 
34382.95 0.47 0.0 
39575.96 0.51 0.0 
39575.95 0.66 0.0 
45945.59 0.31 0.0 
49067.75 0.51 0.0 
49275.79 0.54 0.0 
50120.43 0.39 0.0 
50365.08 0.72 0.0 
51151.29 0.62 0.0 
46392.69 0.34 0.0 
51871.89 0.41 0.0 
51118.57 0.59 0.0 
51355.41 0.47 0.0 
52957.53 0.32 0.0 
51738.71 0.32 0.0 
51871.85 0.39 0.0 
51118.63 0.31 0.0 
52755.66 0.69 0.0 
49099.23 0.62 0.0 
51467.00 0.61 0.0 
54110.06 0.62 0.0 
50365.08 0.71 0.0 
51967.69 0.35 0.0 
56241.25 0.41 0.0 
52561.07 0.37 0.0 
52977.26 0.75 0.0 
51800.15 0.39 0.0 
56634.39 0.50 0.0 
56634.40 0.66 0.0 
57348.90 0.68 0.0 
57377.93 0.56 0.0 
57348.91 0.34 0.0 
58834.67 0.35 0.0 
59154.71 0.35 0.0 
59840.07 0.32 0.0 
59021.21 0.30 0.0 
60777.40 0.47 0.0 
59154.75 0.43 0.0 
56927.31 0.45 0.0 
57377.93 0.55 0.0 
60716.82 0.63 0.0 
57906.79 0.33 0.0 
61762.15 0.34 0.0 
56234.39 0.31 0.0 
60716.83 0.30 0.0 
58348.40 0.53 0.0 
61697.01 0.31 0.0 
61788.67 0.71 0.0 
63161.05 0.70 0.0 
62289.73 0.43 0.0 
61788.68 0.53 0.0 
57906.69 0.39 0.0 
64001.37 0.68 0.0 
62252.33 0.37 0.0 
64139.23 0.31 0.0 
62909.03 0.34 0.0 
62371.43 0.60 0.0 
62490.49 0.50 0.0 
63161.04 0.63 0.0 
64195.75 0.35 0.0 
60777.41 0.69 0.0 
64001.35 0.36 0.0 
62113.83 0.38 0.0 
62824.05 0.36 0.0 
64139.20 0.62 0.0 
62463.31 0.42 0.0 
67875.53 0.62 0.0 
67909.23 0.33 0.0 
62824.05 0.37 0.0 
67909.29 0.44 0.0 
65406.91 0.43 0.0 
66048.93 0.58 0.0 
70121.49 0.55 0.0 
71275.89 0.59 0.0 
71295.59 0.55 0.0 
71865.61 0.60 0.0 
68041.93 0.47 0.0 
71972.73 0.45 0.0 
73156.17 0.60 0.0 
73498.25 0.52 0.0 
69168.46 0.69 0.0 
74265.60 0.55 0.0 
74888.55 0.34 0.0 
71212.44 0.53 0.0 
75982.29 0.36 0.0 
78587.70 0.57 0.0 
79533.07 0.32 0.0 
79355.55 0.44 0.0 
74888.58 0.78 0.0 
75120.51 0.32 0.0 
80559.25 0.56 0.0 
79533.01 0.65 0.0 
76144.53 0.45 0.0 
80988.13 0.59 0.0 
81809.65 0.36 0.0 
75903.56 0.68 0.0 
76144.49 0.49 0.0 
76630.39 0.36 0.0 
77926.55 0.54 0.0 
81810.49 0.30 0.0 
84142.46 0.42 0.0 
78864.85 0.33 0.0 
83276.67 0.50 0.0 
79468.90 0.33 0.0 
80234.44 0.73 0.0 
82731.99 0.32 0.0 
84142.49 0.36 0.0 
85267.09 0.44 0.0 
