7292.27 0.81 0.0 
7315.02 0.80 0.0 
7315.04 0.35 0.0 
7292.24 0.35 0.0 
9134.31 0.35 0.0 
11923.01 0.45 0.0 
12737.80 0.94 0.0 
11519.06 0.89 0.0 
13721.65 0.57 0.0 
12485.77 0.96 0.0 
14437.88 0.41 0.0 
11607.00 0.58 0.0 
12847.10 0.81 0.0 
12485.76 0.67 0.0 
12737.81 0.97 0.0 
12847.11 0.87 0.0 
13721.61 0.39 0.0 
13852.76 0.83 0.0 
13693.71 0.62 0.0 
14697.48 0.72 0.0 
13529.51 0.35 0.0 
14731.14 0.78 0.0 
14263.84 0.41 0.0 
14697.48 0.56 0.0 
14731.14 0.52 0.0 
16316.96 0.58 0.0 
16207.63 0.32 0.0 
17972.73 0.42 0.0 
19374.85 0.33 0.0 
19469.27 0.38 0.0 
19529.51 0.35 0.0 
23204.51 0.35 0.0 
21688.33 0.36 0.0 
22277.82 0.86 0.0 
22754.43 0.49 0.0 
25365.33 0.77 0.0 
24433.09 0.31 0.0 
26479.97 0.38 0.0 
26584.04 0.35 0.0 
28417.45 0.48 0.0 
28424.48 0.33 0.0 
28047.25 0.63 0.0 
27957.23 0.65 0.0 
29414.52 0.60 0.0 
28417.45 0.48 0.0 
30186.92 0.58 0.0 
32174.77 0.72 0.0 
33869.51 0.67 0.0 
36798.95 0.33 0.0 
38126.81 0.62 0.0 
39464.17 0.31 0.0 
41244.65 0.87 0.0 
41244.63 0.86 0.0 
44474.48 0.52 0.0 
45871.59 0.42 0.0 
48029.39 0.38 0.0 
47459.50 0.34 0.0 
51514.91 0.50 0.0 
51764.49 0.75 0.0 
51704.15 0.32 0.0 
58694.48 0.39 0.0 
60464.59 0.32 0.0 
61498.79 0.39 0.0 
63884.51 0.53 0.0 
65924.51 0.80 0.0 
65774.29 0.62 0.0 
67019.33 0.67 0.0 
67379.37 0.37 0.0 
70108.51 0.37 0.0 
69299.13 0.40 0.0 
72974.23 0.46 0.0 
76589.56 0.35 0.0 
78372.81 0.39 0.0 
77819.37 0.68 0.0 
80009.93 0.39 0.0 
82304.56 0.31 0.0 
84285.57 0.36 0.0 
83519.24 0.36 0.0 
85364.45 0.94 0.0 
84285.93 0.46 0.0 
84734.40 0.45 0.0 
85364.45 0.43 0.0 
