2047.13 0.54 0.0 
2414.51 0.76 0.0 
2789.12 0.66 0.0 
5561.33 0.44 0.0 
5544.33 0.42 0.0 
9328.64 0.41 0.0 
5561.19 0.50 0.0 
6659.44 0.78 0.0 
12688.32 0.77 0.0 
7918.69 0.78 0.0 
13588.75 0.54 0.0 
7858.61 0.39 0.0 
14474.41 0.83 0.0 
13588.75 0.94 0.0 
10619.57 0.63 0.0 
10831.03 0.52 0.0 
16813.25 0.86 0.0 
16994.14 0.93 0.0 
16962.17 0.47 0.0 
17291.75 0.87 0.0 
17323.84 0.87 0.0 
18314.57 0.71 0.0 
18554.51 0.51 0.0 
14143.16 0.71 0.0 
17291.73 0.39 0.0 
19648.89 0.51 0.0 
15584.60 0.74 0.0 
18988.37 0.66 0.0 
15658.30 0.82 0.0 
20428.08 0.88 0.0 
22207.47 0.40 0.0 
17323.81 0.41 0.0 
22229.31 0.38 0.0 
21119.40 0.32 0.0 
26437.97 0.46 0.0 
26437.96 0.76 0.0 
33882.17 0.45 0.0 
33808.44 0.48 0.0 
33925.81 0.62 0.0 
28376.32 0.63 0.0 
34408.55 0.59 0.0 
34994.17 0.75 0.0 
32133.88 0.65 0.0 
31496.20 0.40 0.0 
39492.09 0.39 0.0 
38667.68 0.36 0.0 
41197.77 0.64 0.0 
38237.77 0.62 0.0 
39681.79 0.45 0.0 
48041.16 0.78 0.0 
48524.26 0.95 0.0 
47712.91 0.42 0.0 
41197.77 0.46 0.0 
43199.10 0.52 0.0 
50174.32 0.50 0.0 
48984.97 0.41 0.0 
45935.95 0.76 0.0 
45935.92 0.61 0.0 
52163.81 0.32 0.0 
46499.60 0.33 0.0 
54627.40 0.45 0.0 
55166.77 0.50 0.0 
57284.49 0.37 0.0 
59564.51 0.30 0.0 
59967.13 0.51 0.0 
67453.09 0.32 0.0 
67484.21 0.72 0.0 
71195.65 0.33 0.0 
66463.97 0.88 0.0 
72793.80 0.46 0.0 
75371.84 0.49 0.0 
74109.96 0.44 0.0 
74109.99 0.85 0.0 
76934.57 0.51 0.0 
77150.81 0.54 0.0 
75794.56 0.45 0.0 
76690.45 0.39 0.0 
76751.03 0.80 0.0 
76750.99 0.38 0.0 
73319.40 0.38 0.0 
80429.12 0.45 0.0 
82450.48 0.41 0.0 
76904.45 0.76 0.0 
78436.03 0.38 0.0 
77150.77 0.73 0.0 
83804.48 0.37 0.0 
83068.20 0.70 0.0 
85093.97 0.65 0.0 
83366.77 0.57 0.0 
79903.35 0.81 0.0 
85468.08 0.53 0.0 
85284.87 0.48 0.0 
82198.89 0.55 0.0 
83490.67 0.35 0.0 
83490.71 0.44 0.0 
85319.09 0.37 0.0 
