567.29 0.32 0.0 
567.21 0.33 0.0 
1142.79 0.41 0.0 
1172.75 0.45 0.0 
2041.41 0.41 0.0 
2402.53 0.39 0.0 
2761.90 0.54 0.0 
3360.93 0.43 0.0 
5402.05 0.51 0.0 
5948.01 0.47 0.0 
8835.65 0.44 0.0 
13879.35 0.31 0.0 
13879.33 0.33 0.0 
15585.93 0.39 0.0 
25053.59 0.39 0.0 
27436.85 0.59 0.0 
26385.91 0.36 0.0 
31846.03 0.41 0.0 
34202.63 0.35 0.0 
38085.55 0.30 0.0 
39757.92 0.44 0.0 
39757.96 0.52 0.0 
44793.32 0.42 0.0 
46470.71 0.35 0.0 
48870.51 0.41 0.0 
49050.75 0.30 0.0 
50671.03 0.35 0.0 
49080.97 0.36 0.0 
48231.33 0.33 0.0 
52967.31 0.40 0.0 
56360.83 0.43 0.0 
57275.51 0.38 0.0 
55680.73 0.35 0.0 
58891.03 0.32 0.0 
60575.39 0.33 0.0 
60575.45 0.42 0.0 
61638.15 0.31 0.0 
61950.17 0.30 0.0 
62302.05 0.67 0.0 
63497.71 0.33 0.0 
62302.03 0.38 0.0 
65592.31 0.40 0.0 
64203.43 0.35 0.0 
65592.27 0.31 0.0 
63465.73 0.70 0.0 
69053.55 0.32 0.0 
69175.57 0.58 0.0 
65866.25 0.45 0.0 
70166.37 0.62 0.0 
69901.99 0.36 0.0 
70166.33 0.58 0.0 
69722.05 0.48 0.0 
73376.91 0.35 0.0 
73096.03 0.34 0.0 
72930.93 0.33 0.0 
74719.55 0.39 0.0 
75810.31 0.34 0.0 
74423.29 0.39 0.0 
74881.91 0.41 0.0 
76079.80 0.61 0.0 
78998.16 0.75 0.0 
79515.81 0.35 0.0 
78244.17 0.35 0.0 
80453.73 0.50 0.0 
78945.47 0.51 0.0 
84525.53 0.43 0.0 
85246.79 0.38 0.0 
85246.80 0.68 0.0 
85055.87 0.38 0.0 
