1006.13 0.49 0.0 
2899.52 0.95 0.0 
2899.52 0.96 0.0 
5544.22 0.96 0.0 
5544.22 0.96 0.0 
5743.23 0.58 0.0 
5628.20 0.68 0.0 
5745.78 0.96 0.0 
12704.27 0.34 0.0 
17110.36 0.84 0.0 
17110.36 0.69 0.0 
19523.91 0.40 0.0 
20242.30 0.40 0.0 
20347.09 0.96 0.0 
20347.09 0.96 0.0 
27663.32 0.96 0.0 
27598.08 0.96 0.0 
27677.69 0.80 0.0 
27663.33 0.96 0.0 
27598.07 0.96 0.0 
27735.65 0.93 0.0 
27713.55 0.96 0.0 
27713.55 0.96 0.0 
27735.64 0.93 0.0 
27827.92 0.39 0.0 
27827.90 0.82 0.0 
28295.62 0.93 0.0 
28328.92 0.96 0.0 
28402.58 0.96 0.0 
28295.62 0.91 0.0 
28402.58 0.96 0.0 
28328.92 0.96 0.0 
29121.23 0.62 0.0 
29121.24 0.74 0.0 
29656.63 0.59 0.0 
32121.79 0.87 0.0 
32121.80 0.74 0.0 
33421.92 0.77 0.0 
33421.91 0.63 0.0 
36085.08 0.96 0.0 
36085.07 0.97 0.0 
36192.97 0.96 0.0 
36192.96 0.96 0.0 
36246.03 0.94 0.0 
36246.03 0.93 0.0 
36429.03 0.97 0.0 
36429.02 0.97 0.0 
36378.67 0.38 0.0 
36480.61 0.95 0.0 
36498.64 0.96 0.0 
36480.61 0.96 0.0 
36498.64 0.96 0.0 
36775.79 0.97 0.0 
36775.79 0.96 0.0 
36831.11 0.41 0.0 
37076.24 0.77 0.0 
37076.24 0.47 0.0 
37279.09 0.96 0.0 
37285.28 0.45 0.0 
37279.09 0.96 0.0 
37285.26 0.74 0.0 
37421.73 0.90 0.0 
37421.73 0.91 0.0 
37627.10 0.84 0.0 
37627.11 0.68 0.0 
39251.11 0.94 0.0 
39251.11 0.94 0.0 
39954.09 0.96 0.0 
39954.09 0.96 0.0 
40242.38 0.97 0.0 
40242.38 0.96 0.0 
40535.90 0.96 0.0 
40585.86 0.95 0.0 
40535.89 0.96 0.0 
40585.86 0.96 0.0 
40796.96 0.90 0.0 
40796.96 0.83 0.0 
41508.95 0.97 0.0 
41508.95 0.96 0.0 
41674.92 0.82 0.0 
41674.92 0.87 0.0 
41891.90 0.96 0.0 
42291.39 0.94 0.0 
42291.40 0.93 0.0 
42665.64 0.96 0.0 
42665.64 0.96 0.0 
42810.88 0.35 0.0 
42822.44 0.92 0.0 
42856.99 0.93 0.0 
42810.86 0.60 0.0 
42822.44 0.81 0.0 
42856.98 0.95 0.0 
43088.51 0.95 0.0 
43088.50 0.95 0.0 
43386.07 0.97 0.0 
43386.07 0.95 0.0 
43848.08 0.96 0.0 
43848.08 0.96 0.0 
43963.63 0.89 0.0 
43963.64 0.86 0.0 
44066.27 0.90 0.0 
44066.28 0.36 0.0 
45225.59 0.96 0.0 
45225.59 0.97 0.0 
46153.48 0.67 0.0 
46153.49 0.64 0.0 
47716.71 0.97 0.0 
47716.71 0.97 0.0 
49257.56 0.96 0.0 
49257.57 0.96 0.0 
56412.24 0.60 0.0 
56599.11 0.80 0.0 
56799.27 0.72 0.0 
57860.61 0.96 0.0 
57879.87 0.97 0.0 
57860.62 0.96 0.0 
57879.87 0.97 0.0 
57966.78 0.92 0.0 
57979.99 0.95 0.0 
57966.78 0.94 0.0 
57979.99 0.96 0.0 
60313.15 0.97 0.0 
60313.15 0.96 0.0 
62783.15 0.46 0.0 
63265.99 0.96 0.0 
63265.99 0.96 0.0 
65801.28 0.73 0.0 
65801.27 0.82 0.0 
68473.90 0.95 0.0 
68473.90 0.90 0.0 
71790.70 0.86 0.0 
71790.71 0.94 0.0 
74346.27 0.97 0.0 
74346.27 0.97 0.0 
76929.12 0.55 0.0 
83945.35 0.97 0.0 
83945.35 0.97 0.0 
