4843.61 0.38 0.0 
5967.68 0.73 0.0 
8653.76 0.66 0.0 
9342.62 0.64 0.0 
9579.99 0.48 0.0 
9580.00 0.46 0.0 
9723.27 0.41 0.0 
9913.14 0.88 0.0 
10705.24 0.34 0.0 
10747.65 0.46 0.0 
10782.81 0.71 0.0 
10866.69 0.58 0.0 
10866.73 0.43 0.0 
11095.73 0.32 0.0 
11209.08 0.63 0.0 
11209.08 0.66 0.0 
11578.98 0.89 0.0 
12348.92 0.42 0.0 
13126.39 0.61 0.0 
13198.11 0.50 0.0 
13469.48 0.34 0.0 
13539.05 0.68 0.0 
13686.21 0.73 0.0 
13695.41 0.53 0.0 
13695.40 0.54 0.0 
14040.41 0.38 0.0 
14080.12 0.67 0.0 
14231.91 0.62 0.0 
14231.91 0.93 0.0 
14263.36 0.91 0.0 
14684.04 0.59 0.0 
14698.72 0.77 0.0 
14713.05 0.33 0.0 
15256.88 0.40 0.0 
15256.85 0.55 0.0 
15223.53 0.38 0.0 
15421.03 0.76 0.0 
15421.06 0.78 0.0 
15531.68 0.38 0.0 
15583.03 0.59 0.0 
15549.51 0.34 0.0 
15574.09 0.63 0.0 
15583.02 0.59 0.0 
15657.85 0.40 0.0 
15677.95 0.32 0.0 
15846.80 0.64 0.0 
15854.33 0.65 0.0 
15942.91 0.40 0.0 
16180.83 0.30 0.0 
17351.93 0.36 0.0 
18028.10 0.70 0.0 
18043.88 0.68 0.0 
18081.92 0.36 0.0 
18811.56 0.46 0.0 
19168.20 0.31 0.0 
19313.41 0.32 0.0 
19722.89 0.50 0.0 
19800.80 0.42 0.0 
19916.39 0.43 0.0 
20890.17 0.31 0.0 
20913.13 0.72 0.0 
20893.48 0.49 0.0 
20913.11 0.82 0.0 
21044.21 0.55 0.0 
21054.33 0.46 0.0 
21896.97 0.69 0.0 
21897.00 0.48 0.0 
22017.59 0.46 0.0 
22124.29 0.48 0.0 
22269.72 0.39 0.0 
22245.20 0.45 0.0 
22317.13 0.61 0.0 
22326.03 0.41 0.0 
22306.52 0.32 0.0 
22317.17 0.42 0.0 
22269.73 0.64 0.0 
22418.44 0.48 0.0 
22647.68 0.78 0.0 
22647.67 0.93 0.0 
22962.19 0.31 0.0 
23099.35 0.94 0.0 
23099.41 0.60 0.0 
23617.85 0.39 0.0 
23617.88 0.79 0.0 
23788.81 0.44 0.0 
23788.07 0.31 0.0 
23788.81 0.64 0.0 
23870.51 0.58 0.0 
25722.41 0.47 0.0 
25834.70 0.35 0.0 
25889.52 0.39 0.0 
26335.97 0.47 0.0 
26547.39 0.73 0.0 
26699.28 0.32 0.0 
26744.05 0.88 0.0 
27447.17 0.83 0.0 
27681.68 0.50 0.0 
27740.93 0.39 0.0 
27823.15 0.59 0.0 
27969.85 0.35 0.0 
27913.68 0.55 0.0 
28184.09 0.70 0.0 
28286.71 0.44 0.0 
28821.17 0.65 0.0 
28921.93 0.36 0.0 
29454.60 0.42 0.0 
29606.09 0.49 0.0 
30020.20 0.38 0.0 
30013.05 0.59 0.0 
30327.73 0.41 0.0 
30728.80 0.61 0.0 
30728.78 0.83 0.0 
30944.57 0.45 0.0 
31091.15 0.87 0.0 
31217.95 0.45 0.0 
31689.88 0.80 0.0 
32128.76 0.34 0.0 
32352.88 0.50 0.0 
32743.34 0.88 0.0 
33358.44 0.34 0.0 
33951.15 0.51 0.0 
34209.76 0.47 0.0 
35084.17 0.37 0.0 
35262.85 0.64 0.0 
35548.00 0.53 0.0 
36126.33 0.30 0.0 
36166.35 0.55 0.0 
36166.35 0.37 0.0 
36746.49 0.45 0.0 
36729.71 0.36 0.0 
36752.05 0.73 0.0 
36984.40 0.81 0.0 
36984.46 0.43 0.0 
37020.09 0.60 0.0 
38665.93 0.53 0.0 
39993.13 0.32 0.0 
39993.11 0.37 0.0 
40064.05 0.92 0.0 
40229.32 0.33 0.0 
40393.76 0.42 0.0 
41246.39 0.50 0.0 
42566.10 0.51 0.0 
42618.09 0.72 0.0 
43200.71 0.54 0.0 
43200.73 0.79 0.0 
43724.48 0.40 0.0 
43755.09 0.37 0.0 
43724.45 0.42 0.0 
43795.44 0.55 0.0 
43955.93 0.40 0.0 
45265.01 0.32 0.0 
45588.09 0.31 0.0 
45674.49 0.53 0.0 
46408.93 0.66 0.0 
46543.67 0.34 0.0 
47472.89 0.41 0.0 
47651.93 0.33 0.0 
47681.76 0.47 0.0 
47789.44 0.57 0.0 
47672.91 0.46 0.0 
47681.75 0.65 0.0 
47849.56 0.69 0.0 
47933.27 0.42 0.0 
49123.37 0.66 0.0 
49488.55 0.76 0.0 
50909.23 0.40 0.0 
51212.81 0.38 0.0 
51745.49 0.56 0.0 
52405.97 0.51 0.0 
52544.39 0.36 0.0 
52978.09 0.44 0.0 
53648.03 0.47 0.0 
54351.45 0.34 0.0 
54351.37 0.38 0.0 
58958.85 0.63 0.0 
58958.80 0.41 0.0 
59489.43 0.60 0.0 
60085.95 0.78 0.0 
60085.97 0.49 0.0 
61888.52 0.40 0.0 
63110.48 0.35 0.0 
64554.96 0.31 0.0 
65291.56 0.53 0.0 
65291.56 0.65 0.0 
67374.00 0.55 0.0 
69472.04 0.73 0.0 
73258.31 0.72 0.0 
79899.05 0.34 0.0 
82627.00 0.89 0.0 
82678.55 0.30 0.0 
82626.99 0.86 0.0 
83399.88 0.45 0.0 
83412.83 0.49 0.0 
83848.48 0.49 0.0 
83848.52 0.75 0.0 
