3900.44 0.64 0.0 
5095.25 0.40 0.0 
6441.75 0.32 0.0 
7294.01 0.43 0.0 
9330.49 0.30 0.0 
9342.65 0.70 0.0 
9588.43 0.44 0.0 
9582.61 0.46 0.0 
9582.65 0.42 0.0 
9731.39 0.34 0.0 
9930.87 0.54 0.0 
10628.36 0.61 0.0 
10628.40 0.51 0.0 
10868.95 0.61 0.0 
10868.99 0.55 0.0 
11211.37 0.73 0.0 
11211.37 0.47 0.0 
12675.51 0.45 0.0 
13450.57 0.33 0.0 
13519.83 0.43 0.0 
13519.77 0.32 0.0 
13688.35 0.34 0.0 
13695.45 0.40 0.0 
14080.10 0.42 0.0 
14234.55 0.33 0.0 
14715.47 0.57 0.0 
14724.87 0.32 0.0 
15214.71 0.49 0.0 
15359.61 0.31 0.0 
15423.09 0.72 0.0 
15428.48 0.75 0.0 
15423.10 0.68 0.0 
15428.49 0.64 0.0 
15585.87 0.72 0.0 
15585.91 0.47 0.0 
15550.47 0.57 0.0 
15850.25 0.67 0.0 
16186.64 0.45 0.0 
16187.43 0.30 0.0 
16184.93 0.34 0.0 
16475.51 0.63 0.0 
17347.23 0.34 0.0 
17592.39 0.37 0.0 
18028.13 0.40 0.0 
18814.13 0.55 0.0 
19320.73 0.82 0.0 
19326.69 0.67 0.0 
19801.37 0.56 0.0 
20893.48 0.36 0.0 
20906.03 0.51 0.0 
20917.13 0.61 0.0 
20917.13 0.63 0.0 
22034.69 0.63 0.0 
22038.81 0.35 0.0 
22306.44 0.52 0.0 
22312.96 0.58 0.0 
22318.95 0.75 0.0 
22312.95 0.60 0.0 
22318.93 0.36 0.0 
22277.15 0.41 0.0 
22649.47 0.48 0.0 
23102.91 0.32 0.0 
23620.05 0.47 0.0 
23620.05 0.58 0.0 
23760.49 0.35 0.0 
23793.49 0.37 0.0 
23910.62 0.88 0.0 
25834.77 0.54 0.0 
25834.77 0.66 0.0 
26538.83 0.42 0.0 
26475.49 0.53 0.0 
26668.91 0.44 0.0 
26699.31 0.38 0.0 
26863.47 0.30 0.0 
27555.33 0.40 0.0 
27781.47 0.51 0.0 
28395.79 0.38 0.0 
28860.81 0.58 0.0 
30076.89 0.33 0.0 
30947.79 0.32 0.0 
31100.33 0.42 0.0 
31232.41 0.33 0.0 
32354.47 0.59 0.0 
34216.72 0.53 0.0 
34216.72 0.56 0.0 
35550.71 0.34 0.0 
35550.73 0.41 0.0 
36167.67 0.33 0.0 
36167.71 0.65 0.0 
36754.93 0.42 0.0 
36984.67 0.34 0.0 
36984.67 0.42 0.0 
39996.63 0.33 0.0 
41282.13 0.51 0.0 
42600.78 0.83 0.0 
42623.91 0.54 0.0 
42737.22 0.76 0.0 
42841.99 0.30 0.0 
43726.30 0.46 0.0 
43726.29 0.66 0.0 
43758.24 0.37 0.0 
44251.05 0.56 0.0 
45268.48 0.33 0.0 
45414.84 0.74 0.0 
45414.85 0.47 0.0 
46687.91 0.61 0.0 
47656.25 0.61 0.0 
47656.23 0.32 0.0 
47685.21 0.56 0.0 
48136.44 0.60 0.0 
48886.41 0.37 0.0 
48886.38 0.50 0.0 
49492.11 0.61 0.0 
49635.91 0.64 0.0 
51093.83 0.32 0.0 
51212.81 0.50 0.0 
51361.69 0.70 0.0 
51780.71 0.90 0.0 
60120.72 0.69 0.0 
65326.28 0.89 0.0 
72483.59 0.44 0.0 
72541.29 0.47 0.0 
73291.25 0.75 0.0 
82630.34 0.86 0.0 
82681.72 0.91 0.0 
82681.72 0.90 0.0 
82630.34 0.86 0.0 
83227.51 0.32 0.0 
83192.51 0.35 0.0 
83236.91 0.34 0.0 
83856.17 0.50 0.0 
83856.16 0.54 0.0 
