1.67 0.34 0.0 
361.57 0.69 0.0 
505.35 0.35 0.0 
1301.63 0.34 0.0 
1613.01 0.32 0.0 
1797.85 0.33 0.0 
1820.47 0.31 0.0 
2162.71 0.30 0.0 
2123.11 0.37 0.0 
3585.83 0.31 0.0 
6109.53 0.39 0.0 
6346.61 0.75 0.0 
6638.04 0.61 0.0 
6904.11 0.33 0.0 
7005.53 0.50 0.0 
7127.04 0.34 0.0 
7776.29 0.33 0.0 
8011.50 0.58 0.0 
8011.52 0.42 0.0 
8310.72 0.41 0.0 
8918.07 0.35 0.0 
9405.69 0.35 0.0 
9405.73 0.75 0.0 
9766.41 0.34 0.0 
9947.31 0.35 0.0 
10381.35 0.39 0.0 
10826.13 0.44 0.0 
11239.87 0.34 0.0 
11333.70 0.46 0.0 
11286.05 0.33 0.0 
11239.89 0.41 0.0 
11508.44 0.41 0.0 
11597.51 0.32 0.0 
11883.27 0.46 0.0 
11973.88 0.37 0.0 
11973.91 0.44 0.0 
12091.03 0.36 0.0 
12988.07 0.44 0.0 
13020.81 0.55 0.0 
13248.43 0.38 0.0 
13755.97 0.48 0.0 
13985.03 0.44 0.0 
13985.02 0.62 0.0 
14442.11 0.39 0.0 
14576.67 0.35 0.0 
14696.15 0.38 0.0 
14721.79 0.42 0.0 
14956.50 0.71 0.0 
15466.97 0.52 0.0 
15572.85 0.52 0.0 
15636.59 0.39 0.0 
15755.19 0.38 0.0 
15995.33 0.54 0.0 
15916.47 0.56 0.0 
16233.41 0.74 0.0 
16543.37 0.30 0.0 
16651.47 0.35 0.0 
17088.27 0.36 0.0 
17088.24 0.43 0.0 
17387.15 0.36 0.0 
17387.15 0.45 0.0 
17791.21 0.57 0.0 
18214.03 0.42 0.0 
18540.59 0.39 0.0 
18793.81 0.51 0.0 
19011.73 0.40 0.0 
19473.95 0.36 0.0 
19473.97 0.52 0.0 
19433.65 0.48 0.0 
19625.67 0.33 0.0 
19825.03 0.38 0.0 
19904.07 0.31 0.0 
19997.47 0.35 0.0 
20551.97 0.44 0.0 
20818.19 0.38 0.0 
20778.15 0.34 0.0 
20988.41 0.46 0.0 
21048.29 0.32 0.0 
20988.40 0.59 0.0 
21160.67 0.43 0.0 
21121.59 0.32 0.0 
21482.17 0.52 0.0 
21605.39 0.52 0.0 
22372.11 0.40 0.0 
22409.53 0.37 0.0 
22546.19 0.52 0.0 
22624.81 0.30 0.0 
22681.87 0.44 0.0 
22849.07 0.31 0.0 
22887.59 0.43 0.0 
23270.22 0.76 0.0 
23270.18 0.64 0.0 
23480.98 0.47 0.0 
24447.15 0.36 0.0 
24756.04 0.47 0.0 
24756.03 0.40 0.0 
25096.21 0.41 0.0 
25215.65 0.33 0.0 
25911.15 0.30 0.0 
26444.59 0.88 0.0 
26369.51 0.35 0.0 
26591.72 0.35 0.0 
26541.95 0.50 0.0 
26777.89 0.31 0.0 
26853.71 0.48 0.0 
26853.72 0.70 0.0 
27302.85 0.42 0.0 
27302.86 0.62 0.0 
27532.95 0.39 0.0 
27420.41 0.32 0.0 
27482.83 0.41 0.0 
27771.89 0.50 0.0 
28939.06 0.42 0.0 
29111.95 0.35 0.0 
29135.16 0.39 0.0 
29111.97 0.30 0.0 
29135.09 0.41 0.0 
29513.05 0.38 0.0 
29513.04 0.39 0.0 
29713.54 0.31 0.0 
29865.59 0.31 0.0 
29895.51 0.59 0.0 
29865.59 0.37 0.0 
29975.98 0.44 0.0 
30248.75 0.35 0.0 
31038.71 0.41 0.0 
31214.67 0.35 0.0 
32137.85 0.45 0.0 
32281.03 0.32 0.0 
32567.05 0.50 0.0 
32900.51 0.30 0.0 
32900.51 0.32 0.0 
33649.81 0.31 0.0 
34130.19 0.37 0.0 
34396.93 0.30 0.0 
35371.91 0.33 0.0 
35460.45 0.46 0.0 
36167.83 0.41 0.0 
36245.50 0.61 0.0 
37112.61 0.51 0.0 
37403.49 0.57 0.0 
37530.97 0.45 0.0 
38090.39 0.44 0.0 
38302.60 0.45 0.0 
38246.27 0.33 0.0 
38873.51 0.31 0.0 
39557.77 0.47 0.0 
39557.77 0.51 0.0 
39999.57 0.46 0.0 
39975.87 0.33 0.0 
40004.57 0.32 0.0 
40741.16 0.34 0.0 
41760.98 0.58 0.0 
41761.03 0.38 0.0 
42228.73 0.32 0.0 
42542.17 0.42 0.0 
44015.11 0.54 0.0 
44204.67 0.32 0.0 
44163.49 0.52 0.0 
44431.51 0.37 0.0 
44461.87 0.40 0.0 
44461.82 0.43 0.0 
45270.97 0.64 0.0 
45271.02 0.54 0.0 
45690.67 0.42 0.0 
46319.03 0.30 0.0 
47317.79 0.34 0.0 
48153.60 0.42 0.0 
48186.09 0.36 0.0 
48330.85 0.32 0.0 
49167.59 0.30 0.0 
51708.37 0.50 0.0 
52363.07 0.31 0.0 
53332.87 0.45 0.0 
53824.45 0.37 0.0 
55781.27 0.35 0.0 
55983.33 0.40 0.0 
59014.05 0.37 0.0 
59457.85 0.31 0.0 
59874.77 0.44 0.0 
63213.41 0.55 0.0 
65403.21 0.58 0.0 
65800.14 0.30 0.0 
65800.03 0.37 0.0 
67790.93 0.44 0.0 
68775.81 0.47 0.0 
68769.53 0.54 0.0 
68769.60 0.35 0.0 
68992.59 0.38 0.0 
69906.00 0.39 0.0 
73067.92 0.40 0.0 
74442.23 0.37 0.0 
74802.91 0.31 0.0 
75051.09 0.35 0.0 
75783.91 0.34 0.0 
77168.73 0.31 0.0 
77791.85 0.43 0.0 
79711.03 0.42 0.0 
80280.53 0.54 0.0 
81657.87 0.40 0.0 
82723.95 0.41 0.0 
82875.99 0.41 0.0 
83068.24 0.36 0.0 
84030.65 0.45 0.0 
85318.03 0.31 0.0 
85392.15 0.39 0.0 
85392.17 0.35 0.0 
86217.92 0.57 0.0 
