50.45 0.30 0.0 
549.33 0.82 0.0 
549.34 0.81 0.0 
1554.85 0.57 0.0 
1554.89 0.57 0.0 
2567.04 0.64 0.0 
8460.47 0.30 0.0 
9062.75 0.56 0.0 
9100.53 0.32 0.0 
9062.74 0.63 0.0 
9120.57 0.38 0.0 
9100.49 0.57 0.0 
9118.13 0.31 0.0 
11073.81 0.46 0.0 
15067.52 0.67 0.0 
15067.56 0.73 0.0 
16472.44 0.32 0.0 
22188.84 0.37 0.0 
22770.51 0.39 0.0 
23613.80 0.39 0.0 
23687.81 0.35 0.0 
24900.15 0.37 0.0 
25234.84 0.68 0.0 
28577.88 0.57 0.0 
30340.99 0.34 0.0 
30340.95 0.32 0.0 
50288.17 0.38 0.0 
50627.93 0.59 0.0 
50627.95 0.69 0.0 
55039.09 0.76 0.0 
54979.29 0.40 0.0 
56402.69 0.50 0.0 
56402.67 0.58 0.0 
56707.21 0.36 0.0 
58729.33 0.51 0.0 
59180.61 0.47 0.0 
59180.58 0.50 0.0 
62004.14 0.77 0.0 
62009.57 0.37 0.0 
62004.15 0.33 0.0 
62597.67 0.33 0.0 
65018.40 0.39 0.0 
65018.39 0.34 0.0 
65287.88 0.37 0.0 
66543.27 0.41 0.0 
66605.89 0.44 0.0 
66843.63 0.38 0.0 
67323.95 0.35 0.0 
67718.55 0.35 0.0 
67718.53 0.35 0.0 
70299.61 0.38 0.0 
70299.59 0.38 0.0 
72034.36 0.39 0.0 
73695.65 0.44 0.0 
74467.95 0.32 0.0 
74736.40 0.43 0.0 
75975.60 0.46 0.0 
78333.59 0.32 0.0 
79260.87 0.33 0.0 
80640.39 0.49 0.0 
80927.37 0.43 0.0 
83146.35 0.37 0.0 
83763.43 0.53 0.0 
85759.26 0.48 0.0 
