165.63 0.34 0.0 
3877.47 0.35 0.0 
6204.96 0.31 0.0 
10139.61 0.61 0.0 
10159.61 0.61 0.0 
10159.61 0.79 0.0 
10225.12 0.75 0.0 
10225.16 0.71 0.0 
10535.51 0.31 0.0 
10487.43 0.40 0.0 
11061.39 0.56 0.0 
11112.03 0.46 0.0 
11380.31 0.81 0.0 
11380.29 0.46 0.0 
12353.97 0.42 0.0 
13886.81 0.39 0.0 
13880.27 0.39 0.0 
13886.83 0.33 0.0 
13938.87 0.37 0.0 
14596.21 0.50 0.0 
14596.25 0.77 0.0 
14944.65 0.35 0.0 
15871.50 0.78 0.0 
16216.53 0.38 0.0 
16643.81 0.69 0.0 
16643.84 0.61 0.0 
16714.47 0.39 0.0 
16998.21 0.66 0.0 
17207.07 0.34 0.0 
17216.93 0.44 0.0 
22653.61 0.63 0.0 
22653.60 0.55 0.0 
29236.35 0.36 0.0 
31697.41 0.50 0.0 
32885.19 0.36 0.0 
35621.17 0.40 0.0 
36346.91 0.44 0.0 
40004.10 0.85 0.0 
40004.11 0.69 0.0 
40292.39 0.31 0.0 
44899.31 0.32 0.0 
52201.85 0.30 0.0 
52266.79 0.34 0.0 
54004.76 0.31 0.0 
54325.21 0.33 0.0 
56146.95 0.32 0.0 
56613.16 0.43 0.0 
57151.35 0.53 0.0 
57120.51 0.31 0.0 
58579.99 0.61 0.0 
59032.07 0.33 0.0 
61629.99 0.40 0.0 
61630.07 0.42 0.0 
61951.43 0.37 0.0 
63601.39 0.43 0.0 
65098.65 0.50 0.0 
69870.51 0.38 0.0 
70052.67 0.32 0.0 
70831.21 0.46 0.0 
70839.89 0.33 0.0 
72418.08 0.52 0.0 
72418.15 0.34 0.0 
73286.27 0.34 0.0 
74625.87 0.32 0.0 
74694.91 0.31 0.0 
78063.61 0.64 0.0 
78481.87 0.50 0.0 
79269.87 0.31 0.0 
81706.87 0.39 0.0 
81911.72 0.61 0.0 
84372.91 0.38 0.0 
85916.83 0.42 0.0 
