1917.59 0.40 0.0 
5383.80 0.86 0.0 
7845.67 0.59 0.0 
9192.89 0.47 0.0 
9314.12 0.55 0.0 
11308.13 0.33 0.0 
11504.51 0.57 0.0 
12179.28 0.76 0.0 
12182.53 0.38 0.0 
17079.75 0.31 0.0 
21594.00 0.38 0.0 
21593.96 0.46 0.0 
26803.64 0.40 0.0 
29894.17 0.79 0.0 
30179.33 0.49 0.0 
30134.20 0.92 0.0 
35459.10 0.79 0.0 
38517.86 0.89 0.0 
39359.33 0.38 0.0 
39841.64 0.54 0.0 
39946.71 0.72 0.0 
39928.08 0.79 0.0 
39928.09 0.37 0.0 
40747.08 0.39 0.0 
40747.08 0.34 0.0 
41271.15 0.35 0.0 
45404.65 0.47 0.0 
46453.37 0.35 0.0 
46559.55 0.91 0.0 
46589.25 0.60 0.0 
54041.07 0.85 0.0 
56173.76 0.49 0.0 
57314.79 0.34 0.0 
57492.80 0.73 0.0 
57579.41 0.73 0.0 
57611.75 0.80 0.0 
57919.47 0.40 0.0 
60757.53 0.66 0.0 
61067.47 0.48 0.0 
61067.45 0.46 0.0 
61182.81 0.82 0.0 
61347.19 0.75 0.0 
62700.52 0.42 0.0 
63097.65 0.61 0.0 
63132.49 0.67 0.0 
63341.07 0.36 0.0 
63856.64 0.32 0.0 
64228.80 0.44 0.0 
64348.20 0.32 0.0 
64410.35 0.32 0.0 
65562.08 0.42 0.0 
65463.27 0.42 0.0 
65562.09 0.57 0.0 
66833.20 0.48 0.0 
66833.20 0.34 0.0 
68168.29 0.60 0.0 
68222.59 0.57 0.0 
68594.12 0.74 0.0 
68762.96 0.55 0.0 
69072.51 0.50 0.0 
69087.16 0.82 0.0 
69075.95 0.45 0.0 
69839.28 0.32 0.0 
69943.89 0.77 0.0 
69943.90 0.97 0.0 
69970.81 0.69 0.0 
70112.63 0.60 0.0 
70094.08 0.32 0.0 
70094.16 0.96 0.0 
70393.96 0.64 0.0 
70802.15 0.57 0.0 
70782.80 0.31 0.0 
75943.28 0.35 0.0 
76213.84 0.77 0.0 
76453.08 0.97 0.0 
76628.25 0.33 0.0 
76628.28 0.33 0.0 
78378.04 0.66 0.0 
78451.40 0.34 0.0 
78451.37 0.56 0.0 
78886.32 0.69 0.0 
78973.88 0.88 0.0 
79048.27 0.49 0.0 
79275.09 0.75 0.0 
79587.44 0.77 0.0 
79587.43 0.93 0.0 
80189.67 0.49 0.0 
81944.61 0.45 0.0 
82157.07 0.55 0.0 
84043.14 0.64 0.0 
84509.40 0.41 0.0 
84602.24 0.34 0.0 
84602.28 0.38 0.0 
84854.51 0.41 0.0 
86234.48 0.31 0.0 
