440.39 0.47 0.0 
548.14 0.95 0.0 
548.14 0.92 0.0 
599.51 0.93 0.0 
1168.93 0.34 0.0 
1225.65 0.44 0.0 
1622.31 0.48 0.0 
2289.89 0.39 0.0 
2982.56 0.60 0.0 
4870.93 0.50 0.0 
5037.80 0.50 0.0 
5398.81 0.66 0.0 
5772.56 0.54 0.0 
6203.91 0.32 0.0 
6366.65 0.42 0.0 
6366.69 0.36 0.0 
7196.93 0.33 0.0 
7509.07 0.68 0.0 
8246.45 0.32 0.0 
8354.09 0.50 0.0 
8354.19 0.76 0.0 
8338.21 0.30 0.0 
8781.85 0.45 0.0 
9060.96 0.39 0.0 
9100.48 0.31 0.0 
9061.03 0.72 0.0 
9169.72 0.37 0.0 
11631.44 0.62 0.0 
11862.55 0.82 0.0 
11909.14 0.39 0.0 
12988.32 0.42 0.0 
14175.69 0.40 0.0 
14500.65 0.50 0.0 
14442.41 0.53 0.0 
15341.24 0.78 0.0 
15341.21 0.34 0.0 
18388.53 0.47 0.0 
18749.25 0.32 0.0 
18912.61 0.32 0.0 
19589.11 0.42 0.0 
19888.01 0.37 0.0 
22006.49 0.47 0.0 
22783.29 0.38 0.0 
23002.08 0.33 0.0 
23151.77 0.72 0.0 
24389.01 0.49 0.0 
24897.01 0.70 0.0 
25165.09 0.30 0.0 
25720.92 0.49 0.0 
26726.85 0.57 0.0 
28364.45 0.58 0.0 
28364.44 0.64 0.0 
29323.08 0.31 0.0 
29453.43 0.71 0.0 
29983.93 0.79 0.0 
30108.57 0.30 0.0 
30356.88 0.30 0.0 
30614.28 0.63 0.0 
30780.46 0.57 0.0 
30898.84 0.60 0.0 
30882.20 0.52 0.0 
31500.64 0.66 0.0 
31661.73 0.34 0.0 
32211.72 0.58 0.0 
32227.57 0.34 0.0 
32211.68 0.39 0.0 
32444.40 0.40 0.0 
34679.37 0.77 0.0 
35001.24 0.34 0.0 
35588.52 0.65 0.0 
36490.05 0.44 0.0 
37334.03 0.41 0.0 
37931.41 0.43 0.0 
38069.45 0.46 0.0 
38786.85 0.34 0.0 
39040.85 0.42 0.0 
40404.58 0.32 0.0 
41816.89 0.60 0.0 
47589.39 0.30 0.0 
47699.08 0.35 0.0 
50620.52 0.41 0.0 
51067.25 0.56 0.0 
51669.33 0.36 0.0 
51659.41 0.69 0.0 
52076.89 0.37 0.0 
52268.91 0.56 0.0 
52377.56 0.47 0.0 
52451.45 0.36 0.0 
52679.51 0.60 0.0 
53466.37 0.72 0.0 
53708.87 0.35 0.0 
54283.51 0.38 0.0 
54494.03 0.35 0.0 
54792.72 0.69 0.0 
55076.93 0.52 0.0 
55508.73 0.31 0.0 
55868.64 0.32 0.0 
56125.23 0.48 0.0 
56346.52 0.46 0.0 
56586.53 0.37 0.0 
58319.29 0.59 0.0 
58449.31 0.45 0.0 
58675.92 0.38 0.0 
60089.09 0.39 0.0 
62009.51 0.31 0.0 
62136.85 0.36 0.0 
62983.21 0.36 0.0 
63220.63 0.32 0.0 
66538.85 0.34 0.0 
67811.25 0.51 0.0 
69086.41 0.35 0.0 
69417.07 0.49 0.0 
70297.44 0.32 0.0 
70869.36 0.36 0.0 
70869.29 0.57 0.0 
72464.07 0.32 0.0 
72759.89 0.36 0.0 
74289.85 0.32 0.0 
79667.40 0.34 0.0 
79971.37 0.39 0.0 
81194.48 0.54 0.0 
81339.69 0.48 0.0 
82722.84 0.37 0.0 
83768.77 0.42 0.0 
