1623.98 0.77 0.0 
1623.97 0.57 0.0 
1936.32 0.31 0.0 
2401.60 0.38 0.0 
3030.17 0.35 0.0 
2925.63 0.78 0.0 
3098.52 0.42 0.0 
3258.73 0.57 0.0 
3474.83 0.33 0.0 
3432.01 0.34 0.0 
3560.12 0.86 0.0 
3589.80 0.86 0.0 
3589.80 0.85 0.0 
3560.12 0.90 0.0 
3704.86 0.56 0.0 
4010.03 0.46 0.0 
4113.07 0.57 0.0 
4799.12 0.31 0.0 
5173.67 0.34 0.0 
5114.60 0.34 0.0 
5191.37 0.33 0.0 
5436.47 0.53 0.0 
5703.22 0.63 0.0 
5911.10 0.76 0.0 
5911.10 0.87 0.0 
6323.87 0.32 0.0 
6539.93 0.57 0.0 
6539.92 0.66 0.0 
6915.91 0.36 0.0 
7224.84 0.51 0.0 
7224.84 0.63 0.0 
7289.75 0.31 0.0 
7679.15 0.34 0.0 
7941.55 0.75 0.0 
8013.86 0.90 0.0 
8013.85 0.36 0.0 
9631.68 0.47 0.0 
9781.60 0.60 0.0 
10080.72 0.40 0.0 
10893.43 0.92 0.0 
10893.40 0.77 0.0 
11095.16 0.44 0.0 
11095.16 0.54 0.0 
11144.86 0.49 0.0 
11470.78 0.46 0.0 
11472.47 0.64 0.0 
11952.95 0.31 0.0 
12627.44 0.72 0.0 
12599.04 0.83 0.0 
13796.56 0.48 0.0 
13890.66 0.77 0.0 
13987.75 0.45 0.0 
14059.01 0.39 0.0 
16099.27 0.52 0.0 
16099.23 0.42 0.0 
16709.07 0.39 0.0 
16637.57 0.32 0.0 
17490.55 0.47 0.0 
17925.35 0.33 0.0 
18239.91 0.68 0.0 
18496.12 0.36 0.0 
18708.04 0.35 0.0 
19831.68 0.43 0.0 
20027.85 0.32 0.0 
20269.68 0.40 0.0 
20269.67 0.41 0.0 
20852.35 0.60 0.0 
20835.91 0.53 0.0 
21023.65 0.35 0.0 
21179.52 0.69 0.0 
21179.49 0.33 0.0 
21309.83 0.44 0.0 
21863.19 0.34 0.0 
21889.84 0.53 0.0 
21931.75 0.32 0.0 
21889.84 0.66 0.0 
21918.99 0.32 0.0 
22027.03 0.59 0.0 
22034.05 0.37 0.0 
22171.26 0.71 0.0 
22151.51 0.62 0.0 
22184.79 0.37 0.0 
23614.39 0.36 0.0 
24705.50 0.79 0.0 
24705.52 0.54 0.0 
24675.48 0.35 0.0 
25076.88 0.34 0.0 
28698.40 0.55 0.0 
30274.23 0.57 0.0 
30274.23 0.68 0.0 
30314.69 0.56 0.0 
37038.31 0.39 0.0 
37038.27 0.68 0.0 
52301.56 0.42 0.0 
55589.80 0.50 0.0 
57943.95 0.33 0.0 
59549.65 0.66 0.0 
60001.55 0.40 0.0 
59971.38 0.77 0.0 
59971.39 0.45 0.0 
60327.91 0.31 0.0 
61184.59 0.49 0.0 
61299.17 0.33 0.0 
61934.91 0.35 0.0 
61981.13 0.51 0.0 
62042.41 0.40 0.0 
62051.56 0.53 0.0 
62082.04 0.84 0.0 
62128.03 0.31 0.0 
62082.05 0.81 0.0 
62089.14 0.79 0.0 
62193.57 0.46 0.0 
62089.12 0.81 0.0 
62127.99 0.44 0.0 
62193.59 0.38 0.0 
62205.03 0.32 0.0 
62312.83 0.46 0.0 
62252.63 0.41 0.0 
62252.51 0.42 0.0 
62344.58 0.62 0.0 
62404.83 0.33 0.0 
62427.88 0.36 0.0 
62324.09 0.51 0.0 
62427.89 0.32 0.0 
62438.92 0.64 0.0 
62394.14 0.85 0.0 
62404.83 0.49 0.0 
62394.13 0.84 0.0 
62344.59 0.45 0.0 
62545.51 0.70 0.0 
62454.27 0.39 0.0 
62545.47 0.65 0.0 
62494.03 0.36 0.0 
62499.13 0.63 0.0 
62499.12 0.74 0.0 
62585.23 0.68 0.0 
62600.93 0.64 0.0 
62665.22 0.74 0.0 
62574.85 0.43 0.0 
62665.25 0.55 0.0 
62632.62 0.79 0.0 
62632.63 0.86 0.0 
62585.20 0.59 0.0 
62600.94 0.57 0.0 
62869.55 0.40 0.0 
62864.69 0.56 0.0 
62864.69 0.52 0.0 
63894.84 0.55 0.0 
64261.31 0.65 0.0 
65532.67 0.55 0.0 
65532.67 0.35 0.0 
68437.36 0.82 0.0 
68437.38 0.84 0.0 
68764.15 0.39 0.0 
69402.87 0.35 0.0 
69329.32 0.51 0.0 
69402.87 0.70 0.0 
69566.84 0.80 0.0 
69523.39 0.38 0.0 
69597.13 0.33 0.0 
69572.42 0.89 0.0 
69584.31 0.72 0.0 
69597.15 0.38 0.0 
69566.84 0.69 0.0 
69572.43 0.77 0.0 
69661.26 0.80 0.0 
69670.13 0.75 0.0 
69644.65 0.54 0.0 
69697.19 0.49 0.0 
69650.19 0.55 0.0 
69661.27 0.67 0.0 
69670.13 0.76 0.0 
69697.23 0.46 0.0 
69841.98 0.68 0.0 
69853.31 0.53 0.0 
69864.17 0.48 0.0 
69830.47 0.44 0.0 
69841.92 0.72 0.0 
69853.29 0.50 0.0 
69811.13 0.79 0.0 
69830.49 0.56 0.0 
69811.14 0.80 0.0 
69965.67 0.38 0.0 
69978.20 0.60 0.0 
70468.68 0.39 0.0 
80450.41 0.34 0.0 
80450.43 0.46 0.0 
80579.91 0.31 0.0 
82272.63 0.37 0.0 
82365.63 0.38 0.0 
82365.63 0.70 0.0 
83486.99 0.42 0.0 
83667.31 0.39 0.0 
84223.24 0.80 0.0 
84223.25 0.65 0.0 
85620.44 0.64 0.0 
85637.71 0.36 0.0 
85741.77 0.61 0.0 
85751.16 0.54 0.0 
85741.75 0.32 0.0 
85751.31 0.35 0.0 
86050.83 0.41 0.0 
86064.77 0.51 0.0 
85952.98 0.79 0.0 
86064.73 0.44 0.0 
86019.32 0.46 0.0 
85988.13 0.37 0.0 
86001.25 0.50 0.0 
86137.05 0.59 0.0 
86087.27 0.46 0.0 
86137.03 0.57 0.0 
86227.33 0.60 0.0 
86241.64 0.47 0.0 
86298.53 0.41 0.0 
86298.53 0.72 0.0 
86303.91 0.34 0.0 
86272.57 0.59 0.0 
86278.63 0.33 0.0 
86227.27 0.53 0.0 
86241.67 0.34 0.0 
