653.67 0.55 0.0 
1430.09 0.56 0.0 
1430.04 0.78 0.0 
2230.53 0.30 0.0 
2754.19 0.36 0.0 
3480.47 0.55 0.0 
5033.27 0.43 0.0 
6555.79 0.32 0.0 
7237.43 0.49 0.0 
8524.04 0.85 0.0 
8524.04 0.70 0.0 
10114.39 0.63 0.0 
10718.35 0.46 0.0 
10718.33 0.54 0.0 
13731.09 0.72 0.0 
13718.77 0.47 0.0 
13712.83 0.40 0.0 
13718.74 0.60 0.0 
16388.20 0.57 0.0 
16388.21 0.71 0.0 
23055.57 0.48 0.0 
23140.66 0.66 0.0 
25458.55 0.42 0.0 
25808.26 0.61 0.0 
28692.59 0.61 0.0 
32483.01 0.56 0.0 
35616.73 0.51 0.0 
37009.60 0.67 0.0 
37009.63 0.33 0.0 
37762.14 0.60 0.0 
37762.15 0.39 0.0 
37794.19 0.41 0.0 
37794.16 0.60 0.0 
38325.51 0.41 0.0 
39249.69 0.45 0.0 
39249.68 0.71 0.0 
41574.82 0.48 0.0 
41506.39 0.60 0.0 
44969.20 0.72 0.0 
44969.21 0.65 0.0 
45048.45 0.51 0.0 
46268.92 0.54 0.0 
47086.00 0.57 0.0 
47217.65 0.32 0.0 
47217.63 0.33 0.0 
48494.97 0.64 0.0 
49044.20 0.33 0.0 
49217.99 0.32 0.0 
49610.13 0.57 0.0 
49610.11 0.50 0.0 
49917.60 0.36 0.0 
50436.66 0.44 0.0 
51738.01 0.33 0.0 
51738.00 0.59 0.0 
52274.52 0.62 0.0 
52533.15 0.37 0.0 
53321.92 0.76 0.0 
54610.20 0.51 0.0 
54610.21 0.41 0.0 
55235.95 0.32 0.0 
55363.31 0.35 0.0 
57109.49 0.58 0.0 
78792.87 0.43 0.0 
78792.83 0.36 0.0 
80376.73 0.65 0.0 
80376.72 0.67 0.0 
80390.90 0.56 0.0 
80393.07 0.41 0.0 
80668.31 0.49 0.0 
81330.91 0.32 0.0 
83289.37 0.79 0.0 
83289.41 0.65 0.0 
84738.87 0.73 0.0 
86010.27 0.52 0.0 
86010.44 0.55 0.0 
86231.16 0.71 0.0 
