2230.48 0.63 0.0 
2132.95 0.31 0.0 
2472.13 0.35 0.0 
2754.19 0.35 0.0 
2745.69 0.49 0.0 
8143.71 0.69 0.0 
8143.71 0.31 0.0 
11064.47 0.40 0.0 
11368.67 0.77 0.0 
13717.05 0.47 0.0 
13717.01 0.45 0.0 
14126.72 0.57 0.0 
14577.79 0.50 0.0 
16369.63 0.41 0.0 
16387.32 0.85 0.0 
16387.33 0.86 0.0 
17052.64 0.35 0.0 
17052.67 0.78 0.0 
19000.37 0.34 0.0 
24580.91 0.40 0.0 
24704.48 0.43 0.0 
24957.31 0.39 0.0 
27496.29 0.47 0.0 
28692.59 0.83 0.0 
30011.60 0.47 0.0 
32480.25 0.64 0.0 
34333.95 0.47 0.0 
34588.99 0.75 0.0 
36014.19 0.53 0.0 
36583.85 0.48 0.0 
36460.87 0.35 0.0 
37858.53 0.46 0.0 
37858.55 0.71 0.0 
39837.41 0.66 0.0 
46268.89 0.77 0.0 
47052.91 0.60 0.0 
48929.16 0.58 0.0 
49607.23 0.78 0.0 
49607.24 0.61 0.0 
49917.57 0.39 0.0 
50665.79 0.40 0.0 
51430.37 0.58 0.0 
53321.87 0.69 0.0 
56368.72 0.39 0.0 
56484.21 0.37 0.0 
56413.17 0.38 0.0 
57131.84 0.43 0.0 
63627.55 0.39 0.0 
64214.21 0.46 0.0 
65006.76 0.31 0.0 
70256.65 0.30 0.0 
70408.28 0.52 0.0 
76019.37 0.41 0.0 
76123.69 0.39 0.0 
80375.48 0.32 0.0 
80374.80 0.39 0.0 
80390.96 0.66 0.0 
80666.65 0.35 0.0 
82981.35 0.43 0.0 
83329.97 0.33 0.0 
83286.20 0.72 0.0 
84069.57 0.35 0.0 
84738.84 0.30 0.0 
85796.57 0.46 0.0 
86231.15 0.64 0.0 
