1558.73 0.35 0.0 
2757.55 0.38 0.0 
2757.61 0.34 0.0 
4602.69 0.50 0.0 
6557.85 0.30 0.0 
7137.93 0.33 0.0 
7624.00 0.31 0.0 
8920.13 0.41 0.0 
9343.35 0.30 0.0 
11774.01 0.67 0.0 
12080.64 0.36 0.0 
12383.33 0.38 0.0 
13196.08 0.31 0.0 
14686.36 0.32 0.0 
16348.83 0.88 0.0 
17883.65 0.30 0.0 
19108.73 0.31 0.0 
19162.23 0.69 0.0 
19169.58 0.42 0.0 
20022.03 0.54 0.0 
21329.48 0.61 0.0 
21606.76 0.52 0.0 
22696.33 0.44 0.0 
23467.19 0.94 0.0 
23467.19 0.94 0.0 
25718.34 0.87 0.0 
25718.32 0.44 0.0 
25856.01 0.42 0.0 
27804.80 0.42 0.0 
28407.77 0.33 0.0 
28424.48 0.53 0.0 
29159.21 0.49 0.0 
29771.09 0.57 0.0 
31482.64 0.37 0.0 
32125.05 0.36 0.0 
34450.32 0.45 0.0 
35047.33 0.44 0.0 
35061.51 0.44 0.0 
35439.53 0.46 0.0 
36797.69 0.36 0.0 
38229.05 0.52 0.0 
39794.23 0.33 0.0 
40553.53 0.37 0.0 
40554.37 0.50 0.0 
41977.81 0.43 0.0 
44155.37 0.31 0.0 
44711.16 0.57 0.0 
45399.11 0.41 0.0 
46114.49 0.71 0.0 
46289.51 0.38 0.0 
46917.80 0.44 0.0 
47399.47 0.40 0.0 
47990.45 0.64 0.0 
48404.17 0.55 0.0 
48567.20 0.61 0.0 
48674.11 0.52 0.0 
50633.61 0.37 0.0 
51434.45 0.32 0.0 
51718.33 0.31 0.0 
51809.56 0.46 0.0 
52233.21 0.35 0.0 
52494.05 0.51 0.0 
53009.49 0.31 0.0 
53589.97 0.36 0.0 
54402.69 0.33 0.0 
54879.31 0.32 0.0 
57354.89 0.40 0.0 
58312.08 0.33 0.0 
59998.85 0.34 0.0 
60282.61 0.53 0.0 
60223.96 0.32 0.0 
60670.29 0.36 0.0 
61616.03 0.37 0.0 
62036.20 0.73 0.0 
62276.11 0.35 0.0 
69372.96 0.43 0.0 
70457.53 0.36 0.0 
71652.21 0.30 0.0 
71978.48 0.49 0.0 
74913.97 0.75 0.0 
74913.93 0.37 0.0 
75209.06 0.32 0.0 
76304.17 0.39 0.0 
77657.53 0.34 0.0 
79387.00 0.31 0.0 
80315.17 0.33 0.0 
80394.60 0.43 0.0 
80377.49 0.41 0.0 
80378.37 0.36 0.0 
80394.62 0.72 0.0 
80761.89 0.45 0.0 
81416.93 0.33 0.0 
81565.61 0.46 0.0 
81734.48 0.35 0.0 
82483.81 0.36 0.0 
82926.29 0.54 0.0 
84342.17 0.59 0.0 
85645.05 0.34 0.0 
