7628.63 0.44 0.0 
7628.62 0.69 0.0 
13888.71 0.36 0.0 
16351.65 0.67 0.0 
16351.66 0.65 0.0 
19162.27 0.76 0.0 
21610.83 0.78 0.0 
21610.84 0.87 0.0 
21599.23 0.53 0.0 
23471.14 0.94 0.0 
23471.14 0.94 0.0 
28976.05 0.35 0.0 
35441.38 0.86 0.0 
35429.39 0.43 0.0 
35441.38 0.85 0.0 
40710.59 0.36 0.0 
51210.87 0.32 0.0 
58317.21 0.51 0.0 
68299.37 0.31 0.0 
72763.05 0.44 0.0 
76560.51 0.33 0.0 
80396.09 0.74 0.0 
80384.91 0.37 0.0 
80396.09 0.59 0.0 
80670.87 0.30 0.0 
80670.86 0.52 0.0 
82926.35 0.34 0.0 
