2717.96 0.98 0.0 
2717.96 0.98 0.0 
2852.28 0.36 0.0 
3162.46 0.98 0.0 
3162.47 0.98 0.0 
4513.69 0.44 0.0 
6334.00 0.98 0.0 
6334.00 0.98 0.0 
8457.99 0.53 0.0 
9134.00 0.44 0.0 
9358.44 0.78 0.0 
10799.59 0.30 0.0 
14169.67 0.98 0.0 
14169.66 0.97 0.0 
15786.11 0.37 0.0 
15786.12 0.61 0.0 
20001.28 0.58 0.0 
22794.32 0.41 0.0 
25956.86 0.98 0.0 
25956.87 0.98 0.0 
28246.80 0.92 0.0 
28246.80 0.78 0.0 
28512.67 0.37 0.0 
32228.87 0.98 0.0 
32238.04 0.86 0.0 
32228.87 0.98 0.0 
33044.07 0.47 0.0 
36537.87 0.32 0.0 
37333.80 0.49 0.0 
39987.04 0.63 0.0 
40534.65 0.39 0.0 
40850.03 0.92 0.0 
40850.00 0.88 0.0 
45269.48 0.34 0.0 
56484.42 0.98 0.0 
56484.41 0.98 0.0 
59111.32 0.35 0.0 
62068.37 0.58 0.0 
62068.36 0.42 0.0 
63254.23 0.56 0.0 
63613.41 0.32 0.0 
65909.07 0.35 0.0 
72036.76 0.33 0.0 
73662.25 0.53 0.0 
77532.89 0.45 0.0 
77532.84 0.80 0.0 
78001.61 0.57 0.0 
80355.24 0.97 0.0 
80355.24 0.98 0.0 
80413.74 0.97 0.0 
80498.94 0.96 0.0 
80437.47 0.98 0.0 
80437.47 0.98 0.0 
80413.73 0.97 0.0 
80520.90 0.84 0.0 
80603.51 0.99 0.0 
80510.05 0.99 0.0 
80603.51 0.99 0.0 
80510.05 0.99 0.0 
80630.37 0.99 0.0 
80630.36 0.99 0.0 
80973.65 0.32 0.0 
81065.05 0.98 0.0 
81065.06 0.98 0.0 
81129.68 0.71 0.0 
81193.66 0.97 0.0 
81193.65 0.91 0.0 
81129.68 0.57 0.0 
81539.79 0.98 0.0 
82176.33 0.46 0.0 
82176.29 0.55 0.0 
82379.05 0.31 0.0 
82899.72 0.97 0.0 
82899.73 0.97 0.0 
83239.89 0.99 0.0 
83239.89 0.99 0.0 
83422.61 0.99 0.0 
83422.61 0.99 0.0 
83547.00 0.48 0.0 
84044.43 0.45 0.0 
84936.59 0.99 0.0 
85063.95 0.63 0.0 
84936.59 0.99 0.0 
