9394.01 0.50 0.0 
11748.46 0.67 0.0 
11748.51 0.38 0.0 
13647.19 0.34 0.0 
13661.21 0.36 0.0 
13661.28 0.51 0.0 
13729.35 0.35 0.0 
16361.51 0.63 0.0 
16373.61 0.57 0.0 
16373.68 0.55 0.0 
16361.49 0.74 0.0 
18360.51 0.31 0.0 
19155.45 0.80 0.0 
21511.63 0.35 0.0 
21516.83 0.31 0.0 
21637.29 0.43 0.0 
22320.99 0.31 0.0 
23481.28 0.55 0.0 
23481.31 0.33 0.0 
34933.08 0.83 0.0 
34946.39 0.54 0.0 
34946.40 0.45 0.0 
36224.15 0.34 0.0 
36329.21 0.77 0.0 
36313.19 0.61 0.0 
36313.20 0.73 0.0 
36329.19 0.65 0.0 
40154.65 0.35 0.0 
50341.37 0.46 0.0 
74854.20 0.63 0.0 
80388.79 0.35 0.0 
80411.66 0.75 0.0 
80388.75 0.55 0.0 
80411.67 0.80 0.0 
80418.68 0.41 0.0 
82802.65 0.33 0.0 
83367.15 0.35 0.0 
84033.95 0.34 0.0 
85554.41 0.40 0.0 
