3177.41 0.40 0.0 
6406.35 0.30 0.0 
7292.97 0.35 0.0 
10544.48 0.37 0.0 
13646.45 0.46 0.0 
13660.65 0.43 0.0 
13660.68 0.34 0.0 
13646.45 0.59 0.0 
15436.28 0.83 0.0 
15436.33 0.49 0.0 
16359.87 0.67 0.0 
16369.92 0.77 0.0 
16369.91 0.70 0.0 
16359.89 0.73 0.0 
17097.96 0.60 0.0 
19363.52 0.47 0.0 
19844.16 0.31 0.0 
20609.37 0.48 0.0 
21634.24 0.48 0.0 
21834.61 0.45 0.0 
23480.22 0.95 0.0 
23480.22 0.95 0.0 
24101.77 0.39 0.0 
26113.32 0.30 0.0 
27616.80 0.48 0.0 
28030.69 0.30 0.0 
28917.77 0.45 0.0 
29890.81 0.35 0.0 
30626.48 0.61 0.0 
32456.44 0.31 0.0 
32456.45 0.37 0.0 
34932.99 0.64 0.0 
34827.20 0.46 0.0 
36223.77 0.45 0.0 
36208.00 0.72 0.0 
36658.59 0.69 0.0 
37018.92 0.39 0.0 
38307.41 0.38 0.0 
38638.84 0.62 0.0 
40558.85 0.58 0.0 
40559.03 0.72 0.0 
44683.12 0.31 0.0 
44923.47 0.38 0.0 
47335.19 0.74 0.0 
47341.33 0.44 0.0 
50728.96 0.57 0.0 
51717.24 0.49 0.0 
52219.08 0.44 0.0 
56458.11 0.44 0.0 
66312.21 0.34 0.0 
78144.60 0.31 0.0 
79272.45 0.36 0.0 
80388.76 0.36 0.0 
80407.11 0.71 0.0 
80386.44 0.48 0.0 
80407.13 0.72 0.0 
81389.49 0.30 0.0 
83158.28 0.57 0.0 
83363.24 0.30 0.0 
84328.40 0.37 0.0 
85552.25 0.36 0.0 
