567.49 0.92 0.0 
700.36 0.58 0.0 
1305.80 0.34 0.0 
1980.29 0.51 0.0 
2082.39 0.77 0.0 
2309.33 0.38 0.0 
2369.65 0.57 0.0 
2313.01 0.77 0.0 
2459.41 0.52 0.0 
2519.60 0.39 0.0 
2774.28 0.61 0.0 
2804.41 0.52 0.0 
2894.03 0.47 0.0 
3583.69 0.43 0.0 
3804.05 0.48 0.0 
3852.68 0.53 0.0 
3824.16 0.76 0.0 
3945.16 0.47 0.0 
5058.48 0.41 0.0 
5682.17 0.32 0.0 
6239.56 0.95 0.0 
7001.66 0.96 0.0 
8654.57 0.49 0.0 
10379.60 0.68 0.0 
11105.88 0.41 0.0 
11144.36 0.56 0.0 
11105.85 0.56 0.0 
11699.57 0.37 0.0 
12442.96 0.48 0.0 
12540.80 0.36 0.0 
12540.81 0.43 0.0 
13080.48 0.82 0.0 
13356.51 0.34 0.0 
13356.53 0.49 0.0 
13619.32 0.36 0.0 
13844.00 0.93 0.0 
14033.16 0.37 0.0 
14033.23 0.35 0.0 
14554.32 0.98 0.0 
14554.32 0.98 0.0 
15842.92 0.54 0.0 
15837.17 0.32 0.0 
15975.89 0.71 0.0 
15933.98 0.40 0.0 
17309.57 0.36 0.0 
17652.73 0.57 0.0 
17909.58 0.91 0.0 
17925.21 0.31 0.0 
18596.12 0.82 0.0 
18596.12 0.93 0.0 
19565.88 0.34 0.0 
19635.85 0.35 0.0 
20260.01 0.61 0.0 
21191.13 0.51 0.0 
21867.04 0.37 0.0 
23369.44 0.52 0.0 
23471.25 0.45 0.0 
23471.21 0.48 0.0 
24553.39 0.43 0.0 
25453.69 0.60 0.0 
25633.19 0.55 0.0 
25633.23 0.59 0.0 
29750.53 0.67 0.0 
29750.49 0.35 0.0 
30628.39 0.47 0.0 
32922.41 0.35 0.0 
32953.89 0.30 0.0 
34408.86 0.98 0.0 
34408.86 0.97 0.0 
35204.33 0.35 0.0 
35352.76 0.47 0.0 
37927.29 0.44 0.0 
37949.59 0.41 0.0 
38284.57 0.37 0.0 
38284.60 0.60 0.0 
38279.46 0.95 0.0 
39000.76 0.34 0.0 
39027.44 0.79 0.0 
39715.08 0.31 0.0 
40558.93 0.47 0.0 
41819.05 0.43 0.0 
42572.56 0.46 0.0 
42763.84 0.45 0.0 
43124.41 0.56 0.0 
43169.08 0.32 0.0 
43935.21 0.44 0.0 
44303.25 0.32 0.0 
44674.69 0.40 0.0 
45568.69 0.53 0.0 
45999.39 0.34 0.0 
46323.20 0.47 0.0 
46274.52 0.83 0.0 
46527.36 0.77 0.0 
47163.29 0.30 0.0 
47756.88 0.70 0.0 
48658.15 0.47 0.0 
48842.96 0.49 0.0 
48843.00 0.85 0.0 
48976.99 0.54 0.0 
48977.01 0.68 0.0 
49452.45 0.63 0.0 
49543.80 0.47 0.0 
49652.76 0.72 0.0 
49652.75 0.64 0.0 
50622.45 0.38 0.0 
50694.16 0.92 0.0 
50694.17 0.67 0.0 
51192.41 0.46 0.0 
52531.32 0.50 0.0 
52964.32 0.53 0.0 
53278.80 0.80 0.0 
55748.25 0.30 0.0 
55870.24 0.59 0.0 
56954.19 0.38 0.0 
59397.32 0.36 0.0 
61003.36 0.51 0.0 
62217.27 0.44 0.0 
63642.57 0.93 0.0 
64079.05 0.31 0.0 
64258.44 0.82 0.0 
64258.44 0.54 0.0 
65151.22 0.98 0.0 
65151.22 0.98 0.0 
68322.03 0.42 0.0 
68262.77 0.39 0.0 
69839.28 0.78 0.0 
69899.03 0.59 0.0 
71474.12 0.72 0.0 
72085.29 0.37 0.0 
72223.31 0.83 0.0 
73886.84 0.37 0.0 
74289.93 0.33 0.0 
74633.59 0.90 0.0 
74622.72 0.78 0.0 
74633.56 0.88 0.0 
75222.24 0.58 0.0 
76993.41 0.34 0.0 
79752.21 0.70 0.0 
79752.20 0.37 0.0 
80834.59 0.78 0.0 
81042.59 0.46 0.0 
82124.23 0.33 0.0 
82727.00 0.49 0.0 
82727.00 0.97 0.0 
83084.57 0.37 0.0 
83294.52 0.58 0.0 
83670.64 0.41 0.0 
83675.25 0.80 0.0 
83713.10 0.35 0.0 
83955.57 0.61 0.0 
84107.37 0.32 0.0 
84331.65 0.41 0.0 
84464.12 0.37 0.0 
84843.18 0.36 0.0 
84913.96 0.68 0.0 
85303.96 0.54 0.0 
85980.13 0.95 0.0 
