1306.48 0.32 0.0 
2759.99 0.39 0.0 
4030.20 0.31 0.0 
4470.62 0.72 0.0 
4991.09 0.51 0.0 
5731.04 0.32 0.0 
8538.19 0.34 0.0 
11189.03 0.42 0.0 
12435.45 0.53 0.0 
14033.60 0.71 0.0 
14033.63 0.39 0.0 
14648.72 0.38 0.0 
15016.73 0.56 0.0 
15978.79 0.33 0.0 
15934.47 0.70 0.0 
19097.39 0.60 0.0 
21751.43 0.41 0.0 
22936.43 0.66 0.0 
23240.80 0.33 0.0 
25620.49 0.71 0.0 
27976.70 0.62 0.0 
29755.83 0.37 0.0 
32950.19 0.30 0.0 
34411.15 0.41 0.0 
34411.08 0.51 0.0 
38286.59 0.49 0.0 
38286.56 0.40 0.0 
42752.92 0.34 0.0 
43937.16 0.53 0.0 
44677.12 0.63 0.0 
47760.51 0.37 0.0 
48658.23 0.44 0.0 
49655.32 0.45 0.0 
50698.36 0.56 0.0 
52321.69 0.41 0.0 
52472.37 0.30 0.0 
52531.31 0.72 0.0 
53197.24 0.50 0.0 
53477.63 0.55 0.0 
54286.15 0.53 0.0 
58605.51 0.31 0.0 
65153.37 0.93 0.0 
65153.37 0.92 0.0 
65251.53 0.41 0.0 
68478.15 0.53 0.0 
71478.97 0.49 0.0 
72086.03 0.51 0.0 
72086.04 0.70 0.0 
74636.38 0.92 0.0 
74636.39 0.93 0.0 
75224.37 0.31 0.0 
79754.41 0.67 0.0 
79754.37 0.47 0.0 
82727.71 0.32 0.0 
82727.71 0.95 0.0 
83678.16 0.68 0.0 
83956.36 0.43 0.0 
84843.31 0.41 0.0 
85980.89 0.46 0.0 
85980.87 0.51 0.0 
