2038.93 0.67 0.0 
3057.67 0.79 0.0 
3313.19 0.36 0.0 
4664.46 0.84 0.0 
4669.05 0.65 0.0 
4662.64 0.70 0.0 
4669.04 0.75 0.0 
5981.95 0.34 0.0 
6629.20 0.45 0.0 
6793.28 0.47 0.0 
6897.73 0.41 0.0 
7167.41 0.54 0.0 
8652.19 0.59 0.0 
9059.25 0.40 0.0 
9583.69 0.37 0.0 
9877.83 0.35 0.0 
10064.25 0.51 0.0 
11860.27 0.55 0.0 
11860.24 0.46 0.0 
12638.24 0.38 0.0 
14733.93 0.38 0.0 
14924.47 0.58 0.0 
14924.48 0.55 0.0 
16295.58 0.38 0.0 
16782.73 0.38 0.0 
18399.27 0.59 0.0 
18942.09 0.60 0.0 
19176.17 0.40 0.0 
20864.35 0.61 0.0 
28859.00 0.47 0.0 
29831.77 0.40 0.0 
32233.11 0.39 0.0 
32759.20 0.72 0.0 
32684.51 0.86 0.0 
37282.11 0.36 0.0 
38006.29 0.57 0.0 
39164.37 0.41 0.0 
40829.35 0.68 0.0 
41459.48 0.30 0.0 
45658.41 0.39 0.0 
47112.88 0.43 0.0 
57389.59 0.37 0.0 
65035.16 0.65 0.0 
72567.48 0.38 0.0 
80384.13 0.35 0.0 
80384.15 0.60 0.0 
80674.57 0.31 0.0 
82613.56 0.56 0.0 
83157.11 0.40 0.0 
