2216.65 0.35 0.0 
2498.55 0.31 0.0 
2758.99 0.32 0.0 
2758.87 0.43 0.0 
3661.83 0.39 0.0 
4129.91 0.35 0.0 
4807.63 0.43 0.0 
5349.79 0.36 0.0 
5728.44 0.61 0.0 
6493.57 0.38 0.0 
7501.18 0.49 0.0 
8845.03 0.31 0.0 
9171.67 0.43 0.0 
9171.75 0.36 0.0 
9683.89 0.32 0.0 
10590.67 0.32 0.0 
10622.92 0.53 0.0 
11084.53 0.48 0.0 
11339.97 0.33 0.0 
11466.67 0.38 0.0 
11466.68 0.37 0.0 
11660.87 0.43 0.0 
11616.76 0.41 0.0 
11660.89 0.39 0.0 
11674.39 0.32 0.0 
11866.71 0.80 0.0 
11866.68 0.83 0.0 
11985.55 0.81 0.0 
11984.43 0.64 0.0 
12098.71 0.35 0.0 
12255.92 0.42 0.0 
12421.07 0.44 0.0 
13725.37 0.32 0.0 
14145.53 0.53 0.0 
14130.05 0.41 0.0 
14327.95 0.42 0.0 
14464.05 0.45 0.0 
14464.04 0.57 0.0 
14659.09 0.50 0.0 
14689.65 0.58 0.0 
14780.20 0.40 0.0 
14915.25 0.41 0.0 
14927.75 0.58 0.0 
14915.26 0.37 0.0 
15079.11 0.39 0.0 
15190.89 0.37 0.0 
15617.31 0.41 0.0 
15761.51 0.45 0.0 
16013.07 0.39 0.0 
16388.20 0.35 0.0 
16583.17 0.41 0.0 
16583.15 0.35 0.0 
16617.89 0.35 0.0 
16713.07 0.35 0.0 
16935.74 0.44 0.0 
16919.34 0.38 0.0 
16979.52 0.42 0.0 
16979.57 0.49 0.0 
17214.07 0.32 0.0 
17751.59 0.31 0.0 
17874.49 0.32 0.0 
18605.83 0.36 0.0 
18794.27 0.30 0.0 
19171.83 0.34 0.0 
19255.83 0.35 0.0 
19385.97 0.47 0.0 
19654.26 0.38 0.0 
19913.35 0.34 0.0 
20109.57 0.31 0.0 
19989.89 0.53 0.0 
20109.49 0.42 0.0 
20867.29 0.43 0.0 
21369.15 0.36 0.0 
21750.83 0.37 0.0 
22007.11 0.34 0.0 
22280.45 0.55 0.0 
22600.22 0.63 0.0 
23185.75 0.35 0.0 
23534.65 0.32 0.0 
23584.59 0.31 0.0 
23685.87 0.51 0.0 
23752.90 0.52 0.0 
23909.21 0.38 0.0 
24226.01 0.43 0.0 
25739.59 0.44 0.0 
25972.31 0.37 0.0 
26387.61 0.54 0.0 
26360.67 0.32 0.0 
26582.76 0.48 0.0 
26921.75 0.56 0.0 
27657.89 0.31 0.0 
28110.65 0.44 0.0 
28845.93 0.54 0.0 
29062.77 0.45 0.0 
29753.81 0.40 0.0 
29753.81 0.48 0.0 
30054.29 0.38 0.0 
30487.43 0.32 0.0 
30535.53 0.49 0.0 
30560.35 0.34 0.0 
30721.81 0.56 0.0 
30721.80 0.49 0.0 
31033.55 0.36 0.0 
31156.61 0.47 0.0 
31712.35 0.37 0.0 
32023.95 0.66 0.0 
32023.97 0.37 0.0 
32705.05 0.33 0.0 
33295.44 0.44 0.0 
33647.63 0.35 0.0 
33609.95 0.40 0.0 
33647.63 0.32 0.0 
33744.97 0.38 0.0 
34296.67 0.40 0.0 
34449.55 0.37 0.0 
34790.67 0.34 0.0 
34949.63 0.42 0.0 
34995.56 0.30 0.0 
34995.58 0.64 0.0 
35193.15 0.41 0.0 
35506.50 0.47 0.0 
35793.87 0.35 0.0 
36063.24 0.34 0.0 
36335.60 0.34 0.0 
36323.27 0.53 0.0 
36323.26 0.54 0.0 
36741.01 0.59 0.0 
37213.27 0.30 0.0 
37919.91 0.34 0.0 
38317.71 0.36 0.0 
39455.11 0.32 0.0 
39879.96 0.33 0.0 
40440.55 0.35 0.0 
40712.01 0.59 0.0 
41623.83 0.31 0.0 
44925.51 0.46 0.0 
46767.64 0.48 0.0 
47218.13 0.37 0.0 
47409.45 0.46 0.0 
49628.11 0.32 0.0 
49971.19 0.46 0.0 
50623.23 0.42 0.0 
52810.31 0.34 0.0 
52883.55 0.35 0.0 
53070.43 0.47 0.0 
53008.45 0.40 0.0 
53150.07 0.39 0.0 
53311.39 0.33 0.0 
54091.03 0.41 0.0 
54060.81 0.63 0.0 
54140.61 0.42 0.0 
54538.82 0.43 0.0 
54638.28 0.38 0.0 
54638.27 0.34 0.0 
54683.42 0.38 0.0 
54842.01 0.55 0.0 
55602.04 0.32 0.0 
57588.91 0.37 0.0 
58447.64 0.50 0.0 
58697.15 0.47 0.0 
59039.47 0.39 0.0 
59107.63 0.36 0.0 
59718.40 0.47 0.0 
59983.56 0.49 0.0 
60287.73 0.62 0.0 
61657.08 0.65 0.0 
61657.09 0.39 0.0 
62031.12 0.55 0.0 
62144.99 0.36 0.0 
63455.16 0.39 0.0 
64771.34 0.59 0.0 
64863.37 0.39 0.0 
65319.79 0.34 0.0 
66226.79 0.63 0.0 
66226.83 0.53 0.0 
66293.03 0.39 0.0 
66408.67 0.46 0.0 
67438.15 0.36 0.0 
67626.27 0.31 0.0 
68373.95 0.34 0.0 
68551.03 0.32 0.0 
70245.45 0.31 0.0 
70728.96 0.45 0.0 
72197.83 0.38 0.0 
72528.07 0.40 0.0 
72601.07 0.44 0.0 
73211.28 0.32 0.0 
73320.11 0.53 0.0 
73320.51 0.31 0.0 
74021.75 0.30 0.0 
75729.89 0.43 0.0 
76089.99 0.34 0.0 
76089.96 0.31 0.0 
76842.35 0.35 0.0 
76802.67 0.31 0.0 
76842.36 0.63 0.0 
76909.21 0.34 0.0 
77011.56 0.43 0.0 
77176.38 0.37 0.0 
77101.03 0.51 0.0 
77236.58 0.65 0.0 
77381.11 0.35 0.0 
77537.79 0.40 0.0 
77812.27 0.30 0.0 
78613.51 0.32 0.0 
79170.67 0.60 0.0 
80158.85 0.44 0.0 
80415.48 0.41 0.0 
80389.97 0.42 0.0 
80407.11 0.55 0.0 
80407.03 0.57 0.0 
80469.55 0.34 0.0 
80582.69 0.41 0.0 
81075.59 0.30 0.0 
81466.95 0.37 0.0 
81966.29 0.34 0.0 
81929.67 0.62 0.0 
81929.63 0.46 0.0 
82531.03 0.40 0.0 
82718.99 0.31 0.0 
83863.80 0.37 0.0 
84991.65 0.33 0.0 
85046.55 0.36 0.0 
85216.03 0.33 0.0 
85489.17 0.52 0.0 
85489.11 0.32 0.0 
85527.04 0.36 0.0 
