268.85 0.84 0.0 
748.49 0.46 0.0 
748.49 0.68 0.0 
957.77 0.51 0.0 
957.82 0.85 0.0 
1242.71 0.55 0.0 
2372.53 0.88 0.0 
2372.51 0.90 0.0 
2577.86 0.69 0.0 
2574.05 0.48 0.0 
3070.67 0.50 0.0 
3601.44 0.52 0.0 
3779.80 0.88 0.0 
3991.07 0.35 0.0 
4061.01 0.79 0.0 
4061.04 0.46 0.0 
4181.89 0.41 0.0 
4228.31 0.45 0.0 
4198.83 0.71 0.0 
4528.98 0.94 0.0 
4529.01 0.30 0.0 
4973.97 0.54 0.0 
4973.97 0.50 0.0 
5428.99 0.33 0.0 
5653.69 0.61 0.0 
5822.91 0.41 0.0 
5822.85 0.41 0.0 
6327.92 0.70 0.0 
6327.98 0.38 0.0 
6550.05 0.39 0.0 
6550.08 0.37 0.0 
6767.53 0.42 0.0 
6767.61 0.42 0.0 
7164.79 0.31 0.0 
7221.28 0.41 0.0 
7221.30 0.53 0.0 
7692.09 0.54 0.0 
8459.44 0.71 0.0 
8548.32 0.73 0.0 
8467.01 0.37 0.0 
9441.77 0.59 0.0 
9535.81 0.43 0.0 
9947.73 0.42 0.0 
10479.16 0.42 0.0 
10799.08 0.63 0.0 
10799.03 0.92 0.0 
11202.04 0.85 0.0 
11188.87 0.30 0.0 
11202.05 0.33 0.0 
11420.19 0.80 0.0 
11420.21 0.49 0.0 
11428.95 0.46 0.0 
11567.37 0.35 0.0 
11913.27 0.33 0.0 
11913.21 0.69 0.0 
12162.84 0.41 0.0 
12266.33 0.76 0.0 
12235.64 0.40 0.0 
12625.32 0.61 0.0 
12957.52 0.55 0.0 
13310.17 0.33 0.0 
13310.16 0.32 0.0 
13511.63 0.33 0.0 
13670.64 0.54 0.0 
13715.47 0.49 0.0 
13662.72 0.57 0.0 
13670.65 0.57 0.0 
13893.68 0.49 0.0 
13872.00 0.82 0.0 
13994.95 0.41 0.0 
14016.92 0.72 0.0 
14169.04 0.33 0.0 
14169.03 0.61 0.0 
14369.10 0.91 0.0 
14369.13 0.55 0.0 
14450.09 0.55 0.0 
14459.16 0.56 0.0 
14721.28 0.61 0.0 
14774.56 0.48 0.0 
14721.24 0.55 0.0 
15052.45 0.63 0.0 
15379.24 0.32 0.0 
15379.23 0.62 0.0 
15601.07 0.91 0.0 
15601.07 0.88 0.0 
15738.24 0.81 0.0 
15738.24 0.75 0.0 
16086.97 0.74 0.0 
16086.97 0.53 0.0 
16345.67 0.83 0.0 
16410.33 0.32 0.0 
16752.70 0.56 0.0 
16752.70 0.83 0.0 
17118.61 0.65 0.0 
17118.57 0.51 0.0 
17461.41 0.48 0.0 
17824.41 0.51 0.0 
17824.38 0.66 0.0 
17990.73 0.59 0.0 
17990.73 0.65 0.0 
18202.44 0.37 0.0 
18361.40 0.76 0.0 
18550.72 0.86 0.0 
18776.47 0.39 0.0 
18864.80 0.74 0.0 
19164.21 0.83 0.0 
19199.51 0.33 0.0 
19475.34 0.77 0.0 
19475.37 0.58 0.0 
19795.81 0.59 0.0 
20056.15 0.51 0.0 
20056.16 0.74 0.0 
20172.38 0.65 0.0 
20172.40 0.74 0.0 
20473.78 0.32 0.0 
20473.74 0.87 0.0 
20846.48 0.82 0.0 
20846.48 0.56 0.0 
21163.94 0.96 0.0 
21163.94 0.92 0.0 
21642.05 0.42 0.0 
21554.21 0.95 0.0 
21650.37 0.36 0.0 
22233.22 0.33 0.0 
22572.66 0.80 0.0 
22811.99 0.65 0.0 
22915.10 0.86 0.0 
22915.09 0.82 0.0 
23244.30 0.96 0.0 
23244.32 0.58 0.0 
23928.17 0.50 0.0 
23928.13 0.48 0.0 
24059.23 0.57 0.0 
24275.44 0.65 0.0 
24275.46 0.48 0.0 
24616.85 0.48 0.0 
24616.89 0.30 0.0 
24675.03 0.84 0.0 
24961.72 0.84 0.0 
24961.72 0.64 0.0 
25295.81 0.75 0.0 
25295.78 0.83 0.0 
25947.98 0.42 0.0 
25947.92 0.77 0.0 
26289.83 0.71 0.0 
26289.85 0.33 0.0 
26617.57 0.63 0.0 
26935.57 0.80 0.0 
26935.58 0.34 0.0 
27288.27 0.63 0.0 
27288.25 0.61 0.0 
27617.87 0.70 0.0 
27617.94 0.72 0.0 
27930.53 0.44 0.0 
28219.37 0.46 0.0 
28219.41 0.65 0.0 
28288.59 0.95 0.0 
28288.61 0.71 0.0 
28626.09 0.63 0.0 
28626.12 0.38 0.0 
28938.89 0.31 0.0 
28938.93 0.35 0.0 
28996.40 0.74 0.0 
28996.45 0.56 0.0 
29314.89 0.47 0.0 
29639.20 0.44 0.0 
29639.19 0.93 0.0 
29950.84 0.31 0.0 
29950.84 0.85 0.0 
30047.52 0.49 0.0 
30294.72 0.66 0.0 
30294.78 0.46 0.0 
30635.66 0.50 0.0 
30699.84 0.38 0.0 
30635.69 0.39 0.0 
30942.73 0.38 0.0 
31300.48 0.71 0.0 
31407.41 0.43 0.0 
31997.01 0.53 0.0 
31997.01 0.60 0.0 
32356.52 0.85 0.0 
32356.49 0.91 0.0 
32719.45 0.37 0.0 
32719.50 0.35 0.0 
32876.25 0.48 0.0 
32876.28 0.78 0.0 
32941.48 0.38 0.0 
33050.64 0.50 0.0 
33050.65 0.43 0.0 
33757.93 0.38 0.0 
34099.85 0.55 0.0 
34099.81 0.77 0.0 
34436.29 0.47 0.0 
34436.33 0.79 0.0 
34631.11 0.58 0.0 
34821.77 0.36 0.0 
34821.79 0.71 0.0 
35180.81 0.70 0.0 
35180.77 0.31 0.0 
35412.15 0.90 0.0 
35412.14 0.84 0.0 
35498.40 0.71 0.0 
35504.48 0.66 0.0 
35498.39 0.65 0.0 
35517.55 0.70 0.0 
35566.17 0.44 0.0 
35566.17 0.75 0.0 
35789.21 0.35 0.0 
35845.48 0.52 0.0 
35913.97 0.39 0.0 
35913.96 0.54 0.0 
35976.72 0.55 0.0 
36227.93 0.32 0.0 
36300.85 0.52 0.0 
36300.90 0.46 0.0 
36694.04 0.91 0.0 
36694.04 0.94 0.0 
36807.88 0.44 0.0 
37072.12 0.67 0.0 
37072.12 0.75 0.0 
37308.13 0.33 0.0 
37829.68 0.63 0.0 
37829.59 0.78 0.0 
37926.75 0.34 0.0 
37932.64 0.61 0.0 
37926.72 0.66 0.0 
37988.25 0.74 0.0 
37993.85 0.36 0.0 
38199.96 0.67 0.0 
38141.75 0.85 0.0 
38097.84 0.39 0.0 
38141.73 0.44 0.0 
38560.92 0.41 0.0 
38560.92 0.35 0.0 
38859.60 0.48 0.0 
38859.57 0.54 0.0 
38939.48 0.97 0.0 
39089.49 0.53 0.0 
39112.88 0.31 0.0 
39147.24 0.89 0.0 
39212.96 0.52 0.0 
39175.67 0.74 0.0 
39212.95 0.34 0.0 
39301.89 0.66 0.0 
39301.92 0.64 0.0 
39643.91 0.59 0.0 
39663.84 0.84 0.0 
39663.84 0.81 0.0 
40034.58 0.92 0.0 
40547.16 0.52 0.0 
40547.13 0.59 0.0 
40777.56 0.72 0.0 
41174.64 0.84 0.0 
41174.64 0.68 0.0 
41591.37 0.59 0.0 
41591.29 0.70 0.0 
41958.70 0.35 0.0 
42747.00 0.72 0.0 
42746.98 0.93 0.0 
43498.23 0.93 0.0 
43498.28 0.55 0.0 
43881.20 0.89 0.0 
43881.20 0.85 0.0 
44244.57 0.48 0.0 
44272.45 0.71 0.0 
44802.40 0.44 0.0 
44983.07 0.76 0.0 
45444.20 0.69 0.0 
45444.29 0.40 0.0 
45851.11 0.95 0.0 
45851.16 0.39 0.0 
46217.45 0.65 0.0 
46217.49 0.51 0.0 
46621.89 0.92 0.0 
46621.92 0.79 0.0 
47035.20 0.32 0.0 
47035.16 0.64 0.0 
47406.37 0.51 0.0 
47406.40 0.49 0.0 
47784.42 0.35 0.0 
47784.44 0.91 0.0 
48166.44 0.59 0.0 
48547.38 0.36 0.0 
48599.65 0.43 0.0 
48547.40 0.81 0.0 
48920.60 0.65 0.0 
48920.57 0.63 0.0 
49294.25 0.64 0.0 
49294.28 0.37 0.0 
49666.44 0.47 0.0 
49666.45 0.77 0.0 
50037.20 0.34 0.0 
50037.20 0.76 0.0 
50742.52 0.86 0.0 
51121.09 0.60 0.0 
51121.17 0.48 0.0 
51520.16 0.67 0.0 
51915.29 0.31 0.0 
52313.89 0.76 0.0 
52313.89 0.87 0.0 
52730.53 0.70 0.0 
52730.53 0.40 0.0 
53132.60 0.50 0.0 
53132.53 0.83 0.0 
53503.29 0.93 0.0 
53503.28 0.74 0.0 
54297.99 0.94 0.0 
54679.02 0.79 0.0 
54679.00 0.68 0.0 
54959.19 0.51 0.0 
55065.41 0.55 0.0 
55434.22 0.30 0.0 
55434.19 0.63 0.0 
55804.89 0.55 0.0 
56962.57 0.43 0.0 
57386.97 0.55 0.0 
57386.94 0.81 0.0 
57766.56 0.52 0.0 
57766.62 0.47 0.0 
58163.20 0.69 0.0 
58163.20 0.53 0.0 
58567.65 0.49 0.0 
58956.46 0.70 0.0 
58956.42 0.43 0.0 
59377.49 0.46 0.0 
59377.54 0.36 0.0 
59770.21 0.67 0.0 
60164.37 0.90 0.0 
60164.42 0.42 0.0 
60590.33 0.77 0.0 
60989.41 0.34 0.0 
60989.39 0.97 0.0 
61397.25 0.34 0.0 
61812.42 0.83 0.0 
61812.50 0.49 0.0 
62239.38 0.53 0.0 
62239.37 0.34 0.0 
62803.72 0.55 0.0 
63464.42 0.96 0.0 
63856.17 0.34 0.0 
63856.19 0.40 0.0 
64254.69 0.62 0.0 
64676.26 0.60 0.0 
65084.14 0.96 0.0 
65984.40 0.33 0.0 
65932.58 0.31 0.0 
66360.00 0.64 0.0 
66797.11 0.45 0.0 
67642.65 0.72 0.0 
68060.81 0.39 0.0 
68060.83 0.48 0.0 
68493.56 0.43 0.0 
68947.81 0.35 0.0 
69385.97 0.32 0.0 
69385.92 0.65 0.0 
69831.45 0.37 0.0 
69831.45 0.40 0.0 
70267.65 0.43 0.0 
70705.77 0.58 0.0 
70705.76 0.74 0.0 
71159.59 0.52 0.0 
71159.57 0.94 0.0 
71605.05 0.48 0.0 
71605.10 0.37 0.0 
72011.41 0.89 0.0 
72011.41 0.33 0.0 
72745.87 0.37 0.0 
72893.51 0.84 0.0 
72893.57 0.51 0.0 
73362.01 0.72 0.0 
73797.08 0.75 0.0 
74232.93 0.77 0.0 
74642.77 0.60 0.0 
74642.73 0.65 0.0 
75073.14 0.48 0.0 
75073.06 0.91 0.0 
75500.49 0.33 0.0 
75500.48 0.56 0.0 
75961.60 0.53 0.0 
76406.08 0.63 0.0 
76876.45 0.36 0.0 
77342.97 0.34 0.0 
77342.97 0.37 0.0 
78274.92 0.59 0.0 
78274.89 0.35 0.0 
78743.34 0.48 0.0 
78743.39 0.34 0.0 
79183.41 0.60 0.0 
80097.84 0.54 0.0 
80395.55 0.76 0.0 
80379.65 0.33 0.0 
80379.29 0.34 0.0 
80395.56 0.64 0.0 
80603.88 0.47 0.0 
80603.88 0.53 0.0 
81086.45 0.50 0.0 
81086.46 0.55 0.0 
81546.09 0.60 0.0 
81982.48 0.31 0.0 
81987.33 0.49 0.0 
82269.20 0.43 0.0 
82288.67 0.67 0.0 
82288.64 0.60 0.0 
82348.33 0.71 0.0 
82317.56 0.47 0.0 
82415.13 0.39 0.0 
82373.83 0.67 0.0 
82952.37 0.34 0.0 
82952.42 0.44 0.0 
83118.33 0.53 0.0 
83129.27 0.39 0.0 
83416.41 0.58 0.0 
83416.41 0.45 0.0 
83936.13 0.79 0.0 
84386.48 0.71 0.0 
84386.48 0.91 0.0 
84556.99 0.38 0.0 
84855.88 0.83 0.0 
84756.16 0.54 0.0 
84855.89 0.70 0.0 
85298.93 0.30 0.0 
85761.01 0.41 0.0 
85761.01 0.45 0.0 
85738.93 0.51 0.0 
86202.96 0.61 0.0 
