640.45 0.41 0.0 
712.72 0.48 0.0 
763.23 0.84 0.0 
763.25 0.49 0.0 
2760.77 0.37 0.0 
2760.73 0.41 0.0 
3568.39 0.88 0.0 
3929.42 0.85 0.0 
4750.23 0.48 0.0 
4739.40 0.65 0.0 
5923.77 0.56 0.0 
6144.76 0.51 0.0 
6144.76 0.81 0.0 
6328.28 0.80 0.0 
9854.44 0.43 0.0 
10198.76 0.42 0.0 
10346.88 0.58 0.0 
10521.12 0.35 0.0 
11023.64 0.48 0.0 
13013.76 0.85 0.0 
13013.75 0.73 0.0 
14354.49 0.60 0.0 
14579.00 0.55 0.0 
16871.11 0.81 0.0 
17263.54 0.93 0.0 
17697.51 0.32 0.0 
18643.31 0.30 0.0 
18614.16 0.36 0.0 
18727.08 0.63 0.0 
18727.04 0.32 0.0 
18999.73 0.39 0.0 
19330.08 0.32 0.0 
19438.92 0.36 0.0 
19888.92 0.41 0.0 
20609.32 0.74 0.0 
21732.91 0.35 0.0 
22182.44 0.74 0.0 
22605.71 0.36 0.0 
22630.43 0.59 0.0 
22739.05 0.34 0.0 
23321.67 0.41 0.0 
23309.57 0.74 0.0 
24536.63 0.53 0.0 
24808.57 0.39 0.0 
25178.95 0.32 0.0 
25696.56 0.45 0.0 
25813.64 0.74 0.0 
27026.13 0.40 0.0 
27674.28 0.91 0.0 
27631.17 0.39 0.0 
27856.00 0.38 0.0 
28139.04 0.36 0.0 
29621.49 0.72 0.0 
29983.35 0.38 0.0 
31109.45 0.76 0.0 
31157.47 0.62 0.0 
33178.61 0.43 0.0 
33299.33 0.31 0.0 
33343.67 0.88 0.0 
35810.24 0.92 0.0 
37664.20 0.58 0.0 
40543.21 0.47 0.0 
40543.20 0.37 0.0 
44448.81 0.57 0.0 
44477.75 0.34 0.0 
48806.85 0.57 0.0 
50137.33 0.49 0.0 
52072.73 0.47 0.0 
53217.52 0.55 0.0 
55469.57 0.62 0.0 
57978.16 0.50 0.0 
64467.88 0.72 0.0 
66884.01 0.35 0.0 
69378.27 0.37 0.0 
75287.35 0.41 0.0 
75477.25 0.79 0.0 
75449.49 0.45 0.0 
75758.11 0.62 0.0 
75758.07 0.38 0.0 
75803.11 0.88 0.0 
75803.13 0.38 0.0 
76904.17 0.59 0.0 
77353.89 0.33 0.0 
78119.48 0.51 0.0 
78673.58 0.97 0.0 
78673.57 0.56 0.0 
78969.85 0.65 0.0 
80396.09 0.50 0.0 
80396.05 0.51 0.0 
80379.64 0.71 0.0 
83824.57 0.55 0.0 
