243.45 0.34 0.0 
357.84 0.80 0.0 
329.33 0.80 0.0 
329.31 0.36 0.0 
923.75 0.40 0.0 
1000.21 0.51 0.0 
908.49 0.68 0.0 
1289.40 0.34 0.0 
1487.51 0.71 0.0 
1498.52 0.31 0.0 
1487.53 0.61 0.0 
1708.99 0.92 0.0 
1778.72 0.54 0.0 
1799.43 0.37 0.0 
1934.54 0.33 0.0 
1978.40 0.95 0.0 
2173.85 0.40 0.0 
2089.88 0.45 0.0 
2155.95 0.89 0.0 
2089.87 0.82 0.0 
2488.12 0.33 0.0 
2765.97 0.49 0.0 
2744.28 0.39 0.0 
2697.98 0.85 0.0 
3000.77 0.33 0.0 
3031.49 0.45 0.0 
2937.75 0.34 0.0 
3000.69 0.78 0.0 
3093.95 0.68 0.0 
3138.47 0.43 0.0 
3031.44 0.37 0.0 
3093.97 0.79 0.0 
3138.45 0.33 0.0 
3250.42 0.83 0.0 
3192.89 0.45 0.0 
3243.62 0.42 0.0 
3192.88 0.72 0.0 
3329.15 0.65 0.0 
3329.13 0.47 0.0 
3270.84 0.40 0.0 
3288.24 0.79 0.0 
3294.39 0.42 0.0 
3355.01 0.64 0.0 
3385.60 0.38 0.0 
3288.26 0.88 0.0 
3479.57 0.61 0.0 
3576.17 0.54 0.0 
3620.76 0.50 0.0 
3632.73 0.40 0.0 
3625.76 0.81 0.0 
3629.17 0.31 0.0 
3734.60 0.63 0.0 
3632.72 0.43 0.0 
4045.13 0.42 0.0 
4454.19 0.54 0.0 
4455.09 0.72 0.0 
4566.12 0.56 0.0 
4573.99 0.96 0.0 
4497.61 0.52 0.0 
4539.24 0.82 0.0 
4573.97 0.42 0.0 
4586.47 0.30 0.0 
4492.88 0.46 0.0 
4508.36 0.57 0.0 
4513.40 0.67 0.0 
4660.67 0.50 0.0 
4660.72 0.43 0.0 
4824.19 0.32 0.0 
4934.17 0.38 0.0 
4922.32 0.33 0.0 
5125.83 0.32 0.0 
5114.15 0.86 0.0 
5247.61 0.97 0.0 
5388.41 0.66 0.0 
5392.08 0.65 0.0 
5335.89 0.53 0.0 
5392.08 0.54 0.0 
5729.81 0.42 0.0 
5743.07 0.94 0.0 
5780.63 0.36 0.0 
5695.05 0.51 0.0 
6061.51 0.76 0.0 
6061.53 0.31 0.0 
6270.86 0.66 0.0 
6286.09 0.48 0.0 
6481.09 0.64 0.0 
6408.49 0.70 0.0 
6616.44 0.52 0.0 
6680.61 0.68 0.0 
6680.64 0.88 0.0 
6763.71 0.58 0.0 
6717.91 0.43 0.0 
6747.65 0.37 0.0 
6867.64 0.31 0.0 
7069.05 0.53 0.0 
7015.79 0.33 0.0 
7069.04 0.51 0.0 
7015.81 0.42 0.0 
7182.71 0.39 0.0 
7268.37 0.32 0.0 
7268.33 0.45 0.0 
7274.42 0.80 0.0 
7408.22 0.86 0.0 
7420.49 0.49 0.0 
7671.29 0.49 0.0 
7693.35 0.39 0.0 
7722.41 0.35 0.0 
7799.56 0.84 0.0 
7845.71 0.52 0.0 
8098.61 0.34 0.0 
8292.49 0.57 0.0 
8251.81 0.53 0.0 
8250.55 0.52 0.0 
8276.85 0.55 0.0 
8367.80 0.72 0.0 
8511.56 0.42 0.0 
8504.79 0.88 0.0 
8511.65 0.43 0.0 
8521.47 0.35 0.0 
8625.21 0.68 0.0 
8723.72 0.65 0.0 
8728.93 0.33 0.0 
8789.20 0.48 0.0 
8805.63 0.47 0.0 
8985.57 0.42 0.0 
8967.60 0.93 0.0 
8980.81 0.61 0.0 
9060.71 0.31 0.0 
9092.28 0.39 0.0 
9093.68 0.41 0.0 
9163.97 0.34 0.0 
9093.69 0.42 0.0 
9060.73 0.42 0.0 
9377.27 0.55 0.0 
9404.59 0.75 0.0 
9419.28 0.82 0.0 
9599.21 0.35 0.0 
9688.96 0.34 0.0 
9822.41 0.33 0.0 
10094.01 0.32 0.0 
10363.89 0.45 0.0 
10663.76 0.59 0.0 
10633.23 0.31 0.0 
10787.19 0.30 0.0 
10841.65 0.43 0.0 
10787.20 0.63 0.0 
10981.61 0.47 0.0 
10981.64 0.92 0.0 
11403.88 0.49 0.0 
11384.20 0.77 0.0 
11615.71 0.75 0.0 
11615.68 0.55 0.0 
11988.69 0.38 0.0 
12093.28 0.51 0.0 
12281.92 0.52 0.0 
12291.48 0.41 0.0 
12516.07 0.38 0.0 
12748.28 0.37 0.0 
12969.96 0.43 0.0 
12970.47 0.43 0.0 
13001.77 0.32 0.0 
13077.13 0.58 0.0 
13184.43 0.46 0.0 
13492.56 0.84 0.0 
13497.68 0.64 0.0 
13641.99 0.50 0.0 
13642.01 0.41 0.0 
13961.95 0.86 0.0 
13897.89 0.37 0.0 
14053.77 0.71 0.0 
13983.99 0.90 0.0 
14063.88 0.40 0.0 
13965.21 0.36 0.0 
13984.00 0.79 0.0 
14184.28 0.31 0.0 
14184.32 0.34 0.0 
14185.21 0.31 0.0 
14207.76 0.64 0.0 
14277.07 0.53 0.0 
14306.64 0.44 0.0 
14208.43 0.36 0.0 
14225.53 0.51 0.0 
14563.04 0.51 0.0 
14455.87 0.32 0.0 
14518.55 0.56 0.0 
14606.13 0.96 0.0 
14718.27 0.37 0.0 
14909.47 0.55 0.0 
15220.06 0.32 0.0 
15494.39 0.88 0.0 
15420.60 0.62 0.0 
15420.56 0.48 0.0 
15432.81 0.43 0.0 
15598.07 0.66 0.0 
15551.02 0.53 0.0 
15731.61 0.33 0.0 
15733.79 0.64 0.0 
16124.28 0.46 0.0 
16033.85 0.92 0.0 
16216.52 0.68 0.0 
16154.44 0.44 0.0 
16314.87 0.70 0.0 
16273.17 0.48 0.0 
16647.49 0.43 0.0 
16923.21 0.48 0.0 
17323.67 0.72 0.0 
17459.42 0.66 0.0 
17891.85 0.33 0.0 
17848.95 0.94 0.0 
17837.39 0.94 0.0 
17909.36 0.32 0.0 
18029.41 0.66 0.0 
18031.99 0.39 0.0 
18044.32 0.36 0.0 
17947.33 0.32 0.0 
18088.25 0.52 0.0 
18103.93 0.73 0.0 
18031.99 0.66 0.0 
18633.45 0.43 0.0 
18908.39 0.49 0.0 
18940.24 0.35 0.0 
18873.20 0.31 0.0 
19094.32 0.56 0.0 
19124.56 0.31 0.0 
19167.57 0.66 0.0 
19158.21 0.55 0.0 
19138.21 0.43 0.0 
19154.12 0.84 0.0 
19469.28 0.78 0.0 
19499.56 0.53 0.0 
19585.49 0.40 0.0 
19829.20 0.44 0.0 
19959.71 0.36 0.0 
19964.28 0.51 0.0 
19919.41 0.64 0.0 
20056.37 0.43 0.0 
20024.37 0.55 0.0 
20133.72 0.70 0.0 
20133.72 0.59 0.0 
20158.61 0.44 0.0 
20306.97 0.30 0.0 
20350.22 0.37 0.0 
20367.96 0.40 0.0 
20337.46 0.38 0.0 
20397.09 0.35 0.0 
20343.08 0.31 0.0 
20344.79 0.37 0.0 
20350.21 0.30 0.0 
20354.59 0.57 0.0 
20533.91 0.58 0.0 
20504.04 0.59 0.0 
20472.85 0.95 0.0 
20621.05 0.91 0.0 
20621.04 0.84 0.0 
20669.48 0.51 0.0 
20772.94 0.91 0.0 
20803.85 0.33 0.0 
20788.20 0.33 0.0 
20849.10 0.30 0.0 
20835.34 0.38 0.0 
20902.11 0.39 0.0 
20877.08 0.39 0.0 
20902.15 0.56 0.0 
21041.00 0.77 0.0 
21164.48 0.48 0.0 
21040.99 0.73 0.0 
21119.19 0.47 0.0 
21327.43 0.38 0.0 
21336.19 0.58 0.0 
21336.15 0.44 0.0 
21412.93 0.42 0.0 
21613.61 0.31 0.0 
21664.36 0.41 0.0 
22164.44 0.31 0.0 
22135.44 0.78 0.0 
22362.86 0.41 0.0 
22412.89 0.92 0.0 
22420.67 0.67 0.0 
22412.88 0.88 0.0 
22420.64 0.39 0.0 
22424.77 0.43 0.0 
22394.00 0.56 0.0 
22603.65 0.47 0.0 
22646.61 0.34 0.0 
22705.86 0.37 0.0 
22632.41 0.54 0.0 
22814.08 0.48 0.0 
22725.10 0.75 0.0 
22730.01 0.50 0.0 
22892.21 0.42 0.0 
22967.93 0.30 0.0 
23189.57 0.40 0.0 
23297.17 0.56 0.0 
23363.60 0.35 0.0 
23363.61 0.44 0.0 
23543.84 0.41 0.0 
23543.87 0.73 0.0 
23629.09 0.46 0.0 
23803.69 0.52 0.0 
25288.45 0.63 0.0 
25289.58 0.41 0.0 
25573.75 0.90 0.0 
25528.89 0.67 0.0 
25587.05 0.45 0.0 
25559.44 0.73 0.0 
25798.12 0.59 0.0 
25906.59 0.43 0.0 
25932.81 0.55 0.0 
25903.31 0.46 0.0 
25845.80 0.41 0.0 
25987.73 0.73 0.0 
26012.56 0.45 0.0 
26012.60 0.74 0.0 
26020.80 0.69 0.0 
26069.07 0.32 0.0 
25987.69 0.68 0.0 
26180.97 0.86 0.0 
26180.96 0.63 0.0 
26348.39 0.79 0.0 
26348.36 0.31 0.0 
26638.99 0.45 0.0 
26639.06 0.89 0.0 
26710.15 0.33 0.0 
26893.13 0.45 0.0 
26828.25 0.60 0.0 
26816.00 0.82 0.0 
26815.95 0.46 0.0 
26988.24 0.53 0.0 
26963.40 0.38 0.0 
26988.19 0.50 0.0 
27089.12 0.57 0.0 
27245.45 0.82 0.0 
27195.64 0.88 0.0 
27395.51 0.51 0.0 
27749.57 0.43 0.0 
27809.39 0.35 0.0 
27971.72 0.44 0.0 
27943.83 0.95 0.0 
28061.79 0.96 0.0 
28061.76 0.47 0.0 
28186.51 0.32 0.0 
28399.13 0.32 0.0 
28559.53 0.54 0.0 
29358.35 0.80 0.0 
29421.47 0.37 0.0 
29436.41 0.47 0.0 
29370.07 0.63 0.0 
29436.44 0.78 0.0 
29648.19 0.81 0.0 
29624.33 0.35 0.0 
29554.05 0.57 0.0 
29641.45 0.38 0.0 
29648.21 0.89 0.0 
29788.52 0.39 0.0 
30252.77 0.35 0.0 
30324.96 0.59 0.0 
30324.95 0.90 0.0 
30431.93 0.59 0.0 
30988.60 0.53 0.0 
31522.81 0.31 0.0 
31768.44 0.44 0.0 
31799.16 0.93 0.0 
32081.51 0.38 0.0 
31975.39 0.36 0.0 
32207.55 0.36 0.0 
32377.20 0.37 0.0 
32737.60 0.46 0.0 
34664.44 0.34 0.0 
34664.45 0.44 0.0 
34698.16 0.45 0.0 
35053.71 0.34 0.0 
35010.96 0.32 0.0 
35304.60 0.34 0.0 
35278.28 0.71 0.0 
35304.60 0.30 0.0 
35306.14 0.75 0.0 
35233.29 0.44 0.0 
35518.53 0.36 0.0 
35690.31 0.47 0.0 
35898.45 0.50 0.0 
35898.45 0.40 0.0 
36044.05 0.42 0.0 
35995.28 0.46 0.0 
36812.07 0.32 0.0 
36944.48 0.40 0.0 
37002.57 0.73 0.0 
37016.84 0.91 0.0 
37069.44 0.79 0.0 
37109.56 0.73 0.0 
37016.83 0.94 0.0 
37027.24 0.54 0.0 
37033.71 0.35 0.0 
37145.97 0.85 0.0 
37145.99 0.53 0.0 
37262.05 0.54 0.0 
37303.83 0.64 0.0 
37318.30 0.85 0.0 
37262.06 0.85 0.0 
37495.45 0.37 0.0 
37693.48 0.34 0.0 
38067.75 0.38 0.0 
38175.49 0.59 0.0 
38310.12 0.35 0.0 
39719.03 0.64 0.0 
39674.00 0.51 0.0 
39867.23 0.91 0.0 
40100.02 0.30 0.0 
40122.73 0.49 0.0 
40099.99 0.47 0.0 
40268.36 0.70 0.0 
40889.44 0.46 0.0 
41342.31 0.46 0.0 
41605.73 0.38 0.0 
41802.36 0.84 0.0 
41954.10 0.87 0.0 
42322.77 0.33 0.0 
42615.67 0.30 0.0 
43094.15 0.87 0.0 
43391.43 0.52 0.0 
43391.46 0.90 0.0 
43693.13 0.50 0.0 
43889.51 0.35 0.0 
44415.67 0.36 0.0 
44443.76 0.68 0.0 
44487.81 0.33 0.0 
44513.20 0.63 0.0 
44833.95 0.81 0.0 
45145.89 0.38 0.0 
45193.85 0.30 0.0 
45193.88 0.64 0.0 
45299.24 0.62 0.0 
45626.91 0.41 0.0 
45703.49 0.30 0.0 
45867.61 0.40 0.0 
46190.81 0.36 0.0 
46556.72 0.47 0.0 
46556.76 0.57 0.0 
46753.25 0.34 0.0 
46754.19 0.42 0.0 
47042.00 0.34 0.0 
47008.07 0.43 0.0 
47042.01 0.45 0.0 
47440.51 0.70 0.0 
47849.09 0.49 0.0 
47954.12 0.51 0.0 
48149.48 0.32 0.0 
48073.39 0.56 0.0 
48763.62 0.73 0.0 
49092.36 0.83 0.0 
49114.56 0.34 0.0 
49018.57 0.59 0.0 
50248.72 0.35 0.0 
50772.42 0.34 0.0 
50923.24 0.59 0.0 
51204.32 0.37 0.0 
51291.36 0.86 0.0 
51291.37 0.48 0.0 
51573.93 0.45 0.0 
51617.81 0.58 0.0 
51643.68 0.32 0.0 
51617.81 0.33 0.0 
51823.80 0.76 0.0 
52228.61 0.64 0.0 
52694.44 0.56 0.0 
53177.58 0.31 0.0 
53177.63 0.41 0.0 
53624.57 0.43 0.0 
53592.65 0.32 0.0 
53748.57 0.53 0.0 
53839.98 0.31 0.0 
54042.60 0.77 0.0 
54628.00 0.77 0.0 
54553.64 0.64 0.0 
54879.80 0.37 0.0 
55379.51 0.74 0.0 
55801.96 0.61 0.0 
55858.52 0.43 0.0 
57687.93 0.34 0.0 
58498.93 0.62 0.0 
58883.68 0.32 0.0 
58977.61 0.95 0.0 
58977.62 0.75 0.0 
59294.11 0.33 0.0 
59248.08 0.47 0.0 
59538.97 0.42 0.0 
59539.00 0.65 0.0 
60296.96 0.87 0.0 
60296.96 0.84 0.0 
60643.75 0.35 0.0 
60740.13 0.40 0.0 
61033.69 0.48 0.0 
61678.29 0.31 0.0 
62140.37 0.38 0.0 
62106.51 0.35 0.0 
62263.32 0.42 0.0 
62699.20 0.70 0.0 
63014.93 0.58 0.0 
63472.27 0.31 0.0 
63495.54 0.87 0.0 
63495.49 0.45 0.0 
63599.65 0.80 0.0 
63943.40 0.85 0.0 
64170.96 0.55 0.0 
64170.96 0.54 0.0 
64293.85 0.46 0.0 
64754.09 0.60 0.0 
64903.04 0.93 0.0 
65292.08 0.43 0.0 
65249.19 0.53 0.0 
65684.51 0.39 0.0 
65594.33 0.53 0.0 
66703.84 0.39 0.0 
66749.16 0.45 0.0 
67001.44 0.41 0.0 
66912.73 0.58 0.0 
67393.38 0.76 0.0 
67666.49 0.33 0.0 
67903.81 0.31 0.0 
67988.73 0.39 0.0 
68399.56 0.66 0.0 
68534.35 0.94 0.0 
68621.12 0.60 0.0 
69045.59 0.34 0.0 
69302.75 0.35 0.0 
69302.76 0.54 0.0 
74370.69 0.66 0.0 
74667.62 0.42 0.0 
75829.04 0.48 0.0 
76528.01 0.32 0.0 
77370.71 0.38 0.0 
80400.57 0.35 0.0 
80382.83 0.80 0.0 
80382.78 0.55 0.0 
80400.53 0.48 0.0 
82682.23 0.39 0.0 
82619.48 0.43 0.0 
82855.99 0.74 0.0 
82856.04 0.40 0.0 
83309.48 0.64 0.0 
83339.43 0.33 0.0 
84172.29 0.42 0.0 
84599.09 0.55 0.0 
85124.44 0.42 0.0 
85349.36 0.81 0.0 
86008.04 0.47 0.0 
86187.71 0.35 0.0 
