1518.55 0.32 0.0 
2563.05 0.30 0.0 
2746.81 0.52 0.0 
2767.36 0.36 0.0 
3178.39 0.30 0.0 
3815.93 0.41 0.0 
5726.40 0.45 0.0 
6493.51 0.74 0.0 
6493.51 0.31 0.0 
8466.73 0.39 0.0 
8892.75 0.68 0.0 
8999.31 0.42 0.0 
10842.51 0.45 0.0 
11078.75 0.75 0.0 
11336.79 0.79 0.0 
11264.16 0.48 0.0 
11863.80 0.72 0.0 
11865.51 0.33 0.0 
11948.92 0.48 0.0 
11863.80 0.81 0.0 
11959.55 0.36 0.0 
11982.33 0.33 0.0 
11982.84 0.32 0.0 
12276.99 0.48 0.0 
13720.99 0.93 0.0 
13649.13 0.42 0.0 
13720.99 0.84 0.0 
14411.09 0.30 0.0 
14915.21 0.40 0.0 
15008.87 0.34 0.0 
15286.19 0.35 0.0 
17278.71 0.46 0.0 
17238.86 0.54 0.0 
20022.77 0.35 0.0 
21369.13 0.54 0.0 
22259.39 0.32 0.0 
23111.17 0.47 0.0 
25210.99 0.34 0.0 
25513.21 0.30 0.0 
25739.60 0.45 0.0 
26534.12 0.49 0.0 
26549.03 0.55 0.0 
28199.55 0.39 0.0 
29128.97 0.40 0.0 
29442.29 0.45 0.0 
29444.32 0.35 0.0 
29410.67 0.38 0.0 
30584.32 0.43 0.0 
30882.91 0.37 0.0 
30925.55 0.35 0.0 
31079.13 0.40 0.0 
32023.08 0.36 0.0 
32023.04 0.67 0.0 
34949.48 0.41 0.0 
36322.21 0.67 0.0 
36322.24 0.64 0.0 
36719.28 0.52 0.0 
37181.53 0.40 0.0 
37199.09 0.36 0.0 
37317.84 0.51 0.0 
37839.71 0.42 0.0 
37839.68 0.36 0.0 
37917.43 0.43 0.0 
39928.89 0.37 0.0 
40555.73 0.56 0.0 
40527.54 0.33 0.0 
46284.00 0.61 0.0 
46284.00 0.72 0.0 
47218.01 0.36 0.0 
47728.91 0.43 0.0 
48282.01 0.41 0.0 
49072.92 0.33 0.0 
49963.96 0.31 0.0 
51659.07 0.59 0.0 
52169.51 0.33 0.0 
53070.34 0.33 0.0 
53406.77 0.46 0.0 
53728.11 0.57 0.0 
58484.40 0.57 0.0 
59039.45 0.40 0.0 
59983.49 0.30 0.0 
60128.96 0.37 0.0 
60718.99 0.32 0.0 
60689.13 0.33 0.0 
60995.07 0.31 0.0 
60925.83 0.31 0.0 
62459.03 0.57 0.0 
62384.51 0.31 0.0 
63490.83 0.30 0.0 
64979.27 0.46 0.0 
66218.97 0.66 0.0 
66219.03 0.43 0.0 
66763.89 0.31 0.0 
67393.91 0.34 0.0 
68098.85 0.31 0.0 
68579.45 0.35 0.0 
68819.03 0.68 0.0 
68951.77 0.78 0.0 
69831.23 0.35 0.0 
70108.83 0.50 0.0 
74021.81 0.38 0.0 
76802.63 0.39 0.0 
76835.76 0.40 0.0 
79304.37 0.48 0.0 
80098.93 0.39 0.0 
80158.81 0.33 0.0 
80388.84 0.83 0.0 
80405.56 0.51 0.0 
80405.58 0.63 0.0 
80489.47 0.41 0.0 
80578.97 0.61 0.0 
80680.79 0.54 0.0 
81922.96 0.75 0.0 
81922.92 0.39 0.0 
84104.51 0.30 0.0 
85009.77 0.51 0.0 
84988.47 0.55 0.0 
85438.91 0.33 0.0 
85526.95 0.32 0.0 
