415.88 0.66 0.0 
986.68 0.35 0.0 
1243.17 0.51 0.0 
2338.20 0.34 0.0 
2591.13 0.43 0.0 
2804.12 0.57 0.0 
3553.05 0.56 0.0 
4665.80 0.45 0.0 
4872.39 0.36 0.0 
4948.97 0.42 0.0 
5111.80 0.59 0.0 
6014.51 0.63 0.0 
6334.61 0.32 0.0 
6362.09 0.35 0.0 
6851.01 0.32 0.0 
7839.61 0.44 0.0 
9481.89 0.42 0.0 
9481.93 0.74 0.0 
9883.05 0.71 0.0 
9882.97 0.46 0.0 
16544.48 0.38 0.0 
16676.55 0.60 0.0 
19810.52 0.45 0.0 
20741.80 0.41 0.0 
22180.05 0.36 0.0 
23801.56 0.36 0.0 
24460.29 0.43 0.0 
26502.80 0.43 0.0 
27914.33 0.65 0.0 
27837.69 0.42 0.0 
29168.92 0.31 0.0 
29710.80 0.40 0.0 
30760.44 0.67 0.0 
30895.11 0.43 0.0 
31672.88 0.35 0.0 
31912.29 0.67 0.0 
33223.96 0.33 0.0 
33836.24 0.68 0.0 
34316.24 0.63 0.0 
35083.73 0.41 0.0 
35654.05 0.36 0.0 
35938.25 0.51 0.0 
36612.41 0.33 0.0 
36902.68 0.32 0.0 
36875.68 0.36 0.0 
37469.12 0.32 0.0 
37993.89 0.31 0.0 
38983.09 0.48 0.0 
41562.40 0.42 0.0 
42339.91 0.36 0.0 
42694.15 0.53 0.0 
43119.76 0.53 0.0 
45208.47 0.58 0.0 
46780.43 0.67 0.0 
47037.09 0.57 0.0 
47231.59 0.38 0.0 
48267.33 0.48 0.0 
48755.61 0.53 0.0 
48755.56 0.47 0.0 
50113.15 0.36 0.0 
51775.80 0.51 0.0 
52746.97 0.66 0.0 
52932.20 0.71 0.0 
53108.64 0.59 0.0 
55750.17 0.64 0.0 
55694.17 0.49 0.0 
55873.64 0.36 0.0 
55994.52 0.41 0.0 
57283.20 0.54 0.0 
58179.19 0.34 0.0 
61211.16 0.49 0.0 
61941.12 0.36 0.0 
62728.32 0.31 0.0 
64825.35 0.34 0.0 
65383.39 0.32 0.0 
65893.57 0.31 0.0 
66960.07 0.43 0.0 
71176.01 0.51 0.0 
71300.23 0.51 0.0 
73183.32 0.39 0.0 
76899.17 0.43 0.0 
77773.24 0.59 0.0 
78712.49 0.35 0.0 
79183.71 0.58 0.0 
80545.05 0.38 0.0 
81282.19 0.39 0.0 
82044.53 0.62 0.0 
82422.26 0.35 0.0 
82471.24 0.39 0.0 
83346.41 0.73 0.0 
83940.21 0.41 0.0 
83891.97 0.35 0.0 
84324.91 0.33 0.0 
84447.77 0.73 0.0 
84493.29 0.48 0.0 
84929.41 0.36 0.0 
85902.01 0.36 0.0 
