648.29 0.64 0.0 
7614.21 0.53 0.0 
7614.31 0.56 0.0 
7706.63 0.44 0.0 
8234.59 0.49 0.0 
8671.06 0.57 0.0 
8658.56 0.81 0.0 
8658.58 0.69 0.0 
11822.66 0.42 0.0 
12272.00 0.71 0.0 
12292.39 0.47 0.0 
12224.56 0.87 0.0 
12272.03 0.89 0.0 
12292.37 0.48 0.0 
12224.59 0.50 0.0 
12905.56 0.49 0.0 
14370.55 0.33 0.0 
14586.84 0.44 0.0 
15179.98 0.78 0.0 
15444.97 0.51 0.0 
15661.54 0.71 0.0 
15444.93 0.32 0.0 
15661.51 0.39 0.0 
15939.99 0.38 0.0 
16492.79 0.32 0.0 
18702.87 0.51 0.0 
18559.83 0.32 0.0 
19223.58 0.42 0.0 
20315.39 0.41 0.0 
21157.13 0.37 0.0 
21364.93 0.31 0.0 
21364.88 0.64 0.0 
26515.71 0.34 0.0 
27213.53 0.66 0.0 
28861.88 0.64 0.0 
33185.94 0.71 0.0 
33185.93 0.34 0.0 
34449.09 0.81 0.0 
34449.07 0.85 0.0 
35095.60 0.35 0.0 
35381.41 0.52 0.0 
35381.41 0.49 0.0 
36115.84 0.69 0.0 
36462.01 0.56 0.0 
37145.99 0.89 0.0 
37089.95 0.37 0.0 
37145.99 0.78 0.0 
37089.91 0.85 0.0 
37395.56 0.61 0.0 
37847.23 0.58 0.0 
37847.19 0.63 0.0 
39228.29 0.70 0.0 
39612.03 0.37 0.0 
40317.31 0.47 0.0 
46413.29 0.61 0.0 
46563.55 0.38 0.0 
47307.59 0.58 0.0 
48466.05 0.59 0.0 
49514.79 0.40 0.0 
50641.21 0.80 0.0 
50931.42 0.90 0.0 
50931.40 0.89 0.0 
51374.35 0.43 0.0 
51512.67 0.33 0.0 
51759.91 0.46 0.0 
52386.67 0.32 0.0 
53269.23 0.59 0.0 
54567.48 0.65 0.0 
55076.63 0.48 0.0 
55367.27 0.39 0.0 
55367.30 0.79 0.0 
57489.99 0.61 0.0 
57489.96 0.74 0.0 
76023.63 0.36 0.0 
78457.05 0.63 0.0 
80800.92 0.83 0.0 
80800.95 0.41 0.0 
83352.57 0.41 0.0 
84753.93 0.64 0.0 
85692.75 0.37 0.0 
86066.29 0.47 0.0 
