2983.04 0.83 0.0 
3211.21 0.52 0.0 
3456.81 0.30 0.0 
3456.81 0.53 0.0 
3837.25 0.80 0.0 
6149.12 0.39 0.0 
7614.08 0.72 0.0 
7614.10 0.75 0.0 
8234.58 0.41 0.0 
8656.91 0.91 0.0 
8656.92 0.85 0.0 
10437.08 0.72 0.0 
12271.79 0.81 0.0 
12291.96 0.94 0.0 
12223.67 0.96 0.0 
12271.78 0.95 0.0 
12291.96 0.97 0.0 
12223.67 0.98 0.0 
13960.45 0.41 0.0 
14365.29 0.35 0.0 
14586.83 0.48 0.0 
15179.68 0.48 0.0 
15179.70 0.98 0.0 
15441.37 0.51 0.0 
15441.33 0.39 0.0 
15938.61 0.34 0.0 
15938.60 0.45 0.0 
19218.73 0.56 0.0 
19218.76 0.64 0.0 
22319.16 0.65 0.0 
23490.77 0.37 0.0 
26248.43 0.32 0.0 
26456.11 0.31 0.0 
26862.99 0.43 0.0 
27403.80 0.66 0.0 
27717.12 0.70 0.0 
27717.09 0.50 0.0 
28895.84 0.41 0.0 
30073.75 0.54 0.0 
30073.72 0.66 0.0 
30224.12 0.33 0.0 
33635.89 0.36 0.0 
34448.62 0.98 0.0 
34448.62 0.98 0.0 
35381.13 0.97 0.0 
35412.24 0.55 0.0 
35547.07 0.43 0.0 
35381.12 0.97 0.0 
36115.81 0.84 0.0 
36462.03 0.36 0.0 
37145.73 0.96 0.0 
37089.85 0.53 0.0 
37145.72 0.96 0.0 
40317.26 0.65 0.0 
41486.88 0.35 0.0 
41914.65 0.42 0.0 
41914.65 0.69 0.0 
47307.59 0.59 0.0 
48564.41 0.40 0.0 
50930.49 0.97 0.0 
50930.50 0.97 0.0 
51759.87 0.33 0.0 
52331.09 0.70 0.0 
52331.07 0.34 0.0 
54134.00 0.33 0.0 
54312.07 0.61 0.0 
54567.43 0.72 0.0 
55072.08 0.53 0.0 
55072.09 0.34 0.0 
57487.27 0.41 0.0 
57487.15 0.69 0.0 
63087.67 0.32 0.0 
67352.61 0.43 0.0 
67343.20 0.31 0.0 
74934.68 0.34 0.0 
77998.55 0.55 0.0 
78456.98 0.60 0.0 
78818.69 0.33 0.0 
80800.87 0.43 0.0 
82466.67 0.36 0.0 
83337.56 0.42 0.0 
84694.75 0.50 0.0 
85370.47 0.33 0.0 
85692.67 0.39 0.0 
