507.52 0.40 0.0 
5560.88 0.49 0.0 
6820.17 0.33 0.0 
7588.63 0.56 0.0 
8478.40 0.45 0.0 
8478.45 0.36 0.0 
8643.59 0.98 0.0 
8643.59 0.98 0.0 
9734.32 0.66 0.0 
9734.36 0.75 0.0 
10783.37 0.36 0.0 
11170.69 0.33 0.0 
11798.10 0.92 0.0 
11798.08 0.83 0.0 
12524.48 0.37 0.0 
13677.36 0.31 0.0 
13695.08 0.95 0.0 
13931.91 0.67 0.0 
13931.91 0.82 0.0 
14059.88 0.57 0.0 
13844.04 0.30 0.0 
14203.14 0.82 0.0 
15923.97 0.96 0.0 
15923.97 0.96 0.0 
15762.49 0.63 0.0 
18705.72 0.67 0.0 
18705.76 0.38 0.0 
19208.12 0.45 0.0 
19223.88 0.82 0.0 
19208.20 0.79 0.0 
19223.89 0.89 0.0 
21358.89 0.33 0.0 
26424.75 0.89 0.0 
26449.97 0.49 0.0 
26424.76 0.90 0.0 
27864.93 0.37 0.0 
28220.15 0.44 0.0 
29868.76 0.45 0.0 
30627.56 0.44 0.0 
31049.45 0.70 0.0 
31920.09 0.44 0.0 
33170.87 0.89 0.0 
33170.84 0.77 0.0 
33374.08 0.48 0.0 
33409.45 0.43 0.0 
33851.45 0.41 0.0 
33912.95 0.56 0.0 
35380.72 0.47 0.0 
35848.52 0.37 0.0 
36069.40 0.31 0.0 
36177.17 0.38 0.0 
36246.28 0.31 0.0 
38848.36 0.34 0.0 
41939.48 0.31 0.0 
42327.68 0.33 0.0 
42668.13 0.37 0.0 
43199.40 0.50 0.0 
45633.29 0.48 0.0 
46379.57 0.36 0.0 
47457.25 0.46 0.0 
47935.41 0.37 0.0 
50611.28 0.35 0.0 
51731.15 0.59 0.0 
52360.45 0.32 0.0 
53069.27 0.38 0.0 
54215.69 0.34 0.0 
56519.44 0.72 0.0 
58597.40 0.32 0.0 
61588.10 0.39 0.0 
66537.53 0.30 0.0 
68133.07 0.39 0.0 
69545.49 0.31 0.0 
69545.39 0.37 0.0 
70271.17 0.42 0.0 
76950.72 0.32 0.0 
81691.40 0.32 0.0 
81973.57 0.32 0.0 
82274.40 0.47 0.0 
83954.51 0.45 0.0 
84179.47 0.58 0.0 
