5410.03 0.38 0.0 
5984.20 0.30 0.0 
6705.56 0.73 0.0 
6705.55 0.65 0.0 
9699.15 0.64 0.0 
9696.40 0.32 0.0 
9716.53 0.47 0.0 
13521.32 0.80 0.0 
13521.30 0.92 0.0 
13682.96 0.89 0.0 
14191.44 0.31 0.0 
13682.99 0.88 0.0 
14512.80 0.84 0.0 
14512.80 0.86 0.0 
15418.71 0.49 0.0 
15404.16 0.54 0.0 
15956.69 0.49 0.0 
16478.68 0.52 0.0 
16478.68 0.94 0.0 
18538.48 0.54 0.0 
20713.50 0.97 0.0 
20713.49 0.90 0.0 
21295.21 0.47 0.0 
21283.84 0.76 0.0 
23979.19 0.55 0.0 
23654.04 0.50 0.0 
23923.77 0.57 0.0 
26893.17 0.51 0.0 
28368.37 0.33 0.0 
29126.45 0.44 0.0 
29590.53 0.36 0.0 
29608.53 0.37 0.0 
30084.36 0.42 0.0 
31843.69 0.65 0.0 
32653.37 0.36 0.0 
41203.99 0.36 0.0 
43842.20 0.77 0.0 
47758.96 0.62 0.0 
67068.41 0.30 0.0 
70334.32 0.32 0.0 
82888.81 0.32 0.0 
