15495.84 0.50 0.0 
16363.56 0.56 0.0 
16881.58 0.97 0.0 
16881.57 0.97 0.0 
18702.56 0.43 0.0 
18702.59 0.59 0.0 
19435.96 0.90 0.0 
19435.96 0.80 0.0 
20918.76 0.53 0.0 
20918.76 0.64 0.0 
22797.95 0.61 0.0 
25586.33 0.34 0.0 
26830.07 0.36 0.0 
27560.82 0.95 0.0 
27560.82 0.95 0.0 
28484.11 0.41 0.0 
28918.99 0.67 0.0 
30377.04 0.36 0.0 
32488.35 0.54 0.0 
33778.92 0.72 0.0 
34416.88 0.98 0.0 
34416.88 0.98 0.0 
38338.99 0.39 0.0 
39852.68 0.59 0.0 
41443.79 0.41 0.0 
43888.00 0.56 0.0 
45389.01 0.48 0.0 
46093.83 0.63 0.0 
49111.53 0.38 0.0 
49484.20 0.30 0.0 
57508.64 0.96 0.0 
57508.64 0.93 0.0 
58001.64 0.63 0.0 
62728.05 0.30 0.0 
64467.25 0.53 0.0 
66025.81 0.66 0.0 
73468.35 0.33 0.0 
72940.60 0.36 0.0 
74564.11 0.41 0.0 
76511.24 0.35 0.0 
76740.26 0.93 0.0 
76740.28 0.91 0.0 
76769.32 0.39 0.0 
77188.95 0.36 0.0 
77218.16 0.46 0.0 
77350.12 0.35 0.0 
77685.76 0.68 0.0 
77685.76 0.66 0.0 
78116.47 0.63 0.0 
78416.96 0.50 0.0 
78715.23 0.36 0.0 
80308.53 0.48 0.0 
