101.03 0.40 0.0 
255.96 0.87 0.0 
630.61 0.46 0.0 
1455.93 0.40 0.0 
2115.77 0.35 0.0 
2452.47 0.31 0.0 
2452.43 0.34 0.0 
3081.16 0.63 0.0 
3081.14 0.56 0.0 
3870.80 0.66 0.0 
8177.04 0.94 0.0 
8177.04 0.94 0.0 
9687.85 0.47 0.0 
9687.85 0.67 0.0 
9690.79 0.30 0.0 
11739.69 0.30 0.0 
11779.19 0.31 0.0 
13683.44 0.66 0.0 
14203.54 0.65 0.0 
14709.35 0.44 0.0 
14203.55 0.43 0.0 
20176.47 0.30 0.0 
21946.74 0.71 0.0 
22245.52 0.32 0.0 
28485.54 0.76 0.0 
30371.65 0.59 0.0 
30696.25 0.41 0.0 
30696.26 0.74 0.0 
31268.45 0.43 0.0 
31268.47 0.33 0.0 
32788.14 0.48 0.0 
32788.12 0.73 0.0 
35391.83 0.35 0.0 
35528.52 0.32 0.0 
35436.41 0.35 0.0 
35436.47 0.37 0.0 
48336.28 0.39 0.0 
49260.75 0.50 0.0 
49322.82 0.47 0.0 
51333.08 0.42 0.0 
54360.48 0.51 0.0 
55706.09 0.58 0.0 
55706.11 0.61 0.0 
58727.43 0.54 0.0 
60784.31 0.60 0.0 
60784.31 0.55 0.0 
62896.39 0.65 0.0 
64069.74 0.65 0.0 
67510.28 0.54 0.0 
73620.48 0.77 0.0 
73531.75 0.48 0.0 
74375.24 0.92 0.0 
74375.23 0.95 0.0 
74402.19 0.38 0.0 
77373.05 0.67 0.0 
80026.91 0.68 0.0 
82747.67 0.38 0.0 
83701.47 0.79 0.0 
84001.05 0.33 0.0 
83701.47 0.39 0.0 
85685.51 0.43 0.0 
