180.16 0.39 0.0 
344.13 0.79 0.0 
255.31 0.82 0.0 
280.32 0.46 0.0 
314.59 0.60 0.0 
925.72 0.75 0.0 
630.64 0.39 0.0 
2631.40 0.33 0.0 
3078.75 0.49 0.0 
3599.20 0.54 0.0 
3870.04 0.30 0.0 
4137.24 0.70 0.0 
4799.17 0.49 0.0 
6781.41 0.49 0.0 
7603.24 0.66 0.0 
8174.92 0.97 0.0 
7993.24 0.52 0.0 
8175.01 0.49 0.0 
9196.33 0.80 0.0 
8833.92 0.49 0.0 
9178.45 0.85 0.0 
9676.72 0.63 0.0 
9676.71 0.97 0.0 
9284.64 0.77 0.0 
9792.56 0.50 0.0 
10409.44 0.55 0.0 
11128.92 0.39 0.0 
11293.99 0.55 0.0 
11698.76 0.46 0.0 
11818.80 0.56 0.0 
12119.24 0.94 0.0 
11776.15 0.70 0.0 
13696.24 0.36 0.0 
14065.73 0.31 0.0 
14293.89 0.39 0.0 
14200.85 0.60 0.0 
14214.85 0.61 0.0 
14533.21 0.41 0.0 
14705.79 0.97 0.0 
14200.85 0.52 0.0 
14705.78 0.98 0.0 
15364.16 0.96 0.0 
15689.21 0.33 0.0 
15364.16 0.75 0.0 
15776.52 0.34 0.0 
18372.92 0.55 0.0 
20175.97 0.54 0.0 
21935.53 0.70 0.0 
21935.51 0.31 0.0 
22648.55 0.31 0.0 
22587.84 0.72 0.0 
24028.36 0.46 0.0 
24809.41 0.52 0.0 
25289.03 0.44 0.0 
25528.95 0.53 0.0 
27329.25 0.53 0.0 
27457.49 0.35 0.0 
27284.04 0.70 0.0 
28902.04 0.39 0.0 
28724.60 0.39 0.0 
29863.80 0.42 0.0 
30494.45 0.31 0.0 
30694.16 0.74 0.0 
31228.48 0.43 0.0 
31261.49 0.43 0.0 
32788.06 0.40 0.0 
33568.20 0.68 0.0 
35384.45 0.72 0.0 
35384.45 0.71 0.0 
35431.35 0.90 0.0 
36089.44 0.54 0.0 
35431.36 0.55 0.0 
37287.84 0.62 0.0 
36914.56 0.56 0.0 
39629.48 0.36 0.0 
39974.32 0.74 0.0 
40018.21 0.35 0.0 
39907.76 0.49 0.0 
40321.81 0.31 0.0 
41774.57 0.55 0.0 
46304.22 0.59 0.0 
48335.15 0.30 0.0 
48477.29 0.46 0.0 
48759.08 0.64 0.0 
49320.79 0.89 0.0 
51010.28 0.65 0.0 
51332.17 0.33 0.0 
51823.23 0.43 0.0 
51807.86 0.64 0.0 
51850.64 0.35 0.0 
52543.77 0.47 0.0 
55699.92 0.82 0.0 
55699.95 0.72 0.0 
56187.92 0.45 0.0 
56981.59 0.88 0.0 
57674.35 0.46 0.0 
58709.28 0.47 0.0 
58919.13 0.32 0.0 
60086.33 0.43 0.0 
60780.87 0.48 0.0 
60308.20 0.41 0.0 
60313.95 0.40 0.0 
61287.00 0.67 0.0 
60780.89 0.53 0.0 
61513.52 0.43 0.0 
61859.45 0.32 0.0 
62594.41 0.59 0.0 
62895.61 0.35 0.0 
64588.16 0.55 0.0 
67723.91 0.33 0.0 
68579.04 0.52 0.0 
69777.44 0.48 0.0 
69763.00 0.30 0.0 
73017.03 0.62 0.0 
73709.49 0.49 0.0 
73600.27 0.53 0.0 
74372.99 0.91 0.0 
73698.48 0.66 0.0 
74372.98 0.95 0.0 
74398.92 0.44 0.0 
76109.09 0.60 0.0 
76528.72 0.71 0.0 
76574.01 0.50 0.0 
80969.31 0.37 0.0 
81733.76 0.74 0.0 
82348.80 0.36 0.0 
82973.25 0.32 0.0 
83741.84 0.51 0.0 
83700.83 0.69 0.0 
84118.87 0.55 0.0 
84583.84 0.90 0.0 
84299.51 0.45 0.0 
85274.01 0.73 0.0 
85684.13 0.31 0.0 
86190.48 0.36 0.0 
85972.57 0.56 0.0 
