74.05 0.43 0.0 
764.51 0.71 0.0 
745.84 0.88 0.0 
1167.87 0.83 0.0 
1695.68 0.82 0.0 
1618.25 0.91 0.0 
2173.99 0.73 0.0 
2401.49 0.60 0.0 
2865.36 0.32 0.0 
2865.36 0.95 0.0 
3131.92 0.53 0.0 
4212.67 0.88 0.0 
4258.37 0.31 0.0 
6339.97 0.32 0.0 
6855.39 0.37 0.0 
6340.00 0.63 0.0 
7195.48 0.42 0.0 
7443.76 0.54 0.0 
7443.76 0.72 0.0 
7666.37 0.47 0.0 
7666.37 0.59 0.0 
7153.64 0.47 0.0 
7709.41 0.84 0.0 
8016.77 0.90 0.0 
7936.52 0.50 0.0 
7975.68 0.35 0.0 
8006.44 0.49 0.0 
8016.76 0.86 0.0 
8342.68 0.64 0.0 
8624.31 0.40 0.0 
9334.80 0.30 0.0 
9489.72 0.81 0.0 
9489.76 0.65 0.0 
9732.56 0.72 0.0 
9288.17 0.61 0.0 
11084.36 0.41 0.0 
11654.36 0.49 0.0 
11999.56 0.89 0.0 
12192.12 0.75 0.0 
12753.83 0.44 0.0 
13448.25 0.47 0.0 
13023.28 0.77 0.0 
13693.67 0.80 0.0 
13652.20 0.36 0.0 
13023.29 0.32 0.0 
13693.68 0.76 0.0 
13645.40 0.58 0.0 
13393.93 0.43 0.0 
14610.96 0.31 0.0 
17119.36 0.30 0.0 
17119.36 0.65 0.0 
17565.72 0.58 0.0 
21328.66 0.90 0.0 
22439.29 0.69 0.0 
22439.28 0.75 0.0 
22289.56 0.54 0.0 
22872.43 0.47 0.0 
23628.57 0.33 0.0 
24013.88 0.97 0.0 
23909.01 0.61 0.0 
24029.43 0.55 0.0 
23744.48 0.71 0.0 
24152.24 0.49 0.0 
24644.44 0.78 0.0 
24074.52 0.60 0.0 
24943.80 0.90 0.0 
24914.53 0.32 0.0 
25497.71 0.95 0.0 
25828.48 0.62 0.0 
26009.23 0.44 0.0 
28243.64 0.35 0.0 
33844.53 0.39 0.0 
33844.48 0.75 0.0 
35719.16 0.88 0.0 
35719.16 0.92 0.0 
42072.77 0.44 0.0 
43786.83 0.51 0.0 
44338.96 0.40 0.0 
44521.79 0.44 0.0 
46717.41 0.59 0.0 
47428.96 0.32 0.0 
48959.28 0.36 0.0 
48416.13 0.39 0.0 
49925.64 0.52 0.0 
49303.20 0.45 0.0 
49728.73 0.44 0.0 
51712.39 0.44 0.0 
51712.48 0.45 0.0 
51645.17 0.38 0.0 
51931.52 0.38 0.0 
51862.13 0.35 0.0 
52738.05 0.59 0.0 
52647.64 0.55 0.0 
56421.51 0.31 0.0 
57512.12 0.45 0.0 
57512.12 0.54 0.0 
57553.39 0.74 0.0 
58139.49 0.45 0.0 
58349.13 0.37 0.0 
58799.44 0.66 0.0 
58394.31 0.31 0.0 
59402.95 0.32 0.0 
60003.31 0.31 0.0 
60003.32 0.74 0.0 
60412.88 0.49 0.0 
60746.29 0.59 0.0 
61198.43 0.49 0.0 
60412.88 0.64 0.0 
61334.05 0.32 0.0 
61041.76 0.43 0.0 
62293.71 0.50 0.0 
62244.81 0.56 0.0 
62553.09 0.48 0.0 
63133.39 0.55 0.0 
63220.21 0.30 0.0 
63220.19 0.44 0.0 
64963.07 0.66 0.0 
66463.69 0.36 0.0 
67195.92 0.56 0.0 
67721.15 0.62 0.0 
67721.28 0.44 0.0 
67633.55 0.57 0.0 
67633.57 0.34 0.0 
67751.25 0.35 0.0 
68459.79 0.32 0.0 
71894.05 0.31 0.0 
72510.16 0.36 0.0 
73333.52 0.56 0.0 
73333.52 0.44 0.0 
73486.93 0.33 0.0 
74636.91 0.75 0.0 
75056.45 0.43 0.0 
75525.01 0.33 0.0 
76038.63 0.68 0.0 
76038.59 0.46 0.0 
79362.98 0.59 0.0 
79393.53 0.55 0.0 
80777.88 0.32 0.0 
