69.43 0.63 0.0 
69.43 0.82 0.0 
1696.38 0.85 0.0 
1696.36 0.47 0.0 
1618.25 0.31 0.0 
2402.79 0.54 0.0 
2869.07 0.78 0.0 
2869.07 0.89 0.0 
5479.23 0.55 0.0 
6587.65 0.59 0.0 
6698.67 0.57 0.0 
6341.87 0.43 0.0 
7196.60 0.42 0.0 
7445.41 0.80 0.0 
7445.42 0.87 0.0 
7667.08 0.45 0.0 
7667.07 0.56 0.0 
7831.95 0.41 0.0 
8018.67 0.91 0.0 
7938.24 0.66 0.0 
7831.94 0.89 0.0 
7938.24 0.39 0.0 
7978.32 0.63 0.0 
8009.63 0.35 0.0 
8018.68 0.88 0.0 
9336.64 0.38 0.0 
9490.14 0.94 0.0 
9490.13 0.84 0.0 
9289.73 0.58 0.0 
9845.64 0.60 0.0 
9557.51 0.35 0.0 
12055.05 0.59 0.0 
12055.05 0.32 0.0 
12755.52 0.64 0.0 
12194.43 0.61 0.0 
12755.54 0.59 0.0 
13024.44 0.92 0.0 
13914.07 0.45 0.0 
13914.07 0.45 0.0 
13648.31 0.34 0.0 
16501.99 0.37 0.0 
22440.15 0.40 0.0 
23692.43 0.36 0.0 
23692.43 0.31 0.0 
25576.71 0.74 0.0 
33845.19 0.38 0.0 
33845.20 0.78 0.0 
35719.79 0.66 0.0 
35719.75 0.66 0.0 
43790.16 0.81 0.0 
43790.16 0.78 0.0 
45781.53 0.37 0.0 
47286.83 0.36 0.0 
50490.49 0.34 0.0 
51717.43 0.39 0.0 
51304.55 0.46 0.0 
51717.45 0.62 0.0 
51817.99 0.39 0.0 
51652.15 0.32 0.0 
51934.87 0.35 0.0 
51867.53 0.54 0.0 
51555.47 0.37 0.0 
54064.78 0.79 0.0 
57330.66 0.55 0.0 
57515.01 0.36 0.0 
57514.99 0.42 0.0 
57720.51 0.31 0.0 
57874.41 0.46 0.0 
58516.29 0.55 0.0 
59265.41 0.35 0.0 
59627.63 0.41 0.0 
59405.84 0.34 0.0 
60006.24 0.35 0.0 
60213.78 0.49 0.0 
60137.46 0.47 0.0 
60416.80 0.61 0.0 
60654.84 0.67 0.0 
60318.22 0.44 0.0 
60416.78 0.46 0.0 
61198.42 0.37 0.0 
61203.77 0.38 0.0 
60646.77 0.54 0.0 
60654.85 0.54 0.0 
61046.53 0.55 0.0 
61058.39 0.30 0.0 
61367.89 0.47 0.0 
62518.25 0.35 0.0 
62207.75 0.41 0.0 
62357.44 0.49 0.0 
63225.98 0.52 0.0 
62940.43 0.33 0.0 
63060.51 0.31 0.0 
62686.15 0.41 0.0 
63308.17 0.43 0.0 
63508.73 0.40 0.0 
64656.99 0.47 0.0 
64892.51 0.42 0.0 
66856.63 0.51 0.0 
66990.35 0.60 0.0 
67003.65 0.49 0.0 
66804.81 0.33 0.0 
66966.66 0.64 0.0 
66990.40 0.43 0.0 
67112.18 0.41 0.0 
67132.03 0.37 0.0 
66804.79 0.37 0.0 
67692.13 0.62 0.0 
67036.79 0.32 0.0 
67692.11 0.31 0.0 
67132.03 0.40 0.0 
67624.92 0.56 0.0 
67640.98 0.67 0.0 
67834.34 0.52 0.0 
67745.59 0.33 0.0 
69131.81 0.62 0.0 
68479.73 0.54 0.0 
68467.17 0.55 0.0 
69131.78 0.52 0.0 
69600.59 0.39 0.0 
70601.83 0.32 0.0 
70743.27 0.54 0.0 
71267.98 0.55 0.0 
71883.87 0.35 0.0 
71976.20 0.64 0.0 
72510.43 0.33 0.0 
72543.61 0.49 0.0 
72568.26 0.33 0.0 
73065.77 0.46 0.0 
73590.47 0.47 0.0 
74146.32 0.31 0.0 
74193.08 0.62 0.0 
74971.37 0.52 0.0 
75528.13 0.47 0.0 
77251.35 0.43 0.0 
76853.79 0.45 0.0 
77142.39 0.39 0.0 
77988.13 0.38 0.0 
77206.60 0.68 0.0 
77213.41 0.56 0.0 
77961.79 0.37 0.0 
79363.02 0.35 0.0 
79363.00 0.65 0.0 
80781.39 0.74 0.0 
80781.40 0.86 0.0 
