1423.00 0.46 0.0 
2533.32 0.39 0.0 
2894.12 0.41 0.0 
3299.27 0.34 0.0 
3987.91 0.31 0.0 
6553.43 0.60 0.0 
7592.08 0.41 0.0 
7719.72 0.92 0.0 
7592.08 0.31 0.0 
7719.75 0.85 0.0 
8653.25 0.91 0.0 
8669.85 0.43 0.0 
9344.52 0.52 0.0 
9716.24 0.47 0.0 
9750.84 0.37 0.0 
10727.57 0.36 0.0 
11262.48 0.77 0.0 
11262.43 0.44 0.0 
11474.27 0.90 0.0 
11487.86 0.67 0.0 
11474.26 0.63 0.0 
11834.48 0.57 0.0 
12032.68 0.32 0.0 
12132.19 0.91 0.0 
12071.10 0.75 0.0 
12178.29 0.59 0.0 
12522.89 0.33 0.0 
12567.62 0.51 0.0 
12565.85 0.53 0.0 
13272.32 0.70 0.0 
13272.84 0.55 0.0 
13272.84 0.57 0.0 
13535.76 0.60 0.0 
13457.77 0.52 0.0 
13705.25 0.74 0.0 
13535.76 0.46 0.0 
14099.28 0.41 0.0 
14099.33 0.55 0.0 
14247.28 0.33 0.0 
14473.92 0.66 0.0 
14486.75 0.46 0.0 
15445.01 0.62 0.0 
15445.02 0.84 0.0 
15460.60 0.36 0.0 
15883.64 0.58 0.0 
16500.90 0.86 0.0 
16500.89 0.73 0.0 
17579.37 0.33 0.0 
17729.44 0.70 0.0 
18718.44 0.57 0.0 
18703.41 0.45 0.0 
18989.47 0.41 0.0 
19109.49 0.60 0.0 
19518.56 0.38 0.0 
19799.52 0.72 0.0 
19665.11 0.45 0.0 
19950.22 0.33 0.0 
20677.69 0.72 0.0 
20969.25 0.35 0.0 
21499.39 0.42 0.0 
21433.85 0.90 0.0 
22017.40 0.70 0.0 
22323.53 0.58 0.0 
22323.52 0.72 0.0 
22708.25 0.31 0.0 
22708.84 0.33 0.0 
22574.35 0.55 0.0 
22633.84 0.80 0.0 
23138.05 0.59 0.0 
23817.11 0.65 0.0 
23817.05 0.39 0.0 
24137.01 0.59 0.0 
23929.47 0.30 0.0 
23949.48 0.38 0.0 
24056.80 0.75 0.0 
24056.81 0.63 0.0 
24137.05 0.62 0.0 
25453.36 0.51 0.0 
25814.57 0.73 0.0 
26590.00 0.44 0.0 
26848.80 0.66 0.0 
26803.84 0.36 0.0 
27479.60 0.43 0.0 
27668.87 0.42 0.0 
28043.61 0.33 0.0 
28709.56 0.81 0.0 
28419.87 0.57 0.0 
28782.57 0.49 0.0 
28748.30 0.50 0.0 
28765.73 0.36 0.0 
28767.40 0.36 0.0 
28619.63 0.39 0.0 
28709.59 0.78 0.0 
28718.25 0.42 0.0 
28724.00 0.39 0.0 
28748.25 0.34 0.0 
28793.63 0.41 0.0 
28718.23 0.67 0.0 
28723.97 0.69 0.0 
28767.43 0.37 0.0 
28782.57 0.89 0.0 
28843.36 0.32 0.0 
29155.03 0.39 0.0 
28936.60 0.45 0.0 
28990.09 0.47 0.0 
29754.89 0.45 0.0 
29849.57 0.33 0.0 
30086.32 0.70 0.0 
30114.95 0.39 0.0 
30086.25 0.60 0.0 
30179.13 0.64 0.0 
30179.11 0.55 0.0 
30539.41 0.40 0.0 
31108.08 0.60 0.0 
30895.63 0.31 0.0 
30895.67 0.46 0.0 
30898.97 0.37 0.0 
31108.01 0.62 0.0 
31139.72 0.38 0.0 
31265.33 0.39 0.0 
31769.20 0.60 0.0 
31993.49 0.36 0.0 
33226.09 0.40 0.0 
33196.25 0.33 0.0 
33285.24 0.77 0.0 
33807.16 0.46 0.0 
34459.73 0.30 0.0 
34459.71 0.33 0.0 
35000.08 0.85 0.0 
35000.08 0.79 0.0 
35982.17 0.49 0.0 
36509.25 0.45 0.0 
36569.48 0.77 0.0 
36785.12 0.60 0.0 
37796.68 0.85 0.0 
37947.97 0.69 0.0 
38264.35 0.70 0.0 
38459.14 0.83 0.0 
38624.59 0.56 0.0 
38848.83 0.76 0.0 
38967.41 0.40 0.0 
39476.97 0.34 0.0 
39335.09 0.48 0.0 
39748.21 0.67 0.0 
39805.76 0.36 0.0 
39704.20 0.96 0.0 
39748.16 0.86 0.0 
40049.20 0.41 0.0 
40153.16 0.31 0.0 
40744.52 0.38 0.0 
41130.84 0.45 0.0 
41178.59 0.55 0.0 
41639.51 0.70 0.0 
41932.56 0.34 0.0 
41932.60 0.34 0.0 
42389.32 0.38 0.0 
42491.63 0.43 0.0 
42644.12 0.78 0.0 
42944.01 0.45 0.0 
43529.27 0.53 0.0 
43364.08 0.84 0.0 
43679.33 0.75 0.0 
44200.17 0.47 0.0 
45359.38 0.92 0.0 
45719.51 0.37 0.0 
46004.32 0.41 0.0 
46347.40 0.59 0.0 
46394.51 0.55 0.0 
46423.50 0.47 0.0 
46499.45 0.48 0.0 
47053.16 0.46 0.0 
47174.16 0.64 0.0 
47114.28 0.70 0.0 
47578.97 0.33 0.0 
47578.93 0.84 0.0 
48042.35 0.55 0.0 
48730.24 0.50 0.0 
48730.24 0.41 0.0 
49154.57 0.34 0.0 
49335.36 0.49 0.0 
49335.32 0.49 0.0 
49363.95 0.50 0.0 
49708.93 0.30 0.0 
50009.51 0.35 0.0 
50020.89 0.45 0.0 
49953.77 0.32 0.0 
50980.57 0.38 0.0 
51089.12 0.55 0.0 
51539.40 0.35 0.0 
52529.19 0.46 0.0 
53263.48 0.31 0.0 
53998.88 0.87 0.0 
55393.81 0.31 0.0 
55529.43 0.32 0.0 
59293.89 0.34 0.0 
60599.00 0.38 0.0 
60687.91 0.39 0.0 
61815.55 0.41 0.0 
63914.48 0.64 0.0 
65309.21 0.41 0.0 
66118.21 0.85 0.0 
65864.12 0.88 0.0 
66280.61 0.40 0.0 
66617.05 0.55 0.0 
66643.08 0.35 0.0 
66704.23 0.34 0.0 
67092.53 0.66 0.0 
67528.99 0.86 0.0 
67598.44 0.31 0.0 
73889.28 0.42 0.0 
73989.05 0.43 0.0 
73989.08 0.76 0.0 
74356.97 0.44 0.0 
74727.49 0.64 0.0 
74877.03 0.42 0.0 
74909.35 0.35 0.0 
74775.73 0.37 0.0 
74780.98 0.70 0.0 
74862.25 0.68 0.0 
74954.44 0.48 0.0 
75071.11 0.31 0.0 
75333.52 0.42 0.0 
75351.25 0.32 0.0 
75166.20 0.44 0.0 
75322.97 0.47 0.0 
75351.24 0.42 0.0 
75359.77 0.48 0.0 
75290.52 0.40 0.0 
75309.64 0.31 0.0 
75283.52 0.55 0.0 
75423.97 0.73 0.0 
75322.93 0.70 0.0 
75423.93 0.58 0.0 
76013.27 0.48 0.0 
76019.56 0.53 0.0 
76949.16 0.94 0.0 
77672.68 0.48 0.0 
77672.71 0.77 0.0 
78418.79 0.45 0.0 
78612.65 0.31 0.0 
78763.28 0.58 0.0 
78929.45 0.33 0.0 
79332.73 0.51 0.0 
79394.30 0.46 0.0 
79364.59 0.73 0.0 
80772.32 0.55 0.0 
