240.48 0.36 0.0 
469.07 0.40 0.0 
603.37 0.70 0.0 
1201.91 0.32 0.0 
3540.87 0.31 0.0 
3641.48 0.44 0.0 
4856.41 0.34 0.0 
5058.59 0.41 0.0 
5077.50 0.56 0.0 
5582.07 0.30 0.0 
5899.61 0.42 0.0 
6598.37 0.45 0.0 
7742.31 0.32 0.0 
9746.32 0.57 0.0 
9746.33 0.57 0.0 
11073.95 0.31 0.0 
11822.13 0.30 0.0 
13533.23 0.58 0.0 
13720.17 0.63 0.0 
14506.19 0.40 0.0 
19230.71 0.59 0.0 
20748.43 0.37 0.0 
28503.85 0.68 0.0 
28503.83 0.32 0.0 
29602.61 0.36 0.0 
33199.77 0.51 0.0 
33199.81 0.57 0.0 
35013.06 0.62 0.0 
65403.29 0.38 0.0 
74990.79 0.31 0.0 
75946.07 0.30 0.0 
76413.51 0.35 0.0 
84499.89 0.73 0.0 
85775.81 0.49 0.0 
