2034.75 0.30 0.0 
2802.03 0.42 0.0 
2802.08 0.48 0.0 
3059.51 0.31 0.0 
5099.15 0.56 0.0 
5188.79 0.48 0.0 
5009.24 0.38 0.0 
5322.99 0.34 0.0 
6599.21 0.47 0.0 
7767.94 0.59 0.0 
8568.43 0.33 0.0 
8718.76 0.33 0.0 
9014.37 0.39 0.0 
9769.66 0.76 0.0 
10691.97 0.40 0.0 
11525.63 0.80 0.0 
11525.64 0.77 0.0 
11824.61 0.44 0.0 
12148.32 0.73 0.0 
12114.83 0.73 0.0 
12074.35 0.45 0.0 
12629.35 0.32 0.0 
12561.07 0.86 0.0 
12561.05 0.62 0.0 
12879.85 0.34 0.0 
12988.44 0.52 0.0 
13318.48 0.66 0.0 
13318.48 0.52 0.0 
13587.97 0.59 0.0 
13587.96 0.59 0.0 
13603.84 0.53 0.0 
13754.47 0.76 0.0 
13755.80 0.74 0.0 
13754.48 0.84 0.0 
14537.34 0.93 0.0 
14537.34 0.91 0.0 
14543.05 0.46 0.0 
15532.40 0.82 0.0 
15532.39 0.66 0.0 
16304.45 0.42 0.0 
16552.77 0.56 0.0 
16552.76 0.50 0.0 
16916.17 0.58 0.0 
17653.04 0.83 0.0 
18269.47 0.34 0.0 
18387.65 0.47 0.0 
18408.52 0.31 0.0 
18750.31 0.53 0.0 
18750.35 0.81 0.0 
18761.40 0.37 0.0 
19795.65 0.32 0.0 
19795.75 0.52 0.0 
20996.88 0.33 0.0 
21220.00 0.39 0.0 
21192.08 0.34 0.0 
22301.56 0.84 0.0 
22301.54 0.97 0.0 
24230.85 0.55 0.0 
24231.44 0.66 0.0 
24231.44 0.60 0.0 
25229.09 0.71 0.0 
25663.76 0.37 0.0 
26562.93 0.38 0.0 
26697.57 0.39 0.0 
26931.54 0.35 0.0 
26891.79 0.47 0.0 
26945.36 0.33 0.0 
26950.74 0.38 0.0 
28422.36 0.47 0.0 
30270.23 0.34 0.0 
30625.71 0.41 0.0 
30568.57 0.46 0.0 
30700.99 0.39 0.0 
34204.23 0.33 0.0 
34204.23 0.83 0.0 
34687.04 0.40 0.0 
35471.60 0.36 0.0 
36037.93 0.75 0.0 
36809.48 0.33 0.0 
37902.98 0.42 0.0 
37874.15 0.31 0.0 
38772.00 0.49 0.0 
38772.01 0.75 0.0 
42463.95 0.34 0.0 
42551.91 0.43 0.0 
43451.87 0.40 0.0 
45104.12 0.40 0.0 
46406.25 0.32 0.0 
48628.47 0.44 0.0 
51385.99 0.60 0.0 
52334.49 0.38 0.0 
52274.12 0.47 0.0 
54223.97 0.57 0.0 
54224.00 0.52 0.0 
55783.00 0.40 0.0 
58227.99 0.76 0.0 
59339.10 0.42 0.0 
59608.81 0.50 0.0 
59684.31 0.55 0.0 
63179.33 0.34 0.0 
64826.99 0.32 0.0 
66283.05 0.52 0.0 
66854.37 0.36 0.0 
66914.47 0.34 0.0 
69177.96 0.52 0.0 
74204.47 0.40 0.0 
80372.25 0.58 0.0 
80823.88 0.35 0.0 
81756.95 0.42 0.0 
86264.51 0.34 0.0 
