330.04 0.52 0.0 
769.04 0.61 0.0 
1378.00 0.44 0.0 
1749.05 0.70 0.0 
2338.26 0.30 0.0 
4257.89 0.53 0.0 
5609.28 0.75 0.0 
6248.77 0.43 0.0 
8080.11 0.79 0.0 
8239.45 0.38 0.0 
8239.39 0.47 0.0 
9088.41 0.43 0.0 
9881.63 0.35 0.0 
10250.49 0.50 0.0 
10063.78 0.33 0.0 
10315.48 0.56 0.0 
12809.17 0.30 0.0 
14217.24 0.35 0.0 
14168.85 0.33 0.0 
14667.65 0.41 0.0 
15779.19 0.55 0.0 
16166.13 0.50 0.0 
16229.23 0.31 0.0 
17215.85 0.37 0.0 
18639.49 0.52 0.0 
18959.04 0.72 0.0 
19025.71 0.31 0.0 
19618.23 0.54 0.0 
19619.51 0.40 0.0 
19618.41 0.48 0.0 
19978.25 0.46 0.0 
22159.13 0.33 0.0 
23458.32 0.40 0.0 
23591.00 0.37 0.0 
23721.89 0.37 0.0 
25948.89 0.47 0.0 
26218.96 0.37 0.0 
26714.33 0.42 0.0 
27748.52 0.31 0.0 
27927.17 0.38 0.0 
28913.83 0.32 0.0 
29514.41 0.35 0.0 
30112.64 0.53 0.0 
30582.93 0.41 0.0 
31615.69 0.34 0.0 
31933.73 0.42 0.0 
32163.67 0.30 0.0 
33580.39 0.35 0.0 
34767.11 0.34 0.0 
35329.83 0.37 0.0 
36328.25 0.33 0.0 
38666.33 0.43 0.0 
40363.01 0.80 0.0 
40748.24 0.41 0.0 
41005.37 0.33 0.0 
41020.01 0.33 0.0 
44920.00 0.56 0.0 
46274.24 0.59 0.0 
46769.12 0.55 0.0 
48694.09 0.56 0.0 
54070.29 0.44 0.0 
54342.95 0.39 0.0 
56499.87 0.65 0.0 
57132.05 0.48 0.0 
57313.01 0.46 0.0 
58304.08 0.56 0.0 
59622.57 0.39 0.0 
59744.31 0.38 0.0 
60372.17 0.69 0.0 
60734.48 0.32 0.0 
61087.80 0.49 0.0 
61303.41 0.38 0.0 
62352.16 0.83 0.0 
62547.37 0.70 0.0 
63073.39 0.49 0.0 
63238.73 0.32 0.0 
63104.21 0.32 0.0 
63613.07 0.37 0.0 
65149.65 0.30 0.0 
68244.92 0.49 0.0 
68486.52 0.37 0.0 
68649.92 0.45 0.0 
70554.72 0.76 0.0 
70759.29 0.69 0.0 
70813.56 0.32 0.0 
70946.43 0.40 0.0 
71713.60 0.35 0.0 
73149.44 0.71 0.0 
73724.43 0.69 0.0 
73905.71 0.53 0.0 
73916.69 0.59 0.0 
74030.96 0.32 0.0 
75398.75 0.48 0.0 
75404.49 0.48 0.0 
75867.45 0.49 0.0 
76481.77 0.34 0.0 
77203.47 0.45 0.0 
78424.71 0.32 0.0 
79540.43 0.49 0.0 
79887.15 0.36 0.0 
80526.29 0.33 0.0 
81284.13 0.41 0.0 
81252.53 0.52 0.0 
81519.42 0.32 0.0 
82580.41 0.39 0.0 
82769.51 0.70 0.0 
82825.93 0.36 0.0 
83278.69 0.57 0.0 
83480.53 0.47 0.0 
83383.85 0.55 0.0 
83383.85 0.81 0.0 
84078.21 0.41 0.0 
84161.37 0.66 0.0 
84314.48 0.73 0.0 
85069.24 0.40 0.0 
86290.03 0.50 0.0 
