2725.53 0.38 0.0 
2880.09 0.83 0.0 
2880.08 0.88 0.0 
2863.55 0.35 0.0 
2986.44 0.34 0.0 
3066.37 0.46 0.0 
3111.89 0.49 0.0 
3208.55 0.70 0.0 
3066.40 0.82 0.0 
6363.20 0.52 0.0 
6747.65 0.56 0.0 
7093.89 0.42 0.0 
7334.60 0.39 0.0 
7334.57 0.76 0.0 
8097.71 0.70 0.0 
8185.81 0.44 0.0 
8971.97 0.70 0.0 
9090.95 0.39 0.0 
9754.89 0.36 0.0 
9718.72 0.68 0.0 
9754.85 0.45 0.0 
10588.80 0.46 0.0 
11114.32 0.64 0.0 
11488.05 0.40 0.0 
11864.40 0.70 0.0 
12163.83 0.58 0.0 
12659.60 0.54 0.0 
17082.88 0.48 0.0 
18700.80 0.79 0.0 
18700.79 0.90 0.0 
19047.05 0.31 0.0 
19034.36 0.56 0.0 
20309.21 0.75 0.0 
27898.80 0.33 0.0 
28484.65 0.37 0.0 
28498.53 0.68 0.0 
28486.27 0.79 0.0 
28813.37 0.49 0.0 
29608.57 0.44 0.0 
30222.89 0.33 0.0 
32431.49 0.40 0.0 
33238.13 0.32 0.0 
33224.04 0.68 0.0 
33463.05 0.49 0.0 
33552.73 0.74 0.0 
33905.19 0.35 0.0 
34362.28 0.96 0.0 
36273.76 0.31 0.0 
36644.58 0.94 0.0 
36913.53 0.72 0.0 
39586.86 0.53 0.0 
47054.32 0.67 0.0 
47652.08 0.68 0.0 
48463.53 0.59 0.0 
52168.69 0.64 0.0 
52663.25 0.34 0.0 
60027.04 0.56 0.0 
61033.85 0.31 0.0 
62898.61 0.35 0.0 
62955.80 0.39 0.0 
63278.84 0.45 0.0 
63331.91 0.42 0.0 
67127.26 0.83 0.0 
67767.45 0.36 0.0 
69399.53 0.53 0.0 
69657.59 0.62 0.0 
69314.33 0.69 0.0 
71281.01 0.62 0.0 
72944.40 0.67 0.0 
76317.67 0.73 0.0 
78148.72 0.52 0.0 
84269.51 0.94 0.0 
85764.19 0.31 0.0 
85893.59 0.30 0.0 
86007.60 0.79 0.0 
86154.64 0.33 0.0 
86154.64 0.70 0.0 
