120.92 0.54 0.0 
120.91 0.73 0.0 
165.87 0.33 0.0 
373.13 0.32 0.0 
892.20 0.79 0.0 
892.20 0.85 0.0 
1198.37 0.31 0.0 
1383.54 0.69 0.0 
1383.52 0.79 0.0 
1676.55 0.88 0.0 
1676.57 0.89 0.0 
1710.73 0.52 0.0 
2463.41 0.69 0.0 
2463.47 0.38 0.0 
2564.26 0.43 0.0 
3927.61 0.40 0.0 
4141.41 0.47 0.0 
4161.67 0.39 0.0 
4161.73 0.52 0.0 
5063.71 0.70 0.0 
5063.72 0.62 0.0 
5850.09 0.32 0.0 
6502.67 0.80 0.0 
6502.68 0.82 0.0 
8223.32 0.56 0.0 
8223.36 0.59 0.0 
8383.56 0.34 0.0 
8764.51 0.67 0.0 
8764.55 0.45 0.0 
8683.89 0.31 0.0 
8938.41 0.44 0.0 
9255.84 0.57 0.0 
9255.85 0.85 0.0 
9747.16 0.81 0.0 
9719.90 0.45 0.0 
9747.16 0.73 0.0 
10617.59 0.92 0.0 
10617.60 0.74 0.0 
10827.33 0.61 0.0 
11055.78 0.46 0.0 
11485.52 0.36 0.0 
11961.37 0.76 0.0 
11961.32 0.72 0.0 
12401.29 0.84 0.0 
12401.31 0.90 0.0 
13445.95 0.62 0.0 
13445.96 0.41 0.0 
13694.60 0.83 0.0 
13694.58 0.90 0.0 
13741.56 0.56 0.0 
13590.45 0.39 0.0 
14131.70 0.93 0.0 
14131.70 0.91 0.0 
14503.87 0.80 0.0 
14554.19 0.37 0.0 
14998.19 0.73 0.0 
15452.91 0.60 0.0 
15452.87 0.39 0.0 
15597.40 0.56 0.0 
15947.85 0.30 0.0 
15947.81 0.32 0.0 
16409.56 0.74 0.0 
16496.23 0.85 0.0 
16496.20 0.76 0.0 
16657.69 0.47 0.0 
16664.51 0.87 0.0 
16793.20 0.87 0.0 
17234.60 0.54 0.0 
17525.73 0.36 0.0 
17450.37 0.49 0.0 
17525.73 0.33 0.0 
17633.84 0.47 0.0 
18698.74 0.96 0.0 
18698.74 0.97 0.0 
18829.89 0.34 0.0 
18829.91 0.48 0.0 
18890.96 0.33 0.0 
19349.48 0.50 0.0 
19298.24 0.73 0.0 
19298.25 0.62 0.0 
19712.46 0.93 0.0 
19764.19 0.42 0.0 
19749.44 0.43 0.0 
19750.16 0.57 0.0 
19923.91 0.48 0.0 
19712.47 0.93 0.0 
20112.57 0.40 0.0 
20112.59 0.88 0.0 
20476.43 0.79 0.0 
20476.43 0.52 0.0 
20860.60 0.83 0.0 
20860.63 0.94 0.0 
21943.99 0.69 0.0 
21944.00 0.89 0.0 
22290.89 0.33 0.0 
22287.84 0.50 0.0 
22287.83 0.69 0.0 
22653.32 0.71 0.0 
22653.32 0.82 0.0 
23020.88 0.66 0.0 
23354.61 0.35 0.0 
23488.95 0.44 0.0 
23788.00 0.49 0.0 
23720.31 0.60 0.0 
23772.58 0.31 0.0 
24075.97 0.34 0.0 
24196.98 0.35 0.0 
24197.03 0.56 0.0 
24462.28 0.32 0.0 
24462.27 0.88 0.0 
24837.49 0.85 0.0 
24837.48 0.55 0.0 
25003.45 0.37 0.0 
25258.37 0.50 0.0 
25678.87 0.89 0.0 
26091.68 0.60 0.0 
26477.45 0.37 0.0 
26477.49 0.59 0.0 
26569.52 0.51 0.0 
26897.97 0.62 0.0 
26898.01 0.70 0.0 
27321.88 0.75 0.0 
27739.01 0.80 0.0 
27402.52 0.33 0.0 
27739.01 0.81 0.0 
28188.47 0.71 0.0 
28188.49 0.84 0.0 
28257.31 0.41 0.0 
28621.67 0.53 0.0 
28621.69 0.52 0.0 
28826.87 0.69 0.0 
29076.93 0.75 0.0 
29392.51 0.37 0.0 
29076.92 0.72 0.0 
29520.79 0.61 0.0 
29520.80 0.71 0.0 
29949.73 0.91 0.0 
29949.73 0.90 0.0 
30394.99 0.69 0.0 
30394.96 0.86 0.0 
30834.63 0.85 0.0 
30834.63 0.93 0.0 
31166.01 0.43 0.0 
31304.39 0.90 0.0 
31304.41 0.88 0.0 
31391.97 0.33 0.0 
31796.39 0.79 0.0 
31737.99 0.48 0.0 
31844.56 0.74 0.0 
32287.57 0.44 0.0 
32287.56 0.86 0.0 
32471.99 0.47 0.0 
32762.27 0.69 0.0 
32762.27 0.82 0.0 
32808.72 0.34 0.0 
33235.35 0.40 0.0 
33194.13 0.61 0.0 
33332.91 0.81 0.0 
33332.91 0.82 0.0 
34173.59 0.77 0.0 
34173.60 0.60 0.0 
34233.89 0.52 0.0 
34452.57 0.31 0.0 
34233.88 0.34 0.0 
34738.99 0.78 0.0 
35024.16 0.93 0.0 
35024.15 0.92 0.0 
35172.41 0.83 0.0 
35281.56 0.47 0.0 
35281.56 0.31 0.0 
35618.53 0.62 0.0 
35618.56 0.69 0.0 
35871.09 0.59 0.0 
35841.75 0.42 0.0 
35841.72 0.67 0.0 
35871.11 0.82 0.0 
36196.21 0.41 0.0 
36196.23 0.34 0.0 
36296.75 0.36 0.0 
36300.23 0.51 0.0 
36291.61 0.40 0.0 
36806.33 0.48 0.0 
36770.89 0.36 0.0 
36786.45 0.60 0.0 
36985.49 0.67 0.0 
37328.16 0.68 0.0 
37328.15 0.90 0.0 
37539.93 0.42 0.0 
37539.97 0.42 0.0 
37517.68 0.53 0.0 
38067.52 0.81 0.0 
38620.76 0.33 0.0 
38728.48 0.80 0.0 
39156.01 0.31 0.0 
39688.35 0.63 0.0 
39688.37 0.92 0.0 
39709.69 0.31 0.0 
40251.00 0.40 0.0 
41849.03 0.90 0.0 
42373.11 0.92 0.0 
42881.60 0.37 0.0 
43949.24 0.85 0.0 
44292.19 0.72 0.0 
44578.29 0.49 0.0 
45538.92 0.91 0.0 
46054.23 0.55 0.0 
46409.56 0.39 0.0 
47076.92 0.67 0.0 
49212.20 0.50 0.0 
49559.12 0.49 0.0 
50262.27 0.85 0.0 
50855.20 0.55 0.0 
51918.97 0.61 0.0 
51918.96 0.86 0.0 
53005.65 0.40 0.0 
54133.88 0.95 0.0 
55979.24 0.86 0.0 
57541.40 0.34 0.0 
58140.69 0.33 0.0 
58497.56 0.85 0.0 
59276.27 0.38 0.0 
59820.85 0.38 0.0 
62226.24 0.37 0.0 
62831.33 0.31 0.0 
65949.34 0.38 0.0 
66597.39 0.39 0.0 
67784.24 0.47 0.0 
67784.21 0.88 0.0 
69074.60 0.80 0.0 
70375.05 0.36 0.0 
70375.17 0.33 0.0 
71636.56 0.79 0.0 
71593.61 0.43 0.0 
71636.56 0.56 0.0 
72584.21 0.72 0.0 
73421.88 0.67 0.0 
73477.29 0.31 0.0 
73718.29 0.72 0.0 
74136.45 0.33 0.0 
74123.28 0.31 0.0 
74397.43 0.74 0.0 
76258.90 0.90 0.0 
76888.39 0.74 0.0 
79061.63 0.36 0.0 
80472.36 0.49 0.0 
81370.95 0.56 0.0 
81370.97 0.58 0.0 
81957.79 0.62 0.0 
81640.89 0.36 0.0 
81914.42 0.83 0.0 
81914.42 0.96 0.0 
82008.87 0.41 0.0 
82332.61 0.32 0.0 
84210.05 0.73 0.0 
86250.09 0.55 0.0 
86250.09 0.78 0.0 
