711.76 0.43 0.0 
1603.75 0.33 0.0 
3333.13 0.33 0.0 
3652.28 0.34 0.0 
3955.91 0.57 0.0 
5119.80 0.44 0.0 
7792.31 0.48 0.0 
7792.29 0.57 0.0 
10853.71 0.36 0.0 
11527.12 0.91 0.0 
11527.11 0.90 0.0 
13005.91 0.45 0.0 
13458.27 0.33 0.0 
13588.91 0.54 0.0 
13588.92 0.61 0.0 
13757.35 0.51 0.0 
13757.31 0.51 0.0 
14539.53 0.91 0.0 
14551.35 0.86 0.0 
14539.54 0.93 0.0 
14551.33 0.81 0.0 
16555.88 0.55 0.0 
17870.23 0.32 0.0 
17870.24 0.42 0.0 
18271.09 0.36 0.0 
18458.91 0.39 0.0 
18763.45 0.54 0.0 
20357.81 0.40 0.0 
21225.51 0.46 0.0 
22011.91 0.32 0.0 
22610.73 0.37 0.0 
24232.10 0.91 0.0 
24232.10 0.81 0.0 
24616.95 0.31 0.0 
25535.25 0.64 0.0 
25535.25 0.55 0.0 
25666.35 0.39 0.0 
26730.77 0.35 0.0 
26934.03 0.46 0.0 
26950.81 0.41 0.0 
27241.35 0.33 0.0 
27241.39 0.37 0.0 
27300.65 0.63 0.0 
28423.93 0.31 0.0 
29973.91 0.34 0.0 
30601.03 0.42 0.0 
30570.51 0.74 0.0 
30601.07 0.31 0.0 
32752.59 0.34 0.0 
33271.51 0.65 0.0 
34199.13 0.37 0.0 
34508.23 0.39 0.0 
34508.19 0.34 0.0 
35064.35 0.33 0.0 
36039.79 0.48 0.0 
36728.27 0.35 0.0 
36728.27 0.39 0.0 
38113.19 0.46 0.0 
44818.83 0.36 0.0 
45785.39 0.45 0.0 
45945.97 0.51 0.0 
46610.56 0.61 0.0 
47868.37 0.36 0.0 
49792.80 0.43 0.0 
49792.85 0.57 0.0 
50603.06 0.49 0.0 
50603.05 0.38 0.0 
52688.87 0.36 0.0 
55787.99 0.31 0.0 
55787.91 0.33 0.0 
56895.75 0.31 0.0 
58200.48 0.33 0.0 
59985.87 0.50 0.0 
59944.23 0.34 0.0 
62712.13 0.42 0.0 
62956.71 0.42 0.0 
65338.27 0.37 0.0 
65802.95 0.42 0.0 
67680.85 0.37 0.0 
79252.85 0.36 0.0 
80372.28 0.32 0.0 
81650.07 0.53 0.0 
82442.27 0.36 0.0 
84136.19 0.35 0.0 
85490.83 0.57 0.0 
85831.67 0.46 0.0 
85831.49 0.31 0.0 
85730.89 0.48 0.0 
