4674.92 0.51 0.0 
5942.89 0.63 0.0 
7592.95 0.33 0.0 
7592.99 0.39 0.0 
8055.53 0.35 0.0 
8351.05 0.32 0.0 
8672.31 0.30 0.0 
8694.71 0.35 0.0 
10921.25 0.34 0.0 
11266.88 0.71 0.0 
11266.89 0.80 0.0 
11476.37 0.73 0.0 
11476.32 0.68 0.0 
11487.84 0.71 0.0 
11703.75 0.33 0.0 
11703.75 0.33 0.0 
12132.23 0.71 0.0 
12071.11 0.33 0.0 
12184.33 0.40 0.0 
12178.31 0.58 0.0 
12498.63 0.36 0.0 
12698.72 0.47 0.0 
12567.61 0.49 0.0 
13273.49 0.73 0.0 
13273.51 0.42 0.0 
13458.55 0.48 0.0 
13458.56 0.62 0.0 
13479.31 0.36 0.0 
13472.91 0.31 0.0 
13706.47 0.38 0.0 
13726.21 0.64 0.0 
13735.31 0.31 0.0 
13726.15 0.39 0.0 
14488.36 0.45 0.0 
14488.36 0.77 0.0 
15445.87 0.33 0.0 
15445.86 0.66 0.0 
15884.79 0.42 0.0 
16502.11 0.70 0.0 
16502.09 0.65 0.0 
17426.29 0.46 0.0 
17579.37 0.65 0.0 
18269.31 0.38 0.0 
18718.48 0.50 0.0 
19951.67 0.40 0.0 
20208.85 0.40 0.0 
20739.07 0.33 0.0 
21434.71 0.48 0.0 
22324.68 0.51 0.0 
22324.69 0.71 0.0 
22671.49 0.38 0.0 
23684.40 0.50 0.0 
24058.27 0.59 0.0 
24058.27 0.37 0.0 
25750.93 0.35 0.0 
26122.75 0.32 0.0 
26596.13 0.49 0.0 
26824.75 0.35 0.0 
27137.79 0.34 0.0 
27722.12 0.44 0.0 
28797.11 0.48 0.0 
28520.37 0.40 0.0 
28743.27 0.34 0.0 
28751.77 0.39 0.0 
28768.81 0.61 0.0 
28634.84 0.33 0.0 
28698.11 0.44 0.0 
28714.90 0.46 0.0 
28723.99 0.41 0.0 
28751.79 0.37 0.0 
28797.07 0.44 0.0 
28811.89 0.58 0.0 
28714.93 0.46 0.0 
28730.22 0.77 0.0 
28768.79 0.37 0.0 
29155.79 0.44 0.0 
28831.29 0.30 0.0 
28940.11 0.41 0.0 
29065.99 0.43 0.0 
29587.11 0.33 0.0 
29755.97 0.37 0.0 
29800.10 0.33 0.0 
30088.88 0.71 0.0 
29928.33 0.50 0.0 
30118.03 0.35 0.0 
30088.83 0.60 0.0 
30184.07 0.47 0.0 
30451.00 0.57 0.0 
30451.04 0.43 0.0 
31410.40 0.77 0.0 
31259.95 0.31 0.0 
31655.75 0.37 0.0 
31995.83 0.39 0.0 
33286.64 0.37 0.0 
33278.16 0.44 0.0 
34463.95 0.44 0.0 
34463.98 0.81 0.0 
35002.35 0.92 0.0 
35002.33 0.65 0.0 
36785.15 0.35 0.0 
37751.05 0.32 0.0 
39466.71 0.48 0.0 
39749.73 0.55 0.0 
39466.73 0.50 0.0 
39749.73 0.80 0.0 
39750.47 0.31 0.0 
40244.67 0.35 0.0 
41131.75 0.32 0.0 
41131.75 0.65 0.0 
41669.74 0.35 0.0 
42487.27 0.33 0.0 
42487.31 0.44 0.0 
43244.00 0.49 0.0 
43232.91 0.46 0.0 
43364.08 0.59 0.0 
45453.79 0.49 0.0 
45453.79 0.35 0.0 
47238.11 0.46 0.0 
48042.38 0.31 0.0 
48731.75 0.41 0.0 
49151.11 0.32 0.0 
49338.95 0.47 0.0 
49338.99 0.43 0.0 
49422.88 0.34 0.0 
50015.64 0.35 0.0 
50030.95 0.30 0.0 
49965.87 0.34 0.0 
50015.71 0.36 0.0 
50351.21 0.41 0.0 
50351.19 0.35 0.0 
61818.23 0.32 0.0 
65610.48 0.73 0.0 
66617.96 0.64 0.0 
67291.32 0.81 0.0 
67291.31 0.54 0.0 
67356.84 0.58 0.0 
67362.07 0.39 0.0 
67500.73 0.74 0.0 
67500.73 0.67 0.0 
67356.85 0.70 0.0 
67598.56 0.37 0.0 
67598.51 0.48 0.0 
72368.23 0.44 0.0 
72981.79 0.36 0.0 
73798.77 0.35 0.0 
73798.77 0.48 0.0 
73991.99 0.51 0.0 
73972.21 0.43 0.0 
73991.98 0.88 0.0 
74359.07 0.58 0.0 
74359.06 0.71 0.0 
74862.32 0.84 0.0 
74780.99 0.60 0.0 
74785.80 0.48 0.0 
74684.91 0.84 0.0 
74727.61 0.57 0.0 
74883.60 0.40 0.0 
74775.67 0.33 0.0 
74785.78 0.70 0.0 
74841.35 0.46 0.0 
74985.91 0.39 0.0 
75224.59 0.39 0.0 
75071.11 0.33 0.0 
75015.95 0.35 0.0 
75335.83 0.56 0.0 
75355.90 0.80 0.0 
75167.31 0.31 0.0 
75459.35 0.35 0.0 
75325.61 0.49 0.0 
75197.83 0.35 0.0 
75355.89 0.77 0.0 
75362.64 0.79 0.0 
75362.63 0.56 0.0 
75296.85 0.48 0.0 
75310.63 0.30 0.0 
75296.83 0.49 0.0 
75325.61 0.55 0.0 
75335.84 0.43 0.0 
75712.91 0.33 0.0 
76015.11 0.75 0.0 
76384.71 0.46 0.0 
76399.71 0.35 0.0 
77432.72 0.56 0.0 
77674.15 0.42 0.0 
77674.11 0.45 0.0 
78484.23 0.41 0.0 
78830.31 0.43 0.0 
79394.33 0.38 0.0 
80772.31 0.41 0.0 
83305.35 0.48 0.0 
