183.99 0.34 0.0 
183.94 0.45 0.0 
643.47 0.38 0.0 
1404.91 0.73 0.0 
1306.39 0.35 0.0 
1491.99 0.37 0.0 
1840.83 0.47 0.0 
1840.87 0.41 0.0 
2174.21 0.53 0.0 
5017.67 0.55 0.0 
5017.63 0.42 0.0 
6380.12 0.78 0.0 
7006.44 0.71 0.0 
8566.45 0.33 0.0 
9539.50 0.71 0.0 
9451.32 0.77 0.0 
9539.48 0.55 0.0 
10799.04 0.64 0.0 
11270.21 0.32 0.0 
12604.60 0.34 0.0 
12604.58 0.80 0.0 
12890.75 0.63 0.0 
12890.55 0.55 0.0 
13913.42 0.70 0.0 
14219.01 0.46 0.0 
14562.67 0.64 0.0 
14562.67 0.44 0.0 
14888.75 0.41 0.0 
16318.65 0.59 0.0 
16305.99 0.50 0.0 
16318.69 0.48 0.0 
16726.79 0.42 0.0 
17358.70 0.43 0.0 
17225.73 0.32 0.0 
17225.69 0.64 0.0 
17358.67 0.32 0.0 
17661.88 0.39 0.0 
18546.86 0.65 0.0 
18934.11 0.40 0.0 
19216.29 0.67 0.0 
20194.27 0.30 0.0 
20863.71 0.40 0.0 
20650.93 0.47 0.0 
20650.97 0.61 0.0 
21575.99 0.34 0.0 
21575.94 0.55 0.0 
21766.15 0.47 0.0 
21985.43 0.51 0.0 
21985.45 0.65 0.0 
22050.89 0.47 0.0 
22066.47 0.46 0.0 
22267.55 0.39 0.0 
22777.88 0.49 0.0 
24841.31 0.44 0.0 
25433.57 0.30 0.0 
25636.86 0.45 0.0 
25652.55 0.38 0.0 
25660.19 0.30 0.0 
26104.99 0.45 0.0 
26032.75 0.33 0.0 
26104.98 0.58 0.0 
26714.25 0.45 0.0 
27270.49 0.54 0.0 
27841.07 0.46 0.0 
28127.23 0.41 0.0 
28761.23 0.34 0.0 
28744.31 0.31 0.0 
29837.57 0.48 0.0 
29952.36 0.42 0.0 
32236.36 0.64 0.0 
32236.36 0.67 0.0 
32587.87 0.46 0.0 
34530.96 0.72 0.0 
34820.53 0.63 0.0 
35035.24 0.64 0.0 
35387.56 0.76 0.0 
35387.56 0.82 0.0 
36108.35 0.67 0.0 
36108.34 0.80 0.0 
36439.00 0.83 0.0 
36439.02 0.39 0.0 
37036.93 0.60 0.0 
39199.14 0.85 0.0 
39199.14 0.40 0.0 
39952.67 0.45 0.0 
39952.61 0.58 0.0 
40356.35 0.41 0.0 
41438.41 0.42 0.0 
43443.86 0.58 0.0 
43776.07 0.63 0.0 
43776.03 0.41 0.0 
44557.43 0.51 0.0 
44717.83 0.42 0.0 
45411.10 0.80 0.0 
46329.47 0.47 0.0 
46516.62 0.52 0.0 
46624.31 0.34 0.0 
46624.33 0.52 0.0 
47211.33 0.59 0.0 
47278.45 0.47 0.0 
48090.65 0.45 0.0 
48407.82 0.80 0.0 
49096.69 0.41 0.0 
49491.75 0.38 0.0 
50176.70 0.82 0.0 
50618.81 0.82 0.0 
51511.53 0.62 0.0 
51344.81 0.57 0.0 
51741.82 0.56 0.0 
51741.86 0.47 0.0 
53319.23 0.58 0.0 
53598.54 0.82 0.0 
53598.58 0.40 0.0 
54579.20 0.84 0.0 
55540.72 0.76 0.0 
62222.51 0.33 0.0 
71217.39 0.33 0.0 
71571.41 0.49 0.0 
77934.29 0.74 0.0 
78816.10 0.76 0.0 
80713.94 0.68 0.0 
83008.86 0.37 0.0 
83955.96 0.83 0.0 
83955.94 0.76 0.0 
84666.65 0.68 0.0 
84666.69 0.50 0.0 
84842.11 0.45 0.0 
85442.73 0.43 0.0 
85698.90 0.78 0.0 
85698.91 0.45 0.0 
86028.34 0.58 0.0 
86028.36 0.80 0.0 
86344.46 0.73 0.0 
