1404.85 0.74 0.0 
2172.88 0.49 0.0 
2281.79 0.32 0.0 
2281.75 0.47 0.0 
2530.21 0.79 0.0 
3863.79 0.47 0.0 
5779.17 0.37 0.0 
6380.12 0.49 0.0 
7617.52 0.70 0.0 
7617.52 0.57 0.0 
8341.73 0.46 0.0 
8341.69 0.51 0.0 
8833.55 0.59 0.0 
9451.27 0.65 0.0 
9532.52 0.94 0.0 
9532.52 0.86 0.0 
10799.03 0.55 0.0 
11397.47 0.78 0.0 
11397.47 0.38 0.0 
11662.64 0.74 0.0 
11662.63 0.81 0.0 
13437.39 0.77 0.0 
13437.35 0.42 0.0 
13913.36 0.68 0.0 
14216.55 0.35 0.0 
14219.02 0.35 0.0 
14334.05 0.39 0.0 
14562.61 0.39 0.0 
16018.53 0.38 0.0 
16305.91 0.54 0.0 
16918.69 0.31 0.0 
17658.13 0.42 0.0 
18056.96 0.62 0.0 
18473.43 0.59 0.0 
18978.44 0.38 0.0 
19278.05 0.46 0.0 
19278.03 0.41 0.0 
20246.23 0.83 0.0 
20862.88 0.51 0.0 
20645.27 0.86 0.0 
20645.27 0.89 0.0 
20929.36 0.33 0.0 
20936.49 0.57 0.0 
20929.37 0.36 0.0 
21012.32 0.72 0.0 
21073.07 0.67 0.0 
21521.68 0.81 0.0 
21570.44 0.47 0.0 
21521.68 0.93 0.0 
21625.77 0.37 0.0 
21570.41 0.40 0.0 
21625.76 0.41 0.0 
21979.05 0.33 0.0 
22102.09 0.62 0.0 
22259.57 0.52 0.0 
22093.20 0.49 0.0 
22081.08 0.79 0.0 
22263.88 0.49 0.0 
22769.01 0.36 0.0 
22754.04 0.87 0.0 
22760.17 0.47 0.0 
22769.01 0.89 0.0 
22951.21 0.32 0.0 
22777.13 0.34 0.0 
23375.60 0.40 0.0 
23404.12 0.61 0.0 
24702.51 0.48 0.0 
24732.00 0.42 0.0 
24854.17 0.31 0.0 
25125.85 0.58 0.0 
25107.57 0.53 0.0 
25416.56 0.50 0.0 
25429.96 0.43 0.0 
25429.96 0.39 0.0 
25632.81 0.32 0.0 
25902.73 0.68 0.0 
25819.67 0.90 0.0 
25819.68 0.75 0.0 
26095.67 0.44 0.0 
25902.72 0.77 0.0 
26101.89 0.52 0.0 
26030.12 0.46 0.0 
26069.17 0.48 0.0 
26101.95 0.65 0.0 
26154.75 0.82 0.0 
26234.01 0.67 0.0 
26154.75 0.59 0.0 
26472.63 0.38 0.0 
26409.43 0.35 0.0 
26606.57 0.45 0.0 
26428.44 0.71 0.0 
26599.40 0.33 0.0 
26606.59 0.76 0.0 
26712.28 0.93 0.0 
26651.28 0.39 0.0 
26712.28 0.81 0.0 
27025.32 0.33 0.0 
27275.33 0.44 0.0 
27193.50 0.32 0.0 
27265.65 0.33 0.0 
27282.32 0.59 0.0 
28004.20 0.57 0.0 
28124.83 0.88 0.0 
27988.73 0.36 0.0 
28125.31 0.62 0.0 
28093.63 0.40 0.0 
28247.29 0.32 0.0 
28559.05 0.70 0.0 
28742.69 0.55 0.0 
29036.90 0.38 0.0 
29502.12 0.94 0.0 
29502.12 0.81 0.0 
29665.56 0.55 0.0 
29834.79 0.56 0.0 
29952.36 0.75 0.0 
30204.08 0.44 0.0 
30565.79 0.34 0.0 
30808.36 0.52 0.0 
30808.40 0.72 0.0 
31450.59 0.51 0.0 
31941.69 0.46 0.0 
32654.11 0.66 0.0 
32926.97 0.38 0.0 
34701.43 0.54 0.0 
35035.19 0.82 0.0 
39199.11 0.31 0.0 
39566.71 0.56 0.0 
40014.47 0.50 0.0 
43770.56 0.72 0.0 
44553.92 0.48 0.0 
44690.72 0.69 0.0 
45791.84 0.43 0.0 
46329.43 0.37 0.0 
47206.44 0.35 0.0 
47278.53 0.60 0.0 
49168.79 0.40 0.0 
50618.75 0.51 0.0 
51738.29 0.35 0.0 
52254.39 0.51 0.0 
52719.97 0.36 0.0 
52719.96 0.64 0.0 
53336.52 0.56 0.0 
53319.23 0.60 0.0 
53598.61 0.31 0.0 
55389.15 0.36 0.0 
55540.68 0.87 0.0 
61514.48 0.65 0.0 
71416.68 0.33 0.0 
71811.11 0.34 0.0 
72906.15 0.33 0.0 
77934.24 0.38 0.0 
78296.36 0.59 0.0 
78816.03 0.40 0.0 
80755.33 0.50 0.0 
80713.92 0.74 0.0 
83351.58 0.80 0.0 
83983.95 0.38 0.0 
85319.08 0.37 0.0 
85542.92 0.74 0.0 
