7434.15 0.32 0.0 
9553.72 0.39 0.0 
16087.12 0.67 0.0 
16067.43 0.34 0.0 
16087.17 0.43 0.0 
16067.47 0.42 0.0 
16831.81 0.54 0.0 
16845.87 0.35 0.0 
16845.91 0.46 0.0 
17117.91 0.43 0.0 
20476.59 0.45 0.0 
20879.83 0.60 0.0 
21064.79 0.30 0.0 
22943.51 0.44 0.0 
23088.75 0.34 0.0 
22943.49 0.40 0.0 
23088.78 0.75 0.0 
23536.54 0.59 0.0 
27558.07 0.35 0.0 
28156.37 0.44 0.0 
30677.36 0.79 0.0 
30663.26 0.72 0.0 
30677.35 0.71 0.0 
30663.25 0.51 0.0 
31875.49 0.63 0.0 
33260.19 0.46 0.0 
36106.54 0.35 0.0 
43351.69 0.51 0.0 
72771.79 0.32 0.0 
82743.09 0.39 0.0 
84001.39 0.36 0.0 
