6281.21 0.31 0.0 
7421.72 0.48 0.0 
8620.84 0.42 0.0 
9552.95 0.34 0.0 
10048.97 0.62 0.0 
12627.86 0.96 0.0 
12627.84 0.46 0.0 
13379.16 0.40 0.0 
16294.11 0.75 0.0 
16842.28 0.57 0.0 
17759.12 0.41 0.0 
17683.73 0.60 0.0 
20518.17 0.48 0.0 
20876.09 0.38 0.0 
22513.36 0.40 0.0 
23086.42 0.49 0.0 
23594.56 0.46 0.0 
25288.61 0.30 0.0 
26114.48 0.63 0.0 
26278.85 0.50 0.0 
26320.40 0.34 0.0 
28138.04 0.72 0.0 
28230.01 0.32 0.0 
28618.61 0.37 0.0 
30662.09 0.63 0.0 
30662.69 0.31 0.0 
30662.11 0.45 0.0 
31004.04 0.44 0.0 
31151.93 0.31 0.0 
31856.60 0.34 0.0 
31843.51 0.37 0.0 
34683.17 0.58 0.0 
34724.16 0.47 0.0 
40033.88 0.34 0.0 
44817.33 0.42 0.0 
48644.19 0.47 0.0 
49650.29 0.53 0.0 
73331.28 0.33 0.0 
78103.63 0.41 0.0 
78103.67 0.53 0.0 
79798.21 0.35 0.0 
