7715.23 0.35 0.0 
8432.43 0.38 0.0 
9553.13 0.58 0.0 
9553.17 0.72 0.0 
11389.61 0.57 0.0 
11389.63 0.62 0.0 
12923.07 0.62 0.0 
13345.18 0.59 0.0 
13345.23 0.30 0.0 
17321.05 0.79 0.0 
17326.68 0.36 0.0 
17321.02 0.77 0.0 
17326.48 0.44 0.0 
20471.79 0.75 0.0 
20471.78 0.93 0.0 
23222.49 0.56 0.0 
24183.39 0.66 0.0 
26382.03 0.67 0.0 
26382.03 0.79 0.0 
28138.08 0.37 0.0 
29505.59 0.38 0.0 
30800.82 0.89 0.0 
30812.94 0.78 0.0 
30812.93 0.78 0.0 
30800.80 0.80 0.0 
30809.45 0.39 0.0 
31426.67 0.33 0.0 
31426.66 0.75 0.0 
34697.17 0.40 0.0 
34691.77 0.50 0.0 
34691.73 0.49 0.0 
38822.08 0.40 0.0 
38822.11 0.72 0.0 
44329.87 0.33 0.0 
46187.41 0.41 0.0 
47746.39 0.42 0.0 
57343.27 0.38 0.0 
57382.16 0.73 0.0 
59822.42 0.96 0.0 
59822.42 0.96 0.0 
67681.39 0.61 0.0 
