3716.13 0.58 0.0 
4737.32 0.70 0.0 
4810.33 0.36 0.0 
6597.12 0.37 0.0 
8367.13 0.31 0.0 
9540.71 0.62 0.0 
9540.75 0.75 0.0 
11384.40 0.52 0.0 
11384.40 0.48 0.0 
12920.79 0.89 0.0 
12920.80 0.81 0.0 
14938.15 0.63 0.0 
15028.57 0.57 0.0 
16186.96 0.59 0.0 
16186.96 0.59 0.0 
17313.20 0.72 0.0 
17313.19 0.52 0.0 
17922.11 0.63 0.0 
19634.33 0.56 0.0 
20470.56 0.93 0.0 
20470.55 0.98 0.0 
20848.87 0.55 0.0 
30538.89 0.37 0.0 
30798.62 0.96 0.0 
30809.25 0.64 0.0 
30798.63 0.96 0.0 
30805.71 0.33 0.0 
31415.85 0.49 0.0 
31415.83 0.69 0.0 
34683.96 0.72 0.0 
34683.95 0.89 0.0 
38820.82 0.53 0.0 
38820.84 0.63 0.0 
40078.73 0.55 0.0 
41893.97 0.51 0.0 
44894.28 0.86 0.0 
45508.99 0.34 0.0 
46723.35 0.34 0.0 
47369.36 0.48 0.0 
58875.28 0.32 0.0 
59821.46 0.98 0.0 
59821.45 0.98 0.0 
65023.37 0.50 0.0 
68323.24 0.38 0.0 
71398.79 0.51 0.0 
78235.04 0.40 0.0 
83471.99 0.53 0.0 
85137.64 0.31 0.0 
