961.72 0.68 0.0 
961.72 0.69 0.0 
974.11 0.44 0.0 
2206.04 0.87 0.0 
4148.16 0.48 0.0 
4364.63 0.56 0.0 
4802.09 0.30 0.0 
6450.52 0.43 0.0 
9248.99 0.32 0.0 
10427.35 0.39 0.0 
14067.27 0.70 0.0 
15933.39 0.54 0.0 
15899.48 0.50 0.0 
16321.13 0.57 0.0 
17312.31 0.68 0.0 
20887.62 0.55 0.0 
22428.29 0.50 0.0 
22935.50 0.66 0.0 
22935.28 0.46 0.0 
24991.29 0.35 0.0 
30116.07 0.51 0.0 
30116.05 0.50 0.0 
30465.43 0.47 0.0 
30658.83 0.33 0.0 
34171.52 0.55 0.0 
34666.35 0.35 0.0 
36108.99 0.38 0.0 
36842.31 0.40 0.0 
43970.11 0.95 0.0 
43871.38 0.87 0.0 
43871.38 0.85 0.0 
43970.10 0.94 0.0 
57232.47 0.54 0.0 
57232.44 0.38 0.0 
67047.58 0.89 0.0 
67047.57 0.75 0.0 
75077.60 0.72 0.0 
83989.12 0.58 0.0 
84950.23 0.43 0.0 
85636.59 0.31 0.0 
