701.68 0.44 0.0 
968.68 0.54 0.0 
1337.08 0.45 0.0 
1349.04 0.43 0.0 
2112.17 0.66 0.0 
2909.12 0.33 0.0 
2849.52 0.47 0.0 
3016.28 0.47 0.0 
2863.69 0.40 0.0 
3204.16 0.32 0.0 
3839.10 0.68 0.0 
4139.01 0.49 0.0 
4147.40 0.56 0.0 
4363.92 0.77 0.0 
4618.52 0.44 0.0 
4784.25 0.63 0.0 
4980.03 0.50 0.0 
5262.29 0.38 0.0 
5113.96 0.62 0.0 
5262.28 0.52 0.0 
6058.87 0.51 0.0 
6524.53 0.45 0.0 
7272.91 0.45 0.0 
7949.16 0.69 0.0 
9721.28 0.39 0.0 
10289.44 0.90 0.0 
10425.01 0.34 0.0 
10273.56 0.39 0.0 
11353.93 0.67 0.0 
13062.96 0.41 0.0 
14062.84 0.74 0.0 
14043.72 0.65 0.0 
14062.85 0.41 0.0 
14067.27 0.83 0.0 
15897.73 0.98 0.0 
15931.20 0.80 0.0 
15897.73 0.98 0.0 
16031.53 0.62 0.0 
16325.16 0.41 0.0 
16325.15 0.41 0.0 
17304.96 0.34 0.0 
17863.77 0.45 0.0 
19272.77 0.37 0.0 
19559.59 0.78 0.0 
19634.51 0.62 0.0 
20611.52 0.34 0.0 
21084.32 0.32 0.0 
22922.25 0.37 0.0 
22932.71 0.34 0.0 
24583.32 0.51 0.0 
27387.45 0.49 0.0 
28228.49 0.41 0.0 
28212.27 0.39 0.0 
30104.95 0.53 0.0 
30644.57 0.49 0.0 
31271.01 0.49 0.0 
35159.51 0.31 0.0 
35399.25 0.63 0.0 
40137.25 0.41 0.0 
43346.80 0.75 0.0 
43967.39 0.96 0.0 
43870.93 0.46 0.0 
43870.92 0.47 0.0 
43967.39 0.95 0.0 
44564.33 0.32 0.0 
44682.44 0.54 0.0 
45028.21 0.30 0.0 
45569.11 0.41 0.0 
47849.24 0.79 0.0 
49898.66 0.75 0.0 
49898.63 0.72 0.0 
51704.17 0.73 0.0 
54614.36 0.50 0.0 
54914.56 0.63 0.0 
57017.29 0.33 0.0 
56759.17 0.66 0.0 
58229.00 0.34 0.0 
58733.99 0.51 0.0 
58739.51 0.45 0.0 
67046.03 0.84 0.0 
67046.03 0.83 0.0 
70813.31 0.49 0.0 
72613.19 0.74 0.0 
76378.67 0.34 0.0 
79784.08 0.48 0.0 
80833.72 0.34 0.0 
80907.09 0.58 0.0 
82047.75 0.50 0.0 
82965.09 0.56 0.0 
83176.32 0.36 0.0 
83385.12 0.51 0.0 
83987.45 0.48 0.0 
83987.44 0.87 0.0 
84133.93 0.48 0.0 
84628.76 0.80 0.0 
85199.65 0.54 0.0 
86279.51 0.61 0.0 
