149.16 0.39 0.0 
345.43 0.53 0.0 
342.45 0.43 0.0 
479.28 0.63 0.0 
796.40 0.34 0.0 
780.45 0.34 0.0 
2939.32 0.34 0.0 
3623.04 0.43 0.0 
3497.45 0.64 0.0 
4213.76 0.72 0.0 
4409.13 0.30 0.0 
4616.15 0.39 0.0 
4649.10 0.74 0.0 
6643.38 0.93 0.0 
6568.53 0.33 0.0 
6912.83 0.69 0.0 
7172.93 0.77 0.0 
7469.24 0.43 0.0 
7454.25 0.37 0.0 
7621.20 0.35 0.0 
9537.44 0.83 0.0 
9328.03 0.65 0.0 
9600.16 0.40 0.0 
9537.43 0.90 0.0 
9689.41 0.30 0.0 
10843.92 0.34 0.0 
10890.64 0.58 0.0 
17173.39 0.70 0.0 
17606.93 0.37 0.0 
17998.68 0.82 0.0 
18129.96 0.45 0.0 
21298.23 0.35 0.0 
21299.13 0.45 0.0 
24355.96 0.40 0.0 
27298.08 0.54 0.0 
28128.07 0.31 0.0 
28141.65 0.39 0.0 
30598.05 0.58 0.0 
30842.88 0.44 0.0 
30842.89 0.59 0.0 
31426.89 0.37 0.0 
31482.17 0.33 0.0 
31409.03 0.79 0.0 
32549.65 0.54 0.0 
32696.58 0.34 0.0 
32878.84 0.89 0.0 
33212.53 0.47 0.0 
33297.17 0.67 0.0 
33718.79 0.79 0.0 
33795.17 0.34 0.0 
41660.07 0.36 0.0 
42089.45 0.44 0.0 
45854.12 0.82 0.0 
46319.56 0.86 0.0 
49649.17 0.37 0.0 
50234.59 0.79 0.0 
50277.80 0.46 0.0 
58091.92 0.54 0.0 
58692.87 0.82 0.0 
58798.45 0.33 0.0 
58971.04 0.30 0.0 
58971.01 0.46 0.0 
59189.31 0.88 0.0 
59193.31 0.33 0.0 
59758.72 0.48 0.0 
59772.99 0.66 0.0 
59983.00 0.40 0.0 
62323.41 0.79 0.0 
62897.57 0.50 0.0 
65081.52 0.57 0.0 
65699.41 0.51 0.0 
65849.56 0.72 0.0 
66329.36 0.88 0.0 
68446.73 0.39 0.0 
69792.56 0.42 0.0 
71159.49 0.52 0.0 
74939.03 0.85 0.0 
