4294.21 0.48 0.0 
5506.37 0.33 0.0 
6130.11 0.31 0.0 
7198.15 0.38 0.0 
7655.43 0.57 0.0 
7727.51 0.37 0.0 
9002.63 0.71 0.0 
9002.64 0.54 0.0 
9977.43 0.30 0.0 
10008.11 0.56 0.0 
10087.91 0.43 0.0 
10263.59 0.48 0.0 
10849.27 0.45 0.0 
10849.28 0.88 0.0 
10972.11 0.63 0.0 
11204.10 0.80 0.0 
11356.48 0.75 0.0 
13440.61 0.50 0.0 
19246.63 0.56 0.0 
19876.31 0.67 0.0 
22251.15 0.31 0.0 
22365.47 0.44 0.0 
22760.59 0.51 0.0 
22760.60 0.83 0.0 
23854.93 0.41 0.0 
25337.28 0.59 0.0 
25704.51 0.38 0.0 
25742.29 0.51 0.0 
28146.35 0.50 0.0 
28146.37 0.57 0.0 
28413.61 0.33 0.0 
33869.86 0.51 0.0 
44193.41 0.43 0.0 
44193.38 0.70 0.0 
44244.43 0.38 0.0 
44450.21 0.64 0.0 
44497.11 0.41 0.0 
44450.19 0.75 0.0 
49711.03 0.37 0.0 
69507.80 0.46 0.0 
69507.83 0.70 0.0 
75184.29 0.30 0.0 
