1011.35 0.31 0.0 
11318.53 0.34 0.0 
14402.07 0.32 0.0 
15930.87 0.31 0.0 
16365.90 0.67 0.0 
16682.13 0.51 0.0 
17415.39 0.53 0.0 
18017.46 0.64 0.0 
18198.23 0.34 0.0 
20719.07 0.30 0.0 
22978.79 0.43 0.0 
24076.03 0.63 0.0 
25308.55 0.50 0.0 
26024.36 0.37 0.0 
26680.84 0.33 0.0 
28200.49 0.35 0.0 
28312.81 0.47 0.0 
29076.41 0.51 0.0 
29076.45 0.48 0.0 
29176.41 0.55 0.0 
29516.32 0.44 0.0 
29660.39 0.33 0.0 
30894.48 0.70 0.0 
30901.80 0.53 0.0 
30872.15 0.43 0.0 
30894.49 0.63 0.0 
30872.17 0.70 0.0 
30901.77 0.70 0.0 
32591.33 0.50 0.0 
32591.31 0.46 0.0 
34762.39 0.36 0.0 
34851.03 0.36 0.0 
34762.36 0.48 0.0 
34863.55 0.30 0.0 
35355.57 0.51 0.0 
35866.85 0.51 0.0 
36142.11 0.31 0.0 
38157.56 0.32 0.0 
38899.21 0.46 0.0 
41116.93 0.53 0.0 
42145.57 0.48 0.0 
44145.83 0.45 0.0 
45151.73 0.33 0.0 
45606.79 0.45 0.0 
46546.83 0.30 0.0 
46528.94 0.39 0.0 
46945.91 0.34 0.0 
47015.37 0.31 0.0 
47290.83 0.32 0.0 
47547.95 0.30 0.0 
47548.00 0.48 0.0 
47563.82 0.35 0.0 
47633.05 0.40 0.0 
48210.67 0.42 0.0 
48657.89 0.47 0.0 
48960.47 0.31 0.0 
48960.53 0.38 0.0 
49516.03 0.33 0.0 
50439.59 0.41 0.0 
50439.63 0.30 0.0 
50746.37 0.41 0.0 
50765.87 0.35 0.0 
54663.31 0.31 0.0 
54992.83 0.37 0.0 
55546.05 0.61 0.0 
56841.31 0.46 0.0 
60361.93 0.38 0.0 
62713.79 0.31 0.0 
65597.31 0.73 0.0 
66572.77 0.43 0.0 
73803.76 0.35 0.0 
75356.79 0.65 0.0 
75356.81 0.36 0.0 
75547.39 0.32 0.0 
77816.85 0.36 0.0 
78467.99 0.34 0.0 
83824.07 0.33 0.0 
84253.95 0.38 0.0 
