0.83 0.44 0.0 
1501.41 0.41 0.0 
2123.93 0.35 0.0 
3915.42 0.60 0.0 
4171.07 0.34 0.0 
4224.42 0.45 0.0 
4187.43 0.39 0.0 
4224.52 0.41 0.0 
4958.67 0.35 0.0 
5009.09 0.62 0.0 
4958.67 0.36 0.0 
5347.79 0.51 0.0 
6631.04 0.50 0.0 
6930.39 0.37 0.0 
7748.27 0.35 0.0 
8737.30 0.32 0.0 
9541.46 0.44 0.0 
10362.71 0.45 0.0 
10547.19 0.35 0.0 
11056.83 0.54 0.0 
11054.49 0.38 0.0 
11250.53 0.69 0.0 
11243.99 0.39 0.0 
11597.67 0.43 0.0 
11655.42 0.62 0.0 
12239.75 0.43 0.0 
12241.35 0.63 0.0 
12487.85 0.39 0.0 
12930.83 0.46 0.0 
13125.23 0.62 0.0 
13125.35 0.42 0.0 
15105.84 0.32 0.0 
15111.26 0.32 0.0 
15254.45 0.66 0.0 
15486.29 0.62 0.0 
15486.32 0.46 0.0 
16196.91 0.34 0.0 
16308.89 0.42 0.0 
16397.93 0.51 0.0 
16644.23 0.35 0.0 
16921.13 0.57 0.0 
17606.91 0.58 0.0 
17606.92 0.61 0.0 
17955.53 0.76 0.0 
18007.93 0.60 0.0 
17952.89 0.34 0.0 
19096.51 0.52 0.0 
19156.64 0.58 0.0 
19149.87 0.35 0.0 
19926.16 0.78 0.0 
19926.18 0.65 0.0 
21449.86 0.56 0.0 
21495.77 0.54 0.0 
21870.83 0.35 0.0 
22192.23 0.40 0.0 
22550.41 0.41 0.0 
22550.39 0.37 0.0 
22566.00 0.31 0.0 
23274.52 0.77 0.0 
23274.54 0.69 0.0 
23580.53 0.60 0.0 
23835.56 0.50 0.0 
23999.09 0.36 0.0 
24363.09 0.46 0.0 
24814.40 0.31 0.0 
24814.39 0.37 0.0 
25052.27 0.43 0.0 
25186.88 0.86 0.0 
25227.47 0.40 0.0 
25186.91 0.48 0.0 
25352.67 0.38 0.0 
25589.40 0.57 0.0 
25831.92 0.68 0.0 
25839.16 0.47 0.0 
25831.91 0.31 0.0 
26225.36 0.53 0.0 
26388.56 0.37 0.0 
26866.83 0.34 0.0 
26959.20 0.38 0.0 
26940.51 0.31 0.0 
27016.96 0.41 0.0 
26937.36 0.75 0.0 
26937.36 0.78 0.0 
28098.99 0.42 0.0 
28140.40 0.82 0.0 
28128.87 0.34 0.0 
28185.51 0.33 0.0 
28140.28 0.75 0.0 
28256.55 0.36 0.0 
28955.87 0.45 0.0 
29069.28 0.55 0.0 
29927.89 0.50 0.0 
30204.92 0.39 0.0 
30204.93 0.52 0.0 
30344.01 0.62 0.0 
30350.27 0.36 0.0 
30447.13 0.43 0.0 
30423.01 0.40 0.0 
30447.13 0.43 0.0 
30644.55 0.41 0.0 
30838.61 0.58 0.0 
30838.61 0.77 0.0 
30845.54 0.48 0.0 
31290.73 0.32 0.0 
31306.48 0.64 0.0 
31279.30 0.69 0.0 
31303.47 0.33 0.0 
31429.17 0.49 0.0 
31306.49 0.76 0.0 
31259.19 0.52 0.0 
31429.17 0.71 0.0 
31780.45 0.61 0.0 
31780.45 0.49 0.0 
32057.34 0.76 0.0 
32965.57 0.38 0.0 
32792.79 0.61 0.0 
32965.49 0.61 0.0 
35071.71 0.47 0.0 
35266.89 0.55 0.0 
35910.40 0.61 0.0 
37497.31 0.77 0.0 
39209.57 0.37 0.0 
39825.51 0.31 0.0 
39872.60 0.32 0.0 
40635.73 0.78 0.0 
44380.84 0.34 0.0 
49740.45 0.42 0.0 
50997.84 0.62 0.0 
54419.91 0.50 0.0 
57320.51 0.30 0.0 
58173.36 0.50 0.0 
58620.51 0.31 0.0 
59117.15 0.32 0.0 
58956.68 0.70 0.0 
59166.44 0.55 0.0 
59166.44 0.73 0.0 
62481.41 0.41 0.0 
64682.98 0.42 0.0 
64854.90 0.69 0.0 
64854.87 0.60 0.0 
64981.86 0.79 0.0 
64967.95 0.48 0.0 
64981.83 0.60 0.0 
65562.15 0.47 0.0 
65620.88 0.56 0.0 
65401.93 0.52 0.0 
65562.11 0.41 0.0 
66748.67 0.38 0.0 
67221.58 0.72 0.0 
67221.60 0.71 0.0 
73978.57 0.40 0.0 
74204.35 0.36 0.0 
76757.87 0.52 0.0 
76731.03 0.33 0.0 
78738.87 0.45 0.0 
78742.55 0.48 0.0 
78747.25 0.49 0.0 
80241.60 0.59 0.0 
80241.58 0.69 0.0 
80582.03 0.72 0.0 
80587.29 0.56 0.0 
80797.43 0.42 0.0 
80582.01 0.35 0.0 
80789.67 0.52 0.0 
81017.39 0.57 0.0 
80986.21 0.47 0.0 
81135.90 0.44 0.0 
81064.17 0.61 0.0 
81284.23 0.51 0.0 
81064.19 0.40 0.0 
81284.24 0.35 0.0 
81947.07 0.37 0.0 
82683.59 0.33 0.0 
83235.83 0.58 0.0 
83477.12 0.65 0.0 
83477.12 0.61 0.0 
83685.57 0.62 0.0 
83912.19 0.39 0.0 
84105.43 0.45 0.0 
84332.61 0.47 0.0 
85110.31 0.50 0.0 
85696.61 0.39 0.0 
