180.73 0.45 0.0 
775.44 0.32 0.0 
1049.17 0.34 0.0 
1763.92 0.37 0.0 
3118.09 0.63 0.0 
4811.73 0.53 0.0 
4932.17 0.40 0.0 
5068.41 0.64 0.0 
5077.65 0.73 0.0 
5178.28 0.43 0.0 
5178.21 0.40 0.0 
6113.13 0.36 0.0 
6581.61 0.54 0.0 
6673.49 0.62 0.0 
7023.29 0.68 0.0 
7871.44 0.35 0.0 
8134.57 0.41 0.0 
8976.44 0.49 0.0 
10209.15 0.62 0.0 
10313.53 0.31 0.0 
10929.17 0.34 0.0 
11833.65 0.54 0.0 
11994.40 0.33 0.0 
12447.05 0.32 0.0 
14576.77 0.44 0.0 
14792.92 0.62 0.0 
14792.93 0.51 0.0 
15369.73 0.46 0.0 
15758.33 0.49 0.0 
15765.12 0.80 0.0 
17697.89 0.37 0.0 
18105.73 0.59 0.0 
18283.80 0.71 0.0 
19406.49 0.66 0.0 
20498.87 0.32 0.0 
20868.77 0.65 0.0 
22392.73 0.40 0.0 
23620.49 0.76 0.0 
25268.88 0.36 0.0 
25317.57 0.32 0.0 
25994.25 0.43 0.0 
26667.33 0.40 0.0 
27114.41 0.36 0.0 
27303.08 0.69 0.0 
27303.04 0.33 0.0 
27389.40 0.70 0.0 
27922.16 0.48 0.0 
28705.17 0.80 0.0 
28842.13 0.47 0.0 
29892.25 0.48 0.0 
30582.96 0.38 0.0 
30564.65 0.36 0.0 
30958.08 0.57 0.0 
31498.13 0.48 0.0 
32384.47 0.52 0.0 
32514.13 0.33 0.0 
32684.15 0.40 0.0 
37589.47 0.39 0.0 
38862.30 0.30 0.0 
39560.87 0.33 0.0 
39794.28 0.46 0.0 
42793.81 0.37 0.0 
43961.27 0.59 0.0 
43961.33 0.73 0.0 
44201.33 0.59 0.0 
45177.65 0.36 0.0 
47167.20 0.37 0.0 
48011.77 0.47 0.0 
48071.81 0.35 0.0 
49604.43 0.55 0.0 
50530.56 0.38 0.0 
54008.13 0.49 0.0 
54325.41 0.46 0.0 
54423.73 0.43 0.0 
54816.89 0.36 0.0 
55067.03 0.43 0.0 
55585.09 0.30 0.0 
55987.73 0.66 0.0 
56166.21 0.37 0.0 
57519.65 0.47 0.0 
57698.33 0.36 0.0 
57869.01 0.40 0.0 
62289.36 0.39 0.0 
62559.13 0.32 0.0 
63597.21 0.53 0.0 
64094.03 0.79 0.0 
65383.69 0.36 0.0 
65862.56 0.54 0.0 
66189.87 0.44 0.0 
66793.64 0.36 0.0 
70387.69 0.36 0.0 
72132.78 0.30 0.0 
72462.49 0.73 0.0 
72479.49 0.34 0.0 
72505.32 0.31 0.0 
74083.61 0.48 0.0 
77495.09 0.39 0.0 
78162.32 0.43 0.0 
78239.51 0.60 0.0 
78942.50 0.71 0.0 
81101.68 0.43 0.0 
81101.64 0.30 0.0 
81536.96 0.42 0.0 
81553.53 0.49 0.0 
82558.96 0.43 0.0 
83171.73 0.42 0.0 
83528.20 0.31 0.0 
83891.00 0.40 0.0 
84267.48 0.47 0.0 
84697.85 0.31 0.0 
85914.09 0.42 0.0 
