324.85 0.31 0.0 
380.41 0.47 0.0 
370.67 0.32 0.0 
394.33 0.57 0.0 
380.48 0.34 0.0 
394.33 0.55 0.0 
480.89 0.33 0.0 
600.56 0.83 0.0 
737.15 0.58 0.0 
704.99 0.50 0.0 
737.18 0.85 0.0 
1220.96 0.86 0.0 
1220.95 0.83 0.0 
1736.99 0.37 0.0 
1737.01 0.34 0.0 
1838.73 0.54 0.0 
1838.72 0.52 0.0 
2005.31 0.38 0.0 
2505.51 0.49 0.0 
3549.87 0.38 0.0 
3498.92 0.42 0.0 
3508.01 0.38 0.0 
3541.28 0.68 0.0 
3549.87 0.34 0.0 
3492.91 0.42 0.0 
3498.92 0.53 0.0 
3507.99 0.38 0.0 
3570.97 0.67 0.0 
4408.33 0.44 0.0 
5962.76 0.66 0.0 
5978.87 0.47 0.0 
6003.34 0.58 0.0 
5978.89 0.41 0.0 
5984.49 0.52 0.0 
5992.27 0.37 0.0 
6444.99 0.33 0.0 
6451.75 0.41 0.0 
6752.17 0.31 0.0 
6704.91 0.39 0.0 
8130.87 0.38 0.0 
8491.79 0.32 0.0 
8491.78 0.56 0.0 
9321.63 0.32 0.0 
10082.76 0.58 0.0 
10831.84 0.46 0.0 
11133.12 0.73 0.0 
11145.65 0.72 0.0 
11133.10 0.85 0.0 
11145.63 0.35 0.0 
11367.79 0.51 0.0 
11506.51 0.84 0.0 
11506.50 0.75 0.0 
12119.03 0.30 0.0 
12119.00 0.54 0.0 
12546.79 0.33 0.0 
12821.73 0.39 0.0 
12825.43 0.41 0.0 
12825.37 0.54 0.0 
13060.00 0.75 0.0 
13059.98 0.75 0.0 
13186.83 0.62 0.0 
13186.83 0.35 0.0 
13381.55 0.47 0.0 
13357.79 0.32 0.0 
13662.28 0.32 0.0 
14244.73 0.70 0.0 
14244.75 0.73 0.0 
14541.18 0.37 0.0 
14702.41 0.68 0.0 
18972.87 0.32 0.0 
19267.79 0.34 0.0 
19262.67 0.37 0.0 
19267.76 0.41 0.0 
19191.88 0.75 0.0 
19191.87 0.38 0.0 
19326.30 0.79 0.0 
19310.61 0.37 0.0 
19326.28 0.64 0.0 
20466.19 0.36 0.0 
20764.07 0.64 0.0 
21318.91 0.34 0.0 
21738.49 0.31 0.0 
22020.64 0.58 0.0 
22550.55 0.42 0.0 
22550.57 0.38 0.0 
22578.61 0.37 0.0 
22798.54 0.34 0.0 
22986.17 0.36 0.0 
23306.51 0.34 0.0 
23377.47 0.33 0.0 
23377.49 0.43 0.0 
24198.51 0.33 0.0 
24198.49 0.42 0.0 
24241.45 0.42 0.0 
24421.29 0.48 0.0 
24416.89 0.35 0.0 
24437.09 0.53 0.0 
24573.07 0.30 0.0 
25336.21 0.32 0.0 
25717.19 0.50 0.0 
25828.31 0.51 0.0 
25828.30 0.51 0.0 
25994.51 0.33 0.0 
26392.77 0.51 0.0 
26392.73 0.62 0.0 
26978.19 0.30 0.0 
27120.51 0.39 0.0 
27348.69 0.43 0.0 
27705.57 0.56 0.0 
27695.03 0.41 0.0 
27921.91 0.36 0.0 
27927.18 0.34 0.0 
28083.14 0.61 0.0 
28131.93 0.51 0.0 
28815.83 0.33 0.0 
29092.08 0.41 0.0 
29092.07 0.31 0.0 
29149.81 0.63 0.0 
29162.00 0.54 0.0 
29149.81 0.43 0.0 
29355.84 0.58 0.0 
29608.49 0.62 0.0 
29608.48 0.50 0.0 
29685.51 0.36 0.0 
29684.91 0.31 0.0 
30196.29 0.35 0.0 
31456.57 0.36 0.0 
31465.43 0.56 0.0 
31666.20 0.82 0.0 
31674.21 0.57 0.0 
31763.19 0.35 0.0 
31966.21 0.42 0.0 
32038.97 0.48 0.0 
32873.56 0.60 0.0 
34932.52 0.31 0.0 
35342.75 0.46 0.0 
35313.53 0.68 0.0 
36437.32 0.65 0.0 
36684.85 0.57 0.0 
37170.51 0.31 0.0 
37416.93 0.51 0.0 
37416.91 0.41 0.0 
37902.49 0.69 0.0 
39286.68 0.80 0.0 
39544.79 0.43 0.0 
39544.78 0.82 0.0 
39766.69 0.59 0.0 
40388.44 0.54 0.0 
40388.41 0.71 0.0 
41660.67 0.34 0.0 
43454.67 0.35 0.0 
43454.73 0.35 0.0 
44718.16 0.64 0.0 
45351.65 0.58 0.0 
45351.63 0.31 0.0 
46375.46 0.80 0.0 
48023.63 0.33 0.0 
49067.25 0.54 0.0 
53390.27 0.86 0.0 
54668.03 0.66 0.0 
76102.08 0.63 0.0 
