88.05 0.83 0.0 
377.44 0.74 0.0 
377.43 0.80 0.0 
694.73 0.30 0.0 
1219.93 0.41 0.0 
1220.01 0.40 0.0 
1734.97 0.31 0.0 
1837.80 0.74 0.0 
1837.79 0.82 0.0 
2005.27 0.48 0.0 
2023.05 0.71 0.0 
2083.59 0.49 0.0 
2220.56 0.47 0.0 
2220.55 0.45 0.0 
2414.57 0.41 0.0 
3117.13 0.36 0.0 
3553.89 0.31 0.0 
3502.29 0.56 0.0 
3502.28 0.36 0.0 
3688.19 0.90 0.0 
3594.01 0.38 0.0 
4155.13 0.43 0.0 
4402.56 0.74 0.0 
4402.57 0.53 0.0 
4495.03 0.46 0.0 
4768.99 0.95 0.0 
5218.60 0.59 0.0 
5199.85 0.67 0.0 
5959.27 0.68 0.0 
5959.27 0.60 0.0 
5984.51 0.66 0.0 
6003.33 0.34 0.0 
5990.30 0.82 0.0 
6268.80 0.78 0.0 
6442.53 0.35 0.0 
6442.57 0.31 0.0 
6455.69 0.45 0.0 
6451.76 0.41 0.0 
6455.68 0.32 0.0 
6739.59 0.40 0.0 
6732.92 0.41 0.0 
8068.41 0.52 0.0 
8487.53 0.60 0.0 
8878.25 0.54 0.0 
9254.53 0.38 0.0 
10691.55 0.40 0.0 
11120.60 0.38 0.0 
11120.63 0.51 0.0 
11131.39 0.47 0.0 
11142.85 0.31 0.0 
11150.65 0.58 0.0 
11131.44 0.83 0.0 
11150.67 0.78 0.0 
11294.08 0.43 0.0 
11499.95 0.98 0.0 
11499.95 0.98 0.0 
12104.59 0.43 0.0 
12566.11 0.33 0.0 
12653.92 0.32 0.0 
12821.61 0.50 0.0 
13254.08 0.85 0.0 
13361.27 0.39 0.0 
13542.67 0.33 0.0 
13674.12 0.68 0.0 
13674.12 0.58 0.0 
14235.23 0.68 0.0 
14369.15 0.32 0.0 
14528.64 0.45 0.0 
15948.63 0.42 0.0 
16962.32 0.35 0.0 
17888.53 0.51 0.0 
18791.23 0.40 0.0 
18968.77 0.37 0.0 
19265.12 0.31 0.0 
19265.11 0.43 0.0 
19323.96 0.33 0.0 
19323.99 0.31 0.0 
19869.01 0.40 0.0 
19869.05 0.54 0.0 
20471.01 0.50 0.0 
20762.79 0.87 0.0 
20762.80 0.71 0.0 
21088.53 0.46 0.0 
21148.15 0.53 0.0 
21303.89 0.37 0.0 
21746.16 0.64 0.0 
21746.16 0.59 0.0 
22143.33 0.43 0.0 
22575.53 0.40 0.0 
22546.60 0.38 0.0 
22575.49 0.32 0.0 
22594.77 0.32 0.0 
22677.99 0.50 0.0 
22696.12 0.39 0.0 
22795.99 0.61 0.0 
22986.07 0.55 0.0 
23286.49 0.52 0.0 
23486.88 0.83 0.0 
23803.80 0.64 0.0 
24174.96 0.37 0.0 
24238.90 0.37 0.0 
24415.85 0.35 0.0 
24824.01 0.50 0.0 
24718.73 0.41 0.0 
24812.63 0.43 0.0 
25062.44 0.34 0.0 
25075.85 0.34 0.0 
25329.56 0.81 0.0 
25511.08 0.33 0.0 
25482.16 0.57 0.0 
25631.72 0.46 0.0 
25723.53 0.31 0.0 
25723.21 0.49 0.0 
25854.52 0.78 0.0 
25981.76 0.69 0.0 
25981.76 0.37 0.0 
26320.65 0.46 0.0 
27065.03 0.53 0.0 
27027.08 0.33 0.0 
27009.07 0.31 0.0 
26975.87 0.42 0.0 
27139.59 0.43 0.0 
27408.09 0.32 0.0 
27348.43 0.32 0.0 
27507.97 0.44 0.0 
27555.31 0.38 0.0 
27656.71 0.75 0.0 
27781.96 0.39 0.0 
27781.96 0.39 0.0 
27694.20 0.44 0.0 
27921.88 0.40 0.0 
27927.15 0.35 0.0 
28080.56 0.55 0.0 
28632.59 0.32 0.0 
28548.97 0.49 0.0 
28795.92 0.58 0.0 
29156.96 0.70 0.0 
29156.95 0.85 0.0 
29348.36 0.32 0.0 
29323.84 0.33 0.0 
29605.33 0.34 0.0 
29556.01 0.36 0.0 
29741.47 0.32 0.0 
29684.52 0.47 0.0 
29816.32 0.40 0.0 
29861.48 0.78 0.0 
29892.61 0.45 0.0 
30524.44 0.52 0.0 
30586.37 0.42 0.0 
30644.32 0.52 0.0 
30956.12 0.42 0.0 
31453.40 0.61 0.0 
31577.87 0.51 0.0 
31609.73 0.59 0.0 
31674.21 0.34 0.0 
31810.49 0.41 0.0 
31810.49 0.69 0.0 
31948.27 0.44 0.0 
32035.87 0.58 0.0 
32594.08 0.59 0.0 
32667.03 0.62 0.0 
32873.59 0.68 0.0 
33643.69 0.53 0.0 
33828.68 0.37 0.0 
34346.33 0.52 0.0 
34664.52 0.43 0.0 
34876.53 0.93 0.0 
34876.53 0.93 0.0 
34932.52 0.63 0.0 
34918.36 0.33 0.0 
35339.12 0.30 0.0 
35352.17 0.44 0.0 
35279.26 0.55 0.0 
35320.01 0.56 0.0 
35742.29 0.40 0.0 
35755.31 0.40 0.0 
35905.55 0.37 0.0 
35923.97 0.44 0.0 
36684.85 0.62 0.0 
37032.77 0.47 0.0 
37075.15 0.33 0.0 
37752.27 0.51 0.0 
37902.43 0.70 0.0 
39286.55 0.41 0.0 
39756.93 0.46 0.0 
40104.41 0.36 0.0 
40104.37 0.46 0.0 
40382.56 0.34 0.0 
41455.51 0.78 0.0 
41516.43 0.32 0.0 
41659.57 0.41 0.0 
45113.28 0.65 0.0 
47333.96 0.31 0.0 
48343.52 0.58 0.0 
48732.03 0.72 0.0 
48912.09 0.63 0.0 
51439.98 0.42 0.0 
51371.08 0.77 0.0 
51741.92 0.45 0.0 
51907.09 0.41 0.0 
53390.25 0.75 0.0 
54667.95 0.85 0.0 
55492.28 0.43 0.0 
55585.47 0.53 0.0 
58468.37 0.48 0.0 
58663.52 0.39 0.0 
58765.36 0.37 0.0 
63989.06 0.31 0.0 
63966.43 0.40 0.0 
65474.33 0.59 0.0 
65968.93 0.30 0.0 
66803.77 0.51 0.0 
66803.73 0.36 0.0 
67867.35 0.31 0.0 
67903.19 0.63 0.0 
68007.89 0.35 0.0 
69702.77 0.48 0.0 
71677.29 0.34 0.0 
72178.97 0.36 0.0 
74868.95 0.35 0.0 
75028.63 0.42 0.0 
75089.43 0.47 0.0 
76102.08 0.36 0.0 
