1778.94 0.32 0.0 
2887.81 0.31 0.0 
3860.20 0.36 0.0 
5276.94 0.31 0.0 
5276.92 0.33 0.0 
6984.13 0.32 0.0 
7960.21 0.51 0.0 
7960.25 0.45 0.0 
8828.12 0.47 0.0 
8828.16 0.58 0.0 
8839.55 0.34 0.0 
8855.41 0.32 0.0 
9065.27 0.38 0.0 
9221.17 0.35 0.0 
9386.59 0.82 0.0 
9955.88 0.34 0.0 
10424.21 0.37 0.0 
11117.98 0.97 0.0 
11187.07 0.75 0.0 
11117.98 0.95 0.0 
11510.12 0.69 0.0 
11510.15 0.36 0.0 
11606.35 0.99 0.0 
11606.35 0.99 0.0 
12117.43 0.51 0.0 
12104.08 0.82 0.0 
12117.59 0.34 0.0 
12104.04 0.38 0.0 
12493.77 0.53 0.0 
12689.48 0.36 0.0 
13044.80 0.46 0.0 
13044.79 0.44 0.0 
13220.56 0.69 0.0 
13220.57 0.37 0.0 
13536.83 0.52 0.0 
13692.20 0.40 0.0 
13634.09 0.81 0.0 
13634.11 0.94 0.0 
14172.81 0.57 0.0 
14663.71 0.60 0.0 
14673.15 0.91 0.0 
14617.45 0.41 0.0 
14770.22 0.30 0.0 
14673.17 0.95 0.0 
16242.72 0.89 0.0 
16242.71 0.78 0.0 
16873.83 0.41 0.0 
17180.60 0.46 0.0 
17984.51 0.55 0.0 
19754.51 0.31 0.0 
21250.17 0.37 0.0 
21672.13 0.43 0.0 
22265.33 0.62 0.0 
23436.56 0.46 0.0 
24253.00 0.44 0.0 
25990.13 0.42 0.0 
25990.16 0.64 0.0 
27014.41 0.37 0.0 
27521.01 0.55 0.0 
29810.28 0.35 0.0 
30088.51 0.59 0.0 
30054.04 0.35 0.0 
30820.93 0.60 0.0 
31391.88 0.32 0.0 
34344.76 0.31 0.0 
34993.71 0.59 0.0 
35508.65 0.40 0.0 
35508.69 0.63 0.0 
36584.16 0.38 0.0 
37587.43 0.35 0.0 
37873.65 0.47 0.0 
38855.57 0.46 0.0 
39358.87 0.50 0.0 
39706.21 0.42 0.0 
41665.49 0.48 0.0 
44824.53 0.59 0.0 
46215.43 0.31 0.0 
48958.81 0.47 0.0 
49198.41 0.42 0.0 
49313.59 0.58 0.0 
49511.97 0.38 0.0 
49875.93 0.39 0.0 
50584.45 0.69 0.0 
52829.06 0.40 0.0 
52932.53 0.54 0.0 
52932.49 0.66 0.0 
52942.85 0.36 0.0 
56631.29 0.34 0.0 
57265.55 0.32 0.0 
57485.17 0.48 0.0 
59248.17 0.33 0.0 
59669.48 0.36 0.0 
60348.25 0.40 0.0 
60955.36 0.55 0.0 
61405.37 0.30 0.0 
62084.47 0.34 0.0 
62218.91 0.31 0.0 
62959.61 0.61 0.0 
63836.17 0.40 0.0 
64945.05 0.32 0.0 
64964.48 0.41 0.0 
64992.20 0.41 0.0 
65952.44 0.35 0.0 
66444.89 0.51 0.0 
68573.77 0.33 0.0 
70159.22 0.36 0.0 
70571.88 0.58 0.0 
74691.91 0.44 0.0 
76765.41 0.36 0.0 
77482.16 0.60 0.0 
77853.27 0.43 0.0 
78128.37 0.30 0.0 
79341.85 0.47 0.0 
80331.61 0.58 0.0 
81051.52 0.46 0.0 
81649.96 0.35 0.0 
83984.29 0.63 0.0 
84351.03 0.35 0.0 
84625.44 0.43 0.0 
85213.96 0.60 0.0 
85372.47 0.31 0.0 
85507.69 0.57 0.0 
85507.81 0.44 0.0 
85784.21 0.33 0.0 
86234.48 0.38 0.0 
