1858.53 0.31 0.0 
3210.28 0.32 0.0 
3791.99 0.89 0.0 
3791.95 0.81 0.0 
7803.25 0.56 0.0 
7803.24 0.69 0.0 
8302.79 0.32 0.0 
13221.53 0.61 0.0 
13221.54 0.53 0.0 
14589.80 0.51 0.0 
16363.51 0.34 0.0 
17999.32 0.37 0.0 
18299.39 0.45 0.0 
18299.40 0.37 0.0 
18318.09 0.39 0.0 
18858.20 0.97 0.0 
18858.20 0.98 0.0 
18979.20 0.34 0.0 
18995.04 0.97 0.0 
19002.27 0.94 0.0 
18995.06 0.97 0.0 
19002.28 0.54 0.0 
19523.09 0.36 0.0 
20578.41 0.47 0.0 
22288.57 0.49 0.0 
24746.55 0.48 0.0 
26007.60 0.40 0.0 
27463.32 0.34 0.0 
27793.05 0.59 0.0 
28149.69 0.45 0.0 
30398.72 0.45 0.0 
30944.57 0.42 0.0 
31751.72 0.46 0.0 
32384.20 0.41 0.0 
32516.70 0.82 0.0 
33041.13 0.46 0.0 
33944.16 0.40 0.0 
34276.16 0.64 0.0 
34276.16 0.51 0.0 
35038.48 0.47 0.0 
35577.40 0.84 0.0 
39128.09 0.60 0.0 
45371.86 0.60 0.0 
45790.35 0.52 0.0 
46915.80 0.35 0.0 
48005.93 0.30 0.0 
49001.40 0.48 0.0 
48944.80 0.48 0.0 
54118.12 0.54 0.0 
58944.64 0.32 0.0 
58944.64 0.50 0.0 
60730.77 0.36 0.0 
60730.79 0.43 0.0 
64842.41 0.52 0.0 
72988.55 0.79 0.0 
79797.19 0.43 0.0 
79858.92 0.41 0.0 
80202.35 0.58 0.0 
80419.39 0.31 0.0 
80419.40 0.40 0.0 
80499.87 0.52 0.0 
80524.64 0.37 0.0 
80580.69 0.35 0.0 
80531.05 0.51 0.0 
80580.67 0.52 0.0 
80719.95 0.34 0.0 
81362.59 0.40 0.0 
81673.97 0.36 0.0 
82029.83 0.51 0.0 
82164.92 0.71 0.0 
82164.91 0.73 0.0 
82318.33 0.54 0.0 
83153.17 0.34 0.0 
