2459.44 0.59 0.0 
3074.00 0.37 0.0 
7542.16 0.89 0.0 
8456.79 0.41 0.0 
9297.65 0.54 0.0 
9448.49 0.50 0.0 
9384.85 0.33 0.0 
11136.31 0.87 0.0 
11136.32 0.78 0.0 
11341.40 0.91 0.0 
11341.42 0.94 0.0 
11513.66 0.42 0.0 
11513.68 0.30 0.0 
12091.98 0.98 0.0 
12091.98 0.98 0.0 
12573.95 0.89 0.0 
12573.95 0.83 0.0 
12585.41 0.67 0.0 
12500.17 0.71 0.0 
12500.13 0.35 0.0 
12844.20 0.64 0.0 
12844.21 0.61 0.0 
13035.35 0.98 0.0 
13035.35 0.98 0.0 
13533.04 0.52 0.0 
13647.56 0.71 0.0 
13648.67 0.84 0.0 
14001.52 0.82 0.0 
14001.52 0.85 0.0 
14143.85 0.35 0.0 
14158.47 0.63 0.0 
14158.47 0.78 0.0 
14219.44 0.45 0.0 
14443.24 0.87 0.0 
14507.28 0.32 0.0 
14443.24 0.80 0.0 
14507.29 0.45 0.0 
14597.17 0.31 0.0 
16168.67 0.43 0.0 
16247.99 0.82 0.0 
16247.99 0.88 0.0 
16803.72 0.60 0.0 
16803.68 0.73 0.0 
17229.28 0.71 0.0 
18779.31 0.49 0.0 
21962.08 0.66 0.0 
21971.76 0.42 0.0 
21973.76 0.63 0.0 
21962.09 0.67 0.0 
21971.76 0.60 0.0 
22453.37 0.31 0.0 
22556.11 0.32 0.0 
30282.24 0.31 0.0 
30312.45 0.37 0.0 
33163.89 0.51 0.0 
33148.79 0.85 0.0 
34498.73 0.50 0.0 
34693.53 0.34 0.0 
34708.93 0.38 0.0 
35944.28 0.60 0.0 
36148.53 0.66 0.0 
38165.20 0.30 0.0 
41680.32 0.35 0.0 
41648.97 0.45 0.0 
45282.48 0.30 0.0 
45282.44 0.45 0.0 
46693.00 0.59 0.0 
47547.16 0.48 0.0 
52316.53 0.35 0.0 
52843.67 0.38 0.0 
64168.64 0.32 0.0 
67817.21 0.40 0.0 
68049.63 0.33 0.0 
71973.12 0.32 0.0 
71973.11 0.42 0.0 
74698.51 0.60 0.0 
76704.96 0.42 0.0 
77474.48 0.71 0.0 
78500.69 0.48 0.0 
79451.45 0.30 0.0 
79679.37 0.36 0.0 
84597.04 0.42 0.0 
84595.20 0.43 0.0 
85273.69 0.30 0.0 
