6789.65 0.32 0.0 
11136.77 0.78 0.0 
11136.76 0.71 0.0 
11282.51 0.46 0.0 
11344.40 0.55 0.0 
11344.44 0.61 0.0 
11513.75 0.40 0.0 
11513.73 0.45 0.0 
12096.77 0.81 0.0 
12096.74 0.73 0.0 
12575.37 0.71 0.0 
12575.36 0.71 0.0 
12587.10 0.87 0.0 
12502.72 0.78 0.0 
12587.08 0.87 0.0 
12502.71 0.49 0.0 
12847.01 0.62 0.0 
12846.98 0.59 0.0 
13039.77 0.53 0.0 
13039.80 0.55 0.0 
13534.67 0.34 0.0 
13547.90 0.56 0.0 
13648.71 0.48 0.0 
14002.30 0.81 0.0 
14016.29 0.50 0.0 
14016.25 0.60 0.0 
14002.29 0.78 0.0 
14144.31 0.46 0.0 
14160.48 0.42 0.0 
14160.47 0.68 0.0 
14492.62 0.82 0.0 
14444.41 0.80 0.0 
14492.62 0.88 0.0 
14444.40 0.65 0.0 
14508.60 0.63 0.0 
14597.23 0.62 0.0 
16249.39 0.94 0.0 
16262.39 0.37 0.0 
16249.39 0.95 0.0 
16805.89 0.33 0.0 
16805.85 0.47 0.0 
17612.15 0.46 0.0 
21962.52 0.77 0.0 
21962.52 0.85 0.0 
21973.80 0.61 0.0 
22556.89 0.41 0.0 
22556.85 0.36 0.0 
25995.15 0.33 0.0 
34699.60 0.68 0.0 
34682.51 0.37 0.0 
38356.32 0.74 0.0 
39292.52 0.51 0.0 
44521.22 0.36 0.0 
45220.43 0.33 0.0 
45630.49 0.44 0.0 
48131.93 0.37 0.0 
53764.59 0.33 0.0 
53895.51 0.31 0.0 
53881.19 0.46 0.0 
57827.43 0.49 0.0 
67335.59 0.52 0.0 
72962.49 0.57 0.0 
74224.29 0.33 0.0 
78645.47 0.35 0.0 
81532.99 0.38 0.0 
84597.11 0.39 0.0 
