8635.95 0.60 0.0 
11325.91 0.44 0.0 
11521.45 0.39 0.0 
11509.07 0.66 0.0 
11521.43 0.33 0.0 
11509.07 0.49 0.0 
11542.15 0.37 0.0 
12471.98 0.55 0.0 
12472.03 0.41 0.0 
12496.07 0.39 0.0 
13230.99 0.47 0.0 
14665.19 0.51 0.0 
14665.19 0.33 0.0 
15716.97 0.38 0.0 
25994.84 0.37 0.0 
26929.75 0.60 0.0 
26929.77 0.60 0.0 
27107.29 0.82 0.0 
27107.30 0.74 0.0 
28560.47 0.31 0.0 
33020.53 0.48 0.0 
33305.13 0.47 0.0 
33501.48 0.90 0.0 
33501.48 0.91 0.0 
34039.23 0.46 0.0 
35535.59 0.30 0.0 
40600.56 0.40 0.0 
40830.75 0.30 0.0 
41623.67 0.96 0.0 
41634.20 0.50 0.0 
41623.68 0.96 0.0 
41999.62 0.93 0.0 
42036.34 0.96 0.0 
41999.64 0.81 0.0 
42036.34 0.96 0.0 
42310.31 0.33 0.0 
42665.04 0.54 0.0 
42665.07 0.52 0.0 
42927.05 0.60 0.0 
46964.44 0.78 0.0 
46964.43 0.50 0.0 
47962.65 0.31 0.0 
58274.79 0.94 0.0 
58274.79 0.96 0.0 
61037.81 0.47 0.0 
61456.39 0.39 0.0 
67339.09 0.31 0.0 
70396.08 0.71 0.0 
70355.16 0.41 0.0 
70396.10 0.84 0.0 
71647.81 0.32 0.0 
72571.25 0.33 0.0 
73606.16 0.73 0.0 
84196.86 0.65 0.0 
85987.40 0.49 0.0 
