132.56 0.46 0.0 
254.37 0.32 0.0 
620.72 0.72 0.0 
4153.90 0.83 0.0 
5334.95 0.37 0.0 
7240.57 0.31 0.0 
7869.83 0.35 0.0 
8833.40 0.41 0.0 
9991.33 0.50 0.0 
9991.37 0.31 0.0 
11291.75 0.33 0.0 
11519.13 0.38 0.0 
12467.55 0.38 0.0 
13218.60 0.52 0.0 
13497.57 0.40 0.0 
13692.27 0.68 0.0 
13836.93 0.61 0.0 
13836.96 0.81 0.0 
14129.01 0.42 0.0 
14661.47 0.71 0.0 
14661.45 0.39 0.0 
15209.27 0.44 0.0 
15388.63 0.47 0.0 
15596.09 0.34 0.0 
16331.40 0.37 0.0 
18119.32 0.34 0.0 
22767.76 0.41 0.0 
26774.33 0.38 0.0 
26928.00 0.96 0.0 
26927.99 0.96 0.0 
27105.35 0.95 0.0 
27105.34 0.95 0.0 
29969.05 0.46 0.0 
30912.43 0.36 0.0 
31287.21 0.34 0.0 
33500.54 0.97 0.0 
33500.54 0.97 0.0 
35532.40 0.35 0.0 
38638.45 0.31 0.0 
40617.95 0.32 0.0 
41163.91 0.38 0.0 
41622.52 0.98 0.0 
41633.02 0.75 0.0 
41622.52 0.98 0.0 
41998.46 0.97 0.0 
42035.16 0.98 0.0 
41998.46 0.96 0.0 
42035.16 0.98 0.0 
42043.89 0.71 0.0 
42109.68 0.77 0.0 
42310.28 0.40 0.0 
42703.12 0.30 0.0 
42925.84 0.47 0.0 
45254.19 0.59 0.0 
46962.88 0.89 0.0 
46962.88 0.59 0.0 
47959.40 0.63 0.0 
47959.36 0.35 0.0 
53129.21 0.67 0.0 
56518.48 0.58 0.0 
58273.71 0.91 0.0 
58273.71 0.94 0.0 
59143.29 0.41 0.0 
59953.49 0.42 0.0 
60581.69 0.31 0.0 
60936.49 0.44 0.0 
60972.71 0.34 0.0 
63312.29 0.49 0.0 
64199.48 0.30 0.0 
64828.20 0.30 0.0 
66501.85 0.31 0.0 
66603.15 0.34 0.0 
70395.00 0.76 0.0 
71646.68 0.42 0.0 
71646.72 0.52 0.0 
71742.85 0.31 0.0 
73604.96 0.92 0.0 
73674.77 0.50 0.0 
74458.49 0.31 0.0 
76317.47 0.43 0.0 
77211.55 0.82 0.0 
77743.19 0.51 0.0 
78492.80 0.45 0.0 
78928.95 0.63 0.0 
79408.32 0.77 0.0 
80113.13 0.42 0.0 
80263.60 0.54 0.0 
80338.00 0.33 0.0 
81297.76 0.59 0.0 
84088.23 0.58 0.0 
