815.79 0.51 0.0 
4591.97 0.36 0.0 
4591.99 0.39 0.0 
9557.71 0.51 0.0 
12120.48 0.51 0.0 
14150.21 0.75 0.0 
14137.91 0.36 0.0 
14150.20 0.74 0.0 
14460.59 0.34 0.0 
14727.03 0.41 0.0 
14727.05 0.69 0.0 
19822.84 0.66 0.0 
19822.80 0.73 0.0 
21002.39 0.37 0.0 
23325.51 0.60 0.0 
25922.89 0.62 0.0 
25839.23 0.34 0.0 
35242.75 0.45 0.0 
40173.72 0.71 0.0 
41599.13 0.33 0.0 
41820.91 0.45 0.0 
44815.90 0.88 0.0 
44815.90 0.87 0.0 
48197.88 0.61 0.0 
49494.79 0.55 0.0 
49494.79 0.40 0.0 
50815.51 0.71 0.0 
50876.99 0.35 0.0 
50815.54 0.56 0.0 
50911.00 0.64 0.0 
52977.63 0.37 0.0 
57736.97 0.49 0.0 
58748.81 0.43 0.0 
58815.45 0.46 0.0 
64846.03 0.37 0.0 
67520.77 0.96 0.0 
67520.77 0.96 0.0 
70956.01 0.62 0.0 
71869.67 0.30 0.0 
72556.41 0.38 0.0 
72556.39 0.32 0.0 
76233.55 0.33 0.0 
76935.55 0.39 0.0 
81123.93 0.50 0.0 
82498.64 0.78 0.0 
82995.40 0.45 0.0 
85715.37 0.45 0.0 
85757.75 0.42 0.0 
85769.15 0.56 0.0 
86179.43 0.71 0.0 
86179.42 0.78 0.0 
86303.59 0.43 0.0 
