1197.09 0.51 0.0 
2010.93 0.51 0.0 
3222.21 0.61 0.0 
5307.99 0.46 0.0 
5459.33 0.47 0.0 
5668.93 0.39 0.0 
6402.17 0.61 0.0 
8339.12 0.55 0.0 
9253.81 0.34 0.0 
9253.85 0.66 0.0 
9606.67 0.32 0.0 
12704.05 0.32 0.0 
13942.33 0.53 0.0 
14452.16 0.62 0.0 
14457.71 0.43 0.0 
15816.56 0.33 0.0 
15816.57 0.50 0.0 
16977.53 0.31 0.0 
20109.10 0.61 0.0 
20738.04 0.45 0.0 
21382.37 0.61 0.0 
26128.55 0.52 0.0 
27614.16 0.79 0.0 
27695.71 0.45 0.0 
28767.68 0.63 0.0 
29036.41 0.55 0.0 
29563.07 0.52 0.0 
31437.20 0.67 0.0 
33192.40 0.42 0.0 
33327.84 0.41 0.0 
33837.85 0.45 0.0 
34032.81 0.35 0.0 
35305.99 0.32 0.0 
37121.40 0.40 0.0 
37648.05 0.31 0.0 
37899.57 0.31 0.0 
38519.08 0.31 0.0 
39981.09 0.39 0.0 
40630.99 0.82 0.0 
40858.03 0.41 0.0 
41023.13 0.46 0.0 
45403.21 0.33 0.0 
46153.48 0.30 0.0 
47681.04 0.32 0.0 
49481.81 0.31 0.0 
49840.81 0.30 0.0 
51160.77 0.62 0.0 
51160.77 0.71 0.0 
54280.12 0.52 0.0 
55739.08 0.43 0.0 
55813.76 0.44 0.0 
56367.41 0.39 0.0 
57167.92 0.35 0.0 
57253.61 0.35 0.0 
57883.30 0.47 0.0 
58027.61 0.48 0.0 
59787.61 0.60 0.0 
60234.55 0.35 0.0 
60746.72 0.67 0.0 
60954.01 0.48 0.0 
61408.39 0.51 0.0 
65098.31 0.40 0.0 
66449.28 0.33 0.0 
67075.55 0.35 0.0 
72494.01 0.31 0.0 
73106.19 0.37 0.0 
73666.25 0.62 0.0 
74905.69 0.30 0.0 
75478.89 0.41 0.0 
76844.57 0.46 0.0 
77965.93 0.57 0.0 
78056.57 0.39 0.0 
82423.43 0.31 0.0 
