5562.65 0.37 0.0 
6199.35 0.35 0.0 
10500.54 0.78 0.0 
10500.53 0.56 0.0 
11509.49 0.55 0.0 
11522.57 0.48 0.0 
11522.53 0.40 0.0 
12110.51 0.38 0.0 
12128.87 0.38 0.0 
12708.99 0.40 0.0 
12722.44 0.70 0.0 
12722.42 0.76 0.0 
13054.01 0.33 0.0 
13053.91 0.39 0.0 
13072.13 0.39 0.0 
13232.63 0.30 0.0 
13907.32 0.67 0.0 
13911.42 0.85 0.0 
13911.42 0.91 0.0 
14658.09 0.52 0.0 
22576.25 0.37 0.0 
25988.81 0.70 0.0 
25988.79 0.56 0.0 
27059.93 0.52 0.0 
31298.87 0.53 0.0 
41672.08 0.52 0.0 
41672.13 0.42 0.0 
44491.35 0.47 0.0 
82609.39 0.37 0.0 
83117.89 0.50 0.0 
