110.67 0.49 0.0 
110.73 0.33 0.0 
164.34 0.85 0.0 
370.55 0.36 0.0 
524.40 0.75 0.0 
1308.25 0.32 0.0 
2175.91 0.45 0.0 
2508.11 0.34 0.0 
2535.67 0.30 0.0 
2623.89 0.54 0.0 
3144.39 0.65 0.0 
3320.75 0.60 0.0 
3655.49 0.46 0.0 
3750.84 0.39 0.0 
3822.37 0.62 0.0 
4083.97 0.31 0.0 
4183.84 0.49 0.0 
4948.07 0.61 0.0 
5721.24 0.77 0.0 
5815.67 0.42 0.0 
5863.87 0.39 0.0 
5956.61 0.31 0.0 
5939.25 0.66 0.0 
5956.67 0.73 0.0 
6131.00 0.58 0.0 
6291.27 0.35 0.0 
6445.56 0.67 0.0 
6445.61 0.36 0.0 
6644.59 0.72 0.0 
7090.49 0.56 0.0 
7090.51 0.48 0.0 
7165.96 0.64 0.0 
7145.08 0.32 0.0 
7360.83 0.51 0.0 
7499.51 0.62 0.0 
7709.19 0.39 0.0 
7798.00 0.35 0.0 
7782.20 0.61 0.0 
8040.11 0.65 0.0 
8068.48 0.87 0.0 
8128.27 0.98 0.0 
8093.80 0.45 0.0 
8128.25 0.82 0.0 
8294.51 0.90 0.0 
8226.83 0.39 0.0 
8388.56 0.37 0.0 
8388.61 0.36 0.0 
8435.29 0.55 0.0 
8474.12 0.89 0.0 
8435.31 0.89 0.0 
8503.66 0.89 0.0 
8670.41 0.42 0.0 
8683.64 0.46 0.0 
8781.21 0.53 0.0 
8730.34 0.62 0.0 
8781.24 0.77 0.0 
8797.56 0.80 0.0 
8698.05 0.96 0.0 
8730.33 0.50 0.0 
8902.95 0.84 0.0 
8829.31 0.70 0.0 
8902.91 0.38 0.0 
8924.00 0.86 0.0 
8797.56 0.58 0.0 
9044.01 0.50 0.0 
8983.13 0.63 0.0 
9122.83 0.34 0.0 
9085.35 0.44 0.0 
9122.85 0.77 0.0 
9103.83 0.81 0.0 
9162.29 0.45 0.0 
9103.86 0.96 0.0 
9226.92 0.36 0.0 
9196.80 0.65 0.0 
9169.77 0.41 0.0 
9238.15 0.91 0.0 
9196.80 0.51 0.0 
9202.17 0.45 0.0 
9348.17 0.48 0.0 
9311.67 0.47 0.0 
9296.49 0.36 0.0 
9405.36 0.32 0.0 
9418.04 0.74 0.0 
9418.02 0.87 0.0 
9702.20 0.30 0.0 
10407.83 0.68 0.0 
10484.15 0.81 0.0 
10484.18 0.89 0.0 
10498.16 0.39 0.0 
10605.41 0.30 0.0 
10619.24 0.88 0.0 
11027.23 0.40 0.0 
11050.47 0.39 0.0 
10997.51 0.39 0.0 
11144.22 0.88 0.0 
11356.48 0.44 0.0 
11356.49 0.41 0.0 
11453.75 0.56 0.0 
11453.76 0.46 0.0 
11744.38 0.44 0.0 
11975.83 0.40 0.0 
11982.72 0.67 0.0 
12180.64 0.49 0.0 
12423.09 0.55 0.0 
12405.87 0.46 0.0 
12422.99 0.35 0.0 
12395.40 0.30 0.0 
12419.16 0.90 0.0 
12538.87 0.45 0.0 
12683.74 0.91 0.0 
12674.49 0.88 0.0 
12703.92 0.73 0.0 
12790.56 0.48 0.0 
12790.53 0.38 0.0 
12884.41 0.50 0.0 
12777.59 0.68 0.0 
13036.79 0.31 0.0 
13010.60 0.36 0.0 
12993.87 0.32 0.0 
13190.16 0.71 0.0 
13207.72 0.41 0.0 
13212.33 0.40 0.0 
13207.77 0.31 0.0 
13190.16 0.40 0.0 
13137.91 0.71 0.0 
13783.21 0.34 0.0 
13896.93 0.64 0.0 
13896.97 0.44 0.0 
14346.48 0.70 0.0 
14346.48 0.74 0.0 
14539.59 0.37 0.0 
14598.13 0.74 0.0 
14666.88 0.59 0.0 
14610.47 0.46 0.0 
14598.11 0.49 0.0 
14610.43 0.33 0.0 
14723.48 0.33 0.0 
14908.40 0.31 0.0 
15010.32 0.48 0.0 
15029.31 0.86 0.0 
15103.00 0.72 0.0 
16092.43 0.35 0.0 
16045.40 0.48 0.0 
16562.80 0.41 0.0 
16636.94 0.31 0.0 
17149.88 0.38 0.0 
17294.41 0.76 0.0 
17359.59 0.33 0.0 
17427.26 0.77 0.0 
17452.88 0.43 0.0 
17648.27 0.36 0.0 
17672.45 0.35 0.0 
17672.44 0.37 0.0 
17922.48 0.75 0.0 
18276.35 0.40 0.0 
18900.16 0.42 0.0 
19214.20 0.62 0.0 
19584.37 0.49 0.0 
20323.00 0.33 0.0 
20462.88 0.84 0.0 
20462.89 0.74 0.0 
20573.89 0.32 0.0 
21012.89 0.47 0.0 
21169.68 0.42 0.0 
21652.87 0.38 0.0 
21652.88 0.66 0.0 
21811.56 0.83 0.0 
21838.21 0.84 0.0 
21927.09 0.42 0.0 
21962.33 0.31 0.0 
21912.27 0.48 0.0 
21897.89 0.79 0.0 
22047.57 0.32 0.0 
22187.32 0.74 0.0 
22230.57 0.40 0.0 
22184.33 0.38 0.0 
22270.17 0.42 0.0 
22311.65 0.37 0.0 
22318.84 0.61 0.0 
22361.49 0.37 0.0 
22230.60 0.39 0.0 
22303.05 0.41 0.0 
22372.32 0.57 0.0 
22372.32 0.59 0.0 
22569.85 0.73 0.0 
22569.83 0.78 0.0 
22698.15 0.34 0.0 
23428.83 0.33 0.0 
23519.57 0.35 0.0 
23714.12 0.78 0.0 
24103.24 0.42 0.0 
24456.11 0.48 0.0 
24552.12 0.58 0.0 
24553.28 0.41 0.0 
24539.45 0.42 0.0 
24745.64 0.54 0.0 
24694.05 0.47 0.0 
25076.36 0.38 0.0 
25274.44 0.46 0.0 
25447.43 0.36 0.0 
25725.16 0.75 0.0 
25987.43 0.68 0.0 
25987.45 0.94 0.0 
25953.95 0.39 0.0 
27404.33 0.54 0.0 
27429.41 0.40 0.0 
27523.93 0.62 0.0 
28197.06 0.39 0.0 
28273.16 0.49 0.0 
28457.75 0.47 0.0 
29112.91 0.35 0.0 
29305.73 0.62 0.0 
29444.51 0.53 0.0 
29654.01 0.71 0.0 
29664.96 0.50 0.0 
29769.93 0.44 0.0 
29727.27 0.43 0.0 
30054.08 0.33 0.0 
30598.04 0.48 0.0 
30721.03 0.34 0.0 
31047.64 0.42 0.0 
31059.78 0.41 0.0 
31205.16 0.49 0.0 
31335.32 0.41 0.0 
31425.86 0.61 0.0 
31425.86 0.51 0.0 
31486.57 0.39 0.0 
31490.37 0.62 0.0 
31634.11 0.35 0.0 
32293.81 0.43 0.0 
32309.60 0.35 0.0 
32364.80 0.38 0.0 
32497.93 0.35 0.0 
32769.80 0.32 0.0 
32698.99 0.46 0.0 
32984.09 0.57 0.0 
33110.63 0.86 0.0 
33071.43 0.64 0.0 
33110.62 0.92 0.0 
33248.84 0.33 0.0 
33248.85 0.59 0.0 
33283.05 0.45 0.0 
33222.45 0.35 0.0 
33389.17 0.82 0.0 
33404.27 0.62 0.0 
33429.09 0.49 0.0 
33614.03 0.52 0.0 
33567.77 0.40 0.0 
33567.77 0.41 0.0 
33717.25 0.42 0.0 
34151.53 0.66 0.0 
34215.21 0.36 0.0 
34468.63 0.49 0.0 
34963.47 0.56 0.0 
35366.72 0.38 0.0 
35759.48 0.32 0.0 
35877.07 0.72 0.0 
36387.67 0.86 0.0 
36507.91 0.43 0.0 
36589.48 0.44 0.0 
36589.49 0.32 0.0 
36672.84 0.51 0.0 
36886.67 0.31 0.0 
36914.01 0.60 0.0 
37001.08 0.58 0.0 
36886.71 0.48 0.0 
37204.81 0.60 0.0 
37228.92 0.84 0.0 
37134.55 0.32 0.0 
37134.57 0.60 0.0 
37319.17 0.48 0.0 
37233.11 0.55 0.0 
37484.13 0.61 0.0 
37525.97 0.63 0.0 
37596.09 0.39 0.0 
37644.01 0.43 0.0 
37839.99 0.38 0.0 
38004.07 0.32 0.0 
38083.16 0.38 0.0 
38682.97 0.44 0.0 
38804.23 0.34 0.0 
39794.19 0.41 0.0 
39977.49 0.34 0.0 
40334.29 0.62 0.0 
40484.33 0.38 0.0 
41175.21 0.33 0.0 
41263.71 0.53 0.0 
41669.09 0.65 0.0 
41639.41 0.44 0.0 
41865.53 0.50 0.0 
41877.11 0.53 0.0 
41979.36 0.87 0.0 
41979.39 0.33 0.0 
41984.24 0.61 0.0 
42080.84 0.50 0.0 
42080.82 0.31 0.0 
42169.64 0.50 0.0 
42658.08 0.58 0.0 
42836.63 0.45 0.0 
43078.96 0.36 0.0 
43135.76 0.34 0.0 
43693.20 0.34 0.0 
43693.17 0.38 0.0 
43827.71 0.32 0.0 
43842.27 0.42 0.0 
44253.41 0.33 0.0 
44366.05 0.41 0.0 
44517.57 0.52 0.0 
44755.84 0.35 0.0 
44894.17 0.33 0.0 
44907.81 0.76 0.0 
44974.00 0.39 0.0 
44983.68 0.32 0.0 
45118.88 0.69 0.0 
45074.00 0.43 0.0 
45118.88 0.59 0.0 
45209.35 0.94 0.0 
45224.48 0.45 0.0 
45358.21 0.61 0.0 
45764.37 0.60 0.0 
46079.10 0.54 0.0 
47143.56 0.62 0.0 
47308.15 0.36 0.0 
48448.87 0.51 0.0 
49199.52 0.68 0.0 
49423.73 0.43 0.0 
50029.00 0.88 0.0 
50210.91 0.91 0.0 
50210.92 0.53 0.0 
50804.20 0.43 0.0 
50969.17 0.50 0.0 
51212.76 0.40 0.0 
51559.64 0.31 0.0 
51979.08 0.44 0.0 
52104.13 0.45 0.0 
52104.17 0.60 0.0 
53155.15 0.40 0.0 
53563.67 0.77 0.0 
54448.08 0.44 0.0 
54786.72 0.33 0.0 
55833.32 0.67 0.0 
55833.33 0.53 0.0 
56222.85 0.38 0.0 
56444.56 0.67 0.0 
56639.70 0.30 0.0 
57260.96 0.51 0.0 
57260.97 0.57 0.0 
57643.33 0.43 0.0 
58226.40 0.49 0.0 
58198.95 0.87 0.0 
58244.51 0.41 0.0 
58179.05 0.30 0.0 
58310.55 0.49 0.0 
58257.09 0.33 0.0 
58604.03 0.36 0.0 
58947.72 0.30 0.0 
59010.21 0.41 0.0 
59022.48 0.57 0.0 
59010.30 0.40 0.0 
59022.47 0.96 0.0 
59159.32 0.55 0.0 
60210.43 0.32 0.0 
60737.91 0.47 0.0 
60737.83 0.41 0.0 
60866.77 0.83 0.0 
60866.77 0.71 0.0 
61724.29 0.30 0.0 
61977.32 0.43 0.0 
62714.40 0.58 0.0 
63103.31 0.30 0.0 
63494.51 0.37 0.0 
63595.96 0.46 0.0 
63675.64 0.84 0.0 
63675.66 0.51 0.0 
64889.04 0.66 0.0 
64918.37 0.46 0.0 
64919.39 0.40 0.0 
65038.61 0.78 0.0 
65304.19 0.37 0.0 
65684.45 0.32 0.0 
65883.85 0.44 0.0 
65922.66 0.51 0.0 
66027.16 0.67 0.0 
66027.16 0.65 0.0 
65922.63 0.41 0.0 
66152.53 0.54 0.0 
66152.64 0.41 0.0 
66368.45 0.41 0.0 
66583.85 0.38 0.0 
66677.19 0.35 0.0 
67303.91 0.86 0.0 
69359.41 0.30 0.0 
69629.11 0.46 0.0 
69651.09 0.57 0.0 
69651.07 0.44 0.0 
70827.48 0.33 0.0 
71251.44 0.49 0.0 
71852.36 0.35 0.0 
71925.68 0.33 0.0 
72091.03 0.67 0.0 
72091.04 0.37 0.0 
72522.00 0.39 0.0 
72612.53 0.35 0.0 
74682.89 0.41 0.0 
74894.51 0.47 0.0 
74839.52 0.67 0.0 
74924.13 0.38 0.0 
75088.95 0.43 0.0 
75508.23 0.48 0.0 
75598.95 0.37 0.0 
76196.85 0.49 0.0 
77445.39 0.61 0.0 
78598.31 0.56 0.0 
78953.05 0.38 0.0 
78899.44 0.43 0.0 
78941.37 0.32 0.0 
79379.51 0.50 0.0 
79485.88 0.37 0.0 
79739.44 0.66 0.0 
79886.40 0.70 0.0 
81632.26 0.52 0.0 
81632.23 0.79 0.0 
81794.33 0.51 0.0 
84013.79 0.31 0.0 
