110.73 0.37 0.0 
732.15 0.31 0.0 
1623.73 0.32 0.0 
1905.69 0.32 0.0 
1904.59 0.38 0.0 
2363.71 0.41 0.0 
2508.83 0.49 0.0 
2450.65 0.51 0.0 
2508.87 0.32 0.0 
4129.99 0.30 0.0 
4239.72 0.54 0.0 
4239.68 0.32 0.0 
4796.43 0.34 0.0 
4899.49 0.37 0.0 
4935.47 0.34 0.0 
4899.48 0.39 0.0 
6224.45 0.34 0.0 
6446.50 0.67 0.0 
6446.47 0.44 0.0 
6868.99 0.31 0.0 
7362.23 0.33 0.0 
7428.08 0.57 0.0 
7587.45 0.36 0.0 
7791.77 0.31 0.0 
8100.63 0.49 0.0 
8175.27 0.35 0.0 
8130.50 0.78 0.0 
8094.89 0.32 0.0 
8305.75 0.33 0.0 
8407.31 0.45 0.0 
8437.15 0.33 0.0 
8568.60 0.35 0.0 
8781.95 0.45 0.0 
8798.23 0.79 0.0 
8834.97 0.35 0.0 
8798.24 0.73 0.0 
9031.96 0.40 0.0 
9044.84 0.49 0.0 
9045.99 0.32 0.0 
9205.15 0.35 0.0 
9255.68 0.70 0.0 
9198.29 0.36 0.0 
9205.11 0.36 0.0 
9350.01 0.51 0.0 
9364.23 0.49 0.0 
9382.44 0.35 0.0 
9412.45 0.44 0.0 
9418.99 0.53 0.0 
9412.44 0.39 0.0 
9418.99 0.70 0.0 
9994.91 0.44 0.0 
10198.61 0.34 0.0 
10422.64 0.32 0.0 
10486.02 0.86 0.0 
10486.04 0.81 0.0 
10771.47 0.31 0.0 
11039.61 0.33 0.0 
11001.52 0.37 0.0 
11522.81 0.62 0.0 
11982.69 0.35 0.0 
11984.51 0.39 0.0 
12135.41 0.44 0.0 
12181.43 0.35 0.0 
12423.63 0.52 0.0 
12405.99 0.51 0.0 
12450.81 0.35 0.0 
12674.53 0.65 0.0 
12684.28 0.92 0.0 
12684.27 0.33 0.0 
12791.33 0.39 0.0 
12945.69 0.69 0.0 
12961.75 0.47 0.0 
12945.63 0.36 0.0 
13190.97 0.70 0.0 
13208.31 0.49 0.0 
13208.31 0.34 0.0 
13125.83 0.50 0.0 
13155.63 0.39 0.0 
13480.69 0.45 0.0 
13908.62 0.54 0.0 
13908.58 0.57 0.0 
13950.87 0.43 0.0 
14295.85 0.70 0.0 
14347.08 0.47 0.0 
14347.11 0.56 0.0 
14539.65 0.39 0.0 
14600.27 0.39 0.0 
14613.32 0.77 0.0 
14655.41 0.64 0.0 
14600.21 0.60 0.0 
14613.31 0.52 0.0 
14724.07 0.47 0.0 
14724.09 0.74 0.0 
14862.99 0.32 0.0 
15096.95 0.36 0.0 
15096.93 0.43 0.0 
15585.48 0.46 0.0 
16047.07 0.30 0.0 
16019.85 0.38 0.0 
16473.64 0.41 0.0 
16636.96 0.76 0.0 
16636.98 0.41 0.0 
16865.75 0.35 0.0 
17525.13 0.58 0.0 
17525.09 0.57 0.0 
17925.11 0.69 0.0 
18679.21 0.46 0.0 
18963.15 0.37 0.0 
19246.19 0.44 0.0 
19469.35 0.37 0.0 
19607.76 0.42 0.0 
20464.03 0.49 0.0 
20464.04 0.51 0.0 
20574.19 0.32 0.0 
21170.16 0.40 0.0 
21170.19 0.65 0.0 
21440.39 0.37 0.0 
21767.27 0.34 0.0 
21812.15 0.43 0.0 
21921.37 0.36 0.0 
21963.59 0.60 0.0 
21913.48 0.60 0.0 
21891.44 0.30 0.0 
22010.55 0.35 0.0 
22188.04 0.69 0.0 
22246.92 0.50 0.0 
22230.61 0.50 0.0 
22422.87 0.30 0.0 
22375.67 0.35 0.0 
22762.51 0.41 0.0 
23736.67 0.31 0.0 
23887.27 0.31 0.0 
24348.79 0.45 0.0 
25307.31 0.39 0.0 
25447.43 0.39 0.0 
25954.68 0.55 0.0 
26003.08 0.48 0.0 
26221.47 0.45 0.0 
26222.37 0.38 0.0 
27430.28 0.56 0.0 
27430.31 0.40 0.0 
27786.89 0.57 0.0 
27786.89 0.64 0.0 
27970.21 0.44 0.0 
27970.21 0.70 0.0 
28770.47 0.41 0.0 
28918.39 0.34 0.0 
29025.99 0.46 0.0 
29297.37 0.43 0.0 
29297.41 0.53 0.0 
30005.31 0.46 0.0 
30005.32 0.74 0.0 
30082.27 0.44 0.0 
31088.85 0.35 0.0 
31156.11 0.47 0.0 
31298.91 0.31 0.0 
31425.94 0.39 0.0 
31427.47 0.51 0.0 
31425.91 0.34 0.0 
31490.38 0.81 0.0 
31554.91 0.51 0.0 
32210.23 0.41 0.0 
32769.79 0.33 0.0 
33113.38 0.75 0.0 
33072.01 0.49 0.0 
33113.38 0.68 0.0 
33395.33 0.46 0.0 
33395.35 0.36 0.0 
34096.36 0.31 0.0 
34206.63 0.43 0.0 
34215.24 0.37 0.0 
34228.31 0.32 0.0 
34262.39 0.31 0.0 
34434.03 0.38 0.0 
34724.69 0.36 0.0 
35304.85 0.33 0.0 
35581.31 0.63 0.0 
35788.36 0.42 0.0 
35879.91 0.46 0.0 
35927.92 0.51 0.0 
36948.75 0.34 0.0 
36886.71 0.42 0.0 
36993.89 0.30 0.0 
37137.39 0.35 0.0 
37236.19 0.31 0.0 
37386.21 0.41 0.0 
37477.59 0.32 0.0 
37477.59 0.35 0.0 
37846.62 0.59 0.0 
37886.56 0.46 0.0 
39034.75 0.30 0.0 
39034.78 0.65 0.0 
39336.05 0.35 0.0 
40096.95 0.32 0.0 
40731.48 0.39 0.0 
40906.41 0.41 0.0 
40890.45 0.32 0.0 
41669.11 0.32 0.0 
41865.55 0.58 0.0 
41928.19 0.41 0.0 
41984.25 0.82 0.0 
42080.87 0.36 0.0 
42371.69 0.40 0.0 
43388.35 0.34 0.0 
43472.47 0.34 0.0 
43472.47 0.46 0.0 
43829.67 0.33 0.0 
43977.45 0.40 0.0 
44085.44 0.60 0.0 
44193.27 0.30 0.0 
44193.21 0.32 0.0 
44480.13 0.49 0.0 
44757.35 0.42 0.0 
44985.65 0.34 0.0 
45120.38 0.88 0.0 
45120.42 0.84 0.0 
45037.87 0.34 0.0 
45465.83 0.35 0.0 
45721.35 0.42 0.0 
45963.37 0.32 0.0 
46199.97 0.53 0.0 
46200.45 0.35 0.0 
46286.21 0.41 0.0 
47044.73 0.39 0.0 
47219.91 0.32 0.0 
47525.52 0.39 0.0 
48395.88 0.37 0.0 
48556.35 0.33 0.0 
48751.96 0.50 0.0 
49029.67 0.30 0.0 
49477.59 0.41 0.0 
50761.84 0.42 0.0 
50740.99 0.32 0.0 
50796.03 0.35 0.0 
50805.83 0.38 0.0 
50805.85 0.46 0.0 
51033.99 0.31 0.0 
50969.19 0.32 0.0 
51129.03 0.32 0.0 
51034.07 0.32 0.0 
51212.85 0.39 0.0 
51302.84 0.52 0.0 
51589.36 0.36 0.0 
51566.47 0.57 0.0 
51548.81 0.63 0.0 
51589.37 0.43 0.0 
51930.91 0.33 0.0 
51979.17 0.40 0.0 
51995.73 0.32 0.0 
52383.11 0.36 0.0 
52673.72 0.49 0.0 
52682.83 0.41 0.0 
52611.47 0.42 0.0 
52812.59 0.31 0.0 
52760.61 0.49 0.0 
52760.63 0.42 0.0 
52849.00 0.63 0.0 
53284.55 0.31 0.0 
53215.95 0.33 0.0 
53487.85 0.47 0.0 
53749.87 0.34 0.0 
53770.85 0.31 0.0 
53770.82 0.39 0.0 
54028.67 0.52 0.0 
54174.33 0.35 0.0 
54174.27 0.31 0.0 
54799.61 0.46 0.0 
54799.69 0.44 0.0 
54947.81 0.40 0.0 
54947.81 0.33 0.0 
55098.25 0.30 0.0 
55098.27 0.42 0.0 
55219.64 0.56 0.0 
55132.17 0.32 0.0 
55595.86 0.32 0.0 
56215.13 0.33 0.0 
56196.03 0.42 0.0 
57027.47 0.31 0.0 
58153.71 0.42 0.0 
58228.99 0.63 0.0 
58315.57 0.34 0.0 
58448.11 0.31 0.0 
58681.01 0.45 0.0 
58949.84 0.79 0.0 
58999.79 0.42 0.0 
58959.71 0.35 0.0 
59000.15 0.44 0.0 
59013.43 0.36 0.0 
59023.45 0.70 0.0 
59117.28 0.45 0.0 
59297.99 0.38 0.0 
59324.57 0.32 0.0 
59398.03 0.32 0.0 
59449.92 0.42 0.0 
59851.00 0.45 0.0 
60294.35 0.39 0.0 
60545.45 0.36 0.0 
60739.39 0.55 0.0 
60739.36 0.51 0.0 
60756.71 0.48 0.0 
60756.71 0.41 0.0 
60821.43 0.30 0.0 
61052.99 0.32 0.0 
61473.23 0.45 0.0 
61651.87 0.47 0.0 
61707.67 0.31 0.0 
61595.96 0.42 0.0 
61813.25 0.35 0.0 
61865.83 0.37 0.0 
61903.69 0.39 0.0 
61964.99 0.30 0.0 
62652.25 0.52 0.0 
62701.29 0.31 0.0 
62793.73 0.35 0.0 
62793.69 0.40 0.0 
63071.33 0.36 0.0 
63212.28 0.38 0.0 
63212.29 0.33 0.0 
63272.60 0.45 0.0 
63599.95 0.32 0.0 
63675.69 0.37 0.0 
63916.99 0.43 0.0 
64124.55 0.40 0.0 
64113.43 0.35 0.0 
64298.15 0.35 0.0 
64379.89 0.40 0.0 
64548.17 0.48 0.0 
64620.77 0.31 0.0 
64632.33 0.41 0.0 
64650.39 0.39 0.0 
64595.85 0.35 0.0 
64650.40 0.49 0.0 
64753.49 0.35 0.0 
64753.51 0.40 0.0 
64962.84 0.44 0.0 
65073.23 0.42 0.0 
65425.41 0.60 0.0 
65593.77 0.31 0.0 
65883.79 0.37 0.0 
65922.75 0.40 0.0 
65926.83 0.31 0.0 
66033.01 0.60 0.0 
65922.70 0.46 0.0 
65962.31 0.31 0.0 
66033.05 0.61 0.0 
66688.03 0.46 0.0 
66688.05 0.30 0.0 
66976.21 0.63 0.0 
66995.99 0.31 0.0 
66995.95 0.34 0.0 
67228.55 0.31 0.0 
67330.63 0.43 0.0 
67252.15 0.34 0.0 
67443.91 0.31 0.0 
67506.15 0.52 0.0 
67670.77 0.40 0.0 
67711.36 0.43 0.0 
68196.09 0.36 0.0 
68938.99 0.40 0.0 
69075.31 0.31 0.0 
69156.63 0.66 0.0 
69504.09 0.41 0.0 
69539.95 0.40 0.0 
69656.11 0.41 0.0 
69656.15 0.47 0.0 
69676.69 0.51 0.0 
70048.69 0.42 0.0 
70144.17 0.58 0.0 
70215.15 0.54 0.0 
70144.17 0.47 0.0 
70171.75 0.57 0.0 
70171.73 0.49 0.0 
71024.57 0.44 0.0 
71196.07 0.34 0.0 
71196.03 0.32 0.0 
71745.03 0.40 0.0 
71852.46 0.61 0.0 
71852.44 0.30 0.0 
72007.27 0.42 0.0 
71925.73 0.41 0.0 
71925.63 0.40 0.0 
71955.83 0.45 0.0 
72093.50 0.60 0.0 
72136.69 0.60 0.0 
72040.57 0.44 0.0 
72093.47 0.46 0.0 
72594.97 0.33 0.0 
73230.64 0.53 0.0 
73285.89 0.38 0.0 
73230.65 0.64 0.0 
73285.89 0.49 0.0 
73454.42 0.39 0.0 
73397.07 0.35 0.0 
73454.37 0.45 0.0 
73397.14 0.64 0.0 
73473.33 0.47 0.0 
73515.73 0.42 0.0 
73945.07 0.32 0.0 
74312.72 0.32 0.0 
74312.77 0.37 0.0 
74539.77 0.32 0.0 
75396.00 0.44 0.0 
75794.65 0.40 0.0 
75867.49 0.31 0.0 
76853.93 0.43 0.0 
76891.41 0.59 0.0 
76853.93 0.36 0.0 
76891.39 0.42 0.0 
77070.59 0.35 0.0 
77359.71 0.42 0.0 
77595.37 0.50 0.0 
77595.41 0.73 0.0 
77795.13 0.41 0.0 
77795.13 0.40 0.0 
78996.09 0.41 0.0 
79974.64 0.50 0.0 
80848.13 0.40 0.0 
80986.07 0.51 0.0 
80986.13 0.46 0.0 
81481.61 0.41 0.0 
81481.65 0.58 0.0 
81624.07 0.39 0.0 
81638.62 0.69 0.0 
81728.79 0.37 0.0 
81638.65 0.65 0.0 
82172.83 0.30 0.0 
82172.83 0.33 0.0 
83386.19 0.32 0.0 
83386.11 0.35 0.0 
83879.11 0.32 0.0 
84028.89 0.36 0.0 
84128.36 0.36 0.0 
84370.65 0.57 0.0 
85051.15 0.42 0.0 
85806.62 0.52 0.0 
85827.35 0.32 0.0 
