1252.75 0.30 0.0 
1954.99 0.36 0.0 
1885.60 0.50 0.0 
2589.24 0.36 0.0 
3680.99 0.38 0.0 
4232.87 0.38 0.0 
4232.89 0.31 0.0 
4385.05 0.42 0.0 
4500.48 0.64 0.0 
4626.76 0.48 0.0 
4940.31 0.38 0.0 
5180.20 0.55 0.0 
5235.67 0.39 0.0 
5480.08 0.42 0.0 
5480.07 0.35 0.0 
5873.83 0.38 0.0 
6001.51 0.35 0.0 
5998.71 0.36 0.0 
6274.29 0.57 0.0 
6274.33 0.39 0.0 
6199.76 0.53 0.0 
6594.05 0.38 0.0 
6916.00 0.58 0.0 
7504.37 0.44 0.0 
7504.36 0.48 0.0 
7832.41 0.51 0.0 
8436.73 0.42 0.0 
9256.77 0.63 0.0 
9209.41 0.39 0.0 
9376.35 0.47 0.0 
9436.51 0.41 0.0 
9547.91 0.37 0.0 
9798.05 0.49 0.0 
10036.52 0.52 0.0 
10514.87 0.74 0.0 
10540.59 0.33 0.0 
11193.59 0.52 0.0 
11163.96 0.69 0.0 
11154.25 0.45 0.0 
11163.94 0.68 0.0 
11433.37 0.41 0.0 
11610.89 0.69 0.0 
11675.05 0.54 0.0 
11846.87 0.30 0.0 
12020.51 0.44 0.0 
11969.61 0.46 0.0 
12134.43 0.53 0.0 
12331.23 0.39 0.0 
12534.07 0.31 0.0 
12683.36 0.73 0.0 
12683.35 0.54 0.0 
12825.83 0.49 0.0 
12825.86 0.75 0.0 
13099.11 0.39 0.0 
13054.01 0.59 0.0 
13094.87 0.78 0.0 
13246.13 0.53 0.0 
13327.85 0.56 0.0 
13311.28 0.30 0.0 
13469.73 0.51 0.0 
13625.55 0.52 0.0 
13625.53 0.53 0.0 
13918.71 0.45 0.0 
13918.69 0.49 0.0 
14307.23 0.48 0.0 
14238.87 0.43 0.0 
14238.89 0.31 0.0 
14665.85 0.45 0.0 
14621.09 0.59 0.0 
14621.09 0.51 0.0 
14652.08 0.49 0.0 
14665.89 0.42 0.0 
14718.97 0.41 0.0 
14895.73 0.58 0.0 
15029.09 0.43 0.0 
15183.89 0.38 0.0 
15270.73 0.50 0.0 
15183.91 0.39 0.0 
15331.31 0.45 0.0 
15522.67 0.36 0.0 
15555.47 0.48 0.0 
15740.80 0.45 0.0 
15759.51 0.39 0.0 
15759.51 0.38 0.0 
15800.45 0.42 0.0 
15943.85 0.51 0.0 
16040.16 0.48 0.0 
16040.20 0.45 0.0 
16487.92 0.47 0.0 
16564.83 0.50 0.0 
16777.59 0.41 0.0 
17284.44 0.52 0.0 
17284.43 0.37 0.0 
17538.73 0.67 0.0 
17923.55 0.63 0.0 
17923.51 0.39 0.0 
18360.68 0.53 0.0 
18357.85 0.50 0.0 
18535.85 0.38 0.0 
18535.85 0.42 0.0 
18810.59 0.30 0.0 
19081.03 0.55 0.0 
19223.36 0.32 0.0 
19223.37 0.35 0.0 
19393.79 0.33 0.0 
19819.91 0.34 0.0 
19795.83 0.44 0.0 
20194.89 0.55 0.0 
20631.31 0.38 0.0 
20807.57 0.31 0.0 
20700.41 0.47 0.0 
21677.95 0.33 0.0 
21824.11 0.34 0.0 
22068.85 0.47 0.0 
22056.79 0.42 0.0 
22068.89 0.54 0.0 
22170.71 0.32 0.0 
22414.49 0.34 0.0 
22534.45 0.34 0.0 
22595.99 0.40 0.0 
22923.01 0.60 0.0 
23080.37 0.31 0.0 
23026.55 0.34 0.0 
23080.43 0.37 0.0 
23026.55 0.34 0.0 
23440.51 0.40 0.0 
23452.05 0.42 0.0 
23778.47 0.39 0.0 
23972.99 0.49 0.0 
23944.65 0.40 0.0 
24181.51 0.36 0.0 
24259.20 0.43 0.0 
24496.95 0.37 0.0 
24622.17 0.31 0.0 
24877.95 0.38 0.0 
25173.40 0.49 0.0 
25720.15 0.32 0.0 
25757.65 0.52 0.0 
26017.81 0.48 0.0 
26007.15 0.41 0.0 
26017.79 0.48 0.0 
26091.95 0.37 0.0 
26333.11 0.30 0.0 
26265.87 0.30 0.0 
26492.73 0.52 0.0 
26463.59 0.35 0.0 
27113.59 0.36 0.0 
27275.83 0.35 0.0 
27322.05 0.38 0.0 
27347.44 0.51 0.0 
27451.49 0.71 0.0 
27451.45 0.64 0.0 
27714.35 0.33 0.0 
27966.05 0.37 0.0 
28105.67 0.38 0.0 
28261.99 0.33 0.0 
28599.97 0.33 0.0 
29143.83 0.35 0.0 
29242.23 0.32 0.0 
29501.19 0.35 0.0 
30047.65 0.53 0.0 
30590.11 0.40 0.0 
30590.07 0.52 0.0 
31004.43 0.35 0.0 
30921.35 0.46 0.0 
31235.34 0.56 0.0 
31400.19 0.33 0.0 
31553.73 0.30 0.0 
31794.83 0.33 0.0 
32241.47 0.31 0.0 
32581.03 0.33 0.0 
32764.17 0.57 0.0 
32977.85 0.47 0.0 
33033.51 0.40 0.0 
34160.13 0.31 0.0 
34169.91 0.35 0.0 
34442.15 0.34 0.0 
34987.94 0.35 0.0 
34987.91 0.57 0.0 
35134.81 0.35 0.0 
35605.63 0.46 0.0 
35605.67 0.46 0.0 
36097.75 0.47 0.0 
36417.09 0.49 0.0 
38300.03 0.40 0.0 
38300.05 0.32 0.0 
38642.92 0.74 0.0 
38870.99 0.37 0.0 
39021.30 0.35 0.0 
38960.67 0.37 0.0 
40041.62 0.60 0.0 
40185.99 0.36 0.0 
40509.95 0.37 0.0 
41029.59 0.33 0.0 
41188.79 0.32 0.0 
41506.41 0.76 0.0 
41683.92 0.41 0.0 
41689.75 0.34 0.0 
42560.67 0.47 0.0 
43637.94 0.54 0.0 
44002.05 0.37 0.0 
44807.19 0.34 0.0 
44807.19 0.50 0.0 
46695.97 0.67 0.0 
47459.39 0.41 0.0 
47362.39 0.31 0.0 
47480.15 0.33 0.0 
47836.03 0.30 0.0 
48353.49 0.45 0.0 
48468.27 0.36 0.0 
50860.63 0.34 0.0 
51677.19 0.52 0.0 
51725.95 0.41 0.0 
51912.33 0.40 0.0 
52320.61 0.44 0.0 
52704.60 0.89 0.0 
52692.97 0.67 0.0 
52704.59 0.36 0.0 
52693.00 0.54 0.0 
53371.81 0.55 0.0 
53605.76 0.47 0.0 
56634.07 0.36 0.0 
57338.91 0.35 0.0 
57359.25 0.41 0.0 
59022.27 0.37 0.0 
60252.87 0.54 0.0 
61762.39 0.37 0.0 
63322.11 0.37 0.0 
64027.90 0.58 0.0 
64175.63 0.33 0.0 
65022.21 0.37 0.0 
65588.77 0.31 0.0 
65618.68 0.51 0.0 
65751.63 0.53 0.0 
65777.15 0.45 0.0 
65751.62 0.75 0.0 
67112.09 0.47 0.0 
67232.15 0.37 0.0 
68145.71 0.31 0.0 
68265.51 0.33 0.0 
69849.19 0.32 0.0 
70261.87 0.33 0.0 
70392.57 0.42 0.0 
71617.39 0.34 0.0 
71997.21 0.43 0.0 
72500.48 0.47 0.0 
72780.97 0.64 0.0 
73166.05 0.35 0.0 
73733.69 0.49 0.0 
74792.65 0.43 0.0 
74936.75 0.39 0.0 
75631.64 0.53 0.0 
76050.49 0.34 0.0 
76304.31 0.39 0.0 
76623.43 0.44 0.0 
77791.31 0.42 0.0 
78164.75 0.38 0.0 
78707.89 0.61 0.0 
78811.52 0.44 0.0 
79818.69 0.31 0.0 
80270.96 0.50 0.0 
80661.84 0.40 0.0 
81168.15 0.42 0.0 
81334.09 0.65 0.0 
81412.57 0.34 0.0 
81334.05 0.48 0.0 
81412.53 0.41 0.0 
81621.19 0.45 0.0 
81647.76 0.50 0.0 
81741.67 0.34 0.0 
81706.71 0.52 0.0 
81825.51 0.54 0.0 
82356.67 0.35 0.0 
82831.57 0.46 0.0 
82952.33 0.53 0.0 
83014.19 0.38 0.0 
83430.97 0.47 0.0 
83458.61 0.36 0.0 
83538.83 0.30 0.0 
83556.28 0.54 0.0 
84000.11 0.32 0.0 
84219.03 0.31 0.0 
84583.93 0.31 0.0 
85999.67 0.31 0.0 
