25.49 0.41 0.0 
56.49 0.38 0.0 
158.43 0.46 0.0 
52.97 0.50 0.0 
215.75 0.72 0.0 
224.43 0.90 0.0 
158.57 0.57 0.0 
215.72 0.61 0.0 
895.08 0.62 0.0 
1526.77 0.36 0.0 
1595.67 0.48 0.0 
1595.64 0.34 0.0 
2052.07 0.40 0.0 
2105.71 0.33 0.0 
2310.23 0.40 0.0 
4294.85 0.41 0.0 
4294.88 0.49 0.0 
4907.57 0.38 0.0 
4907.55 0.30 0.0 
5209.56 0.78 0.0 
5209.56 0.71 0.0 
6090.22 0.39 0.0 
6260.23 0.34 0.0 
6260.21 0.38 0.0 
6667.23 0.36 0.0 
6667.27 0.50 0.0 
7095.47 0.31 0.0 
7170.56 0.83 0.0 
7419.68 0.51 0.0 
7419.71 0.43 0.0 
7831.99 0.34 0.0 
7839.97 0.38 0.0 
8160.55 0.56 0.0 
8441.75 0.36 0.0 
9092.13 0.49 0.0 
9456.15 0.55 0.0 
9595.99 0.63 0.0 
9595.99 0.36 0.0 
10352.57 0.36 0.0 
11509.69 0.60 0.0 
11509.66 0.54 0.0 
11972.92 0.57 0.0 
12166.03 0.44 0.0 
12204.13 0.41 0.0 
12378.93 0.34 0.0 
12442.75 0.36 0.0 
12570.78 0.60 0.0 
13068.65 0.35 0.0 
13349.93 0.64 0.0 
13444.73 0.37 0.0 
13444.65 0.35 0.0 
13675.53 0.71 0.0 
13675.51 0.62 0.0 
13944.07 0.36 0.0 
14042.37 0.52 0.0 
14042.41 0.47 0.0 
14072.95 0.30 0.0 
14125.67 0.41 0.0 
14504.01 0.40 0.0 
14554.02 0.52 0.0 
15021.19 0.54 0.0 
15021.20 0.38 0.0 
15558.99 0.48 0.0 
15847.27 0.31 0.0 
16160.35 0.40 0.0 
16425.45 0.57 0.0 
16546.69 0.68 0.0 
16569.83 0.42 0.0 
16546.64 0.62 0.0 
16665.70 0.71 0.0 
16683.47 0.36 0.0 
16860.83 0.55 0.0 
16860.83 0.36 0.0 
17068.99 0.39 0.0 
17269.89 0.54 0.0 
17244.95 0.31 0.0 
17244.95 0.65 0.0 
17463.31 0.31 0.0 
17644.67 0.31 0.0 
17731.65 0.48 0.0 
17738.57 0.53 0.0 
18016.68 0.71 0.0 
18016.69 0.71 0.0 
18028.83 0.42 0.0 
17913.23 0.56 0.0 
18046.67 0.47 0.0 
18256.37 0.41 0.0 
18195.97 0.53 0.0 
18286.15 0.50 0.0 
18390.47 0.33 0.0 
18572.43 0.55 0.0 
18797.07 0.33 0.0 
18893.45 0.43 0.0 
19347.09 0.44 0.0 
19347.09 0.50 0.0 
19512.56 0.32 0.0 
19477.55 0.31 0.0 
19844.33 0.32 0.0 
20854.43 0.31 0.0 
21180.85 0.45 0.0 
21403.73 0.43 0.0 
21403.71 0.38 0.0 
21541.91 0.67 0.0 
22394.07 0.30 0.0 
24158.71 0.31 0.0 
24361.27 0.43 0.0 
25871.77 0.33 0.0 
25997.57 0.34 0.0 
25997.56 0.56 0.0 
27020.09 0.45 0.0 
27020.08 0.47 0.0 
27094.17 0.60 0.0 
27094.21 0.59 0.0 
27530.55 0.31 0.0 
28502.75 0.51 0.0 
28704.65 0.30 0.0 
29175.56 0.39 0.0 
32127.56 0.47 0.0 
32455.09 0.34 0.0 
32983.04 0.54 0.0 
34325.41 0.46 0.0 
34325.43 0.32 0.0 
34380.63 0.53 0.0 
35222.15 0.34 0.0 
35651.35 0.36 0.0 
36132.95 0.42 0.0 
36426.77 0.39 0.0 
36736.31 0.36 0.0 
37636.29 0.51 0.0 
38517.01 0.43 0.0 
38526.21 0.35 0.0 
38526.15 0.41 0.0 
38542.27 0.33 0.0 
38519.91 0.34 0.0 
38542.28 0.43 0.0 
39271.31 0.32 0.0 
41025.45 0.41 0.0 
41031.41 0.75 0.0 
41044.15 0.43 0.0 
41044.25 0.37 0.0 
41024.13 0.34 0.0 
41280.96 0.42 0.0 
41280.97 0.51 0.0 
41253.61 0.55 0.0 
41253.60 0.51 0.0 
41427.49 0.41 0.0 
41427.51 0.38 0.0 
41580.97 0.63 0.0 
41664.69 0.65 0.0 
41664.69 0.77 0.0 
41755.59 0.37 0.0 
41755.57 0.55 0.0 
41931.31 0.50 0.0 
41956.00 0.66 0.0 
41964.35 0.36 0.0 
42613.72 0.31 0.0 
42613.73 0.55 0.0 
42765.55 0.46 0.0 
42795.93 0.67 0.0 
42945.43 0.44 0.0 
42961.25 0.53 0.0 
42936.01 0.38 0.0 
43115.43 0.39 0.0 
43143.07 0.31 0.0 
43167.13 0.39 0.0 
43197.59 0.33 0.0 
43425.43 0.59 0.0 
43432.93 0.40 0.0 
43382.99 0.33 0.0 
43432.95 0.32 0.0 
43351.53 0.34 0.0 
43359.99 0.54 0.0 
43371.39 0.30 0.0 
43395.57 0.50 0.0 
43500.42 0.72 0.0 
43500.17 0.31 0.0 
43495.35 0.44 0.0 
43728.09 0.43 0.0 
44047.25 0.38 0.0 
44047.24 0.33 0.0 
44100.60 0.83 0.0 
45427.00 0.33 0.0 
45426.99 0.59 0.0 
48163.40 0.72 0.0 
48655.27 0.35 0.0 
49155.75 0.64 0.0 
52392.51 0.30 0.0 
52392.56 0.31 0.0 
53881.17 0.69 0.0 
54317.63 0.39 0.0 
54317.63 0.77 0.0 
54771.44 0.44 0.0 
54771.44 0.35 0.0 
55223.71 0.41 0.0 
55223.69 0.45 0.0 
56183.51 0.38 0.0 
57165.64 0.88 0.0 
57624.51 0.36 0.0 
57624.47 0.42 0.0 
58096.37 0.40 0.0 
59015.15 0.43 0.0 
60113.49 0.70 0.0 
61424.31 0.33 0.0 
61424.35 0.34 0.0 
61909.35 0.61 0.0 
63789.47 0.49 0.0 
64138.89 0.59 0.0 
66717.83 0.43 0.0 
67198.99 0.59 0.0 
67199.00 0.63 0.0 
67704.95 0.44 0.0 
68266.55 0.49 0.0 
69189.47 0.43 0.0 
69645.23 0.70 0.0 
70617.77 0.40 0.0 
70617.79 0.77 0.0 
71176.44 0.74 0.0 
72120.23 0.33 0.0 
72137.63 0.34 0.0 
73121.72 0.32 0.0 
73171.77 0.40 0.0 
74146.29 0.78 0.0 
74599.28 0.45 0.0 
74599.28 0.58 0.0 
74610.13 0.31 0.0 
76186.12 0.81 0.0 
76134.06 0.36 0.0 
77101.72 0.55 0.0 
77101.72 0.70 0.0 
79109.33 0.41 0.0 
81141.07 0.41 0.0 
81141.09 0.38 0.0 
82171.55 0.36 0.0 
82171.51 0.54 0.0 
83218.83 0.34 0.0 
83885.05 0.59 0.0 
84255.21 0.35 0.0 
84767.75 0.33 0.0 
84820.31 0.36 0.0 
85262.13 0.66 0.0 
85792.07 0.37 0.0 
85847.07 0.59 0.0 
85993.23 0.38 0.0 
