781.11 0.34 0.0 
828.17 0.46 0.0 
2873.33 0.51 0.0 
6678.35 0.53 0.0 
8371.20 0.52 0.0 
15821.89 0.62 0.0 
16953.77 0.35 0.0 
19256.79 0.40 0.0 
19256.79 0.40 0.0 
19851.13 0.44 0.0 
20614.65 0.47 0.0 
21473.07 0.43 0.0 
25250.25 0.31 0.0 
27152.28 0.45 0.0 
27152.21 0.35 0.0 
27558.31 0.35 0.0 
27558.33 0.47 0.0 
28221.57 0.37 0.0 
28396.41 0.72 0.0 
30007.53 0.43 0.0 
30077.89 0.44 0.0 
34177.24 0.36 0.0 
34393.43 0.30 0.0 
34393.45 0.35 0.0 
35806.41 0.31 0.0 
35955.91 0.33 0.0 
36622.81 0.32 0.0 
38615.89 0.59 0.0 
49848.43 0.33 0.0 
50747.79 0.40 0.0 
50747.79 0.31 0.0 
51541.15 0.35 0.0 
52005.97 0.56 0.0 
53072.77 0.47 0.0 
53456.41 0.41 0.0 
53690.69 0.49 0.0 
54296.99 0.44 0.0 
57677.01 0.42 0.0 
58036.73 0.52 0.0 
58187.61 0.49 0.0 
59731.39 0.32 0.0 
60240.97 0.55 0.0 
60240.94 0.48 0.0 
62310.51 0.43 0.0 
62487.59 0.35 0.0 
63031.80 0.72 0.0 
63151.77 0.47 0.0 
66812.92 0.38 0.0 
67096.67 0.35 0.0 
67843.48 0.53 0.0 
67843.51 0.39 0.0 
69488.19 0.34 0.0 
72842.73 0.41 0.0 
73127.45 0.37 0.0 
73156.91 0.32 0.0 
73517.16 0.49 0.0 
73517.16 0.52 0.0 
73560.53 0.34 0.0 
76034.65 0.55 0.0 
76545.93 0.38 0.0 
81376.55 0.34 0.0 
81660.78 0.69 0.0 
82410.51 0.42 0.0 
83011.09 0.42 0.0 
84246.15 0.36 0.0 
84246.09 0.40 0.0 
84826.25 0.39 0.0 
85891.91 0.33 0.0 
