58.07 0.39 0.0 
419.29 0.50 0.0 
659.21 0.48 0.0 
688.91 0.35 0.0 
1305.65 0.51 0.0 
1604.51 0.70 0.0 
2352.00 0.52 0.0 
3827.75 0.88 0.0 
3827.76 0.56 0.0 
4902.01 0.35 0.0 
5563.20 0.85 0.0 
5563.20 0.67 0.0 
5998.73 0.44 0.0 
7839.40 0.53 0.0 
8219.13 0.39 0.0 
8474.57 0.56 0.0 
9089.03 0.31 0.0 
9207.65 0.32 0.0 
9208.65 0.31 0.0 
9328.20 0.39 0.0 
10306.39 0.32 0.0 
10962.21 0.44 0.0 
11112.57 0.47 0.0 
11161.95 0.75 0.0 
11161.97 0.54 0.0 
11523.88 0.41 0.0 
11523.87 0.87 0.0 
12133.05 0.44 0.0 
12134.37 0.33 0.0 
12681.96 0.52 0.0 
12681.97 0.34 0.0 
13075.60 0.42 0.0 
13093.17 0.30 0.0 
13075.61 0.35 0.0 
13093.23 0.91 0.0 
13478.27 0.32 0.0 
13913.56 0.93 0.0 
13913.57 0.91 0.0 
14218.13 0.69 0.0 
14660.33 0.77 0.0 
14618.92 0.91 0.0 
14618.92 0.88 0.0 
14660.32 0.86 0.0 
14652.08 0.37 0.0 
15450.49 0.44 0.0 
15464.47 0.39 0.0 
15702.40 0.61 0.0 
17532.75 0.34 0.0 
17699.52 0.31 0.0 
18357.84 0.36 0.0 
19032.63 0.32 0.0 
18920.04 0.50 0.0 
19393.75 0.32 0.0 
19543.87 0.36 0.0 
19795.82 0.41 0.0 
20476.15 0.56 0.0 
20673.71 0.33 0.0 
21102.89 0.61 0.0 
21269.31 0.39 0.0 
22056.05 0.62 0.0 
22274.40 0.41 0.0 
22424.47 0.81 0.0 
23204.01 0.53 0.0 
23444.60 0.47 0.0 
23878.07 0.59 0.0 
24207.08 0.32 0.0 
25280.32 0.50 0.0 
25617.97 0.45 0.0 
25709.47 0.34 0.0 
25766.73 0.34 0.0 
26004.23 0.80 0.0 
26369.03 0.37 0.0 
27322.09 0.39 0.0 
27807.49 0.63 0.0 
28105.54 0.77 0.0 
28105.54 0.84 0.0 
29132.97 0.36 0.0 
29422.12 0.56 0.0 
29579.01 0.69 0.0 
30419.28 0.59 0.0 
30554.39 0.30 0.0 
33356.29 0.59 0.0 
34167.43 0.77 0.0 
34348.85 0.41 0.0 
34349.37 0.36 0.0 
34549.96 0.42 0.0 
35391.79 0.40 0.0 
36417.08 0.52 0.0 
37574.03 0.58 0.0 
41339.09 0.49 0.0 
41682.83 0.65 0.0 
41682.81 0.57 0.0 
42149.32 0.38 0.0 
42659.45 0.31 0.0 
44071.51 0.48 0.0 
46289.03 0.37 0.0 
46964.24 0.34 0.0 
46914.85 0.87 0.0 
46914.83 0.54 0.0 
47399.08 0.51 0.0 
47518.95 0.40 0.0 
52108.83 0.39 0.0 
52704.20 0.43 0.0 
52691.84 0.92 0.0 
52702.88 0.44 0.0 
52648.96 0.82 0.0 
52691.84 0.91 0.0 
53803.91 0.43 0.0 
54449.03 0.32 0.0 
54838.97 0.58 0.0 
56309.13 0.39 0.0 
58064.51 0.63 0.0 
58182.57 0.53 0.0 
58694.01 0.69 0.0 
59021.60 0.46 0.0 
59845.85 0.53 0.0 
60252.85 0.41 0.0 
60643.49 0.51 0.0 
60942.13 0.37 0.0 
65009.07 0.41 0.0 
66661.33 0.30 0.0 
67977.31 0.39 0.0 
69598.93 0.70 0.0 
70451.03 0.51 0.0 
73513.07 0.51 0.0 
74128.55 0.31 0.0 
75163.09 0.37 0.0 
75523.01 0.45 0.0 
76304.28 0.43 0.0 
80382.37 0.31 0.0 
80639.59 0.42 0.0 
81647.73 0.54 0.0 
82100.63 0.59 0.0 
82349.11 0.46 0.0 
83699.35 0.35 0.0 
