2527.68 0.40 0.0 
3223.12 0.35 0.0 
3490.55 0.54 0.0 
3490.65 0.63 0.0 
3661.77 0.42 0.0 
3947.00 0.55 0.0 
4186.52 0.34 0.0 
5057.32 0.49 0.0 
6833.97 0.36 0.0 
7231.44 0.33 0.0 
7143.21 0.67 0.0 
7697.99 0.34 0.0 
8493.29 0.57 0.0 
8553.47 0.54 0.0 
8894.57 0.66 0.0 
8956.36 0.51 0.0 
9065.85 0.57 0.0 
9213.88 0.30 0.0 
9498.59 0.56 0.0 
10046.36 0.47 0.0 
10132.19 0.34 0.0 
11264.32 0.61 0.0 
11418.39 0.40 0.0 
11538.29 0.33 0.0 
11979.12 0.53 0.0 
12042.17 0.38 0.0 
12572.57 0.52 0.0 
12859.31 0.50 0.0 
12823.96 0.48 0.0 
13303.40 0.46 0.0 
13308.12 0.38 0.0 
13934.28 0.40 0.0 
14922.92 0.48 0.0 
16392.39 0.37 0.0 
16603.97 0.49 0.0 
16536.24 0.31 0.0 
16633.55 0.45 0.0 
16754.09 0.40 0.0 
17343.29 0.31 0.0 
17622.27 0.44 0.0 
18252.49 0.34 0.0 
18252.52 0.37 0.0 
18468.47 0.36 0.0 
19286.13 0.52 0.0 
19768.32 0.38 0.0 
19888.49 0.57 0.0 
20032.47 0.30 0.0 
20168.08 0.60 0.0 
20125.93 0.42 0.0 
20168.08 0.70 0.0 
20221.03 0.37 0.0 
20371.36 0.35 0.0 
20733.20 0.43 0.0 
21093.85 0.60 0.0 
21511.68 0.38 0.0 
22043.52 0.34 0.0 
22731.27 0.39 0.0 
23219.16 0.33 0.0 
23257.04 0.55 0.0 
23248.32 0.30 0.0 
23446.67 0.37 0.0 
23386.47 0.50 0.0 
23599.28 0.44 0.0 
23969.05 0.45 0.0 
24317.41 0.51 0.0 
24303.97 0.41 0.0 
24453.56 0.32 0.0 
24440.28 0.45 0.0 
24440.32 0.72 0.0 
24617.07 0.49 0.0 
24598.41 0.31 0.0 
24636.79 0.36 0.0 
24763.49 0.46 0.0 
24693.35 0.32 0.0 
24707.25 0.32 0.0 
24978.87 0.31 0.0 
25008.16 0.38 0.0 
25036.23 0.36 0.0 
25339.63 0.37 0.0 
25651.44 0.32 0.0 
25978.77 0.57 0.0 
25986.11 0.67 0.0 
25986.09 0.36 0.0 
26188.81 0.84 0.0 
26274.47 0.31 0.0 
26395.20 0.42 0.0 
26536.95 0.39 0.0 
26689.39 0.45 0.0 
26735.16 0.40 0.0 
27028.17 0.42 0.0 
27148.49 0.50 0.0 
27396.09 0.59 0.0 
27321.37 0.47 0.0 
27621.51 0.30 0.0 
27917.31 0.64 0.0 
28543.92 0.36 0.0 
28709.57 0.64 0.0 
28692.79 0.44 0.0 
28953.36 0.68 0.0 
28902.21 0.71 0.0 
29112.14 0.38 0.0 
29132.99 0.37 0.0 
29368.41 0.45 0.0 
29498.59 0.47 0.0 
29795.91 0.34 0.0 
29708.00 0.34 0.0 
29973.49 0.52 0.0 
30154.35 0.37 0.0 
30244.40 0.30 0.0 
30526.68 0.51 0.0 
31079.41 0.38 0.0 
31345.60 0.52 0.0 
31442.34 0.39 0.0 
31731.69 0.56 0.0 
31768.73 0.42 0.0 
31933.32 0.36 0.0 
31996.67 0.63 0.0 
32236.84 0.41 0.0 
32472.53 0.59 0.0 
33148.27 0.42 0.0 
33106.20 0.31 0.0 
33502.27 0.46 0.0 
33502.31 0.32 0.0 
33525.81 0.38 0.0 
33659.37 0.59 0.0 
34311.65 0.32 0.0 
34843.00 0.38 0.0 
34865.09 0.43 0.0 
37014.65 0.37 0.0 
37167.20 0.31 0.0 
37168.77 0.43 0.0 
37738.49 0.47 0.0 
37858.57 0.41 0.0 
37919.37 0.33 0.0 
38555.48 0.31 0.0 
38592.09 0.86 0.0 
39184.15 0.44 0.0 
39753.21 0.52 0.0 
39838.08 0.41 0.0 
40608.79 0.30 0.0 
40994.05 0.32 0.0 
41278.12 0.36 0.0 
42046.23 0.48 0.0 
42389.16 0.41 0.0 
42553.96 0.36 0.0 
42993.95 0.32 0.0 
43062.77 0.49 0.0 
43702.01 0.45 0.0 
43956.24 0.36 0.0 
44429.57 0.50 0.0 
44453.43 0.43 0.0 
45154.23 0.42 0.0 
45214.47 0.30 0.0 
45874.43 0.38 0.0 
45874.40 0.30 0.0 
45809.09 0.44 0.0 
45978.14 0.37 0.0 
45965.05 0.63 0.0 
46319.28 0.37 0.0 
48539.58 0.47 0.0 
49514.57 0.34 0.0 
49557.04 0.43 0.0 
49908.37 0.43 0.0 
50019.39 0.51 0.0 
50578.16 0.41 0.0 
50699.65 0.54 0.0 
51389.09 0.81 0.0 
52126.23 0.53 0.0 
52242.71 0.34 0.0 
52815.21 0.35 0.0 
54886.97 0.53 0.0 
54805.76 0.33 0.0 
56670.04 0.33 0.0 
56789.15 0.60 0.0 
56944.19 0.37 0.0 
56944.20 0.53 0.0 
58999.29 0.32 0.0 
59192.56 0.46 0.0 
60198.19 0.44 0.0 
60870.99 0.45 0.0 
60958.55 0.52 0.0 
61050.96 0.61 0.0 
61125.07 0.33 0.0 
62279.16 0.32 0.0 
62623.44 0.65 0.0 
63314.49 0.58 0.0 
63183.56 0.57 0.0 
63621.33 0.58 0.0 
63976.60 0.30 0.0 
64729.87 0.34 0.0 
64962.68 0.32 0.0 
64875.97 0.46 0.0 
65249.16 0.80 0.0 
65293.25 0.62 0.0 
65369.29 0.38 0.0 
65369.29 0.45 0.0 
65506.83 0.63 0.0 
66036.29 0.60 0.0 
66912.52 0.75 0.0 
66851.63 0.38 0.0 
67678.89 0.32 0.0 
67910.00 0.30 0.0 
68247.36 0.57 0.0 
68594.44 0.55 0.0 
68863.45 0.51 0.0 
69415.33 0.42 0.0 
69415.33 0.34 0.0 
69792.31 0.35 0.0 
70754.21 0.46 0.0 
71114.01 0.46 0.0 
71143.82 0.56 0.0 
71834.49 0.43 0.0 
72526.85 0.43 0.0 
72628.99 0.52 0.0 
72792.68 0.38 0.0 
72792.67 0.42 0.0 
72829.32 0.34 0.0 
73128.75 0.31 0.0 
73048.84 0.41 0.0 
73491.40 0.31 0.0 
73613.11 0.54 0.0 
73874.05 0.31 0.0 
74292.12 0.33 0.0 
74399.57 0.56 0.0 
74877.27 0.30 0.0 
74934.67 0.59 0.0 
75137.03 0.32 0.0 
75272.03 0.36 0.0 
75271.99 0.60 0.0 
75707.91 0.42 0.0 
75733.77 0.36 0.0 
75876.08 0.44 0.0 
75796.99 0.43 0.0 
76396.44 0.41 0.0 
76604.19 0.62 0.0 
76818.75 0.40 0.0 
76964.25 0.43 0.0 
76932.25 0.31 0.0 
76932.24 0.54 0.0 
77038.00 0.49 0.0 
77345.28 0.33 0.0 
77979.35 0.31 0.0 
77986.95 0.43 0.0 
78347.88 0.44 0.0 
78933.68 0.32 0.0 
78933.72 0.40 0.0 
79859.37 0.49 0.0 
79972.03 0.33 0.0 
80074.00 0.61 0.0 
80023.49 0.69 0.0 
80313.91 0.39 0.0 
80327.08 0.62 0.0 
80487.52 0.42 0.0 
81032.77 0.61 0.0 
81573.77 0.44 0.0 
81596.97 0.43 0.0 
81860.25 0.49 0.0 
81824.12 0.31 0.0 
81996.79 0.44 0.0 
82029.85 0.68 0.0 
81927.57 0.38 0.0 
82165.05 0.58 0.0 
82354.24 0.67 0.0 
82376.59 0.39 0.0 
82689.35 0.43 0.0 
82689.41 0.44 0.0 
82918.69 0.66 0.0 
83113.29 0.48 0.0 
83324.49 0.58 0.0 
83626.25 0.40 0.0 
83673.01 0.33 0.0 
83788.33 0.34 0.0 
83839.35 0.41 0.0 
83927.51 0.46 0.0 
83839.40 0.69 0.0 
83867.31 0.32 0.0 
84037.15 0.31 0.0 
84255.97 0.63 0.0 
84530.41 0.38 0.0 
84913.74 0.84 0.0 
85274.00 0.46 0.0 
85293.13 0.48 0.0 
85288.80 0.56 0.0 
85603.81 0.54 0.0 
86367.52 0.67 0.0 
