2416.61 0.85 0.0 
2416.64 0.81 0.0 
5088.39 0.49 0.0 
6190.96 0.61 0.0 
6176.69 0.46 0.0 
6176.67 0.61 0.0 
6190.93 0.40 0.0 
6381.34 0.68 0.0 
6381.32 0.62 0.0 
8227.16 0.48 0.0 
9395.63 0.52 0.0 
9395.67 0.40 0.0 
9617.09 0.64 0.0 
10155.48 0.80 0.0 
10081.15 0.83 0.0 
10590.63 0.35 0.0 
10081.13 0.78 0.0 
11087.05 0.73 0.0 
11087.07 0.67 0.0 
12775.74 0.84 0.0 
12829.76 0.80 0.0 
12363.85 0.52 0.0 
12775.74 0.86 0.0 
12676.45 0.46 0.0 
13059.06 0.73 0.0 
12829.74 0.75 0.0 
13059.06 0.72 0.0 
13360.19 0.32 0.0 
13935.51 0.51 0.0 
14685.19 0.72 0.0 
14591.49 0.40 0.0 
14622.51 0.30 0.0 
15190.37 0.86 0.0 
15056.66 0.77 0.0 
15056.66 0.72 0.0 
14890.23 0.63 0.0 
15190.36 0.88 0.0 
14890.25 0.55 0.0 
15015.56 0.90 0.0 
15027.68 0.64 0.0 
15027.69 0.69 0.0 
15440.21 0.36 0.0 
18960.48 0.33 0.0 
19207.95 0.38 0.0 
26833.79 0.57 0.0 
26833.75 0.49 0.0 
28842.32 0.96 0.0 
28842.32 0.95 0.0 
32026.47 0.70 0.0 
34512.71 0.49 0.0 
34335.50 0.73 0.0 
34466.78 0.87 0.0 
34466.80 0.87 0.0 
35702.42 0.56 0.0 
35561.08 0.66 0.0 
35702.46 0.63 0.0 
35561.08 0.42 0.0 
37081.37 0.43 0.0 
39262.92 0.32 0.0 
40175.96 0.53 0.0 
40175.93 0.45 0.0 
40370.24 0.52 0.0 
40698.78 0.49 0.0 
40709.05 0.90 0.0 
40709.06 0.76 0.0 
43773.47 0.53 0.0 
44430.73 0.56 0.0 
44524.44 0.64 0.0 
45461.95 0.34 0.0 
46301.79 0.40 0.0 
47318.58 0.71 0.0 
48677.09 0.57 0.0 
49491.97 0.56 0.0 
50636.71 0.36 0.0 
50636.70 0.81 0.0 
51712.39 0.38 0.0 
52380.90 0.72 0.0 
52506.01 0.31 0.0 
52380.91 0.43 0.0 
53449.57 0.78 0.0 
54880.97 0.35 0.0 
55212.22 0.91 0.0 
55212.22 0.90 0.0 
