6384.59 0.55 0.0 
6165.20 0.76 0.0 
12848.85 0.47 0.0 
13185.55 0.72 0.0 
13196.73 0.52 0.0 
12992.48 0.77 0.0 
12835.44 0.60 0.0 
12848.83 0.53 0.0 
12992.48 0.73 0.0 
13185.52 0.80 0.0 
13196.77 0.41 0.0 
13022.29 0.40 0.0 
13730.82 0.83 0.0 
13022.26 0.55 0.0 
13638.76 0.82 0.0 
14332.99 0.34 0.0 
13742.93 0.55 0.0 
13638.73 0.50 0.0 
13742.89 0.70 0.0 
14997.89 0.82 0.0 
14597.48 0.75 0.0 
14997.90 0.76 0.0 
14825.53 0.41 0.0 
15300.33 0.62 0.0 
15300.40 0.90 0.0 
16154.37 0.41 0.0 
16154.41 0.65 0.0 
25335.27 0.83 0.0 
25099.10 0.48 0.0 
25731.76 0.82 0.0 
25335.45 0.83 0.0 
25731.77 0.86 0.0 
32456.51 0.35 0.0 
32874.89 0.31 0.0 
32874.87 0.48 0.0 
34324.09 0.35 0.0 
34158.52 0.62 0.0 
34158.54 0.76 0.0 
36700.97 0.71 0.0 
36687.60 0.88 0.0 
36700.97 0.73 0.0 
36687.58 0.89 0.0 
40198.08 0.62 0.0 
41865.51 0.32 0.0 
