3012.77 0.40 0.0 
6161.54 0.97 0.0 
6161.55 0.98 0.0 
6071.49 0.49 0.0 
6328.49 0.35 0.0 
7694.21 0.31 0.0 
9026.57 0.39 0.0 
7740.57 0.36 0.0 
10829.48 0.72 0.0 
11051.99 0.32 0.0 
11578.55 0.65 0.0 
11289.09 0.44 0.0 
12833.96 0.95 0.0 
12656.60 0.32 0.0 
13061.68 0.84 0.0 
13184.84 0.77 0.0 
12990.29 0.69 0.0 
12552.27 0.40 0.0 
12833.98 0.89 0.0 
12990.27 0.68 0.0 
13061.72 0.81 0.0 
13332.85 0.50 0.0 
13636.92 0.90 0.0 
13636.92 0.91 0.0 
14264.16 0.74 0.0 
14323.73 0.35 0.0 
14993.92 0.92 0.0 
14127.93 0.44 0.0 
14592.04 0.68 0.0 
15287.81 0.43 0.0 
14993.91 0.90 0.0 
15004.37 0.68 0.0 
14821.37 0.52 0.0 
16152.20 0.42 0.0 
18747.47 0.34 0.0 
25333.40 0.98 0.0 
25731.46 0.97 0.0 
25333.39 0.98 0.0 
25838.56 0.43 0.0 
25838.68 0.72 0.0 
26335.84 0.58 0.0 
25731.47 0.97 0.0 
26110.21 0.55 0.0 
26110.17 0.31 0.0 
28827.76 0.39 0.0 
28094.17 0.34 0.0 
29065.53 0.33 0.0 
28154.04 0.63 0.0 
29668.67 0.49 0.0 
30267.77 0.38 0.0 
31789.89 0.36 0.0 
31482.13 0.33 0.0 
31602.13 0.32 0.0 
32873.27 0.52 0.0 
32443.95 0.56 0.0 
34309.36 0.58 0.0 
34157.68 0.63 0.0 
35549.51 0.95 0.0 
35549.52 0.90 0.0 
35803.01 0.31 0.0 
36698.47 0.53 0.0 
36685.95 0.94 0.0 
36698.48 0.44 0.0 
36685.95 0.95 0.0 
38337.77 0.49 0.0 
40198.09 0.81 0.0 
42043.75 0.32 0.0 
48762.89 0.34 0.0 
51091.55 0.32 0.0 
50621.97 0.31 0.0 
50249.43 0.34 0.0 
51044.08 0.34 0.0 
58197.05 0.40 0.0 
58241.75 0.34 0.0 
59293.09 0.40 0.0 
59696.95 0.34 0.0 
65233.59 0.43 0.0 
68189.36 0.34 0.0 
71698.80 0.58 0.0 
71698.79 0.33 0.0 
72434.88 0.33 0.0 
72792.63 0.30 0.0 
76258.32 0.57 0.0 
79683.32 0.37 0.0 
80887.57 0.60 0.0 
81989.44 0.30 0.0 
83469.09 0.45 0.0 
