9624.83 0.47 0.0 
9624.87 0.38 0.0 
12838.16 0.37 0.0 
13065.50 0.84 0.0 
14836.68 0.39 0.0 
15249.95 0.56 0.0 
15250.21 0.59 0.0 
14836.65 0.69 0.0 
16221.23 0.35 0.0 
16221.19 0.32 0.0 
17524.80 0.33 0.0 
26482.79 0.31 0.0 
27281.91 0.55 0.0 
34875.29 0.39 0.0 
34875.48 0.65 0.0 
36168.46 0.77 0.0 
36168.46 0.88 0.0 
36815.00 0.66 0.0 
36814.98 0.66 0.0 
40191.25 0.48 0.0 
40191.85 0.38 0.0 
49850.89 0.33 0.0 
49850.85 0.59 0.0 
57384.20 0.74 0.0 
57384.20 0.86 0.0 
59072.01 0.63 0.0 
79862.65 0.54 0.0 
83868.05 0.47 0.0 
