928.95 0.93 0.0 
1290.34 0.87 0.0 
1694.75 0.77 0.0 
1290.36 0.36 0.0 
2818.98 0.94 0.0 
3176.79 0.64 0.0 
3379.44 0.45 0.0 
4034.31 0.77 0.0 
3639.00 0.77 0.0 
4540.65 0.66 0.0 
4735.76 0.43 0.0 
5173.85 0.45 0.0 
5236.64 0.60 0.0 
6046.83 0.85 0.0 
6179.55 0.39 0.0 
6388.95 0.85 0.0 
6138.06 0.31 0.0 
6046.87 0.69 0.0 
6179.51 0.86 0.0 
6614.36 0.79 0.0 
7119.89 0.31 0.0 
8304.13 0.49 0.0 
8568.22 0.70 0.0 
9118.96 0.67 0.0 
8414.27 0.67 0.0 
9306.77 0.47 0.0 
8568.24 0.62 0.0 
9306.81 0.44 0.0 
9462.64 0.50 0.0 
11038.54 0.92 0.0 
12836.92 0.94 0.0 
13065.66 0.31 0.0 
13229.07 0.65 0.0 
12836.92 0.95 0.0 
12852.67 0.71 0.0 
13862.09 0.34 0.0 
13094.33 0.47 0.0 
12994.95 0.98 0.0 
12994.94 0.97 0.0 
13949.51 0.31 0.0 
13862.09 0.32 0.0 
14606.32 0.30 0.0 
14661.86 0.90 0.0 
14264.03 0.73 0.0 
15074.36 0.88 0.0 
14622.21 0.52 0.0 
14661.79 0.73 0.0 
15293.17 0.50 0.0 
16076.55 0.81 0.0 
15293.21 0.64 0.0 
16147.03 0.74 0.0 
16152.39 0.30 0.0 
16789.00 0.69 0.0 
16867.44 0.54 0.0 
16884.89 0.32 0.0 
16867.49 0.48 0.0 
17373.19 0.56 0.0 
16789.00 0.78 0.0 
17588.92 0.39 0.0 
17771.01 0.32 0.0 
17334.21 0.39 0.0 
18639.53 0.70 0.0 
18643.53 0.41 0.0 
18639.52 0.52 0.0 
19445.24 0.73 0.0 
18943.89 0.31 0.0 
19123.13 0.76 0.0 
19445.24 0.67 0.0 
20561.92 0.87 0.0 
20561.92 0.59 0.0 
21855.68 0.43 0.0 
21175.56 0.48 0.0 
22102.45 0.69 0.0 
21855.68 0.88 0.0 
22102.48 0.44 0.0 
25107.81 0.64 0.0 
25092.60 0.72 0.0 
26638.52 0.36 0.0 
25859.20 0.56 0.0 
27116.69 0.54 0.0 
27463.60 0.88 0.0 
28721.35 0.61 0.0 
28721.39 0.59 0.0 
29665.56 0.95 0.0 
29665.56 0.94 0.0 
29676.41 0.34 0.0 
29810.13 0.33 0.0 
31079.48 0.67 0.0 
31787.32 0.67 0.0 
31586.45 0.53 0.0 
32006.68 0.66 0.0 
31586.45 0.37 0.0 
31787.32 0.78 0.0 
32877.21 0.45 0.0 
32457.28 0.32 0.0 
32449.65 0.47 0.0 
32877.19 0.39 0.0 
33851.85 0.51 0.0 
34601.08 0.43 0.0 
35556.75 0.88 0.0 
35556.72 0.73 0.0 
40164.51 0.86 0.0 
40178.68 0.47 0.0 
63228.85 0.33 0.0 
82182.98 0.77 0.0 
82724.18 0.96 0.0 
84013.97 0.38 0.0 
83774.07 0.93 0.0 
84013.95 0.84 0.0 
84928.03 0.46 0.0 
84623.02 0.94 0.0 
84623.04 0.47 0.0 
85200.84 0.54 0.0 
84871.22 0.82 0.0 
85846.07 0.92 0.0 
86205.23 0.50 0.0 
85846.08 0.82 0.0 
