1695.23 0.35 0.0 
2358.47 0.57 0.0 
3639.57 0.56 0.0 
5237.17 0.34 0.0 
6049.01 0.67 0.0 
6646.05 0.38 0.0 
6197.05 0.37 0.0 
6049.04 0.63 0.0 
8568.69 0.38 0.0 
9307.31 0.54 0.0 
9307.35 0.50 0.0 
12837.76 0.75 0.0 
13065.85 0.59 0.0 
13024.31 0.39 0.0 
13081.61 0.50 0.0 
12837.76 0.79 0.0 
13863.63 0.49 0.0 
13875.36 0.37 0.0 
13065.86 0.83 0.0 
12999.70 0.52 0.0 
12999.70 0.61 0.0 
13863.59 0.45 0.0 
13864.15 0.41 0.0 
14409.87 0.46 0.0 
13875.46 0.83 0.0 
14534.01 0.65 0.0 
14665.81 0.54 0.0 
14077.95 0.39 0.0 
14409.89 0.51 0.0 
14521.11 0.36 0.0 
14533.99 0.71 0.0 
15070.67 0.47 0.0 
14665.78 0.65 0.0 
15361.43 0.39 0.0 
15294.48 0.77 0.0 
15723.26 0.77 0.0 
15294.47 0.75 0.0 
16148.43 0.31 0.0 
15741.41 0.43 0.0 
16794.74 0.42 0.0 
16065.73 0.54 0.0 
16076.60 0.80 0.0 
16092.39 0.41 0.0 
16869.27 0.58 0.0 
16869.25 0.74 0.0 
16671.41 0.54 0.0 
16794.51 0.38 0.0 
17771.53 0.38 0.0 
17334.72 0.60 0.0 
18507.27 0.31 0.0 
18640.05 0.58 0.0 
18640.03 0.45 0.0 
19445.71 0.39 0.0 
19445.73 0.52 0.0 
19907.70 0.41 0.0 
20562.40 0.68 0.0 
20562.43 0.50 0.0 
22102.97 0.46 0.0 
21856.13 0.43 0.0 
25095.43 0.34 0.0 
24618.79 0.37 0.0 
28743.39 0.36 0.0 
28735.85 0.39 0.0 
28723.63 0.41 0.0 
29446.35 0.31 0.0 
29667.18 0.74 0.0 
29667.17 0.40 0.0 
29667.69 0.50 0.0 
29678.75 0.65 0.0 
29678.73 0.48 0.0 
31788.09 0.62 0.0 
31803.46 0.42 0.0 
32463.34 0.72 0.0 
31788.08 0.84 0.0 
32878.15 0.45 0.0 
32463.31 0.52 0.0 
32896.56 0.61 0.0 
35571.69 0.60 0.0 
35558.35 0.75 0.0 
35558.35 0.68 0.0 
35571.69 0.58 0.0 
37411.16 0.79 0.0 
37427.24 0.37 0.0 
37427.18 0.50 0.0 
42303.72 0.59 0.0 
84014.59 0.44 0.0 
84241.19 0.42 0.0 
84481.66 0.70 0.0 
84623.47 0.84 0.0 
84623.48 0.61 0.0 
85201.31 0.62 0.0 
85846.60 0.79 0.0 
86206.14 0.70 0.0 
85846.59 0.71 0.0 
