2816.75 0.41 0.0 
2783.24 0.45 0.0 
2923.16 0.31 0.0 
6359.80 0.98 0.0 
8579.56 0.50 0.0 
9604.38 0.43 0.0 
12204.91 0.87 0.0 
12204.91 0.92 0.0 
12831.16 0.70 0.0 
13058.59 0.56 0.0 
12831.15 0.85 0.0 
12842.33 0.40 0.0 
13058.61 0.30 0.0 
13659.23 0.32 0.0 
13936.31 0.73 0.0 
13659.24 0.63 0.0 
13936.31 0.79 0.0 
16767.39 0.38 0.0 
20604.96 0.47 0.0 
24418.37 0.32 0.0 
24254.21 0.31 0.0 
25382.45 0.63 0.0 
26464.77 0.32 0.0 
26464.81 0.53 0.0 
26787.76 0.59 0.0 
27464.04 0.57 0.0 
28068.86 0.98 0.0 
29008.65 0.97 0.0 
28068.86 0.98 0.0 
29008.65 0.79 0.0 
29411.84 0.81 0.0 
29411.87 0.53 0.0 
30556.76 0.88 0.0 
31069.29 0.34 0.0 
30556.76 0.86 0.0 
31699.28 0.34 0.0 
32518.60 0.37 0.0 
33127.28 0.42 0.0 
34305.48 0.88 0.0 
34305.39 0.37 0.0 
34307.47 0.32 0.0 
35959.48 0.57 0.0 
35959.44 0.32 0.0 
40174.39 0.73 0.0 
40174.44 0.65 0.0 
44473.76 0.38 0.0 
48538.40 0.59 0.0 
48614.21 0.34 0.0 
50605.51 0.50 0.0 
50396.35 0.53 0.0 
65530.65 0.40 0.0 
68882.80 0.98 0.0 
68882.80 0.98 0.0 
72552.51 0.44 0.0 
76871.11 0.44 0.0 
79588.42 0.34 0.0 
83159.51 0.77 0.0 
85889.37 0.34 0.0 
85514.48 0.34 0.0 
