2785.19 0.56 0.0 
2923.96 0.66 0.0 
6359.80 0.42 0.0 
6360.80 0.72 0.0 
6360.77 0.74 0.0 
8011.53 0.32 0.0 
8583.38 0.69 0.0 
8583.42 0.59 0.0 
9615.75 0.31 0.0 
12205.89 0.59 0.0 
12205.92 0.76 0.0 
12833.09 0.65 0.0 
13060.20 0.51 0.0 
13072.54 0.64 0.0 
12833.06 0.78 0.0 
12845.56 0.83 0.0 
13060.20 0.81 0.0 
12845.56 0.85 0.0 
13072.53 0.62 0.0 
13747.67 0.32 0.0 
15032.81 0.70 0.0 
15018.47 0.37 0.0 
15032.85 0.47 0.0 
16782.87 0.43 0.0 
21978.14 0.39 0.0 
26221.61 0.60 0.0 
25384.10 0.90 0.0 
25433.43 0.58 0.0 
26480.75 0.40 0.0 
26480.73 0.36 0.0 
28071.16 0.86 0.0 
28731.77 0.37 0.0 
28071.18 0.85 0.0 
29442.25 0.38 0.0 
28730.77 0.41 0.0 
29426.77 0.48 0.0 
29442.24 0.50 0.0 
29010.19 0.42 0.0 
29412.67 0.33 0.0 
30421.43 0.31 0.0 
29412.67 0.56 0.0 
29426.73 0.61 0.0 
29891.67 0.31 0.0 
29891.72 0.41 0.0 
32878.20 0.69 0.0 
32878.20 0.43 0.0 
34307.55 0.63 0.0 
34319.65 0.58 0.0 
34873.96 0.49 0.0 
34319.66 0.72 0.0 
34516.87 0.50 0.0 
34873.97 0.63 0.0 
40178.69 0.66 0.0 
40178.69 0.63 0.0 
40203.53 0.37 0.0 
68885.32 0.95 0.0 
68885.31 0.96 0.0 
80088.04 0.36 0.0 
80866.08 0.49 0.0 
80952.23 0.45 0.0 
