124.93 0.34 0.0 
1963.80 0.47 0.0 
3382.29 0.35 0.0 
3058.89 0.48 0.0 
3382.28 0.53 0.0 
3493.41 0.42 0.0 
3974.49 0.52 0.0 
6220.01 0.37 0.0 
8203.69 0.30 0.0 
11219.15 0.35 0.0 
11503.61 0.90 0.0 
11098.60 0.31 0.0 
12296.45 0.45 0.0 
13767.27 0.47 0.0 
15319.24 0.95 0.0 
15319.26 0.96 0.0 
16096.77 0.89 0.0 
15855.89 0.31 0.0 
16082.31 0.60 0.0 
16096.75 0.84 0.0 
16845.99 0.98 0.0 
16769.29 0.35 0.0 
16769.28 0.79 0.0 
16845.99 0.98 0.0 
16861.53 0.84 0.0 
16861.54 0.92 0.0 
18464.66 0.87 0.0 
18464.68 0.98 0.0 
18559.44 0.41 0.0 
18929.36 0.66 0.0 
23339.12 0.42 0.0 
23443.09 0.49 0.0 
24744.53 0.39 0.0 
25110.79 0.32 0.0 
32326.69 0.38 0.0 
32926.00 0.60 0.0 
34178.20 0.76 0.0 
34178.19 0.81 0.0 
37184.12 0.82 0.0 
37414.36 0.75 0.0 
37414.39 0.54 0.0 
37799.09 0.32 0.0 
37403.67 0.46 0.0 
39041.36 0.45 0.0 
41428.73 0.70 0.0 
42210.07 0.34 0.0 
47643.68 0.39 0.0 
47696.49 0.79 0.0 
48029.00 0.65 0.0 
47696.48 0.46 0.0 
48659.19 0.46 0.0 
54909.71 0.41 0.0 
55362.41 0.44 0.0 
56621.28 0.67 0.0 
57884.03 0.42 0.0 
58860.97 0.42 0.0 
62171.95 0.62 0.0 
63370.20 0.47 0.0 
63809.33 0.36 0.0 
65214.56 0.39 0.0 
69139.54 0.98 0.0 
69139.54 0.98 0.0 
70316.24 0.45 0.0 
70385.92 0.90 0.0 
70385.92 0.79 0.0 
70392.57 0.31 0.0 
71908.76 0.84 0.0 
72072.51 0.33 0.0 
74311.75 0.97 0.0 
74311.76 0.98 0.0 
75674.36 0.61 0.0 
77276.80 0.68 0.0 
78659.56 0.36 0.0 
78898.16 0.38 0.0 
80159.51 0.53 0.0 
79964.12 0.84 0.0 
80891.56 0.47 0.0 
80939.32 0.66 0.0 
81039.89 0.69 0.0 
80712.89 0.35 0.0 
81039.91 0.84 0.0 
82405.41 0.31 0.0 
83184.12 0.50 0.0 
82844.60 0.56 0.0 
83429.25 0.76 0.0 
83370.69 0.34 0.0 
83817.91 0.32 0.0 
84298.04 0.35 0.0 
84610.44 0.36 0.0 
84869.01 0.32 0.0 
84777.40 0.41 0.0 
84298.01 0.75 0.0 
84610.44 0.38 0.0 
84612.36 0.37 0.0 
85936.64 0.34 0.0 
85850.32 0.36 0.0 
85936.69 0.32 0.0 
85850.33 0.45 0.0 
