4401.72 0.62 0.0 
12835.03 0.50 0.0 
12835.01 0.58 0.0 
14085.52 0.70 0.0 
27451.76 0.34 0.0 
28158.56 0.33 0.0 
30171.49 0.72 0.0 
30791.63 0.34 0.0 
40160.72 0.83 0.0 
40165.09 0.40 0.0 
40160.70 0.61 0.0 
40165.07 0.33 0.0 
45745.55 0.37 0.0 
45615.97 0.47 0.0 
47148.29 0.51 0.0 
49660.11 0.33 0.0 
49660.19 0.41 0.0 
49575.47 0.32 0.0 
51004.00 0.47 0.0 
51012.45 0.35 0.0 
50957.01 0.31 0.0 
51193.75 0.31 0.0 
51618.04 0.55 0.0 
52758.39 0.33 0.0 
53453.31 0.31 0.0 
53119.09 0.49 0.0 
55811.97 0.34 0.0 
57156.15 0.35 0.0 
57873.47 0.34 0.0 
57156.15 0.55 0.0 
57330.91 0.35 0.0 
57525.75 0.32 0.0 
57746.11 0.31 0.0 
58730.09 0.47 0.0 
58730.11 0.62 0.0 
59293.91 0.33 0.0 
59641.80 0.69 0.0 
59641.81 0.33 0.0 
60035.99 0.34 0.0 
60127.14 0.42 0.0 
60127.18 0.50 0.0 
59538.39 0.45 0.0 
59562.77 0.71 0.0 
59716.46 0.33 0.0 
59735.93 0.32 0.0 
61653.20 0.43 0.0 
61903.08 0.58 0.0 
61903.08 0.57 0.0 
62674.19 0.41 0.0 
62270.07 0.42 0.0 
62565.84 0.59 0.0 
64261.29 0.49 0.0 
64683.48 0.32 0.0 
64690.47 0.35 0.0 
64579.17 0.46 0.0 
65434.25 0.45 0.0 
65456.49 0.32 0.0 
64901.13 0.39 0.0 
65350.32 0.51 0.0 
65883.15 0.49 0.0 
66592.46 0.60 0.0 
66611.89 0.32 0.0 
66258.77 0.60 0.0 
66556.15 0.46 0.0 
67357.05 0.46 0.0 
66737.25 0.38 0.0 
67122.69 0.41 0.0 
67513.47 0.42 0.0 
68434.78 0.69 0.0 
68985.84 0.50 0.0 
69394.27 0.31 0.0 
68967.58 0.46 0.0 
68985.87 0.42 0.0 
69546.01 0.32 0.0 
69337.37 0.45 0.0 
69991.22 0.35 0.0 
69576.05 0.46 0.0 
69971.99 0.51 0.0 
69576.02 0.59 0.0 
70029.77 0.64 0.0 
69678.08 0.52 0.0 
70167.13 0.31 0.0 
69959.29 0.35 0.0 
70010.77 0.52 0.0 
70029.77 0.52 0.0 
70442.97 0.43 0.0 
70665.43 0.33 0.0 
70298.56 0.53 0.0 
70311.99 0.47 0.0 
71088.11 0.36 0.0 
70984.49 0.53 0.0 
71102.36 0.34 0.0 
71184.81 0.37 0.0 
71283.52 0.54 0.0 
70897.12 0.53 0.0 
70984.53 0.52 0.0 
71387.28 0.60 0.0 
71088.13 0.67 0.0 
71130.77 0.46 0.0 
71130.82 0.45 0.0 
71637.42 0.54 0.0 
71237.47 0.36 0.0 
71184.79 0.33 0.0 
71940.89 0.56 0.0 
71597.65 0.55 0.0 
71637.45 0.65 0.0 
72440.75 0.44 0.0 
72502.96 0.35 0.0 
72044.19 0.43 0.0 
72541.23 0.34 0.0 
72199.35 0.31 0.0 
72996.41 0.36 0.0 
72440.72 0.59 0.0 
72472.51 0.36 0.0 
73046.57 0.40 0.0 
72598.95 0.50 0.0 
73020.21 0.53 0.0 
73033.65 0.32 0.0 
73096.87 0.42 0.0 
73621.05 0.41 0.0 
73631.53 0.61 0.0 
73836.19 0.34 0.0 
73985.69 0.51 0.0 
73631.57 0.59 0.0 
74437.60 0.48 0.0 
73836.21 0.38 0.0 
73891.05 0.52 0.0 
74465.53 0.48 0.0 
74058.85 0.57 0.0 
74132.51 0.40 0.0 
74824.09 0.61 0.0 
74465.57 0.52 0.0 
74437.66 0.50 0.0 
74986.14 0.43 0.0 
74491.45 0.64 0.0 
74776.39 0.44 0.0 
75543.61 0.34 0.0 
75770.63 0.42 0.0 
75327.55 0.31 0.0 
75879.78 0.64 0.0 
75897.47 0.37 0.0 
75459.61 0.53 0.0 
75473.13 0.55 0.0 
76089.19 0.43 0.0 
75897.43 0.31 0.0 
76474.09 0.55 0.0 
75879.79 0.65 0.0 
76193.31 0.32 0.0 
76290.99 0.43 0.0 
77187.69 0.46 0.0 
