781.45 0.69 0.0 
470.41 0.48 0.0 
565.01 0.44 0.0 
4293.73 0.40 0.0 
5702.76 0.71 0.0 
7715.99 0.46 0.0 
7715.99 0.43 0.0 
7771.03 0.37 0.0 
11385.65 0.31 0.0 
11863.28 0.40 0.0 
11863.33 0.61 0.0 
13545.97 0.34 0.0 
14309.91 0.36 0.0 
15856.09 0.31 0.0 
19446.31 0.31 0.0 
21189.65 0.38 0.0 
22903.97 0.37 0.0 
24123.01 0.39 0.0 
24123.00 0.34 0.0 
24201.77 0.46 0.0 
25338.45 0.33 0.0 
28772.37 0.62 0.0 
33262.53 0.32 0.0 
40159.40 0.83 0.0 
40054.61 0.74 0.0 
40159.40 0.82 0.0 
42090.78 0.74 0.0 
44746.20 0.39 0.0 
48737.63 0.32 0.0 
54780.71 0.48 0.0 
55563.81 0.50 0.0 
56507.25 0.51 0.0 
57480.81 0.47 0.0 
57921.95 0.45 0.0 
57960.71 0.71 0.0 
58040.67 0.38 0.0 
60107.31 0.40 0.0 
60903.77 0.48 0.0 
62905.73 0.33 0.0 
64083.55 0.31 0.0 
65071.21 0.47 0.0 
66398.04 0.48 0.0 
67978.97 0.46 0.0 
68493.18 0.44 0.0 
69095.63 0.54 0.0 
69190.75 0.31 0.0 
70356.48 0.53 0.0 
72794.56 0.33 0.0 
72695.37 0.61 0.0 
72695.33 0.34 0.0 
74866.49 0.44 0.0 
75229.17 0.34 0.0 
76262.05 0.34 0.0 
76036.56 0.67 0.0 
76347.17 0.32 0.0 
76578.43 0.35 0.0 
77670.39 0.40 0.0 
77791.99 0.35 0.0 
81480.71 0.45 0.0 
83147.13 0.41 0.0 
84523.36 0.31 0.0 
85395.55 0.40 0.0 
85450.47 0.37 0.0 
85722.21 0.49 0.0 
