126.45 0.57 0.0 
126.49 0.61 0.0 
771.83 0.82 0.0 
771.75 0.57 0.0 
1410.72 0.50 0.0 
2083.71 0.90 0.0 
2662.05 0.83 0.0 
2083.71 0.93 0.0 
2662.07 0.87 0.0 
3790.79 0.60 0.0 
4315.07 0.71 0.0 
4048.05 0.34 0.0 
4924.05 0.54 0.0 
4844.45 0.30 0.0 
4916.53 0.40 0.0 
4844.48 0.88 0.0 
5398.27 0.78 0.0 
5939.51 0.79 0.0 
5884.36 0.44 0.0 
6846.98 0.53 0.0 
6307.48 0.33 0.0 
6204.41 0.32 0.0 
6726.48 0.41 0.0 
6899.31 0.31 0.0 
7187.10 0.32 0.0 
7695.55 0.30 0.0 
7695.64 0.35 0.0 
8409.99 0.51 0.0 
7752.16 0.37 0.0 
8195.72 0.76 0.0 
8410.03 0.81 0.0 
8195.72 0.78 0.0 
8143.23 0.42 0.0 
8695.51 0.67 0.0 
8251.36 0.44 0.0 
9232.20 0.84 0.0 
9232.19 0.93 0.0 
9766.18 0.68 0.0 
9766.11 0.85 0.0 
10292.11 0.78 0.0 
10292.13 0.73 0.0 
10859.16 0.50 0.0 
10405.43 0.53 0.0 
11833.65 0.56 0.0 
12306.01 0.36 0.0 
12826.63 0.95 0.0 
12896.79 0.88 0.0 
12826.63 0.92 0.0 
13054.79 0.87 0.0 
13304.40 0.58 0.0 
13375.57 0.52 0.0 
13027.29 0.32 0.0 
13029.85 0.34 0.0 
13054.79 0.94 0.0 
13060.99 0.36 0.0 
13304.39 0.88 0.0 
13375.56 0.36 0.0 
14217.96 0.40 0.0 
13778.72 0.82 0.0 
15021.47 0.35 0.0 
15026.85 0.47 0.0 
14640.39 0.82 0.0 
14442.27 0.46 0.0 
14249.48 0.74 0.0 
15035.95 0.83 0.0 
15601.63 0.34 0.0 
15035.93 0.69 0.0 
15061.97 0.55 0.0 
15077.15 0.35 0.0 
15601.83 0.33 0.0 
16019.10 0.59 0.0 
15952.37 0.45 0.0 
15859.21 0.52 0.0 
15879.29 0.47 0.0 
15783.77 0.34 0.0 
16430.02 0.79 0.0 
16154.00 0.42 0.0 
16430.01 0.65 0.0 
17303.17 0.40 0.0 
17417.65 0.30 0.0 
16883.27 0.92 0.0 
16883.27 0.89 0.0 
17757.49 0.42 0.0 
17330.16 0.41 0.0 
17764.61 0.31 0.0 
17483.44 0.31 0.0 
19101.97 0.53 0.0 
19527.00 0.59 0.0 
20769.08 0.83 0.0 
20363.71 0.70 0.0 
20769.08 0.74 0.0 
20363.71 0.89 0.0 
21616.09 0.73 0.0 
21616.05 0.76 0.0 
22033.75 0.52 0.0 
22473.69 0.35 0.0 
22033.76 0.46 0.0 
22473.73 0.48 0.0 
22904.15 0.51 0.0 
23313.77 0.44 0.0 
22904.18 0.92 0.0 
23884.47 0.33 0.0 
23313.77 0.40 0.0 
23731.35 0.86 0.0 
23879.58 0.59 0.0 
24011.91 0.73 0.0 
23731.35 0.80 0.0 
24150.57 0.58 0.0 
24932.20 0.89 0.0 
24544.35 0.83 0.0 
24989.15 0.32 0.0 
24932.23 0.85 0.0 
25353.25 0.40 0.0 
26182.60 0.83 0.0 
25761.56 0.73 0.0 
26182.57 0.64 0.0 
26555.69 0.84 0.0 
26555.69 0.79 0.0 
27354.96 0.73 0.0 
26949.37 0.65 0.0 
27732.37 0.81 0.0 
27354.97 0.53 0.0 
26949.39 0.60 0.0 
26969.07 0.85 0.0 
27732.37 0.77 0.0 
28112.04 0.66 0.0 
28112.00 0.63 0.0 
28487.07 0.64 0.0 
28616.49 0.35 0.0 
28487.11 0.58 0.0 
28747.88 0.37 0.0 
28868.18 0.85 0.0 
29642.42 0.66 0.0 
28868.18 0.37 0.0 
29642.35 0.71 0.0 
29818.52 0.57 0.0 
30034.96 0.49 0.0 
30508.51 0.57 0.0 
29702.44 0.38 0.0 
30034.95 0.83 0.0 
29849.34 0.63 0.0 
30422.99 0.96 0.0 
31228.80 0.87 0.0 
30422.99 0.93 0.0 
30667.88 0.46 0.0 
30816.19 0.60 0.0 
31304.45 0.32 0.0 
31955.53 0.34 0.0 
32071.49 0.79 0.0 
32499.64 0.76 0.0 
32140.69 0.50 0.0 
32868.56 0.65 0.0 
32868.57 0.67 0.0 
32499.63 0.74 0.0 
32947.70 0.88 0.0 
33459.08 0.66 0.0 
32947.69 0.79 0.0 
33847.43 0.76 0.0 
33972.32 0.48 0.0 
33402.96 0.38 0.0 
33847.44 0.86 0.0 
33972.33 0.56 0.0 
34231.55 0.89 0.0 
34312.90 0.89 0.0 
34312.90 0.94 0.0 
34231.56 0.87 0.0 
34784.78 0.91 0.0 
35286.91 0.66 0.0 
35215.57 0.58 0.0 
34784.60 0.41 0.0 
35286.89 0.66 0.0 
35789.97 0.87 0.0 
36287.39 0.95 0.0 
36287.40 0.92 0.0 
36778.62 0.80 0.0 
36778.61 0.69 0.0 
37810.29 0.42 0.0 
37286.59 0.49 0.0 
37286.59 0.87 0.0 
37810.29 0.77 0.0 
38306.89 0.76 0.0 
37544.28 0.58 0.0 
38074.77 0.66 0.0 
38074.73 0.44 0.0 
38306.88 0.46 0.0 
38125.41 0.64 0.0 
39025.45 0.76 0.0 
38791.40 0.76 0.0 
38975.31 0.43 0.0 
38791.39 0.78 0.0 
38723.39 0.51 0.0 
39309.77 0.74 0.0 
39811.39 0.91 0.0 
39309.75 0.86 0.0 
39328.35 0.40 0.0 
40340.37 0.55 0.0 
39811.37 0.61 0.0 
40154.05 0.98 0.0 
40164.73 0.75 0.0 
40340.37 0.39 0.0 
40154.05 0.97 0.0 
40164.76 0.75 0.0 
40846.91 0.95 0.0 
40846.91 0.94 0.0 
41410.12 0.83 0.0 
41923.48 0.89 0.0 
41923.49 0.77 0.0 
42993.29 0.54 0.0 
43443.59 0.42 0.0 
42689.12 0.62 0.0 
42927.73 0.47 0.0 
43967.63 0.76 0.0 
43967.64 0.85 0.0 
44501.11 0.66 0.0 
45009.51 0.44 0.0 
45531.65 0.52 0.0 
45531.61 0.51 0.0 
46060.63 0.52 0.0 
46614.51 0.47 0.0 
47155.72 0.60 0.0 
47693.96 0.75 0.0 
47694.01 0.41 0.0 
48236.67 0.85 0.0 
48236.67 0.89 0.0 
49299.52 0.67 0.0 
49299.53 0.60 0.0 
49842.64 0.53 0.0 
50379.47 0.30 0.0 
50379.33 0.42 0.0 
52078.79 0.92 0.0 
52649.32 0.71 0.0 
53172.54 0.79 0.0 
54267.57 0.55 0.0 
54835.15 0.64 0.0 
55961.57 0.31 0.0 
57710.64 0.43 0.0 
57710.65 0.58 0.0 
58287.65 0.55 0.0 
60265.08 0.50 0.0 
60355.43 0.52 0.0 
60088.89 0.88 0.0 
60688.23 0.90 0.0 
61919.60 0.34 0.0 
61869.80 0.51 0.0 
62492.56 0.32 0.0 
63674.59 0.82 0.0 
67316.92 0.70 0.0 
68636.27 0.77 0.0 
69942.36 0.70 0.0 
71502.68 0.36 0.0 
72043.28 0.74 0.0 
74185.51 0.42 0.0 
73519.93 0.31 0.0 
76348.86 0.93 0.0 
77907.91 0.65 0.0 
80398.51 0.63 0.0 
81251.37 0.41 0.0 
81478.09 0.33 0.0 
82198.49 0.51 0.0 
83084.04 0.32 0.0 
83083.99 0.92 0.0 
83967.68 0.69 0.0 
84872.74 0.77 0.0 
84311.20 0.46 0.0 
84872.76 0.50 0.0 
85004.25 0.43 0.0 
85682.13 0.87 0.0 
85682.14 0.84 0.0 
85907.85 0.39 0.0 
86170.21 0.33 0.0 
