2331.79 0.38 0.0 
3806.66 0.87 0.0 
4331.72 0.39 0.0 
4438.14 0.40 0.0 
5204.33 0.71 0.0 
4933.76 0.47 0.0 
5171.60 0.61 0.0 
5930.23 0.76 0.0 
5908.64 0.59 0.0 
5930.21 0.36 0.0 
6314.09 0.38 0.0 
6764.47 0.86 0.0 
8173.89 0.54 0.0 
9631.43 0.50 0.0 
10001.84 0.58 0.0 
10377.28 0.44 0.0 
10001.85 0.63 0.0 
10184.09 0.46 0.0 
10436.32 0.51 0.0 
11219.12 0.49 0.0 
10436.32 0.96 0.0 
12208.40 0.33 0.0 
12524.51 0.34 0.0 
11864.32 0.60 0.0 
12658.53 0.58 0.0 
12769.48 0.65 0.0 
12165.80 0.31 0.0 
12525.66 0.35 0.0 
12611.31 0.59 0.0 
12769.47 0.84 0.0 
12792.44 0.90 0.0 
13168.92 0.94 0.0 
12999.44 0.49 0.0 
12914.57 0.85 0.0 
12945.61 0.40 0.0 
13063.32 0.44 0.0 
13333.96 0.33 0.0 
13540.75 0.78 0.0 
13931.39 0.68 0.0 
15028.48 0.63 0.0 
15269.12 0.71 0.0 
16975.17 0.45 0.0 
16434.45 0.42 0.0 
16929.69 0.37 0.0 
18292.00 0.38 0.0 
20669.23 0.86 0.0 
24223.16 0.37 0.0 
26507.38 0.30 0.0 
26519.65 0.64 0.0 
27079.31 0.73 0.0 
28018.53 0.39 0.0 
28484.33 0.70 0.0 
29007.44 0.40 0.0 
29210.57 0.44 0.0 
30178.45 0.52 0.0 
32868.44 0.55 0.0 
32868.44 0.30 0.0 
33433.65 0.37 0.0 
33231.09 0.52 0.0 
37856.77 0.54 0.0 
37856.77 0.37 0.0 
38658.13 0.38 0.0 
38279.32 0.49 0.0 
40153.90 0.97 0.0 
40160.75 0.78 0.0 
40153.89 0.98 0.0 
40160.74 0.69 0.0 
41337.33 0.54 0.0 
41294.05 0.62 0.0 
41278.80 0.32 0.0 
44384.57 0.33 0.0 
51897.77 0.42 0.0 
51744.34 0.89 0.0 
51744.33 0.57 0.0 
52663.39 0.50 0.0 
53819.60 0.68 0.0 
53833.85 0.84 0.0 
56187.59 0.72 0.0 
57313.95 0.64 0.0 
57343.21 0.53 0.0 
57555.87 0.41 0.0 
57614.01 0.32 0.0 
58203.56 0.51 0.0 
57958.76 0.51 0.0 
58178.88 0.44 0.0 
58209.85 0.44 0.0 
58750.57 0.75 0.0 
58903.77 0.70 0.0 
58918.55 0.40 0.0 
59588.68 0.57 0.0 
65673.89 0.70 0.0 
65673.92 0.54 0.0 
67768.55 0.53 0.0 
67961.15 0.44 0.0 
67991.36 0.60 0.0 
67796.57 0.43 0.0 
67909.59 0.44 0.0 
71443.87 0.58 0.0 
75343.08 0.32 0.0 
76392.16 0.51 0.0 
76392.17 0.93 0.0 
76214.28 0.36 0.0 
76486.57 0.31 0.0 
76945.59 0.34 0.0 
77248.97 0.38 0.0 
78088.68 0.71 0.0 
78206.93 0.32 0.0 
78524.03 0.31 0.0 
78972.96 0.40 0.0 
79064.40 0.32 0.0 
79508.45 0.76 0.0 
80819.17 0.58 0.0 
80560.67 0.49 0.0 
81067.81 0.30 0.0 
81067.87 0.72 0.0 
81101.77 0.46 0.0 
81731.45 0.37 0.0 
81958.53 0.49 0.0 
83105.16 0.32 0.0 
83671.68 0.31 0.0 
83669.12 0.57 0.0 
83822.21 0.63 0.0 
83624.00 0.32 0.0 
83492.01 0.30 0.0 
83893.04 0.72 0.0 
84558.69 0.49 0.0 
85784.33 0.62 0.0 
