1483.87 0.37 0.0 
3049.91 0.45 0.0 
4307.92 0.37 0.0 
4248.85 0.46 0.0 
4486.19 0.38 0.0 
5475.71 0.30 0.0 
5472.05 0.67 0.0 
6449.04 0.48 0.0 
6994.63 0.30 0.0 
8263.71 0.30 0.0 
9665.57 0.88 0.0 
9679.82 0.86 0.0 
9468.53 0.39 0.0 
9468.57 0.40 0.0 
9679.81 0.86 0.0 
9665.57 0.89 0.0 
10281.81 0.58 0.0 
11009.31 0.34 0.0 
11466.31 0.42 0.0 
11037.55 0.36 0.0 
11466.33 0.39 0.0 
12402.74 0.65 0.0 
12402.77 0.72 0.0 
12878.59 0.48 0.0 
12878.59 0.45 0.0 
13111.79 0.73 0.0 
13117.44 0.69 0.0 
12570.87 0.35 0.0 
13117.41 0.65 0.0 
13260.51 0.48 0.0 
13364.71 0.63 0.0 
13364.71 0.42 0.0 
13069.55 0.57 0.0 
13587.29 0.58 0.0 
13574.99 0.53 0.0 
13587.31 0.59 0.0 
13415.83 0.40 0.0 
14249.88 0.93 0.0 
14551.03 0.33 0.0 
14251.25 0.63 0.0 
14706.88 0.49 0.0 
15073.72 0.86 0.0 
15412.58 0.94 0.0 
15424.50 0.84 0.0 
15091.60 0.54 0.0 
15073.73 0.50 0.0 
15091.61 0.60 0.0 
15229.73 0.47 0.0 
15412.58 0.94 0.0 
15424.52 0.56 0.0 
17493.37 0.49 0.0 
17574.40 0.44 0.0 
19102.08 0.47 0.0 
19102.11 0.31 0.0 
19420.91 0.36 0.0 
19941.95 0.35 0.0 
20808.31 0.34 0.0 
21728.67 0.34 0.0 
23013.33 0.44 0.0 
23013.39 0.42 0.0 
24458.41 0.31 0.0 
24884.37 0.31 0.0 
24458.40 0.63 0.0 
25456.75 0.34 0.0 
28622.05 0.40 0.0 
29478.85 0.36 0.0 
30212.49 0.54 0.0 
30227.10 0.91 0.0 
30237.41 0.41 0.0 
30212.49 0.52 0.0 
30227.10 0.89 0.0 
30784.68 0.50 0.0 
30784.65 0.37 0.0 
31906.19 0.44 0.0 
32543.23 0.38 0.0 
32721.23 0.54 0.0 
32917.77 0.49 0.0 
32928.12 0.50 0.0 
32370.71 0.44 0.0 
32721.27 0.59 0.0 
32928.14 0.50 0.0 
35301.31 0.36 0.0 
36407.53 0.47 0.0 
40213.39 0.45 0.0 
40217.49 0.73 0.0 
40213.39 0.63 0.0 
40858.06 0.33 0.0 
40974.63 0.33 0.0 
42613.20 0.41 0.0 
44127.03 0.37 0.0 
44252.80 0.54 0.0 
44881.45 0.33 0.0 
44939.15 0.33 0.0 
46471.20 0.79 0.0 
50493.33 0.56 0.0 
50493.33 0.57 0.0 
53626.93 0.46 0.0 
54638.43 0.34 0.0 
55264.21 0.61 0.0 
55842.75 0.46 0.0 
58198.77 0.31 0.0 
64850.99 0.31 0.0 
67051.75 0.37 0.0 
67051.79 0.34 0.0 
68955.87 0.70 0.0 
68955.87 0.65 0.0 
68973.87 0.77 0.0 
68973.88 0.74 0.0 
70587.95 0.39 0.0 
70587.90 0.45 0.0 
75661.67 0.30 0.0 
76251.11 0.38 0.0 
78601.35 0.39 0.0 
80073.33 0.62 0.0 
80793.57 0.40 0.0 
81854.87 0.61 0.0 
86072.59 0.39 0.0 
85547.17 0.47 0.0 
85986.12 0.55 0.0 
86205.51 0.48 0.0 
86250.75 0.33 0.0 
