8426.92 0.47 0.0 
8771.56 0.48 0.0 
11504.28 0.33 0.0 
12831.81 0.93 0.0 
13059.91 0.43 0.0 
13059.90 0.80 0.0 
12831.82 0.83 0.0 
12843.23 0.31 0.0 
13032.27 0.45 0.0 
13529.13 0.39 0.0 
13214.12 0.84 0.0 
13544.45 0.69 0.0 
14253.88 0.42 0.0 
14203.37 0.42 0.0 
14203.25 0.39 0.0 
15957.00 0.31 0.0 
16064.10 0.81 0.0 
17627.69 0.32 0.0 
19870.82 0.92 0.0 
24103.93 0.77 0.0 
28753.97 0.31 0.0 
30172.91 0.40 0.0 
30172.90 0.84 0.0 
37589.37 0.31 0.0 
38098.25 0.36 0.0 
39866.80 0.42 0.0 
40148.91 0.98 0.0 
40148.91 0.98 0.0 
44369.13 0.40 0.0 
44325.87 0.39 0.0 
48859.69 0.39 0.0 
48859.56 0.33 0.0 
50413.72 0.41 0.0 
61272.33 0.35 0.0 
68927.51 0.31 0.0 
82238.99 0.59 0.0 
82617.96 0.40 0.0 
