176.87 0.31 0.0 
773.97 0.51 0.0 
2191.96 0.61 0.0 
4050.48 0.65 0.0 
4038.61 0.40 0.0 
4044.45 0.32 0.0 
6849.00 0.42 0.0 
8251.40 0.75 0.0 
8145.77 0.51 0.0 
8196.25 0.46 0.0 
8251.39 0.34 0.0 
8228.52 0.31 0.0 
9232.67 0.47 0.0 
9232.64 0.73 0.0 
10292.83 0.30 0.0 
10160.91 0.35 0.0 
10168.32 0.44 0.0 
10160.87 0.53 0.0 
10168.29 0.44 0.0 
10292.87 0.32 0.0 
10408.45 0.41 0.0 
11070.48 0.34 0.0 
11370.63 0.43 0.0 
11370.64 0.40 0.0 
12362.63 0.41 0.0 
11833.88 0.50 0.0 
12017.40 0.76 0.0 
12834.64 0.71 0.0 
12834.64 0.76 0.0 
13063.08 0.60 0.0 
13377.12 0.55 0.0 
12902.41 0.36 0.0 
13063.07 0.47 0.0 
13029.75 0.50 0.0 
13781.93 0.61 0.0 
14636.47 0.48 0.0 
15022.69 0.49 0.0 
14636.45 0.58 0.0 
14643.59 0.46 0.0 
15039.63 0.54 0.0 
14686.45 0.47 0.0 
15151.55 0.33 0.0 
15602.25 0.69 0.0 
15022.67 0.38 0.0 
15039.62 0.57 0.0 
15074.65 0.49 0.0 
15842.54 0.83 0.0 
15170.07 0.42 0.0 
15602.26 0.72 0.0 
15832.97 0.67 0.0 
15788.45 0.50 0.0 
15855.49 0.87 0.0 
15788.45 0.75 0.0 
16020.80 0.78 0.0 
16883.75 0.39 0.0 
17515.23 0.35 0.0 
17325.78 0.83 0.0 
17331.28 0.44 0.0 
18091.63 0.40 0.0 
18107.67 0.34 0.0 
18600.80 0.46 0.0 
18091.65 0.30 0.0 
20772.19 0.32 0.0 
20366.92 0.32 0.0 
20772.21 0.43 0.0 
20366.93 0.69 0.0 
22156.25 0.54 0.0 
23880.62 0.87 0.0 
23879.67 0.36 0.0 
26183.39 0.37 0.0 
25638.48 0.57 0.0 
26559.15 0.52 0.0 
26299.59 0.43 0.0 
26559.15 0.66 0.0 
27732.79 0.53 0.0 
28545.66 0.83 0.0 
28544.37 0.59 0.0 
28616.53 0.50 0.0 
28630.99 0.47 0.0 
28620.53 0.38 0.0 
28747.94 0.50 0.0 
29645.55 0.32 0.0 
30038.27 0.38 0.0 
29849.38 0.31 0.0 
30426.12 0.71 0.0 
30705.65 0.59 0.0 
30426.11 0.32 0.0 
30701.80 0.48 0.0 
32188.75 0.38 0.0 
31756.70 0.31 0.0 
32880.50 0.77 0.0 
32869.01 0.32 0.0 
32880.29 0.51 0.0 
33974.24 0.46 0.0 
34345.13 0.37 0.0 
34315.73 0.42 0.0 
34313.33 0.34 0.0 
34315.72 0.38 0.0 
34345.03 0.39 0.0 
36290.03 0.64 0.0 
36708.61 0.43 0.0 
37580.28 0.72 0.0 
37580.27 0.57 0.0 
37383.35 0.45 0.0 
38078.39 0.46 0.0 
38087.39 0.45 0.0 
39008.49 0.52 0.0 
38745.47 0.42 0.0 
38970.51 0.40 0.0 
39361.51 0.47 0.0 
38794.07 0.32 0.0 
39151.40 0.57 0.0 
39312.21 0.71 0.0 
39312.24 0.84 0.0 
40161.06 0.86 0.0 
40165.40 0.74 0.0 
40161.08 0.88 0.0 
40165.42 0.81 0.0 
40849.47 0.56 0.0 
40849.46 0.67 0.0 
42996.11 0.34 0.0 
43969.85 0.62 0.0 
43969.83 0.63 0.0 
45011.91 0.33 0.0 
46616.72 0.63 0.0 
47157.93 0.48 0.0 
48238.88 0.53 0.0 
48238.84 0.71 0.0 
49301.83 0.59 0.0 
49301.83 0.70 0.0 
54837.21 0.34 0.0 
56011.39 0.59 0.0 
57106.75 0.39 0.0 
57857.32 0.50 0.0 
58594.17 0.53 0.0 
58603.51 0.55 0.0 
58335.85 0.46 0.0 
58594.29 0.41 0.0 
58603.49 0.38 0.0 
60316.13 0.55 0.0 
60689.87 0.47 0.0 
61870.03 0.68 0.0 
63674.87 0.72 0.0 
66586.23 0.44 0.0 
68637.95 0.53 0.0 
68925.59 0.42 0.0 
73516.18 0.49 0.0 
74889.99 0.36 0.0 
75643.03 0.39 0.0 
77955.87 0.70 0.0 
80398.77 0.65 0.0 
81364.67 0.43 0.0 
81492.59 0.41 0.0 
81645.43 0.62 0.0 
83131.95 0.62 0.0 
83085.63 0.40 0.0 
83131.95 0.33 0.0 
