1420.71 0.49 0.0 
1766.39 0.41 0.0 
5481.55 0.44 0.0 
7491.19 0.35 0.0 
7491.21 0.42 0.0 
11190.47 0.48 0.0 
11506.27 0.33 0.0 
11221.39 0.50 0.0 
11341.48 0.37 0.0 
12846.30 0.62 0.0 
12833.25 0.31 0.0 
12846.32 0.66 0.0 
13065.43 0.43 0.0 
13074.46 0.86 0.0 
13061.47 0.40 0.0 
13539.45 0.43 0.0 
14677.03 0.33 0.0 
15049.87 0.30 0.0 
15363.43 0.71 0.0 
15376.35 0.41 0.0 
15216.51 0.32 0.0 
14950.99 0.32 0.0 
15363.43 0.82 0.0 
15376.32 0.74 0.0 
15933.07 0.36 0.0 
15940.67 0.66 0.0 
16163.31 0.50 0.0 
16263.43 0.40 0.0 
16397.32 0.54 0.0 
16908.79 0.32 0.0 
17320.99 0.31 0.0 
17363.56 0.39 0.0 
17790.71 0.45 0.0 
18300.95 0.68 0.0 
18300.95 0.31 0.0 
18439.71 0.32 0.0 
18439.72 0.58 0.0 
20310.65 0.74 0.0 
20948.21 0.48 0.0 
21467.96 0.32 0.0 
21180.17 0.33 0.0 
21750.55 0.37 0.0 
21421.07 0.32 0.0 
21499.68 0.30 0.0 
21699.59 0.40 0.0 
21750.59 0.36 0.0 
22454.59 0.42 0.0 
22304.91 0.44 0.0 
22732.83 0.70 0.0 
22905.51 0.63 0.0 
22905.48 0.60 0.0 
22732.84 0.85 0.0 
23689.19 0.75 0.0 
23731.35 0.48 0.0 
23689.19 0.87 0.0 
24131.13 0.30 0.0 
24365.01 0.48 0.0 
24831.48 0.62 0.0 
24992.35 0.32 0.0 
24661.84 0.49 0.0 
25187.73 0.65 0.0 
24992.41 0.47 0.0 
25061.43 0.36 0.0 
25280.99 0.45 0.0 
25952.63 0.39 0.0 
25906.39 0.35 0.0 
26176.71 0.40 0.0 
26022.24 0.67 0.0 
26277.57 0.45 0.0 
26022.24 0.79 0.0 
26947.51 0.47 0.0 
27619.95 0.33 0.0 
27511.89 0.69 0.0 
27745.04 0.35 0.0 
27779.37 0.47 0.0 
27429.48 0.52 0.0 
27529.51 0.52 0.0 
28224.95 0.32 0.0 
28054.51 0.32 0.0 
28116.71 0.31 0.0 
28666.63 0.66 0.0 
28382.00 0.62 0.0 
28381.96 0.79 0.0 
28859.75 0.36 0.0 
28661.97 0.31 0.0 
29073.91 0.44 0.0 
29010.97 0.46 0.0 
29770.95 0.72 0.0 
29770.97 0.78 0.0 
29868.29 0.44 0.0 
30172.31 0.32 0.0 
30178.27 0.75 0.0 
30178.27 0.91 0.0 
30189.73 0.55 0.0 
30189.75 0.89 0.0 
30821.09 0.40 0.0 
31203.97 0.38 0.0 
31327.29 0.57 0.0 
30821.16 0.45 0.0 
31252.47 0.42 0.0 
30873.25 0.33 0.0 
31294.54 0.49 0.0 
31327.29 0.42 0.0 
31561.07 0.34 0.0 
31555.67 0.36 0.0 
31561.09 0.42 0.0 
31246.75 0.51 0.0 
31252.42 0.45 0.0 
31267.36 0.64 0.0 
31238.59 0.31 0.0 
31294.53 0.54 0.0 
31267.37 0.73 0.0 
31390.63 0.45 0.0 
31390.61 0.64 0.0 
31515.43 0.32 0.0 
31630.31 0.46 0.0 
31630.35 0.43 0.0 
32428.45 0.35 0.0 
32654.87 0.32 0.0 
32668.03 0.47 0.0 
32764.83 0.54 0.0 
32787.37 0.40 0.0 
32654.91 0.59 0.0 
32886.44 0.66 0.0 
32764.81 0.56 0.0 
32872.22 0.66 0.0 
32872.24 0.68 0.0 
32886.45 0.62 0.0 
33059.59 0.43 0.0 
33260.79 0.53 0.0 
32668.04 0.39 0.0 
33220.57 0.39 0.0 
33220.57 0.35 0.0 
33572.95 0.33 0.0 
33866.43 0.33 0.0 
33325.95 0.31 0.0 
33866.42 0.65 0.0 
34803.47 0.44 0.0 
34396.35 0.41 0.0 
34637.05 0.45 0.0 
34870.51 0.34 0.0 
34896.51 0.39 0.0 
35023.43 0.31 0.0 
35114.67 0.35 0.0 
35552.67 0.38 0.0 
35114.75 0.57 0.0 
35189.21 0.30 0.0 
35685.24 0.37 0.0 
35459.59 0.38 0.0 
36002.39 0.53 0.0 
35416.93 0.44 0.0 
36252.31 0.57 0.0 
35779.13 0.54 0.0 
36252.31 0.73 0.0 
36040.38 0.68 0.0 
36076.47 0.33 0.0 
36080.59 0.38 0.0 
36144.64 0.57 0.0 
36768.96 0.68 0.0 
36936.55 0.64 0.0 
37345.67 0.61 0.0 
36936.51 0.44 0.0 
37561.17 0.30 0.0 
37810.63 0.37 0.0 
37336.43 0.33 0.0 
37345.69 0.41 0.0 
37507.23 0.32 0.0 
37507.21 0.36 0.0 
38491.55 0.30 0.0 
38246.05 0.52 0.0 
38324.91 0.43 0.0 
39261.80 0.65 0.0 
39091.31 0.31 0.0 
39868.87 0.44 0.0 
39261.79 0.57 0.0 
40093.94 0.30 0.0 
40594.12 0.76 0.0 
40155.00 0.86 0.0 
40544.15 0.38 0.0 
40822.76 0.50 0.0 
40618.31 0.34 0.0 
40822.79 0.31 0.0 
41414.57 0.35 0.0 
41510.21 0.62 0.0 
41510.24 0.56 0.0 
41296.85 0.46 0.0 
41540.13 0.54 0.0 
41603.05 0.48 0.0 
41688.91 0.30 0.0 
41603.04 0.76 0.0 
42161.15 0.41 0.0 
42388.68 0.71 0.0 
42481.83 0.32 0.0 
42463.56 0.50 0.0 
42766.13 0.32 0.0 
42388.63 0.47 0.0 
42827.41 0.52 0.0 
42766.13 0.38 0.0 
42660.55 0.52 0.0 
42901.43 0.39 0.0 
42901.40 0.79 0.0 
43422.31 0.32 0.0 
43503.71 0.30 0.0 
44563.13 0.37 0.0 
44622.91 0.36 0.0 
44670.47 0.30 0.0 
44838.15 0.32 0.0 
45196.39 0.38 0.0 
45196.41 0.36 0.0 
45907.11 0.42 0.0 
46271.91 0.30 0.0 
46392.24 0.48 0.0 
47067.23 0.53 0.0 
47516.88 0.34 0.0 
47516.87 0.79 0.0 
47482.24 0.44 0.0 
48135.81 0.37 0.0 
47698.55 0.32 0.0 
48173.05 0.34 0.0 
47849.27 0.31 0.0 
48213.35 0.30 0.0 
48484.17 0.36 0.0 
48349.54 0.85 0.0 
48484.24 0.37 0.0 
48135.81 0.57 0.0 
48644.15 0.31 0.0 
48223.66 0.40 0.0 
48255.93 0.49 0.0 
48448.91 0.44 0.0 
48977.25 0.36 0.0 
49473.87 0.35 0.0 
49835.86 0.35 0.0 
49404.87 0.32 0.0 
50216.47 0.37 0.0 
49994.80 0.67 0.0 
50206.41 0.62 0.0 
50216.49 0.34 0.0 
50446.19 0.30 0.0 
50854.81 0.43 0.0 
50536.29 0.38 0.0 
51392.33 0.43 0.0 
51199.29 0.40 0.0 
51199.31 0.34 0.0 
51709.59 0.39 0.0 
51878.59 0.49 0.0 
51878.60 0.36 0.0 
52355.25 0.51 0.0 
52733.23 0.42 0.0 
53283.39 0.43 0.0 
52758.19 0.53 0.0 
53420.00 0.39 0.0 
53295.87 0.37 0.0 
53420.03 0.57 0.0 
53483.91 0.39 0.0 
53728.51 0.31 0.0 
53951.15 0.39 0.0 
54706.61 0.65 0.0 
54706.65 0.47 0.0 
54568.69 0.38 0.0 
54966.19 0.31 0.0 
54568.67 0.46 0.0 
55117.27 0.31 0.0 
55288.77 0.48 0.0 
55751.19 0.36 0.0 
56281.19 0.40 0.0 
56405.67 0.33 0.0 
55815.81 0.40 0.0 
56639.97 0.50 0.0 
56799.29 0.42 0.0 
56458.35 0.41 0.0 
56752.11 0.34 0.0 
56989.81 0.45 0.0 
56673.19 0.31 0.0 
56799.27 0.32 0.0 
56951.19 0.32 0.0 
57024.67 0.32 0.0 
57079.39 0.38 0.0 
57539.59 0.42 0.0 
57468.04 0.92 0.0 
57468.04 0.80 0.0 
57184.59 0.33 0.0 
58086.19 0.38 0.0 
58086.21 0.54 0.0 
58230.71 0.48 0.0 
58309.39 0.43 0.0 
57907.97 0.33 0.0 
58563.20 0.65 0.0 
58563.20 0.54 0.0 
58300.33 0.53 0.0 
58797.88 0.42 0.0 
59084.24 0.35 0.0 
59386.48 0.67 0.0 
59671.45 0.51 0.0 
60262.55 0.35 0.0 
59935.45 0.33 0.0 
60346.48 0.55 0.0 
60352.89 0.36 0.0 
60262.52 0.31 0.0 
60714.67 0.37 0.0 
60447.55 0.32 0.0 
60447.62 0.81 0.0 
60671.08 0.58 0.0 
60671.07 0.49 0.0 
61237.11 0.30 0.0 
61306.02 0.81 0.0 
61710.51 0.31 0.0 
61376.27 0.40 0.0 
62137.25 0.45 0.0 
61828.31 0.30 0.0 
63510.87 0.48 0.0 
63187.29 0.64 0.0 
63305.31 0.74 0.0 
63705.58 0.76 0.0 
63931.15 0.31 0.0 
63958.04 0.73 0.0 
64114.89 0.59 0.0 
64114.90 0.54 0.0 
64271.83 0.32 0.0 
64285.56 0.58 0.0 
64271.89 0.33 0.0 
65266.97 0.56 0.0 
65515.12 0.73 0.0 
65515.11 0.58 0.0 
65127.94 0.37 0.0 
65264.23 0.39 0.0 
65731.41 0.62 0.0 
65488.87 0.32 0.0 
65707.98 0.53 0.0 
66242.61 0.54 0.0 
66163.99 0.37 0.0 
65656.91 0.39 0.0 
66379.84 0.36 0.0 
67105.61 0.40 0.0 
67322.83 0.38 0.0 
67039.67 0.37 0.0 
67591.09 0.45 0.0 
67105.61 0.37 0.0 
67219.23 0.33 0.0 
67926.31 0.40 0.0 
67893.76 0.45 0.0 
67644.89 0.58 0.0 
68430.89 0.49 0.0 
68570.03 0.33 0.0 
68536.83 0.46 0.0 
68608.51 0.44 0.0 
68815.60 0.54 0.0 
69251.59 0.32 0.0 
69394.87 0.32 0.0 
69049.01 0.40 0.0 
69451.83 0.44 0.0 
69394.91 0.41 0.0 
70151.27 0.45 0.0 
70151.21 0.40 0.0 
71058.32 0.41 0.0 
70470.45 0.55 0.0 
70527.87 0.31 0.0 
70590.61 0.38 0.0 
70748.55 0.34 0.0 
71138.55 0.31 0.0 
71058.33 0.42 0.0 
72493.19 0.37 0.0 
71984.93 0.34 0.0 
72223.91 0.32 0.0 
74042.47 0.34 0.0 
73466.09 0.35 0.0 
74188.59 0.49 0.0 
74080.11 0.48 0.0 
74137.05 0.37 0.0 
74154.91 0.54 0.0 
74324.81 0.44 0.0 
74324.83 0.36 0.0 
74369.53 0.51 0.0 
74460.43 0.43 0.0 
75743.18 0.42 0.0 
75778.19 0.34 0.0 
75548.35 0.32 0.0 
76819.91 0.39 0.0 
77515.73 0.76 0.0 
77515.73 0.70 0.0 
78107.79 0.33 0.0 
78062.29 0.64 0.0 
78062.27 0.55 0.0 
80116.19 0.39 0.0 
80513.77 0.40 0.0 
80513.77 0.43 0.0 
80299.27 0.32 0.0 
81374.67 0.34 0.0 
81896.75 0.31 0.0 
81554.91 0.76 0.0 
82104.85 0.42 0.0 
82116.79 0.43 0.0 
81896.77 0.47 0.0 
82315.15 0.71 0.0 
82315.16 0.78 0.0 
82542.91 0.60 0.0 
83977.31 0.40 0.0 
84171.35 0.33 0.0 
83977.27 0.76 0.0 
84171.41 0.55 0.0 
85546.89 0.37 0.0 
85151.22 0.39 0.0 
85921.79 0.41 0.0 
85927.51 0.59 0.0 
85799.01 0.52 0.0 
85388.73 0.34 0.0 
85798.99 0.54 0.0 
85908.13 0.66 0.0 
85927.52 0.59 0.0 
85893.43 0.48 0.0 
86131.51 0.45 0.0 
86143.27 0.41 0.0 
85893.49 0.37 0.0 
86143.23 0.48 0.0 
