564.81 0.45 0.0 
2816.95 0.32 0.0 
2562.79 0.32 0.0 
3280.59 0.78 0.0 
4012.65 0.42 0.0 
3879.37 0.60 0.0 
6665.89 0.33 0.0 
7184.41 0.33 0.0 
7721.45 0.46 0.0 
8908.61 0.62 0.0 
10468.68 0.72 0.0 
11189.13 0.41 0.0 
11385.09 0.48 0.0 
11532.73 0.43 0.0 
11860.00 0.88 0.0 
12715.85 0.35 0.0 
12643.09 0.36 0.0 
13062.97 0.41 0.0 
14001.53 0.38 0.0 
14067.97 0.37 0.0 
14593.56 0.60 0.0 
15310.60 0.72 0.0 
15404.37 0.73 0.0 
16075.60 0.33 0.0 
16632.00 0.77 0.0 
16963.53 0.40 0.0 
22017.21 0.30 0.0 
21823.96 0.63 0.0 
23592.83 0.41 0.0 
23788.09 0.49 0.0 
25049.36 0.48 0.0 
25464.57 0.79 0.0 
25540.88 0.33 0.0 
26337.42 0.81 0.0 
26999.48 0.40 0.0 
26908.77 0.47 0.0 
28900.16 0.60 0.0 
30447.45 0.52 0.0 
30114.13 0.67 0.0 
31228.39 0.43 0.0 
32079.05 0.41 0.0 
31707.05 0.44 0.0 
32079.07 0.85 0.0 
33298.92 0.30 0.0 
33130.61 0.53 0.0 
34619.12 0.45 0.0 
35354.44 0.71 0.0 
35577.20 0.50 0.0 
36237.75 0.49 0.0 
36146.80 0.47 0.0 
37371.09 0.51 0.0 
40154.29 0.97 0.0 
40154.28 0.96 0.0 
42234.76 0.40 0.0 
43448.73 0.39 0.0 
48762.89 0.42 0.0 
50488.36 0.47 0.0 
50384.21 0.69 0.0 
52541.43 0.31 0.0 
53639.33 0.53 0.0 
54683.23 0.48 0.0 
57939.49 0.42 0.0 
60181.61 0.33 0.0 
61193.89 0.54 0.0 
62110.04 0.33 0.0 
61758.01 0.46 0.0 
64179.21 0.45 0.0 
64225.55 0.56 0.0 
67968.94 0.34 0.0 
69095.59 0.36 0.0 
74323.97 0.30 0.0 
76344.51 0.41 0.0 
77858.05 0.36 0.0 
79154.17 0.36 0.0 
78943.23 0.44 0.0 
79904.08 0.65 0.0 
80112.85 0.36 0.0 
81298.31 0.76 0.0 
81298.25 0.36 0.0 
81475.33 0.74 0.0 
81575.49 0.58 0.0 
82872.81 0.50 0.0 
83353.75 0.42 0.0 
83953.47 0.36 0.0 
83887.80 0.53 0.0 
84583.23 0.33 0.0 
84823.93 0.34 0.0 
84625.19 0.31 0.0 
85444.65 0.34 0.0 
85720.64 0.32 0.0 
