628.97 0.68 0.0 
1967.08 0.91 0.0 
1967.08 0.90 0.0 
2746.63 0.70 0.0 
2746.64 0.87 0.0 
5469.76 0.80 0.0 
5741.93 0.60 0.0 
6448.81 0.45 0.0 
6432.49 0.85 0.0 
7554.71 0.31 0.0 
9664.76 0.80 0.0 
9677.08 0.63 0.0 
9754.43 0.34 0.0 
9664.74 0.87 0.0 
11162.03 0.32 0.0 
11558.40 0.82 0.0 
11938.80 0.37 0.0 
12529.09 0.37 0.0 
12392.76 0.31 0.0 
12876.20 0.92 0.0 
12876.20 0.97 0.0 
13152.55 0.39 0.0 
13362.77 0.62 0.0 
13104.31 0.91 0.0 
13203.14 0.48 0.0 
13362.76 0.57 0.0 
13066.00 0.44 0.0 
13203.13 0.45 0.0 
13152.57 0.75 0.0 
13573.97 0.50 0.0 
14091.51 0.32 0.0 
14247.24 0.90 0.0 
13880.87 0.32 0.0 
14189.47 0.35 0.0 
14297.65 0.74 0.0 
13993.80 0.34 0.0 
14111.88 0.51 0.0 
14247.20 0.52 0.0 
14726.96 0.76 0.0 
15070.93 0.34 0.0 
14908.20 0.55 0.0 
14742.09 0.43 0.0 
15410.39 0.72 0.0 
15123.88 0.47 0.0 
15420.89 0.37 0.0 
15410.84 0.58 0.0 
16420.41 0.77 0.0 
16420.40 0.55 0.0 
16784.49 0.57 0.0 
17839.09 0.65 0.0 
17412.09 0.45 0.0 
17744.25 0.43 0.0 
18140.51 0.40 0.0 
19273.87 0.39 0.0 
19420.81 0.42 0.0 
19941.93 0.52 0.0 
21779.45 0.35 0.0 
21943.01 0.62 0.0 
22601.44 0.39 0.0 
24854.45 0.60 0.0 
24794.32 0.50 0.0 
25589.06 0.33 0.0 
28409.12 0.62 0.0 
28615.92 0.66 0.0 
28469.36 0.34 0.0 
28724.48 0.55 0.0 
28586.81 0.39 0.0 
29099.05 0.66 0.0 
28774.80 0.54 0.0 
28774.75 0.34 0.0 
29669.51 0.41 0.0 
30417.56 0.57 0.0 
30224.44 0.31 0.0 
30226.28 0.83 0.0 
30736.99 0.32 0.0 
32720.51 0.73 0.0 
32915.79 0.82 0.0 
32915.79 0.83 0.0 
32720.47 0.66 0.0 
33342.28 0.68 0.0 
34958.45 0.70 0.0 
34189.59 0.35 0.0 
34958.44 0.97 0.0 
35562.61 0.47 0.0 
35519.39 0.52 0.0 
40205.81 0.78 0.0 
40205.82 0.96 0.0 
41429.00 0.33 0.0 
41879.33 0.34 0.0 
43214.53 0.38 0.0 
44249.29 0.33 0.0 
44934.96 0.37 0.0 
45508.96 0.43 0.0 
45568.99 0.34 0.0 
45797.56 0.32 0.0 
46121.43 0.31 0.0 
48344.11 0.40 0.0 
49286.71 0.32 0.0 
49799.16 0.59 0.0 
50492.81 0.36 0.0 
50492.80 0.75 0.0 
50593.99 0.59 0.0 
51772.79 0.33 0.0 
51926.07 0.38 0.0 
51882.20 0.30 0.0 
52603.91 0.32 0.0 
53159.19 0.30 0.0 
53626.20 0.66 0.0 
54678.17 0.33 0.0 
54678.08 0.40 0.0 
54712.11 0.45 0.0 
55802.20 0.52 0.0 
55840.29 0.40 0.0 
56909.19 0.38 0.0 
59159.33 0.58 0.0 
63899.19 0.38 0.0 
64018.95 0.33 0.0 
64420.81 0.67 0.0 
67454.23 0.32 0.0 
67694.48 0.46 0.0 
67514.56 0.70 0.0 
68953.48 0.33 0.0 
68971.52 0.85 0.0 
68971.51 0.72 0.0 
70949.41 0.59 0.0 
74563.91 0.38 0.0 
78179.51 0.61 0.0 
81794.61 0.57 0.0 
85229.37 0.39 0.0 
85289.45 0.51 0.0 
85618.92 0.45 0.0 
85902.05 0.32 0.0 
