395.37 0.66 0.0 
634.55 0.84 0.0 
2154.22 0.84 0.0 
2446.10 0.86 0.0 
2446.10 0.85 0.0 
3096.00 0.76 0.0 
4478.59 0.31 0.0 
5786.79 0.46 0.0 
6979.25 0.65 0.0 
8211.02 0.87 0.0 
8528.83 0.53 0.0 
10048.02 0.51 0.0 
10048.06 0.75 0.0 
10848.80 0.77 0.0 
10848.78 0.83 0.0 
11146.37 0.50 0.0 
11664.70 0.49 0.0 
12529.25 0.59 0.0 
12880.80 0.50 0.0 
14186.28 0.75 0.0 
14186.28 0.54 0.0 
14925.88 0.37 0.0 
15664.16 0.64 0.0 
17544.82 0.82 0.0 
18546.78 0.85 0.0 
18546.80 0.61 0.0 
18849.23 0.44 0.0 
19400.25 0.44 0.0 
19400.21 0.57 0.0 
21130.67 0.55 0.0 
23658.51 0.40 0.0 
25779.23 0.53 0.0 
26417.56 0.52 0.0 
26428.39 0.50 0.0 
26522.50 0.73 0.0 
26974.99 0.43 0.0 
26974.90 0.79 0.0 
28427.39 0.47 0.0 
32812.54 0.70 0.0 
34540.04 0.40 0.0 
35464.35 0.53 0.0 
36497.56 0.87 0.0 
36497.54 0.73 0.0 
37847.24 0.85 0.0 
39247.55 0.37 0.0 
39247.46 0.84 0.0 
39871.30 0.89 0.0 
39855.89 0.44 0.0 
39871.32 0.76 0.0 
41423.44 0.75 0.0 
41423.47 0.54 0.0 
41896.06 0.78 0.0 
44666.07 0.50 0.0 
45017.64 0.84 0.0 
46264.89 0.53 0.0 
48153.20 0.79 0.0 
48318.38 0.77 0.0 
48695.05 0.71 0.0 
51344.52 0.31 0.0 
51377.73 0.51 0.0 
51706.28 0.69 0.0 
51706.28 0.73 0.0 
52363.35 0.36 0.0 
52363.33 0.61 0.0 
53343.45 0.63 0.0 
54633.74 0.87 0.0 
54633.76 0.44 0.0 
78831.38 0.39 0.0 
78831.28 0.65 0.0 
84690.43 0.43 0.0 
86002.08 0.82 0.0 
