3254.21 0.36 0.0 
5277.19 0.65 0.0 
5277.20 0.57 0.0 
26729.40 0.81 0.0 
28554.36 0.37 0.0 
28554.35 0.50 0.0 
31508.08 0.38 0.0 
34496.92 0.48 0.0 
37197.04 0.44 0.0 
37632.95 0.40 0.0 
45612.93 0.49 0.0 
47905.67 0.63 0.0 
51717.92 0.36 0.0 
52904.01 0.44 0.0 
55195.87 0.37 0.0 
56651.23 0.33 0.0 
57581.33 0.36 0.0 
58391.13 0.31 0.0 
58572.20 0.48 0.0 
59727.20 0.50 0.0 
59913.23 0.35 0.0 
70018.89 0.39 0.0 
73828.25 0.35 0.0 
76958.68 0.45 0.0 
80153.20 0.42 0.0 
85716.53 0.58 0.0 
85716.23 0.42 0.0 
