1177.59 0.32 0.0 
5634.44 0.38 0.0 
10031.45 0.55 0.0 
25071.83 0.35 0.0 
25071.79 0.33 0.0 
53097.27 0.67 0.0 
64232.43 0.96 0.0 
64232.44 0.94 0.0 
66925.00 0.91 0.0 
66924.99 0.96 0.0 
68890.55 0.45 0.0 
68890.57 0.46 0.0 
69102.32 0.81 0.0 
69473.77 0.31 0.0 
71232.75 0.43 0.0 
72569.12 0.77 0.0 
73423.91 0.54 0.0 
74326.93 0.97 0.0 
74326.92 0.98 0.0 
76812.29 0.32 0.0 
76917.20 0.33 0.0 
77082.99 0.59 0.0 
78389.11 0.79 0.0 
79874.09 0.89 0.0 
83591.43 0.46 0.0 
85658.43 0.91 0.0 
85658.42 0.88 0.0 
