823.68 0.71 0.0 
824.51 0.33 0.0 
1797.81 0.87 0.0 
2188.12 0.34 0.0 
2884.48 0.45 0.0 
2884.48 0.36 0.0 
3104.01 0.41 0.0 
3287.88 0.47 0.0 
3957.48 0.71 0.0 
4994.56 0.31 0.0 
5131.32 0.33 0.0 
5098.77 0.39 0.0 
5279.65 0.42 0.0 
6674.57 0.62 0.0 
6689.41 0.40 0.0 
6775.57 0.32 0.0 
7769.53 0.33 0.0 
8863.25 0.75 0.0 
8863.25 0.35 0.0 
9778.32 0.38 0.0 
10438.72 0.33 0.0 
10872.91 0.37 0.0 
12584.01 0.43 0.0 
14189.44 0.76 0.0 
14095.35 0.47 0.0 
15554.40 0.67 0.0 
15927.48 0.36 0.0 
15927.44 0.93 0.0 
18928.33 0.52 0.0 
19603.30 0.82 0.0 
20039.49 0.49 0.0 
20325.97 0.33 0.0 
22094.49 0.45 0.0 
22289.04 0.82 0.0 
24058.99 0.63 0.0 
24491.88 0.54 0.0 
25228.99 0.76 0.0 
25630.20 0.56 0.0 
25630.21 0.38 0.0 
26141.72 0.42 0.0 
26998.37 0.45 0.0 
27192.24 0.72 0.0 
29712.53 0.41 0.0 
31978.73 0.77 0.0 
32553.27 0.99 0.0 
32553.26 0.99 0.0 
33613.64 0.49 0.0 
33958.80 0.33 0.0 
33989.04 0.45 0.0 
34215.43 0.54 0.0 
39704.44 0.58 0.0 
40483.76 0.38 0.0 
42134.20 0.60 0.0 
42314.09 0.36 0.0 
42329.33 0.61 0.0 
49994.24 0.49 0.0 
52512.81 0.35 0.0 
52798.79 0.36 0.0 
53144.16 0.49 0.0 
53593.48 0.36 0.0 
56258.41 0.39 0.0 
70543.63 0.99 0.0 
70543.63 0.99 0.0 
70649.00 0.98 0.0 
70649.00 0.98 0.0 
74244.03 0.77 0.0 
74398.56 0.31 0.0 
78823.03 0.31 0.0 
79754.45 0.40 0.0 
82915.57 0.58 0.0 
83458.93 0.33 0.0 
83865.96 0.52 0.0 
84989.40 0.84 0.0 
86383.92 0.56 0.0 
