2865.45 0.56 0.0 
3574.85 0.73 0.0 
6647.27 0.32 0.0 
9225.74 0.64 0.0 
14078.36 0.45 0.0 
14078.36 0.34 0.0 
14612.63 0.33 0.0 
18368.53 0.37 0.0 
18601.67 0.43 0.0 
21831.15 0.31 0.0 
22395.43 0.38 0.0 
22486.84 0.40 0.0 
22486.87 0.33 0.0 
23942.43 0.60 0.0 
24332.15 0.50 0.0 
25841.85 0.32 0.0 
26795.79 0.31 0.0 
27580.60 0.31 0.0 
41103.59 0.39 0.0 
41131.24 0.44 0.0 
44445.50 0.80 0.0 
47571.47 0.31 0.0 
47722.17 0.51 0.0 
47729.91 0.37 0.0 
47722.13 0.44 0.0 
51185.05 0.30 0.0 
51185.25 0.37 0.0 
51883.01 0.43 0.0 
54555.83 0.33 0.0 
54715.95 0.31 0.0 
55995.55 0.40 0.0 
56451.17 0.35 0.0 
57661.47 0.31 0.0 
59866.83 0.40 0.0 
64186.69 0.73 0.0 
64549.87 0.30 0.0 
69555.77 0.33 0.0 
73776.87 0.88 0.0 
73783.19 0.44 0.0 
73776.86 0.90 0.0 
74356.83 0.38 0.0 
74486.00 0.39 0.0 
74485.95 0.39 0.0 
77596.09 0.46 0.0 
77881.21 0.48 0.0 
78588.49 0.32 0.0 
79056.57 0.31 0.0 
81930.91 0.30 0.0 
82731.17 0.57 0.0 
83065.19 0.33 0.0 
83231.21 0.51 0.0 
83509.47 0.32 0.0 
83526.44 0.49 0.0 
86237.83 0.34 0.0 
86238.41 0.40 0.0 
