995.95 0.31 0.0 
1127.37 0.48 0.0 
1141.47 0.63 0.0 
1141.44 0.75 0.0 
1650.48 0.69 0.0 
1924.98 0.52 0.0 
1925.00 0.58 0.0 
2372.16 0.56 0.0 
3122.03 0.44 0.0 
3061.65 0.44 0.0 
4228.39 0.44 0.0 
4337.29 0.40 0.0 
4306.02 0.62 0.0 
4288.52 0.30 0.0 
4400.35 0.31 0.0 
4879.52 0.47 0.0 
4879.55 0.39 0.0 
5015.00 0.33 0.0 
6063.05 0.33 0.0 
6518.01 0.59 0.0 
7800.84 0.49 0.0 
7985.81 0.52 0.0 
8489.79 0.43 0.0 
8650.97 0.32 0.0 
8650.96 0.57 0.0 
8567.46 0.30 0.0 
9349.34 0.34 0.0 
9970.12 0.32 0.0 
10007.21 0.33 0.0 
10040.51 0.62 0.0 
10143.23 0.73 0.0 
11054.12 0.30 0.0 
10999.43 0.32 0.0 
11375.93 0.69 0.0 
11375.93 0.67 0.0 
12489.33 0.50 0.0 
12709.31 0.33 0.0 
12709.35 0.33 0.0 
12872.23 0.42 0.0 
13081.02 0.65 0.0 
13466.71 0.50 0.0 
13466.72 0.62 0.0 
14452.07 0.86 0.0 
14452.06 0.93 0.0 
14793.40 0.41 0.0 
15474.39 0.55 0.0 
15685.39 0.68 0.0 
15685.36 0.38 0.0 
16155.71 0.36 0.0 
16678.68 0.53 0.0 
18043.79 0.39 0.0 
18666.67 0.67 0.0 
18666.67 0.67 0.0 
18906.80 0.46 0.0 
19733.71 0.30 0.0 
20055.51 0.33 0.0 
20311.24 0.59 0.0 
20388.33 0.42 0.0 
20569.55 0.44 0.0 
20613.67 0.35 0.0 
20622.56 0.40 0.0 
21020.75 0.36 0.0 
21483.31 0.35 0.0 
22059.83 0.32 0.0 
22914.29 0.87 0.0 
22914.30 0.86 0.0 
23208.21 0.31 0.0 
23350.67 0.62 0.0 
23367.23 0.40 0.0 
23657.84 0.48 0.0 
24120.88 0.54 0.0 
24120.88 0.72 0.0 
24658.19 0.31 0.0 
24976.34 0.77 0.0 
24976.35 0.78 0.0 
25305.77 0.32 0.0 
25232.28 0.53 0.0 
25276.11 0.32 0.0 
25471.29 0.35 0.0 
25655.03 0.63 0.0 
25824.45 0.39 0.0 
26073.47 0.35 0.0 
27008.73 0.59 0.0 
26986.07 0.60 0.0 
27008.73 0.62 0.0 
27082.11 0.50 0.0 
27254.91 0.31 0.0 
27616.12 0.47 0.0 
27512.55 0.34 0.0 
28024.61 0.37 0.0 
28350.65 0.38 0.0 
28666.57 0.34 0.0 
29074.39 0.40 0.0 
29074.39 0.37 0.0 
29273.42 0.36 0.0 
29273.39 0.40 0.0 
29221.31 0.51 0.0 
29354.80 0.32 0.0 
29955.87 0.46 0.0 
30396.09 0.51 0.0 
30349.99 0.31 0.0 
30396.09 0.51 0.0 
30704.69 0.50 0.0 
31292.15 0.87 0.0 
31274.65 0.58 0.0 
31292.15 0.58 0.0 
31274.62 0.65 0.0 
31417.03 0.42 0.0 
31634.64 0.33 0.0 
31784.44 0.76 0.0 
32356.29 0.32 0.0 
33315.75 0.67 0.0 
33812.25 0.64 0.0 
34097.03 0.59 0.0 
34788.67 0.45 0.0 
34859.96 0.31 0.0 
35312.85 0.32 0.0 
35807.87 0.36 0.0 
36396.03 0.53 0.0 
36325.39 0.34 0.0 
36396.00 0.44 0.0 
37744.61 0.32 0.0 
37996.33 0.47 0.0 
38428.03 0.38 0.0 
38345.43 0.32 0.0 
38482.60 0.44 0.0 
38489.63 0.67 0.0 
38753.39 0.32 0.0 
38699.85 0.35 0.0 
39144.15 0.39 0.0 
39144.19 0.53 0.0 
39133.35 0.37 0.0 
39181.00 0.33 0.0 
39392.95 0.31 0.0 
39557.60 0.79 0.0 
39557.61 0.80 0.0 
40065.87 0.41 0.0 
40154.60 0.61 0.0 
41195.97 0.41 0.0 
41597.31 0.66 0.0 
42419.71 0.34 0.0 
42609.35 0.45 0.0 
42766.31 0.32 0.0 
43111.35 0.39 0.0 
43595.63 0.33 0.0 
43801.55 0.35 0.0 
43821.07 0.35 0.0 
43837.68 0.71 0.0 
43782.55 0.35 0.0 
45396.03 0.36 0.0 
45396.03 0.36 0.0 
45707.99 0.84 0.0 
45719.87 0.31 0.0 
45815.83 0.35 0.0 
46161.79 0.31 0.0 
46338.28 0.51 0.0 
46920.03 0.40 0.0 
47671.65 0.56 0.0 
47801.03 0.44 0.0 
47671.71 0.50 0.0 
47718.07 0.38 0.0 
47940.76 0.30 0.0 
48917.49 0.41 0.0 
48910.35 0.37 0.0 
48917.47 0.33 0.0 
49345.21 0.32 0.0 
50207.05 0.52 0.0 
50911.47 0.38 0.0 
51156.37 0.46 0.0 
51156.31 0.58 0.0 
51498.35 0.36 0.0 
51498.39 0.32 0.0 
52990.95 0.38 0.0 
52990.95 0.32 0.0 
53293.55 0.53 0.0 
53540.01 0.44 0.0 
53430.97 0.46 0.0 
53676.51 0.47 0.0 
53676.57 0.40 0.0 
53850.44 0.48 0.0 
53897.87 0.47 0.0 
54732.95 0.40 0.0 
54732.93 0.41 0.0 
54676.95 0.34 0.0 
54964.61 0.42 0.0 
55595.99 0.33 0.0 
55643.67 0.41 0.0 
56672.59 0.57 0.0 
56740.99 0.34 0.0 
56819.22 0.39 0.0 
56819.31 0.46 0.0 
57050.43 0.52 0.0 
58636.03 0.36 0.0 
59150.45 0.47 0.0 
59218.04 0.50 0.0 
59746.83 0.74 0.0 
59864.59 0.46 0.0 
60022.63 0.64 0.0 
60022.59 0.56 0.0 
59949.75 0.85 0.0 
59949.73 0.72 0.0 
60208.47 0.62 0.0 
60725.32 0.63 0.0 
60873.31 0.52 0.0 
60941.97 0.47 0.0 
60873.30 0.82 0.0 
60941.95 0.53 0.0 
61360.43 0.52 0.0 
61317.36 0.61 0.0 
61439.31 0.50 0.0 
61360.40 0.56 0.0 
61499.59 0.53 0.0 
61594.11 0.35 0.0 
61937.31 0.44 0.0 
61994.58 0.31 0.0 
62088.65 0.84 0.0 
62088.66 0.83 0.0 
62323.03 0.50 0.0 
62247.07 0.35 0.0 
62415.65 0.35 0.0 
62323.03 0.60 0.0 
62518.11 0.31 0.0 
62489.84 0.51 0.0 
62852.47 0.47 0.0 
62883.75 0.36 0.0 
62883.75 0.35 0.0 
62814.28 0.71 0.0 
62928.98 0.81 0.0 
62928.96 0.74 0.0 
63134.95 0.64 0.0 
63228.96 0.64 0.0 
63201.25 0.42 0.0 
63363.27 0.49 0.0 
63512.95 0.54 0.0 
63683.55 0.34 0.0 
64367.43 0.45 0.0 
64543.19 0.31 0.0 
64859.49 0.50 0.0 
65234.02 0.45 0.0 
66014.64 0.67 0.0 
65955.63 0.75 0.0 
66030.47 0.45 0.0 
67278.42 0.39 0.0 
67363.85 0.33 0.0 
67424.31 0.36 0.0 
67520.52 0.38 0.0 
67834.71 0.38 0.0 
68016.15 0.59 0.0 
68016.19 0.47 0.0 
68008.84 0.43 0.0 
68426.25 0.54 0.0 
68412.96 0.81 0.0 
68489.88 0.43 0.0 
68626.15 0.38 0.0 
68644.36 0.56 0.0 
68626.14 0.69 0.0 
68644.29 0.31 0.0 
68699.91 0.57 0.0 
68990.11 0.31 0.0 
69125.68 0.41 0.0 
69125.68 0.36 0.0 
69305.07 0.37 0.0 
69793.41 0.36 0.0 
70006.67 0.62 0.0 
70471.42 0.38 0.0 
70598.91 0.56 0.0 
70471.39 0.33 0.0 
70514.84 0.39 0.0 
70708.46 0.38 0.0 
70598.95 0.79 0.0 
70762.81 0.31 0.0 
70835.51 0.33 0.0 
70880.37 0.45 0.0 
71395.59 0.42 0.0 
71795.91 0.67 0.0 
72025.53 0.46 0.0 
72057.49 0.38 0.0 
72228.31 0.35 0.0 
72468.65 0.34 0.0 
72844.29 0.58 0.0 
72844.29 0.53 0.0 
72978.99 0.37 0.0 
72897.37 0.48 0.0 
72897.39 0.32 0.0 
73303.51 0.52 0.0 
73404.43 0.35 0.0 
73481.85 0.48 0.0 
73773.47 0.59 0.0 
73742.51 0.39 0.0 
74134.47 0.53 0.0 
75128.87 0.46 0.0 
75048.20 0.68 0.0 
75259.67 0.46 0.0 
75415.85 0.44 0.0 
75533.19 0.33 0.0 
75693.43 0.36 0.0 
76196.23 0.37 0.0 
76265.90 0.55 0.0 
76265.87 0.44 0.0 
76617.45 0.54 0.0 
77151.64 0.61 0.0 
78122.13 0.37 0.0 
78122.17 0.34 0.0 
79047.65 0.31 0.0 
79047.67 0.48 0.0 
79508.15 0.34 0.0 
79698.49 0.61 0.0 
79815.67 0.62 0.0 
79798.81 0.43 0.0 
79739.57 0.40 0.0 
80555.75 0.39 0.0 
80555.75 0.39 0.0 
80581.43 0.59 0.0 
80808.03 0.44 0.0 
81700.95 0.37 0.0 
81700.99 0.43 0.0 
81962.31 0.56 0.0 
81962.35 0.35 0.0 
82606.63 0.62 0.0 
82822.43 0.31 0.0 
83136.76 0.49 0.0 
83136.75 0.42 0.0 
83249.91 0.30 0.0 
83364.61 0.43 0.0 
83496.33 0.79 0.0 
83496.31 0.38 0.0 
83836.76 0.52 0.0 
85671.11 0.61 0.0 
85671.11 0.84 0.0 
85714.17 0.31 0.0 
86131.95 0.32 0.0 
86358.81 0.56 0.0 
