490.92 0.66 0.0 
3085.21 0.39 0.0 
3653.57 0.30 0.0 
5163.92 0.34 0.0 
5098.61 0.36 0.0 
5323.31 0.40 0.0 
5862.77 0.91 0.0 
5862.80 0.86 0.0 
5847.41 0.56 0.0 
6192.57 0.38 0.0 
6300.80 0.81 0.0 
6300.77 0.44 0.0 
6463.01 0.34 0.0 
6426.69 0.48 0.0 
6602.49 0.38 0.0 
7098.49 0.46 0.0 
7227.70 0.80 0.0 
8051.71 0.62 0.0 
8474.33 0.33 0.0 
9733.92 0.56 0.0 
9733.92 0.83 0.0 
10018.22 0.89 0.0 
10528.00 0.46 0.0 
10872.56 0.70 0.0 
12247.77 0.46 0.0 
12247.71 0.68 0.0 
12989.32 0.40 0.0 
13604.43 0.37 0.0 
14071.93 0.35 0.0 
14022.89 0.32 0.0 
14098.21 0.62 0.0 
14370.16 0.53 0.0 
14384.81 0.33 0.0 
14370.14 0.53 0.0 
14367.52 0.36 0.0 
16107.13 0.41 0.0 
16009.23 0.43 0.0 
16190.14 0.34 0.0 
17517.73 0.45 0.0 
17607.08 0.32 0.0 
17752.40 0.33 0.0 
17708.13 0.46 0.0 
17863.76 0.45 0.0 
18027.25 0.56 0.0 
18014.51 0.33 0.0 
18145.36 0.52 0.0 
18145.36 0.62 0.0 
18401.19 0.88 0.0 
18476.92 0.45 0.0 
18401.17 0.76 0.0 
18418.23 0.90 0.0 
18919.93 0.33 0.0 
19176.16 0.65 0.0 
19347.04 0.34 0.0 
19529.34 0.91 0.0 
19724.09 0.46 0.0 
19811.03 0.41 0.0 
19739.79 0.70 0.0 
19753.41 0.70 0.0 
20920.26 0.70 0.0 
20920.28 0.58 0.0 
21246.28 0.32 0.0 
21254.45 0.35 0.0 
21356.96 0.83 0.0 
21356.96 0.55 0.0 
21493.12 0.45 0.0 
22107.61 0.50 0.0 
22841.95 0.66 0.0 
22841.98 0.35 0.0 
23255.37 0.61 0.0 
23255.36 0.86 0.0 
23425.53 0.40 0.0 
25018.02 0.66 0.0 
25341.80 0.47 0.0 
25370.03 0.65 0.0 
25392.07 0.82 0.0 
25511.40 0.85 0.0 
26172.49 0.48 0.0 
26658.89 0.50 0.0 
27941.96 0.73 0.0 
28106.45 0.60 0.0 
28106.43 0.31 0.0 
28048.24 0.42 0.0 
28061.05 0.44 0.0 
29371.10 0.42 0.0 
29376.69 0.53 0.0 
32178.79 0.31 0.0 
32211.88 0.68 0.0 
32394.08 0.70 0.0 
32489.56 0.91 0.0 
33141.10 0.35 0.0 
34091.05 0.31 0.0 
35615.34 0.70 0.0 
36255.62 0.34 0.0 
36480.07 0.36 0.0 
37176.73 0.39 0.0 
38022.77 0.47 0.0 
38036.77 0.40 0.0 
38036.78 0.54 0.0 
37986.49 0.59 0.0 
38022.81 0.37 0.0 
37986.49 0.38 0.0 
38743.91 0.49 0.0 
38947.75 0.42 0.0 
40544.01 0.31 0.0 
40913.06 0.45 0.0 
41279.01 0.54 0.0 
41339.03 0.42 0.0 
41352.32 0.70 0.0 
41497.44 0.64 0.0 
41517.69 0.41 0.0 
41495.97 0.37 0.0 
41497.45 0.40 0.0 
41802.88 0.41 0.0 
41739.87 0.71 0.0 
42558.50 0.41 0.0 
42558.48 0.47 0.0 
43904.93 0.81 0.0 
44039.39 0.38 0.0 
44243.16 0.48 0.0 
44222.10 0.33 0.0 
44398.37 0.41 0.0 
44510.13 0.46 0.0 
44559.13 0.69 0.0 
44510.15 0.59 0.0 
44949.09 0.33 0.0 
45552.45 0.33 0.0 
46974.00 0.46 0.0 
49961.45 0.57 0.0 
51503.45 0.72 0.0 
51503.45 0.63 0.0 
51897.24 0.36 0.0 
52332.66 0.44 0.0 
52332.65 0.91 0.0 
56248.96 0.71 0.0 
57521.63 0.48 0.0 
58006.81 0.51 0.0 
58006.81 0.46 0.0 
60775.97 0.76 0.0 
60776.06 0.41 0.0 
62684.51 0.43 0.0 
62576.15 0.34 0.0 
62982.85 0.36 0.0 
63158.03 0.59 0.0 
63158.03 0.63 0.0 
64209.85 0.36 0.0 
64142.01 0.35 0.0 
64362.89 0.39 0.0 
64258.96 0.84 0.0 
64572.25 0.57 0.0 
64572.24 0.79 0.0 
64743.28 0.56 0.0 
64743.25 0.40 0.0 
65571.72 0.41 0.0 
65593.80 0.37 0.0 
65981.60 0.41 0.0 
66202.84 0.47 0.0 
66202.88 0.74 0.0 
66308.85 0.33 0.0 
66417.91 0.70 0.0 
69147.55 0.48 0.0 
70019.11 0.31 0.0 
70558.64 0.32 0.0 
70632.61 0.32 0.0 
70813.79 0.41 0.0 
70961.89 0.40 0.0 
71339.11 0.65 0.0 
71458.07 0.67 0.0 
71618.89 0.44 0.0 
71936.88 0.32 0.0 
72147.44 0.62 0.0 
72147.41 0.58 0.0 
72284.44 0.54 0.0 
72180.74 0.74 0.0 
72208.91 0.75 0.0 
72321.89 0.30 0.0 
72342.00 0.39 0.0 
72479.07 0.36 0.0 
72424.63 0.35 0.0 
72424.77 0.51 0.0 
72582.56 0.54 0.0 
72658.13 0.61 0.0 
72792.85 0.42 0.0 
72796.40 0.72 0.0 
72792.92 0.56 0.0 
72796.39 0.48 0.0 
73895.92 0.45 0.0 
73982.51 0.50 0.0 
74118.23 0.58 0.0 
74118.29 0.66 0.0 
74216.24 0.84 0.0 
74216.24 0.36 0.0 
74379.03 0.66 0.0 
74379.03 0.65 0.0 
76737.97 0.42 0.0 
77543.91 0.34 0.0 
78230.93 0.40 0.0 
78524.46 0.32 0.0 
78494.04 0.37 0.0 
78612.23 0.61 0.0 
79028.93 0.31 0.0 
80038.03 0.37 0.0 
84283.51 0.35 0.0 
84372.23 0.32 0.0 
84408.63 0.34 0.0 
84408.59 0.37 0.0 
84658.93 0.49 0.0 
84893.09 0.64 0.0 
84899.00 0.40 0.0 
84915.75 0.34 0.0 
85060.23 0.58 0.0 
85060.23 0.41 0.0 
85424.48 0.32 0.0 
85677.85 0.71 0.0 
85677.80 0.58 0.0 
85743.28 0.35 0.0 
85891.15 0.39 0.0 
85891.16 0.36 0.0 
86010.85 0.30 0.0 
86297.59 0.54 0.0 
86303.33 0.48 0.0 
86297.61 0.68 0.0 
86315.87 0.37 0.0 
