2051.72 0.88 0.0 
2039.14 0.90 0.0 
3537.89 0.43 0.0 
4094.15 0.55 0.0 
4224.00 0.54 0.0 
4256.59 0.87 0.0 
4256.55 0.71 0.0 
4345.13 0.41 0.0 
4791.83 0.31 0.0 
5216.29 0.34 0.0 
5553.13 0.32 0.0 
6224.15 0.45 0.0 
10003.80 0.34 0.0 
11849.52 0.60 0.0 
16892.19 0.32 0.0 
17458.97 0.37 0.0 
17823.18 0.45 0.0 
18513.47 0.44 0.0 
20294.15 0.49 0.0 
21534.73 0.32 0.0 
29232.35 0.69 0.0 
30843.36 0.48 0.0 
34889.44 0.43 0.0 
41225.29 0.58 0.0 
41102.43 0.30 0.0 
41746.19 0.56 0.0 
41759.13 0.94 0.0 
42326.77 0.39 0.0 
43588.64 0.73 0.0 
44608.76 0.84 0.0 
45388.44 0.68 0.0 
45388.41 0.49 0.0 
45521.60 0.75 0.0 
46019.49 0.46 0.0 
46219.67 0.38 0.0 
46888.41 0.41 0.0 
47233.60 0.92 0.0 
47675.51 0.47 0.0 
47814.73 0.35 0.0 
47756.95 0.85 0.0 
47825.36 0.50 0.0 
48689.33 0.48 0.0 
48972.13 0.71 0.0 
49229.56 0.86 0.0 
49246.09 0.86 0.0 
49229.53 0.56 0.0 
49469.55 0.93 0.0 
49469.53 0.45 0.0 
49399.95 0.37 0.0 
49863.11 0.33 0.0 
51509.56 0.62 0.0 
51564.87 0.50 0.0 
51988.89 0.49 0.0 
52092.68 0.40 0.0 
52698.89 0.30 0.0 
53668.37 0.31 0.0 
54845.99 0.56 0.0 
56383.32 0.43 0.0 
57558.71 0.77 0.0 
57558.71 0.54 0.0 
58934.57 0.43 0.0 
59237.20 0.60 0.0 
60499.85 0.49 0.0 
60523.21 0.46 0.0 
63433.11 0.91 0.0 
64486.67 0.31 0.0 
64438.56 0.88 0.0 
64724.33 0.75 0.0 
67046.68 0.46 0.0 
67092.91 0.59 0.0 
68281.63 0.66 0.0 
71053.60 0.32 0.0 
72528.05 0.46 0.0 
72523.03 0.38 0.0 
76484.17 0.66 0.0 
76423.55 0.88 0.0 
76439.16 0.55 0.0 
76439.17 0.94 0.0 
76859.42 0.48 0.0 
76872.52 0.56 0.0 
76784.56 0.76 0.0 
76882.49 0.37 0.0 
79136.21 0.72 0.0 
85702.85 0.31 0.0 
