287.14 0.72 0.0 
1415.00 0.55 0.0 
2478.05 0.68 0.0 
2544.99 0.50 0.0 
2544.93 0.66 0.0 
11446.18 0.41 0.0 
15030.67 0.32 0.0 
15247.72 0.73 0.0 
18964.31 0.48 0.0 
20375.85 0.53 0.0 
20375.91 0.34 0.0 
20326.87 0.36 0.0 
22794.35 0.32 0.0 
23180.73 0.48 0.0 
24464.28 0.59 0.0 
24494.35 0.30 0.0 
24494.31 0.52 0.0 
24512.91 0.61 0.0 
24512.90 0.82 0.0 
24617.09 0.48 0.0 
24639.35 0.41 0.0 
24639.34 0.46 0.0 
25066.67 0.35 0.0 
25275.74 0.56 0.0 
26970.83 0.31 0.0 
29131.47 0.39 0.0 
32710.13 0.46 0.0 
33840.95 0.30 0.0 
39006.03 0.40 0.0 
39006.04 0.70 0.0 
43952.18 0.45 0.0 
44162.39 0.43 0.0 
45060.83 0.30 0.0 
48980.07 0.31 0.0 
55338.91 0.45 0.0 
59016.49 0.50 0.0 
64337.15 0.39 0.0 
67366.85 0.34 0.0 
68952.79 0.31 0.0 
70607.25 0.33 0.0 
70712.71 0.43 0.0 
71356.07 0.32 0.0 
82526.23 0.39 0.0 
84586.35 0.31 0.0 
