1544.51 0.42 0.0 
3656.41 0.33 0.0 
4933.35 0.63 0.0 
6284.51 0.66 0.0 
6505.83 0.72 0.0 
8056.27 0.31 0.0 
8699.51 0.40 0.0 
9412.73 0.46 0.0 
9335.39 0.59 0.0 
9461.89 0.71 0.0 
11564.05 0.34 0.0 
12614.56 0.35 0.0 
12941.99 0.33 0.0 
15162.05 0.42 0.0 
15077.63 0.52 0.0 
16736.92 0.38 0.0 
16859.12 0.33 0.0 
17022.05 0.57 0.0 
18749.49 0.38 0.0 
18914.05 0.68 0.0 
19799.03 0.35 0.0 
20414.19 0.48 0.0 
20758.33 0.31 0.0 
20884.41 0.33 0.0 
21987.88 0.37 0.0 
22029.12 0.38 0.0 
23624.56 0.33 0.0 
23729.15 0.42 0.0 
25481.40 0.67 0.0 
26445.59 0.37 0.0 
26895.59 0.53 0.0 
27043.83 0.69 0.0 
27179.03 0.33 0.0 
27117.23 0.65 0.0 
29699.40 0.97 0.0 
29784.05 0.45 0.0 
29818.87 0.75 0.0 
29784.01 0.48 0.0 
36808.71 0.42 0.0 
37376.56 0.45 0.0 
37376.53 0.40 0.0 
39702.45 0.35 0.0 
39868.31 0.34 0.0 
40139.31 0.40 0.0 
41021.97 0.43 0.0 
41860.08 0.37 0.0 
46659.15 0.62 0.0 
47606.91 0.53 0.0 
47972.13 0.74 0.0 
48763.35 0.31 0.0 
51516.95 0.33 0.0 
51667.33 0.51 0.0 
51580.15 0.73 0.0 
51580.13 0.55 0.0 
51793.11 0.32 0.0 
51667.30 0.32 0.0 
52030.87 0.39 0.0 
52034.51 0.32 0.0 
55364.32 0.33 0.0 
55525.27 0.31 0.0 
55829.37 0.62 0.0 
56774.04 0.46 0.0 
58916.41 0.32 0.0 
60794.26 0.48 0.0 
60989.00 0.53 0.0 
61276.35 0.35 0.0 
62903.20 0.30 0.0 
64273.07 0.43 0.0 
65217.17 0.69 0.0 
66179.03 0.47 0.0 
69088.04 0.33 0.0 
69521.89 0.47 0.0 
71295.27 0.67 0.0 
71937.37 0.52 0.0 
73245.87 0.50 0.0 
73315.74 0.72 0.0 
74710.47 0.50 0.0 
75659.48 0.32 0.0 
77114.03 0.33 0.0 
77234.15 0.45 0.0 
77369.53 0.35 0.0 
79469.45 0.42 0.0 
79753.97 0.36 0.0 
80865.34 0.34 0.0 
81315.31 0.37 0.0 
84709.71 0.33 0.0 
85753.14 0.82 0.0 
85753.11 0.61 0.0 
85780.80 0.35 0.0 
85780.77 0.58 0.0 
