971.85 0.62 0.0 
2465.56 0.40 0.0 
2465.57 0.46 0.0 
4632.72 0.30 0.0 
4809.97 0.63 0.0 
5724.23 0.56 0.0 
6070.37 0.39 0.0 
6172.57 0.33 0.0 
7214.49 0.43 0.0 
7393.16 0.55 0.0 
9192.17 0.47 0.0 
9194.37 0.30 0.0 
9212.81 0.33 0.0 
9229.81 0.55 0.0 
9468.47 0.50 0.0 
9626.69 0.32 0.0 
10528.37 0.54 0.0 
11219.48 0.32 0.0 
12053.72 0.46 0.0 
14078.33 0.43 0.0 
14623.68 0.76 0.0 
16673.81 0.51 0.0 
16832.47 0.31 0.0 
18057.36 0.70 0.0 
18328.52 0.33 0.0 
18231.79 0.32 0.0 
19587.72 0.47 0.0 
19932.00 0.31 0.0 
20952.41 0.44 0.0 
21342.52 0.74 0.0 
21689.26 0.70 0.0 
21800.41 0.53 0.0 
21728.20 0.46 0.0 
21728.21 0.34 0.0 
21831.16 0.39 0.0 
23339.25 0.41 0.0 
23922.77 0.61 0.0 
25018.44 0.45 0.0 
25839.25 0.47 0.0 
25841.80 0.59 0.0 
26024.44 0.39 0.0 
26215.99 0.38 0.0 
26262.36 0.56 0.0 
26788.15 0.40 0.0 
27236.08 0.39 0.0 
31274.45 0.43 0.0 
31603.20 0.35 0.0 
35639.57 0.64 0.0 
36343.04 0.35 0.0 
36459.34 0.58 0.0 
38109.80 0.40 0.0 
38338.89 0.40 0.0 
38517.57 0.41 0.0 
38904.69 0.72 0.0 
40078.23 0.31 0.0 
40599.08 0.36 0.0 
42610.85 0.39 0.0 
43858.45 0.39 0.0 
45118.04 0.42 0.0 
46829.97 0.39 0.0 
46826.41 0.50 0.0 
47717.53 0.56 0.0 
47727.08 0.82 0.0 
47717.51 0.35 0.0 
47774.25 0.43 0.0 
48254.03 0.67 0.0 
48493.20 0.32 0.0 
49101.69 0.30 0.0 
49579.85 0.35 0.0 
51019.36 0.67 0.0 
51853.33 0.42 0.0 
52702.37 0.33 0.0 
53246.15 0.35 0.0 
54822.34 0.40 0.0 
54707.17 0.32 0.0 
56802.79 0.32 0.0 
57074.33 0.33 0.0 
57389.08 0.39 0.0 
58784.05 0.30 0.0 
59862.45 0.49 0.0 
60313.89 0.35 0.0 
63733.61 0.31 0.0 
64902.57 0.46 0.0 
66792.95 0.86 0.0 
67614.23 0.67 0.0 
68698.76 0.32 0.0 
69509.48 0.49 0.0 
71294.21 0.34 0.0 
73781.17 0.37 0.0 
73783.26 0.44 0.0 
74261.92 0.32 0.0 
75253.65 0.33 0.0 
76064.01 0.55 0.0 
76916.09 0.38 0.0 
78074.20 0.31 0.0 
79394.00 0.31 0.0 
79753.97 0.41 0.0 
83037.07 0.36 0.0 
83354.17 0.43 0.0 
83354.21 0.48 0.0 
83772.97 0.38 0.0 
84237.20 0.38 0.0 
85017.71 0.30 0.0 
85446.99 0.60 0.0 
86233.83 0.86 0.0 
86233.84 0.36 0.0 
