154.81 0.32 0.0 
316.08 0.48 0.0 
780.97 0.47 0.0 
825.41 0.69 0.0 
1353.40 0.44 0.0 
1850.04 0.37 0.0 
1850.13 0.45 0.0 
2220.99 0.53 0.0 
2267.15 0.32 0.0 
2342.03 0.33 0.0 
2828.91 0.35 0.0 
3660.48 0.42 0.0 
4001.69 0.40 0.0 
4001.73 0.39 0.0 
5130.89 0.38 0.0 
5300.05 0.44 0.0 
5580.59 0.30 0.0 
5580.58 0.69 0.0 
5734.07 0.38 0.0 
6553.25 0.31 0.0 
6553.19 0.40 0.0 
7127.69 0.33 0.0 
7127.73 0.50 0.0 
7174.39 0.54 0.0 
7366.09 0.48 0.0 
7566.51 0.35 0.0 
7651.17 0.34 0.0 
7851.60 0.36 0.0 
7910.96 0.57 0.0 
8479.41 0.33 0.0 
8479.40 0.31 0.0 
9412.78 0.37 0.0 
9412.78 0.74 0.0 
9455.68 0.30 0.0 
9734.11 0.31 0.0 
9782.13 0.46 0.0 
10073.41 0.47 0.0 
10430.33 0.62 0.0 
10584.16 0.42 0.0 
12260.77 0.61 0.0 
12661.08 0.54 0.0 
13452.93 0.42 0.0 
13474.67 0.35 0.0 
14489.17 0.31 0.0 
15287.37 0.32 0.0 
15287.35 0.41 0.0 
15347.85 0.58 0.0 
16158.83 0.38 0.0 
16158.83 0.44 0.0 
16380.78 0.66 0.0 
16550.57 0.46 0.0 
16736.94 0.56 0.0 
16789.83 0.31 0.0 
17072.09 0.43 0.0 
17022.09 0.44 0.0 
17460.75 0.32 0.0 
17612.35 0.45 0.0 
18076.25 0.35 0.0 
18454.07 0.31 0.0 
18848.39 0.53 0.0 
18848.39 0.45 0.0 
18978.67 0.39 0.0 
18978.69 0.52 0.0 
18908.59 0.31 0.0 
19097.67 0.30 0.0 
19231.05 0.66 0.0 
19250.03 0.50 0.0 
19250.02 0.62 0.0 
19231.07 0.58 0.0 
19301.73 0.37 0.0 
19399.07 0.36 0.0 
19428.27 0.43 0.0 
19428.27 0.42 0.0 
19691.97 0.50 0.0 
20013.07 0.30 0.0 
20130.57 0.35 0.0 
20315.61 0.38 0.0 
20348.68 0.32 0.0 
20475.21 0.33 0.0 
21353.71 0.37 0.0 
21989.67 0.44 0.0 
23013.32 0.47 0.0 
23219.15 0.36 0.0 
23272.53 0.53 0.0 
23855.89 0.48 0.0 
24601.79 0.31 0.0 
25230.65 0.41 0.0 
25187.03 0.39 0.0 
25893.11 0.39 0.0 
26012.03 0.33 0.0 
26012.09 0.50 0.0 
26193.37 0.45 0.0 
26446.45 0.71 0.0 
26765.05 0.39 0.0 
26897.35 0.53 0.0 
26897.34 0.68 0.0 
27017.16 0.39 0.0 
27017.15 0.39 0.0 
27570.58 0.40 0.0 
27856.17 0.33 0.0 
28455.95 0.34 0.0 
28455.99 0.52 0.0 
29655.99 0.32 0.0 
29731.55 0.39 0.0 
29926.03 0.33 0.0 
30054.03 0.34 0.0 
30533.43 0.31 0.0 
30730.15 0.33 0.0 
30797.76 0.59 0.0 
31649.67 0.34 0.0 
31990.15 0.46 0.0 
32587.21 0.44 0.0 
33731.79 0.33 0.0 
33731.81 0.46 0.0 
33890.43 0.41 0.0 
33890.43 0.36 0.0 
34050.99 0.34 0.0 
34393.81 0.38 0.0 
34334.45 0.45 0.0 
34862.17 0.33 0.0 
35618.57 0.44 0.0 
36032.63 0.51 0.0 
35942.59 0.34 0.0 
36307.91 0.37 0.0 
36703.39 0.41 0.0 
37111.13 0.53 0.0 
37111.09 0.38 0.0 
37474.52 0.36 0.0 
37695.37 0.36 0.0 
38056.99 0.32 0.0 
38056.93 0.47 0.0 
38282.25 0.47 0.0 
38714.91 0.40 0.0 
38886.89 0.40 0.0 
39232.21 0.42 0.0 
41022.03 0.37 0.0 
41623.79 0.35 0.0 
41860.09 0.44 0.0 
42135.80 0.46 0.0 
42295.57 0.36 0.0 
42388.63 0.34 0.0 
42775.57 0.33 0.0 
43114.05 0.56 0.0 
43161.75 0.33 0.0 
43277.43 0.38 0.0 
43695.60 0.53 0.0 
43630.27 0.32 0.0 
44526.89 0.35 0.0 
45076.33 0.68 0.0 
45241.40 0.39 0.0 
45411.17 0.50 0.0 
45427.11 0.39 0.0 
45803.41 0.41 0.0 
45990.48 0.64 0.0 
46019.96 0.31 0.0 
46659.15 0.42 0.0 
47015.87 0.36 0.0 
47567.91 0.37 0.0 
47492.95 0.31 0.0 
47606.93 0.35 0.0 
47892.83 0.35 0.0 
47856.97 0.41 0.0 
49257.51 0.37 0.0 
49475.01 0.57 0.0 
50427.59 0.32 0.0 
50564.89 0.47 0.0 
50540.87 0.36 0.0 
51139.69 0.30 0.0 
51139.65 0.35 0.0 
51077.99 0.33 0.0 
51078.02 0.58 0.0 
52030.92 0.32 0.0 
52035.91 0.39 0.0 
52071.84 0.41 0.0 
52382.09 0.44 0.0 
52398.05 0.32 0.0 
53315.31 0.32 0.0 
53253.39 0.41 0.0 
53834.61 0.39 0.0 
54077.67 0.35 0.0 
54465.05 0.38 0.0 
54888.09 0.56 0.0 
54888.07 0.50 0.0 
54978.03 0.39 0.0 
55329.69 0.44 0.0 
55456.83 0.54 0.0 
55428.89 0.34 0.0 
55608.23 0.31 0.0 
56056.48 0.43 0.0 
56389.43 0.45 0.0 
56475.92 0.34 0.0 
56595.59 0.31 0.0 
56595.59 0.42 0.0 
56708.09 0.53 0.0 
56929.39 0.32 0.0 
57365.23 0.43 0.0 
57365.23 0.38 0.0 
57759.95 0.33 0.0 
58021.35 0.30 0.0 
58251.85 0.50 0.0 
58251.84 0.55 0.0 
58854.75 0.41 0.0 
59317.53 0.31 0.0 
61006.15 0.37 0.0 
61696.69 0.65 0.0 
62084.21 0.33 0.0 
62038.07 0.33 0.0 
62912.75 0.38 0.0 
62852.11 0.40 0.0 
63203.23 0.42 0.0 
63542.17 0.65 0.0 
63830.83 0.45 0.0 
63830.87 0.65 0.0 
64004.83 0.30 0.0 
66407.83 0.35 0.0 
66540.54 0.77 0.0 
67218.20 0.56 0.0 
67218.25 0.64 0.0 
68057.53 0.33 0.0 
68013.75 0.39 0.0 
68386.22 0.44 0.0 
68552.99 0.35 0.0 
68689.61 0.33 0.0 
68894.44 0.36 0.0 
68988.85 0.36 0.0 
68988.81 0.36 0.0 
69200.99 0.31 0.0 
70236.84 0.51 0.0 
70434.31 0.33 0.0 
70879.85 0.47 0.0 
71655.68 0.39 0.0 
71802.65 0.49 0.0 
71802.68 0.32 0.0 
71841.92 0.31 0.0 
71960.32 0.46 0.0 
72256.15 0.43 0.0 
72986.83 0.35 0.0 
72986.85 0.35 0.0 
73315.78 0.54 0.0 
73434.99 0.41 0.0 
74710.53 0.32 0.0 
74989.17 0.31 0.0 
75798.32 0.30 0.0 
76473.26 0.51 0.0 
77115.99 0.31 0.0 
77926.09 0.47 0.0 
78888.47 0.39 0.0 
80501.45 0.34 0.0 
80925.65 0.55 0.0 
81296.67 0.47 0.0 
81296.63 0.32 0.0 
81434.68 0.34 0.0 
81315.39 0.40 0.0 
81339.93 0.62 0.0 
82492.05 0.35 0.0 
83321.85 0.39 0.0 
83321.85 0.47 0.0 
84246.85 0.41 0.0 
84541.31 0.42 0.0 
84712.13 0.46 0.0 
84902.19 0.36 0.0 
85591.45 0.43 0.0 
85516.35 0.34 0.0 
85780.75 0.43 0.0 
85787.29 0.41 0.0 
86103.41 0.52 0.0 
