5864.92 0.46 0.0 
5810.51 0.58 0.0 
6025.07 0.33 0.0 
6030.93 0.50 0.0 
7100.96 0.40 0.0 
7227.72 0.89 0.0 
7533.91 0.84 0.0 
8526.47 0.33 0.0 
8660.63 0.34 0.0 
9725.69 0.35 0.0 
9737.67 0.42 0.0 
12983.33 0.53 0.0 
13604.41 0.32 0.0 
13606.65 0.37 0.0 
14370.17 0.36 0.0 
14384.91 0.30 0.0 
16013.64 0.33 0.0 
16021.03 0.72 0.0 
16201.87 0.62 0.0 
17000.99 0.33 0.0 
17536.99 0.37 0.0 
17799.55 0.38 0.0 
17807.57 0.83 0.0 
17820.57 0.50 0.0 
18405.72 0.73 0.0 
18413.31 0.36 0.0 
18405.65 0.33 0.0 
18425.87 0.36 0.0 
19081.79 0.35 0.0 
19176.84 0.58 0.0 
19749.39 0.47 0.0 
20926.98 0.82 0.0 
21249.55 0.37 0.0 
22845.50 0.66 0.0 
23295.47 0.78 0.0 
24887.81 0.41 0.0 
25018.19 0.30 0.0 
25341.89 0.40 0.0 
25412.68 0.36 0.0 
25370.65 0.47 0.0 
25370.65 0.52 0.0 
25412.73 0.32 0.0 
25423.15 0.31 0.0 
25494.23 0.42 0.0 
25507.35 0.31 0.0 
25507.37 0.66 0.0 
26250.40 0.43 0.0 
26265.99 0.31 0.0 
26248.61 0.60 0.0 
26655.52 0.81 0.0 
28109.80 0.73 0.0 
28109.75 0.56 0.0 
28062.82 0.73 0.0 
28111.29 0.56 0.0 
29373.11 0.59 0.0 
29352.41 0.33 0.0 
29595.90 0.37 0.0 
30051.19 0.41 0.0 
30601.93 0.32 0.0 
32212.57 0.94 0.0 
32439.61 0.33 0.0 
32454.67 0.33 0.0 
32489.83 0.49 0.0 
34091.29 0.35 0.0 
35615.52 0.31 0.0 
36252.01 0.32 0.0 
36481.89 0.68 0.0 
36481.91 0.66 0.0 
38023.88 0.58 0.0 
38039.49 0.48 0.0 
38026.51 0.32 0.0 
38039.49 0.58 0.0 
37966.79 0.42 0.0 
37966.77 0.64 0.0 
37997.89 0.48 0.0 
38015.55 0.32 0.0 
38430.53 0.67 0.0 
38776.50 0.64 0.0 
38806.99 0.68 0.0 
39277.47 0.31 0.0 
40412.33 0.48 0.0 
40965.49 0.63 0.0 
41498.15 0.40 0.0 
41519.85 0.34 0.0 
41498.63 0.42 0.0 
41744.43 0.32 0.0 
41744.47 0.38 0.0 
42406.63 0.40 0.0 
42563.55 0.36 0.0 
43786.55 0.35 0.0 
43908.15 0.50 0.0 
44554.75 0.48 0.0 
44561.25 0.43 0.0 
44462.29 0.48 0.0 
44462.27 0.40 0.0 
44574.15 0.60 0.0 
45000.47 0.33 0.0 
44950.53 0.41 0.0 
46039.61 0.31 0.0 
49995.76 0.85 0.0 
53494.61 0.73 0.0 
57521.59 0.35 0.0 
63095.67 0.49 0.0 
63160.22 0.60 0.0 
63031.11 0.34 0.0 
63160.20 0.55 0.0 
64215.07 0.37 0.0 
64378.55 0.38 0.0 
64378.51 0.44 0.0 
64745.31 0.48 0.0 
64745.28 0.62 0.0 
66317.97 0.62 0.0 
66317.98 0.73 0.0 
66418.95 0.33 0.0 
67414.31 0.38 0.0 
67414.29 0.32 0.0 
69347.71 0.50 0.0 
69347.70 0.71 0.0 
69575.21 0.49 0.0 
70072.12 0.40 0.0 
70530.55 0.36 0.0 
72148.83 0.41 0.0 
72148.84 0.56 0.0 
72196.69 0.42 0.0 
72202.41 0.38 0.0 
72324.45 0.54 0.0 
72457.92 0.44 0.0 
72419.89 0.37 0.0 
72421.09 0.43 0.0 
72421.05 0.33 0.0 
72428.01 0.57 0.0 
72630.55 0.33 0.0 
72805.19 0.73 0.0 
72805.21 0.72 0.0 
73028.43 0.35 0.0 
73306.55 0.33 0.0 
73279.99 0.35 0.0 
73261.47 0.33 0.0 
73984.31 0.43 0.0 
74123.44 0.77 0.0 
74123.45 0.70 0.0 
74281.69 0.67 0.0 
74217.11 0.38 0.0 
74223.47 0.30 0.0 
74223.51 0.67 0.0 
74380.39 0.62 0.0 
74380.39 0.58 0.0 
77547.87 0.61 0.0 
77536.03 0.71 0.0 
77547.87 0.37 0.0 
78234.59 0.32 0.0 
78234.64 0.51 0.0 
78495.59 0.39 0.0 
78524.57 0.36 0.0 
78614.53 0.52 0.0 
78530.51 0.34 0.0 
79032.23 0.43 0.0 
83370.55 0.43 0.0 
83910.89 0.72 0.0 
84379.97 0.49 0.0 
84414.35 0.35 0.0 
84697.15 0.34 0.0 
84925.95 0.39 0.0 
85063.41 0.59 0.0 
85063.39 0.47 0.0 
85426.23 0.41 0.0 
85707.37 0.49 0.0 
85707.33 0.51 0.0 
85591.67 0.53 0.0 
85625.71 0.33 0.0 
86015.51 0.41 0.0 
86304.51 0.52 0.0 
86298.71 0.63 0.0 
86358.07 0.32 0.0 
86358.11 0.34 0.0 
