322.20 0.68 0.0 
649.22 0.83 0.0 
4081.07 0.43 0.0 
8148.96 0.83 0.0 
8525.34 0.77 0.0 
8525.41 0.40 0.0 
10024.63 0.65 0.0 
10024.64 0.82 0.0 
10742.84 0.66 0.0 
11751.59 0.46 0.0 
11764.26 0.74 0.0 
14488.20 0.44 0.0 
14488.19 0.32 0.0 
15018.35 0.31 0.0 
15018.34 0.85 0.0 
17574.87 0.54 0.0 
19437.19 0.47 0.0 
21113.84 0.31 0.0 
21113.89 0.63 0.0 
21447.59 0.43 0.0 
25845.43 0.33 0.0 
27417.92 0.41 0.0 
28692.84 0.66 0.0 
28692.86 0.64 0.0 
32433.31 0.57 0.0 
32843.96 0.81 0.0 
32779.74 0.54 0.0 
36016.83 0.49 0.0 
36016.78 0.84 0.0 
36415.37 0.40 0.0 
36415.35 0.36 0.0 
37309.74 0.63 0.0 
37794.79 0.31 0.0 
39271.24 0.81 0.0 
39271.25 0.46 0.0 
39533.99 0.55 0.0 
40338.15 0.34 0.0 
40695.91 0.45 0.0 
41461.34 0.76 0.0 
46256.12 0.62 0.0 
48318.82 0.60 0.0 
50537.91 0.31 0.0 
51776.64 0.72 0.0 
52211.35 0.56 0.0 
53333.64 0.77 0.0 
54583.87 0.40 0.0 
64291.78 0.81 0.0 
64298.68 0.88 0.0 
64291.79 0.79 0.0 
64298.67 0.92 0.0 
69588.79 0.51 0.0 
78646.90 0.58 0.0 
78646.86 0.88 0.0 
83973.18 0.84 0.0 
86042.12 0.83 0.0 
86042.14 0.81 0.0 
86263.10 0.45 0.0 
86263.13 0.37 0.0 
