178.60 0.32 0.0 
316.63 0.58 0.0 
875.11 0.63 0.0 
5277.09 0.40 0.0 
9613.44 0.51 0.0 
16814.37 0.34 0.0 
23544.84 0.97 0.0 
23544.84 0.94 0.0 
31168.08 0.38 0.0 
31536.51 0.99 0.0 
31536.51 0.99 0.0 
34422.07 0.41 0.0 
40347.41 0.44 0.0 
45306.39 0.49 0.0 
45306.39 0.41 0.0 
45808.70 0.98 0.0 
45808.70 0.98 0.0 
47089.80 0.48 0.0 
50367.17 0.98 0.0 
50372.20 0.96 0.0 
50367.17 0.98 0.0 
50372.20 0.98 0.0 
54590.76 0.63 0.0 
54590.77 0.75 0.0 
56825.32 0.98 0.0 
56825.32 0.97 0.0 
57170.08 0.95 0.0 
57170.08 0.95 0.0 
63166.47 0.40 0.0 
65076.91 0.91 0.0 
65076.92 0.89 0.0 
65446.36 0.92 0.0 
65446.36 0.91 0.0 
68300.16 0.44 0.0 
68506.88 0.94 0.0 
68506.88 0.91 0.0 
69955.90 0.95 0.0 
69955.90 0.95 0.0 
70408.44 0.97 0.0 
70408.44 0.98 0.0 
73088.05 0.50 0.0 
73088.07 0.57 0.0 
74027.32 0.91 0.0 
74027.30 0.93 0.0 
82152.44 0.40 0.0 
84148.51 0.46 0.0 
84994.23 0.43 0.0 
85902.76 0.31 0.0 
