239.37 0.31 0.0 
617.40 0.80 0.0 
1078.32 0.42 0.0 
1619.08 0.89 0.0 
1670.09 0.48 0.0 
1949.52 0.46 0.0 
1962.72 0.72 0.0 
2023.87 0.45 0.0 
2158.88 0.91 0.0 
2759.04 0.87 0.0 
2865.56 0.37 0.0 
3014.64 0.69 0.0 
3148.84 0.72 0.0 
3704.60 0.46 0.0 
3809.43 0.86 0.0 
4739.05 0.47 0.0 
5204.01 0.53 0.0 
5444.44 0.52 0.0 
5774.12 0.86 0.0 
5818.28 0.36 0.0 
7378.80 0.53 0.0 
7421.56 0.71 0.0 
9657.24 0.40 0.0 
9734.52 0.52 0.0 
9657.24 0.53 0.0 
10348.85 0.40 0.0 
13184.40 0.30 0.0 
15164.33 0.68 0.0 
16079.16 0.40 0.0 
16893.43 0.36 0.0 
17427.43 0.64 0.0 
18140.96 0.41 0.0 
18142.08 0.49 0.0 
19469.53 0.34 0.0 
20383.08 0.43 0.0 
21395.20 0.51 0.0 
21481.81 0.31 0.0 
21823.85 0.37 0.0 
22111.28 0.40 0.0 
22874.44 0.33 0.0 
25363.33 0.62 0.0 
27852.85 0.70 0.0 
30074.33 0.61 0.0 
31183.89 0.31 0.0 
31559.41 0.30 0.0 
33024.11 0.98 0.0 
33024.12 0.98 0.0 
34334.56 0.60 0.0 
35862.80 0.67 0.0 
38984.13 0.34 0.0 
39401.65 0.33 0.0 
40785.44 0.42 0.0 
40779.23 0.86 0.0 
40753.55 0.45 0.0 
41776.96 0.58 0.0 
42104.56 0.34 0.0 
42209.52 0.62 0.0 
42329.48 0.84 0.0 
42509.17 0.31 0.0 
42884.44 0.47 0.0 
43181.21 0.76 0.0 
44262.82 0.66 0.0 
44740.32 0.87 0.0 
44980.51 0.33 0.0 
45317.89 0.36 0.0 
45329.17 0.46 0.0 
47773.68 0.47 0.0 
49768.91 0.90 0.0 
49739.52 0.45 0.0 
50712.48 0.36 0.0 
52049.35 0.47 0.0 
52153.44 0.74 0.0 
52288.24 0.76 0.0 
52288.24 0.79 0.0 
52412.96 0.97 0.0 
52412.96 0.97 0.0 
52573.35 0.86 0.0 
53935.35 0.77 0.0 
54944.19 0.60 0.0 
55360.35 0.85 0.0 
55792.66 0.90 0.0 
60568.95 0.37 0.0 
61442.21 0.39 0.0 
61442.17 0.34 0.0 
64394.52 0.37 0.0 
65818.89 0.79 0.0 
69553.37 0.76 0.0 
74886.68 0.46 0.0 
76565.35 0.82 0.0 
76574.24 0.41 0.0 
76565.33 0.67 0.0 
77082.80 0.69 0.0 
77107.72 0.50 0.0 
79863.27 0.43 0.0 
80157.64 0.57 0.0 
81629.49 0.62 0.0 
81808.60 0.57 0.0 
82360.44 0.83 0.0 
82529.28 0.32 0.0 
83129.00 0.39 0.0 
83098.72 0.43 0.0 
83191.40 0.50 0.0 
83758.37 0.39 0.0 
84656.13 0.41 0.0 
84656.09 0.81 0.0 
84812.53 0.36 0.0 
84911.97 0.35 0.0 
85012.81 0.42 0.0 
85019.49 0.48 0.0 
85622.77 0.66 0.0 
85724.17 0.73 0.0 
86238.44 0.49 0.0 
86338.61 0.63 0.0 
