467.53 0.50 0.0 
1002.15 0.34 0.0 
2192.03 0.42 0.0 
2441.31 0.38 0.0 
2354.73 0.65 0.0 
2441.31 0.54 0.0 
2684.91 0.44 0.0 
2595.76 0.85 0.0 
2648.37 0.35 0.0 
2595.74 0.80 0.0 
3037.12 0.35 0.0 
4081.89 0.35 0.0 
4199.97 0.35 0.0 
4320.56 0.68 0.0 
5215.35 0.40 0.0 
5235.49 0.90 0.0 
6106.99 0.31 0.0 
7246.21 0.45 0.0 
7624.57 0.33 0.0 
8330.63 0.40 0.0 
8330.63 0.56 0.0 
8806.00 0.49 0.0 
8806.03 0.42 0.0 
8835.53 0.43 0.0 
10186.71 0.42 0.0 
10186.67 0.56 0.0 
10230.81 0.65 0.0 
10630.35 0.35 0.0 
10931.78 0.70 0.0 
11015.53 0.56 0.0 
11015.53 0.57 0.0 
11108.01 0.79 0.0 
11108.01 0.57 0.0 
11824.99 0.67 0.0 
12135.51 0.36 0.0 
12143.23 0.43 0.0 
13412.33 0.43 0.0 
13545.52 0.63 0.0 
13862.37 0.50 0.0 
13987.23 0.52 0.0 
13987.24 0.46 0.0 
14370.51 0.33 0.0 
14422.83 0.46 0.0 
14437.27 0.52 0.0 
14700.65 0.46 0.0 
14769.05 0.37 0.0 
15376.15 0.31 0.0 
16013.91 0.41 0.0 
16872.87 0.64 0.0 
17388.27 0.59 0.0 
17745.39 0.48 0.0 
18045.51 0.37 0.0 
19162.53 0.83 0.0 
19162.52 0.77 0.0 
19800.52 0.55 0.0 
19800.51 0.47 0.0 
20470.61 0.49 0.0 
20618.27 0.48 0.0 
20821.29 0.49 0.0 
20805.41 0.58 0.0 
20816.91 0.35 0.0 
21189.45 0.30 0.0 
21437.99 0.45 0.0 
21872.03 0.30 0.0 
21872.01 0.56 0.0 
22016.60 0.45 0.0 
22314.07 0.35 0.0 
22875.97 0.70 0.0 
23402.71 0.37 0.0 
23639.67 0.36 0.0 
24220.99 0.37 0.0 
24708.05 0.30 0.0 
26296.35 0.30 0.0 
26491.83 0.65 0.0 
26495.99 0.65 0.0 
26489.91 0.32 0.0 
28187.73 0.43 0.0 
28382.97 0.39 0.0 
28546.73 0.42 0.0 
28668.91 0.46 0.0 
29051.87 0.35 0.0 
29760.37 0.40 0.0 
30135.48 0.60 0.0 
30914.65 0.78 0.0 
30916.07 0.36 0.0 
30922.02 0.77 0.0 
31260.74 0.77 0.0 
32021.27 0.31 0.0 
32321.47 0.56 0.0 
32321.52 0.50 0.0 
32430.07 0.42 0.0 
33346.65 0.39 0.0 
33765.65 0.67 0.0 
35115.64 0.81 0.0 
35518.71 0.32 0.0 
35778.01 0.38 0.0 
38190.55 0.89 0.0 
38911.75 0.39 0.0 
39887.69 0.46 0.0 
40533.07 0.32 0.0 
40632.13 0.38 0.0 
43605.81 0.93 0.0 
45869.23 0.47 0.0 
47551.06 0.80 0.0 
48270.93 0.85 0.0 
48706.53 0.53 0.0 
51331.20 0.74 0.0 
58801.15 0.43 0.0 
61547.11 0.35 0.0 
62313.96 0.49 0.0 
62313.93 0.52 0.0 
62626.42 0.50 0.0 
62626.45 0.41 0.0 
62598.40 0.40 0.0 
62826.31 0.57 0.0 
62835.51 0.35 0.0 
62840.53 0.61 0.0 
64308.03 0.38 0.0 
64314.94 0.78 0.0 
64308.01 0.66 0.0 
64314.94 0.79 0.0 
65132.71 0.60 0.0 
65925.86 0.88 0.0 
72228.85 0.54 0.0 
