1000.25 0.43 0.0 
2353.05 0.34 0.0 
2354.48 0.40 0.0 
2604.97 0.39 0.0 
2712.55 0.34 0.0 
3141.15 0.33 0.0 
3141.25 0.37 0.0 
3478.93 0.52 0.0 
3433.15 0.38 0.0 
3552.92 0.75 0.0 
3929.41 0.59 0.0 
3913.28 0.41 0.0 
4197.44 0.35 0.0 
5215.37 0.35 0.0 
5219.34 0.66 0.0 
5294.57 0.39 0.0 
5440.89 0.54 0.0 
5440.93 0.36 0.0 
5789.20 0.60 0.0 
6998.52 0.39 0.0 
7558.15 0.62 0.0 
8113.77 0.84 0.0 
8328.07 0.57 0.0 
8803.39 0.42 0.0 
8707.69 0.48 0.0 
8803.76 0.53 0.0 
8849.57 0.41 0.0 
9118.04 0.66 0.0 
10199.16 0.62 0.0 
10219.69 0.31 0.0 
10274.03 0.65 0.0 
10634.03 0.35 0.0 
10918.59 0.91 0.0 
10943.05 0.53 0.0 
10926.48 0.69 0.0 
10926.41 0.50 0.0 
10990.68 0.38 0.0 
11105.05 0.66 0.0 
11105.05 0.67 0.0 
11879.13 0.52 0.0 
11824.32 0.35 0.0 
12140.12 0.39 0.0 
12612.86 0.81 0.0 
12612.85 0.49 0.0 
12718.71 0.73 0.0 
12734.56 0.46 0.0 
13593.80 0.39 0.0 
13593.83 0.37 0.0 
13737.41 0.40 0.0 
13766.43 0.88 0.0 
13766.45 0.70 0.0 
13984.45 0.31 0.0 
14260.52 0.45 0.0 
14421.17 0.37 0.0 
14434.17 0.49 0.0 
14434.16 0.50 0.0 
14470.20 0.72 0.0 
14549.05 0.47 0.0 
14680.99 0.52 0.0 
14606.68 0.79 0.0 
15039.65 0.77 0.0 
15277.71 0.49 0.0 
15523.71 0.46 0.0 
15555.45 0.44 0.0 
15555.44 0.48 0.0 
15756.61 0.35 0.0 
16011.01 0.50 0.0 
16019.11 0.39 0.0 
16074.16 0.52 0.0 
16074.15 0.38 0.0 
16449.66 0.37 0.0 
16872.57 0.89 0.0 
17381.79 0.52 0.0 
17711.03 0.41 0.0 
17711.01 0.56 0.0 
18495.04 0.74 0.0 
18717.84 0.32 0.0 
19004.36 0.42 0.0 
18968.20 0.30 0.0 
19049.38 0.34 0.0 
19161.11 0.92 0.0 
19161.12 0.87 0.0 
19256.45 0.77 0.0 
19256.49 0.33 0.0 
19764.84 0.76 0.0 
19798.44 0.60 0.0 
19764.88 0.32 0.0 
19869.84 0.34 0.0 
19870.93 0.54 0.0 
20488.20 0.74 0.0 
20616.29 0.36 0.0 
20812.28 0.37 0.0 
20812.29 0.78 0.0 
21524.06 0.37 0.0 
21506.60 0.35 0.0 
21435.65 0.54 0.0 
21626.85 0.45 0.0 
21954.80 0.53 0.0 
22309.25 0.56 0.0 
22309.21 0.48 0.0 
22410.49 0.52 0.0 
22410.52 0.51 0.0 
22603.45 0.43 0.0 
22832.94 0.48 0.0 
22767.97 0.35 0.0 
22832.97 0.37 0.0 
23154.93 0.40 0.0 
23396.55 0.45 0.0 
23366.05 0.35 0.0 
23416.61 0.36 0.0 
23637.95 0.40 0.0 
23775.21 0.34 0.0 
24218.64 0.49 0.0 
24172.20 0.35 0.0 
24218.59 0.31 0.0 
24407.61 0.30 0.0 
24778.51 0.42 0.0 
24870.33 0.45 0.0 
25209.96 0.76 0.0 
25716.72 0.41 0.0 
25991.36 0.83 0.0 
25991.37 0.92 0.0 
26247.98 0.48 0.0 
26293.08 0.32 0.0 
26477.04 0.45 0.0 
26489.35 0.83 0.0 
26760.10 0.48 0.0 
26717.13 0.58 0.0 
27424.30 0.45 0.0 
27424.29 0.68 0.0 
27786.33 0.38 0.0 
28182.38 0.49 0.0 
28362.79 0.30 0.0 
28351.96 0.39 0.0 
28503.71 0.70 0.0 
28503.73 0.57 0.0 
28898.80 0.38 0.0 
28945.40 0.63 0.0 
28898.85 0.67 0.0 
29308.09 0.69 0.0 
29717.36 0.72 0.0 
30091.96 0.67 0.0 
30091.96 0.59 0.0 
30455.33 0.68 0.0 
30455.33 0.64 0.0 
30863.61 0.35 0.0 
30914.04 0.76 0.0 
30919.64 0.42 0.0 
31219.16 0.40 0.0 
31459.77 0.33 0.0 
31459.75 0.48 0.0 
31635.73 0.39 0.0 
32021.10 0.64 0.0 
32319.13 0.58 0.0 
32319.11 0.73 0.0 
32429.91 0.38 0.0 
32352.00 0.47 0.0 
32861.64 0.44 0.0 
33724.13 0.34 0.0 
33724.16 0.49 0.0 
34198.83 0.91 0.0 
34198.85 0.32 0.0 
34588.14 0.53 0.0 
34588.06 0.88 0.0 
35074.00 0.39 0.0 
35051.65 0.55 0.0 
35074.01 0.30 0.0 
35518.48 0.70 0.0 
36011.26 0.56 0.0 
36011.29 0.40 0.0 
37060.81 0.54 0.0 
38112.89 0.32 0.0 
38190.01 0.32 0.0 
40364.81 0.60 0.0 
40529.46 0.62 0.0 
40711.57 0.40 0.0 
41868.60 0.49 0.0 
42417.01 0.76 0.0 
42417.02 0.44 0.0 
42673.56 0.87 0.0 
42972.29 0.74 0.0 
43258.80 0.61 0.0 
43567.65 0.50 0.0 
44155.65 0.77 0.0 
44710.01 0.84 0.0 
45279.03 0.61 0.0 
45279.01 0.65 0.0 
45371.16 0.50 0.0 
45868.95 0.93 0.0 
46392.52 0.45 0.0 
47511.46 0.46 0.0 
49375.62 0.50 0.0 
50076.92 0.41 0.0 
50114.60 0.39 0.0 
51293.06 0.37 0.0 
52482.24 0.78 0.0 
55626.01 0.36 0.0 
55626.01 0.68 0.0 
57644.03 0.56 0.0 
58153.00 0.89 0.0 
60538.55 0.59 0.0 
60830.28 0.39 0.0 
60793.99 0.34 0.0 
61546.89 0.36 0.0 
61546.93 0.50 0.0 
61884.04 0.42 0.0 
62308.73 0.70 0.0 
62301.90 0.31 0.0 
62308.71 0.56 0.0 
62611.00 0.32 0.0 
62623.80 0.80 0.0 
62596.40 0.61 0.0 
62816.81 0.36 0.0 
62824.07 0.50 0.0 
62824.13 0.32 0.0 
62906.57 0.45 0.0 
62838.61 0.33 0.0 
64070.25 0.37 0.0 
64057.63 0.44 0.0 
64304.65 0.31 0.0 
64312.76 0.72 0.0 
64305.73 0.44 0.0 
64312.73 0.72 0.0 
64303.20 0.74 0.0 
64373.68 0.57 0.0 
65096.52 0.57 0.0 
65889.66 0.46 0.0 
66697.96 0.40 0.0 
66735.09 0.66 0.0 
66697.96 0.56 0.0 
67392.99 0.40 0.0 
67392.94 0.86 0.0 
68174.31 0.90 0.0 
69013.90 0.96 0.0 
69013.92 0.69 0.0 
69714.15 0.66 0.0 
69714.29 0.39 0.0 
70482.84 0.81 0.0 
71269.81 0.42 0.0 
71269.85 0.32 0.0 
72044.42 0.89 0.0 
72169.28 0.32 0.0 
72959.04 0.83 0.0 
72959.13 0.53 0.0 
73956.35 0.34 0.0 
76892.21 0.42 0.0 
77974.52 0.34 0.0 
79119.80 0.46 0.0 
79246.69 0.30 0.0 
79648.49 0.32 0.0 
79966.21 0.42 0.0 
79966.17 0.80 0.0 
81393.29 0.58 0.0 
82578.61 0.36 0.0 
84108.72 0.34 0.0 
85527.47 0.83 0.0 
85527.52 0.40 0.0 
85679.85 0.33 0.0 
