778.65 0.35 0.0 
2100.49 0.54 0.0 
4254.71 0.32 0.0 
5848.73 0.58 0.0 
5848.70 0.47 0.0 
6135.75 0.37 0.0 
6135.79 0.53 0.0 
8527.95 0.33 0.0 
8818.89 0.39 0.0 
8818.91 0.48 0.0 
9436.67 0.52 0.0 
9436.65 0.48 0.0 
11417.76 0.55 0.0 
16498.30 0.31 0.0 
19275.51 0.44 0.0 
22564.61 0.47 0.0 
22638.09 0.32 0.0 
24726.15 0.40 0.0 
25177.57 0.54 0.0 
25232.08 0.48 0.0 
25332.93 0.52 0.0 
25434.17 0.42 0.0 
26324.12 0.71 0.0 
26324.15 0.44 0.0 
33345.87 0.32 0.0 
33813.61 0.31 0.0 
33813.65 0.32 0.0 
34578.97 0.59 0.0 
37246.80 0.31 0.0 
37596.01 0.39 0.0 
38931.19 0.39 0.0 
39465.91 0.37 0.0 
46980.53 0.39 0.0 
48230.03 0.53 0.0 
49725.75 0.32 0.0 
49923.37 0.45 0.0 
50206.11 0.35 0.0 
50592.01 0.42 0.0 
54083.59 0.34 0.0 
54913.03 0.35 0.0 
54997.63 0.34 0.0 
55345.44 0.39 0.0 
56836.83 0.33 0.0 
57706.65 0.39 0.0 
57706.67 0.33 0.0 
57885.55 0.32 0.0 
58228.49 0.39 0.0 
58228.55 0.38 0.0 
58552.31 0.45 0.0 
59793.59 0.42 0.0 
62178.50 0.62 0.0 
65764.79 0.31 0.0 
66234.49 0.46 0.0 
66257.05 0.30 0.0 
69153.31 0.35 0.0 
69290.64 0.43 0.0 
70393.19 0.65 0.0 
71255.79 0.34 0.0 
75885.51 0.44 0.0 
75885.48 0.68 0.0 
76745.13 0.63 0.0 
76745.05 0.61 0.0 
81222.27 0.43 0.0 
81202.75 0.39 0.0 
83670.61 0.71 0.0 
83670.65 0.44 0.0 
84826.27 0.35 0.0 
85172.69 0.30 0.0 
85172.69 0.33 0.0 
86173.09 0.42 0.0 
