39.55 0.30 0.0 
404.27 0.39 0.0 
1557.19 0.37 0.0 
1523.03 0.32 0.0 
1856.15 0.33 0.0 
1814.05 0.38 0.0 
2548.90 0.32 0.0 
2549.48 0.51 0.0 
2995.83 0.52 0.0 
4664.15 0.35 0.0 
5262.28 0.32 0.0 
5519.49 0.34 0.0 
6194.05 0.33 0.0 
6434.03 0.44 0.0 
7782.66 0.55 0.0 
8231.21 0.80 0.0 
8909.17 0.32 0.0 
9312.84 0.42 0.0 
9447.43 0.50 0.0 
10214.08 0.43 0.0 
11885.33 0.34 0.0 
11973.69 0.38 0.0 
12140.35 0.52 0.0 
12133.09 0.31 0.0 
12133.99 0.47 0.0 
13616.99 0.32 0.0 
13843.83 0.34 0.0 
15371.95 0.38 0.0 
17639.31 0.54 0.0 
19724.29 0.42 0.0 
20049.97 0.31 0.0 
20049.96 0.79 0.0 
20591.61 0.56 0.0 
21339.85 0.68 0.0 
21373.72 0.62 0.0 
21512.56 0.49 0.0 
21914.21 0.50 0.0 
22095.97 0.35 0.0 
23277.77 0.39 0.0 
24354.81 0.39 0.0 
25199.45 0.68 0.0 
25641.00 0.32 0.0 
26159.56 0.58 0.0 
26922.21 0.56 0.0 
27074.00 0.55 0.0 
27177.28 0.36 0.0 
28169.58 0.86 0.0 
28973.43 0.31 0.0 
28973.39 0.39 0.0 
29427.80 0.84 0.0 
30478.83 0.43 0.0 
30899.31 0.59 0.0 
31394.15 0.57 0.0 
31379.19 0.38 0.0 
31938.85 0.45 0.0 
32502.79 0.38 0.0 
32740.69 0.42 0.0 
33132.68 0.46 0.0 
35954.31 0.47 0.0 
36749.13 0.50 0.0 
37162.15 0.35 0.0 
37439.45 0.42 0.0 
37631.36 0.50 0.0 
38504.19 0.31 0.0 
39524.48 0.44 0.0 
42740.79 0.48 0.0 
43120.77 0.32 0.0 
43258.97 0.43 0.0 
45308.87 0.33 0.0 
45308.91 0.50 0.0 
45700.88 0.34 0.0 
52529.21 0.67 0.0 
52707.75 0.31 0.0 
52901.92 0.36 0.0 
53174.00 0.39 0.0 
59474.56 0.38 0.0 
62324.59 0.45 0.0 
64322.35 0.33 0.0 
69433.51 0.54 0.0 
69553.73 0.45 0.0 
70467.24 0.33 0.0 
70932.93 0.49 0.0 
71639.59 0.31 0.0 
75372.72 0.54 0.0 
78734.49 0.41 0.0 
80459.37 0.48 0.0 
84359.15 0.33 0.0 
86219.29 0.36 0.0 
