330.99 0.38 0.0 
658.55 0.38 0.0 
1024.88 0.43 0.0 
1604.31 0.37 0.0 
2065.49 0.47 0.0 
2775.97 0.42 0.0 
3334.11 0.42 0.0 
3390.73 0.44 0.0 
3394.37 0.32 0.0 
4145.95 0.30 0.0 
4272.11 0.31 0.0 
4837.87 0.34 0.0 
5077.51 0.33 0.0 
5077.53 0.34 0.0 
5102.31 0.37 0.0 
5416.55 0.44 0.0 
5819.92 0.31 0.0 
6194.05 0.34 0.0 
6571.82 0.31 0.0 
7231.21 0.38 0.0 
7311.13 0.36 0.0 
7311.12 0.41 0.0 
8285.51 0.41 0.0 
8302.11 0.31 0.0 
8492.31 0.51 0.0 
8610.97 0.51 0.0 
9237.84 0.44 0.0 
9780.94 0.37 0.0 
9902.55 0.33 0.0 
9983.39 0.39 0.0 
10745.20 0.44 0.0 
10745.23 0.47 0.0 
10905.92 0.51 0.0 
10905.89 0.56 0.0 
11371.63 0.32 0.0 
11676.04 0.50 0.0 
12006.35 0.31 0.0 
12144.35 0.51 0.0 
12154.97 0.48 0.0 
12554.66 0.33 0.0 
12873.85 0.30 0.0 
13545.23 0.33 0.0 
13597.37 0.33 0.0 
15181.44 0.34 0.0 
15181.43 0.32 0.0 
15481.93 0.51 0.0 
16712.12 0.44 0.0 
16759.24 0.30 0.0 
16759.23 0.62 0.0 
19207.19 0.31 0.0 
19305.41 0.50 0.0 
19748.92 0.53 0.0 
20595.58 0.67 0.0 
21168.85 0.39 0.0 
21340.60 0.36 0.0 
21374.79 0.39 0.0 
22096.07 0.34 0.0 
22096.09 0.46 0.0 
22113.97 0.53 0.0 
22113.98 0.58 0.0 
22474.15 0.35 0.0 
22474.11 0.32 0.0 
22533.56 0.46 0.0 
24354.89 0.40 0.0 
26162.97 0.46 0.0 
26162.99 0.36 0.0 
26301.15 0.41 0.0 
28036.32 0.35 0.0 
28254.51 0.44 0.0 
29306.73 0.39 0.0 
29428.91 0.30 0.0 
30104.02 0.31 0.0 
30478.93 0.50 0.0 
31763.59 0.33 0.0 
31980.83 0.32 0.0 
32388.75 0.47 0.0 
32388.74 0.56 0.0 
32618.84 0.32 0.0 
33015.57 0.39 0.0 
34095.84 0.54 0.0 
34641.91 0.38 0.0 
34761.59 0.41 0.0 
35458.51 0.33 0.0 
36650.79 0.39 0.0 
36858.15 0.51 0.0 
36952.87 0.33 0.0 
37206.09 0.30 0.0 
38257.87 0.33 0.0 
38271.95 0.30 0.0 
38641.45 0.62 0.0 
38641.43 0.43 0.0 
39243.95 0.35 0.0 
40116.09 0.44 0.0 
40681.17 0.35 0.0 
40728.74 0.38 0.0 
41236.23 0.31 0.0 
41329.71 0.34 0.0 
41236.20 0.47 0.0 
42197.30 0.56 0.0 
42740.81 0.52 0.0 
44165.85 0.44 0.0 
44165.86 0.54 0.0 
45376.13 0.47 0.0 
45358.79 0.37 0.0 
46138.69 0.39 0.0 
48155.99 0.43 0.0 
51032.89 0.35 0.0 
54166.71 0.41 0.0 
54471.23 0.36 0.0 
55876.55 0.39 0.0 
61085.63 0.39 0.0 
64324.40 0.42 0.0 
64324.47 0.33 0.0 
70469.91 0.53 0.0 
70698.79 0.36 0.0 
70698.80 0.48 0.0 
71964.16 0.37 0.0 
72888.59 0.58 0.0 
73349.91 0.56 0.0 
76366.23 0.33 0.0 
76292.01 0.32 0.0 
78861.03 0.39 0.0 
79495.43 0.30 0.0 
83482.47 0.31 0.0 
84671.31 0.33 0.0 
