182.71 0.37 0.0 
283.64 0.62 0.0 
416.41 0.40 0.0 
407.66 0.64 0.0 
416.37 0.43 0.0 
518.71 0.34 0.0 
715.43 0.55 0.0 
715.41 0.69 0.0 
720.85 0.37 0.0 
5174.31 0.51 0.0 
5656.41 0.40 0.0 
5793.99 0.46 0.0 
6183.16 0.34 0.0 
6839.71 0.36 0.0 
16131.92 0.32 0.0 
16702.07 0.37 0.0 
17839.32 0.72 0.0 
17839.33 0.81 0.0 
18326.99 0.63 0.0 
19475.22 0.44 0.0 
19380.57 0.37 0.0 
19434.51 0.41 0.0 
19875.11 0.39 0.0 
19906.39 0.73 0.0 
20769.33 0.33 0.0 
20769.31 0.35 0.0 
20994.03 0.38 0.0 
21035.03 0.56 0.0 
21632.51 0.43 0.0 
21729.21 0.59 0.0 
22292.11 0.50 0.0 
22530.89 0.52 0.0 
22530.95 0.33 0.0 
22936.31 0.37 0.0 
23091.04 0.49 0.0 
23131.35 0.69 0.0 
23131.31 0.42 0.0 
23324.84 0.33 0.0 
23370.63 0.60 0.0 
23510.52 0.53 0.0 
23510.50 0.63 0.0 
23747.28 0.67 0.0 
24499.31 0.39 0.0 
24798.47 0.31 0.0 
25488.81 0.31 0.0 
25488.75 0.46 0.0 
25650.47 0.78 0.0 
26433.59 0.35 0.0 
26687.79 0.50 0.0 
26855.96 0.71 0.0 
27824.45 0.46 0.0 
29404.40 0.45 0.0 
29612.80 0.58 0.0 
30099.20 0.37 0.0 
30109.05 0.37 0.0 
30109.07 0.77 0.0 
30397.01 0.43 0.0 
30436.16 0.36 0.0 
32748.33 0.50 0.0 
32888.59 0.43 0.0 
33094.68 0.90 0.0 
33094.68 0.75 0.0 
33215.67 0.59 0.0 
33215.71 0.35 0.0 
33473.95 0.51 0.0 
33733.89 0.32 0.0 
34029.07 0.31 0.0 
34293.25 0.39 0.0 
35056.76 0.39 0.0 
35186.67 0.67 0.0 
35196.11 0.46 0.0 
35168.35 0.47 0.0 
35168.36 0.68 0.0 
35186.71 0.42 0.0 
35196.10 0.60 0.0 
35809.27 0.56 0.0 
36119.51 0.31 0.0 
36513.31 0.54 0.0 
36612.48 0.32 0.0 
36852.95 0.54 0.0 
37587.41 0.33 0.0 
37501.45 0.30 0.0 
37959.09 0.39 0.0 
37918.00 0.33 0.0 
37925.58 0.73 0.0 
37925.60 0.75 0.0 
37963.36 0.47 0.0 
38062.97 0.57 0.0 
38005.91 0.56 0.0 
38062.95 0.43 0.0 
38175.65 0.62 0.0 
38201.41 0.49 0.0 
38103.21 0.43 0.0 
38160.54 0.69 0.0 
38160.57 0.74 0.0 
38175.65 0.63 0.0 
38218.43 0.39 0.0 
38223.55 0.78 0.0 
38218.45 0.53 0.0 
38223.56 0.30 0.0 
38391.15 0.55 0.0 
38929.03 0.54 0.0 
38929.04 0.75 0.0 
40005.98 0.72 0.0 
40432.80 0.56 0.0 
41152.13 0.47 0.0 
41160.08 0.58 0.0 
41308.35 0.37 0.0 
41636.31 0.55 0.0 
42344.09 0.55 0.0 
42363.67 0.34 0.0 
42483.63 0.41 0.0 
42483.59 0.56 0.0 
43199.71 0.43 0.0 
44386.55 0.42 0.0 
44386.57 0.64 0.0 
45058.31 0.32 0.0 
45152.63 0.36 0.0 
45377.15 0.34 0.0 
45298.11 0.64 0.0 
45366.64 0.32 0.0 
45778.79 0.38 0.0 
46587.96 0.31 0.0 
46653.45 0.34 0.0 
46653.45 0.38 0.0 
46955.23 0.33 0.0 
47329.47 0.30 0.0 
47821.89 0.49 0.0 
47894.23 0.36 0.0 
47931.75 0.84 0.0 
47931.75 0.93 0.0 
48573.59 0.40 0.0 
48807.29 0.32 0.0 
49278.35 0.53 0.0 
49697.63 0.34 0.0 
49697.69 0.37 0.0 
49856.27 0.31 0.0 
51132.89 0.48 0.0 
51468.17 0.46 0.0 
51993.76 0.48 0.0 
52051.63 0.58 0.0 
52477.33 0.51 0.0 
53326.63 0.44 0.0 
53495.03 0.61 0.0 
53801.31 0.49 0.0 
53714.22 0.42 0.0 
53801.30 0.74 0.0 
54395.99 0.32 0.0 
54887.47 0.58 0.0 
55114.09 0.47 0.0 
55537.60 0.76 0.0 
55537.60 0.80 0.0 
56196.04 0.45 0.0 
56196.03 0.31 0.0 
56399.43 0.33 0.0 
56801.95 0.51 0.0 
56801.92 0.50 0.0 
56837.09 0.51 0.0 
56837.08 0.50 0.0 
57570.61 0.33 0.0 
57643.29 0.32 0.0 
57794.91 0.49 0.0 
58384.32 0.30 0.0 
58384.33 0.47 0.0 
58697.67 0.32 0.0 
59391.09 0.33 0.0 
59987.27 0.73 0.0 
60037.37 0.31 0.0 
60153.51 0.39 0.0 
60153.48 0.57 0.0 
60765.61 0.66 0.0 
61580.51 0.53 0.0 
61580.55 0.47 0.0 
61821.41 0.31 0.0 
61938.15 0.56 0.0 
62297.53 0.76 0.0 
62306.59 0.33 0.0 
62541.63 0.55 0.0 
62923.04 0.57 0.0 
62985.58 0.41 0.0 
64083.95 0.65 0.0 
64083.91 0.39 0.0 
65145.81 0.49 0.0 
65278.71 0.64 0.0 
65322.00 0.60 0.0 
65321.99 0.44 0.0 
65447.95 0.39 0.0 
65509.29 0.70 0.0 
65795.71 0.31 0.0 
66892.75 0.45 0.0 
67918.00 0.69 0.0 
67965.49 0.37 0.0 
68227.79 0.42 0.0 
68879.32 0.62 0.0 
68946.28 0.87 0.0 
68946.27 0.46 0.0 
68955.71 0.52 0.0 
69217.08 0.75 0.0 
69217.08 0.70 0.0 
69313.28 0.54 0.0 
69313.28 0.41 0.0 
69395.42 0.30 0.0 
69862.53 0.67 0.0 
69862.53 0.68 0.0 
69953.27 0.36 0.0 
70290.51 0.43 0.0 
70274.80 0.82 0.0 
70320.40 0.77 0.0 
70290.43 0.32 0.0 
70780.79 0.36 0.0 
70859.91 0.31 0.0 
70991.25 0.55 0.0 
70991.25 0.33 0.0 
71131.91 0.32 0.0 
71246.11 0.73 0.0 
71795.97 0.31 0.0 
72395.71 0.42 0.0 
72527.15 0.53 0.0 
72599.83 0.30 0.0 
73137.31 0.47 0.0 
73166.97 0.30 0.0 
73314.31 0.47 0.0 
73587.69 0.50 0.0 
73694.50 0.56 0.0 
73767.24 0.61 0.0 
73767.25 0.52 0.0 
74063.91 0.61 0.0 
74196.03 0.49 0.0 
74247.12 0.35 0.0 
74672.88 0.34 0.0 
74909.27 0.38 0.0 
75082.49 0.33 0.0 
75262.47 0.35 0.0 
75396.03 0.40 0.0 
75396.09 0.44 0.0 
75411.91 0.44 0.0 
75457.17 0.55 0.0 
75457.15 0.34 0.0 
75758.51 0.35 0.0 
75996.09 0.34 0.0 
76167.52 0.43 0.0 
76157.27 0.32 0.0 
76379.94 0.79 0.0 
76628.11 0.50 0.0 
77761.27 0.51 0.0 
78469.74 0.46 0.0 
78677.49 0.36 0.0 
78995.97 0.32 0.0 
79336.57 0.37 0.0 
79304.79 0.43 0.0 
79596.07 0.37 0.0 
81216.55 0.44 0.0 
81331.04 0.78 0.0 
81395.80 0.35 0.0 
81590.59 0.49 0.0 
82750.73 0.34 0.0 
83740.11 0.33 0.0 
83740.12 0.30 0.0 
84395.23 0.33 0.0 
84395.23 0.32 0.0 
84693.39 0.51 0.0 
84980.23 0.50 0.0 
85019.83 0.47 0.0 
85102.77 0.49 0.0 
85403.67 0.33 0.0 
85596.03 0.34 0.0 
85838.59 0.34 0.0 
86201.99 0.30 0.0 
