81.97 0.30 0.0 
1837.92 0.51 0.0 
1837.92 0.66 0.0 
4633.29 0.30 0.0 
8637.47 0.56 0.0 
9069.04 0.63 0.0 
9549.71 0.45 0.0 
10319.69 0.68 0.0 
10569.85 0.40 0.0 
14741.52 0.71 0.0 
15314.51 0.43 0.0 
15303.17 0.38 0.0 
15387.84 0.39 0.0 
15704.59 0.80 0.0 
21179.16 0.38 0.0 
21221.09 0.40 0.0 
21223.84 0.44 0.0 
22453.55 0.31 0.0 
23488.16 0.44 0.0 
24133.57 0.32 0.0 
25729.37 0.42 0.0 
25679.08 0.78 0.0 
25860.56 0.72 0.0 
25945.69 0.54 0.0 
26206.64 0.39 0.0 
26467.85 0.65 0.0 
26459.44 0.31 0.0 
26520.09 0.40 0.0 
26591.04 0.34 0.0 
26564.51 0.69 0.0 
26788.48 0.33 0.0 
27163.69 0.32 0.0 
27554.24 0.90 0.0 
27524.93 0.42 0.0 
27557.08 0.35 0.0 
27704.40 0.71 0.0 
27830.32 0.39 0.0 
28078.12 0.86 0.0 
28318.32 0.42 0.0 
28746.41 0.72 0.0 
28752.01 0.67 0.0 
28801.10 0.54 0.0 
29023.76 0.47 0.0 
29173.85 0.34 0.0 
29174.49 0.54 0.0 
29413.41 0.36 0.0 
29413.45 0.39 0.0 
30117.93 0.32 0.0 
30135.84 0.39 0.0 
30288.36 0.40 0.0 
30292.19 0.48 0.0 
30313.55 0.59 0.0 
30479.60 0.36 0.0 
30868.00 0.34 0.0 
30869.28 0.49 0.0 
31011.60 0.74 0.0 
30920.19 0.37 0.0 
31013.03 0.31 0.0 
32519.08 0.46 0.0 
32502.01 0.42 0.0 
32757.81 0.77 0.0 
32815.59 0.50 0.0 
33142.55 0.42 0.0 
33567.59 0.89 0.0 
33688.83 0.85 0.0 
34258.60 0.40 0.0 
34318.97 0.66 0.0 
34529.77 0.73 0.0 
34652.11 0.59 0.0 
35323.21 0.44 0.0 
35564.59 0.55 0.0 
35953.13 0.30 0.0 
36074.44 0.46 0.0 
36224.60 0.49 0.0 
36571.12 0.32 0.0 
37270.71 0.33 0.0 
40715.53 0.73 0.0 
40739.40 0.35 0.0 
40827.93 0.42 0.0 
41039.40 0.53 0.0 
41321.69 0.54 0.0 
41563.40 0.94 0.0 
41563.41 0.44 0.0 
41533.96 0.41 0.0 
41744.56 0.65 0.0 
41936.11 0.91 0.0 
44168.13 0.65 0.0 
44307.52 0.31 0.0 
44819.09 0.70 0.0 
44894.40 0.79 0.0 
44969.32 0.94 0.0 
45013.21 0.57 0.0 
45115.59 0.64 0.0 
45115.60 0.57 0.0 
48568.99 0.55 0.0 
48642.20 0.30 0.0 
48815.36 0.50 0.0 
48815.40 0.46 0.0 
49541.79 0.58 0.0 
49596.27 0.70 0.0 
49596.24 0.69 0.0 
49753.72 0.97 0.0 
49661.65 0.84 0.0 
49853.25 0.41 0.0 
50934.32 0.50 0.0 
52815.68 0.53 0.0 
52834.84 0.33 0.0 
52968.25 0.58 0.0 
53115.98 0.54 0.0 
53348.55 0.59 0.0 
53272.72 0.59 0.0 
53297.03 0.49 0.0 
53272.68 0.32 0.0 
53342.08 0.52 0.0 
53361.36 0.33 0.0 
53431.71 0.39 0.0 
53431.76 0.64 0.0 
53457.61 0.39 0.0 
53463.04 0.40 0.0 
53516.37 0.60 0.0 
53755.01 0.59 0.0 
54175.41 0.36 0.0 
54248.25 0.88 0.0 
54352.12 0.77 0.0 
54472.24 0.33 0.0 
54459.47 0.83 0.0 
54934.80 0.42 0.0 
55286.08 0.51 0.0 
55706.13 0.63 0.0 
55971.31 0.37 0.0 
56114.03 0.91 0.0 
56041.78 0.47 0.0 
57989.16 0.32 0.0 
57938.83 0.57 0.0 
58015.43 0.52 0.0 
58127.88 0.35 0.0 
58139.35 0.38 0.0 
58271.49 0.41 0.0 
59158.45 0.59 0.0 
59847.79 0.41 0.0 
59892.88 0.55 0.0 
59892.89 0.58 0.0 
60402.44 0.47 0.0 
60779.09 0.64 0.0 
60996.79 0.33 0.0 
61749.63 0.90 0.0 
61947.36 0.41 0.0 
62158.34 0.88 0.0 
62339.36 0.89 0.0 
62570.17 0.38 0.0 
62593.45 0.50 0.0 
62570.15 0.33 0.0 
63116.69 0.48 0.0 
63209.15 0.85 0.0 
63224.37 0.51 0.0 
63299.29 0.84 0.0 
63461.47 0.41 0.0 
63494.22 0.46 0.0 
65350.97 0.67 0.0 
65292.25 0.58 0.0 
65562.97 0.58 0.0 
66259.23 0.46 0.0 
66330.44 0.41 0.0 
66585.09 0.54 0.0 
66583.69 0.38 0.0 
66744.71 0.31 0.0 
67199.40 0.37 0.0 
67679.13 0.46 0.0 
68023.83 0.97 0.0 
68230.53 0.30 0.0 
68273.75 0.50 0.0 
68293.23 0.42 0.0 
68486.85 0.45 0.0 
68757.78 0.30 0.0 
68904.55 0.59 0.0 
69433.29 0.35 0.0 
69585.13 0.34 0.0 
69745.64 0.90 0.0 
69745.65 0.48 0.0 
69760.81 0.63 0.0 
69851.25 0.39 0.0 
69851.28 0.75 0.0 
70114.73 0.49 0.0 
70112.88 0.39 0.0 
70568.77 0.34 0.0 
70679.65 0.57 0.0 
71458.44 0.84 0.0 
72029.32 0.39 0.0 
72215.92 0.35 0.0 
72584.53 0.76 0.0 
72614.48 0.36 0.0 
73348.94 0.43 0.0 
73348.89 0.50 0.0 
73350.68 0.39 0.0 
73498.03 0.60 0.0 
73829.05 0.32 0.0 
73855.88 0.37 0.0 
73855.92 0.91 0.0 
73893.92 0.32 0.0 
74039.48 0.30 0.0 
74444.57 0.86 0.0 
74536.76 0.37 0.0 
74936.04 0.69 0.0 
74936.06 0.83 0.0 
75071.31 0.30 0.0 
75073.79 0.40 0.0 
75644.10 0.92 0.0 
75868.46 0.97 0.0 
78298.77 0.81 0.0 
85453.69 0.67 0.0 
