678.13 0.70 0.0 
1429.57 0.33 0.0 
1429.56 0.84 0.0 
1862.44 0.61 0.0 
1862.46 0.85 0.0 
2211.11 0.50 0.0 
2211.09 0.77 0.0 
3156.60 0.48 0.0 
4994.35 0.34 0.0 
5682.75 0.34 0.0 
5766.27 0.35 0.0 
6375.92 0.77 0.0 
6700.39 0.66 0.0 
8559.09 0.48 0.0 
8880.92 0.53 0.0 
8893.54 0.77 0.0 
8881.02 0.65 0.0 
8893.57 0.74 0.0 
9524.49 0.68 0.0 
10088.62 0.73 0.0 
10747.75 0.66 0.0 
11010.46 0.57 0.0 
11010.41 0.49 0.0 
12891.33 0.57 0.0 
14529.53 0.38 0.0 
14529.53 0.43 0.0 
14565.19 0.31 0.0 
14535.56 0.48 0.0 
14905.23 0.38 0.0 
15120.97 0.60 0.0 
15109.99 0.51 0.0 
15109.99 0.41 0.0 
15120.91 0.38 0.0 
15757.56 0.69 0.0 
16681.82 0.74 0.0 
16695.30 0.75 0.0 
16681.80 0.63 0.0 
16695.44 0.81 0.0 
17074.87 0.49 0.0 
17951.17 0.75 0.0 
17951.18 0.81 0.0 
18548.92 0.84 0.0 
19110.49 0.45 0.0 
21136.05 0.69 0.0 
21244.35 0.31 0.0 
21327.69 0.56 0.0 
21327.77 0.50 0.0 
22199.91 0.39 0.0 
24112.11 0.40 0.0 
28674.51 0.37 0.0 
31276.35 0.39 0.0 
32883.37 0.63 0.0 
32883.37 0.45 0.0 
33887.06 0.56 0.0 
33887.11 0.50 0.0 
34426.27 0.38 0.0 
34853.67 0.43 0.0 
34853.64 0.72 0.0 
35984.39 0.44 0.0 
36392.89 0.71 0.0 
36638.33 0.47 0.0 
37082.49 0.61 0.0 
37321.32 0.75 0.0 
37742.07 0.34 0.0 
37868.41 0.57 0.0 
38700.57 0.50 0.0 
39246.31 0.40 0.0 
39826.61 0.31 0.0 
40864.61 0.42 0.0 
40864.65 0.34 0.0 
45398.95 0.63 0.0 
46289.09 0.32 0.0 
48459.20 0.38 0.0 
48946.35 0.31 0.0 
53463.55 0.52 0.0 
54766.43 0.61 0.0 
55337.72 0.50 0.0 
55441.55 0.31 0.0 
60422.65 0.45 0.0 
75946.05 0.32 0.0 
76024.89 0.36 0.0 
78785.05 0.66 0.0 
83325.55 0.69 0.0 
83325.55 0.75 0.0 
83957.91 0.48 0.0 
83957.90 0.81 0.0 
86065.57 0.68 0.0 
86315.64 0.76 0.0 
