1183.69 0.33 0.0 
1971.35 0.57 0.0 
1971.35 0.46 0.0 
2609.08 0.52 0.0 
3205.35 0.55 0.0 
3671.72 0.56 0.0 
5678.48 0.30 0.0 
8157.53 0.41 0.0 
8865.96 0.88 0.0 
8865.95 0.97 0.0 
9404.53 0.30 0.0 
9626.65 0.60 0.0 
9837.20 0.45 0.0 
10466.55 0.53 0.0 
10703.37 0.38 0.0 
11013.45 0.37 0.0 
11013.47 0.49 0.0 
12540.59 0.47 0.0 
12540.61 0.35 0.0 
14872.09 0.41 0.0 
14894.48 0.32 0.0 
15396.53 0.57 0.0 
15832.45 0.48 0.0 
16666.79 0.95 0.0 
16666.81 0.93 0.0 
17653.04 0.38 0.0 
17888.13 0.38 0.0 
17888.19 0.36 0.0 
20456.92 0.33 0.0 
20456.91 0.45 0.0 
21299.31 0.86 0.0 
21299.32 0.79 0.0 
22664.21 0.45 0.0 
22750.13 0.44 0.0 
23663.43 0.52 0.0 
24115.33 0.45 0.0 
28670.29 0.45 0.0 
29363.81 0.75 0.0 
29309.51 0.51 0.0 
29363.83 0.83 0.0 
30551.89 0.60 0.0 
31315.37 0.34 0.0 
34400.67 0.37 0.0 
34978.33 0.51 0.0 
37964.00 0.57 0.0 
38572.41 0.32 0.0 
38996.01 0.32 0.0 
39461.93 0.37 0.0 
41607.91 0.36 0.0 
41994.87 0.36 0.0 
42245.17 0.43 0.0 
43006.13 0.43 0.0 
44429.37 0.41 0.0 
50260.49 0.71 0.0 
50465.41 0.73 0.0 
52909.37 0.48 0.0 
53008.04 0.50 0.0 
54097.40 0.32 0.0 
56170.76 0.35 0.0 
57338.85 0.35 0.0 
57989.44 0.58 0.0 
58882.20 0.30 0.0 
59034.05 0.70 0.0 
59034.05 0.49 0.0 
59309.57 0.38 0.0 
60351.81 0.54 0.0 
60609.57 0.46 0.0 
61112.01 0.54 0.0 
62823.94 0.31 0.0 
63598.99 0.34 0.0 
64388.43 0.32 0.0 
64388.49 0.51 0.0 
66114.73 0.44 0.0 
66929.11 0.33 0.0 
67514.37 0.60 0.0 
67880.05 0.63 0.0 
68232.52 0.37 0.0 
71635.35 0.33 0.0 
72491.89 0.62 0.0 
73212.05 0.52 0.0 
75299.64 0.35 0.0 
76439.48 0.32 0.0 
77007.49 0.45 0.0 
77863.73 0.43 0.0 
78360.91 0.57 0.0 
78694.40 0.42 0.0 
79023.13 0.41 0.0 
79314.07 0.40 0.0 
80487.77 0.63 0.0 
80561.33 0.37 0.0 
82541.08 0.55 0.0 
83541.85 0.41 0.0 
83541.81 0.54 0.0 
85706.56 0.45 0.0 
