718.01 0.32 0.0 
4813.92 0.39 0.0 
9979.48 0.81 0.0 
11016.81 0.44 0.0 
11016.76 0.58 0.0 
12757.13 0.40 0.0 
12757.47 0.43 0.0 
12908.01 0.38 0.0 
25440.84 0.51 0.0 
26057.15 0.48 0.0 
28661.90 0.96 0.0 
28673.47 0.33 0.0 
28661.90 0.95 0.0 
33058.52 0.64 0.0 
34063.41 0.34 0.0 
34278.72 0.37 0.0 
34278.72 0.45 0.0 
36054.20 0.30 0.0 
43693.25 0.31 0.0 
44820.80 0.93 0.0 
44820.80 0.87 0.0 
52317.49 0.36 0.0 
55739.04 0.42 0.0 
57455.56 0.80 0.0 
57455.57 0.85 0.0 
57514.22 0.89 0.0 
57514.22 0.89 0.0 
60214.96 0.66 0.0 
63190.51 0.80 0.0 
63166.75 0.86 0.0 
63166.73 0.70 0.0 
63190.51 0.90 0.0 
84029.44 0.32 0.0 
84060.71 0.58 0.0 
84252.68 0.39 0.0 
84329.35 0.71 0.0 
