452.75 0.49 0.0 
3349.89 0.36 0.0 
4052.23 0.31 0.0 
9984.54 0.58 0.0 
9984.48 0.45 0.0 
11017.39 0.38 0.0 
11032.21 0.49 0.0 
12226.61 0.39 0.0 
12759.34 0.82 0.0 
12759.34 0.77 0.0 
25447.55 0.60 0.0 
25461.79 0.32 0.0 
25447.55 0.50 0.0 
25533.50 0.69 0.0 
26850.89 0.62 0.0 
27278.48 0.68 0.0 
27278.48 0.60 0.0 
28663.85 0.75 0.0 
28676.41 0.54 0.0 
28676.39 0.31 0.0 
34282.23 0.39 0.0 
34684.57 0.55 0.0 
36058.85 0.45 0.0 
44821.64 0.85 0.0 
44821.64 0.84 0.0 
57462.41 0.48 0.0 
57462.37 0.53 0.0 
57520.93 0.56 0.0 
57520.97 0.58 0.0 
59045.83 0.42 0.0 
60221.97 0.52 0.0 
66752.19 0.33 0.0 
