1288.32 0.58 0.0 
5672.77 0.37 0.0 
8092.13 0.34 0.0 
8080.32 0.49 0.0 
8883.00 0.39 0.0 
9158.32 0.45 0.0 
11012.12 0.67 0.0 
11708.36 0.71 0.0 
11708.36 0.74 0.0 
12312.00 0.49 0.0 
16964.05 0.45 0.0 
17941.32 0.35 0.0 
23003.96 0.36 0.0 
26772.44 0.98 0.0 
26772.43 0.98 0.0 
27252.63 0.49 0.0 
28029.69 0.43 0.0 
28658.96 0.72 0.0 
28658.96 0.78 0.0 
32474.48 0.45 0.0 
34617.61 0.48 0.0 
38748.37 0.37 0.0 
38748.32 0.80 0.0 
41426.40 0.37 0.0 
41413.19 0.34 0.0 
41982.29 0.52 0.0 
42887.11 0.99 0.0 
42887.10 0.99 0.0 
43017.37 0.41 0.0 
43050.24 0.39 0.0 
46232.15 0.99 0.0 
46232.15 0.99 0.0 
46488.64 0.97 0.0 
46488.63 0.97 0.0 
46858.63 0.32 0.0 
47066.56 0.53 0.0 
47396.65 0.97 0.0 
47396.65 0.97 0.0 
48206.92 0.36 0.0 
48439.27 0.31 0.0 
48745.65 0.44 0.0 
50863.97 0.37 0.0 
53699.44 0.37 0.0 
62294.28 0.46 0.0 
64392.68 0.83 0.0 
67763.28 0.34 0.0 
68411.40 0.44 0.0 
68816.36 0.62 0.0 
68878.53 0.32 0.0 
69367.84 0.96 0.0 
69367.84 0.95 0.0 
70429.76 0.60 0.0 
70429.80 0.56 0.0 
71697.60 0.73 0.0 
71622.13 0.46 0.0 
71756.13 0.92 0.0 
71756.12 0.92 0.0 
71956.04 0.63 0.0 
72362.43 0.42 0.0 
72658.44 0.37 0.0 
73092.93 0.33 0.0 
75041.20 0.53 0.0 
75103.79 0.79 0.0 
75963.28 0.30 0.0 
78507.49 0.30 0.0 
78490.75 0.81 0.0 
78622.13 0.33 0.0 
78622.09 0.32 0.0 
79776.40 0.30 0.0 
80107.04 0.33 0.0 
80188.22 0.87 0.0 
80188.20 0.51 0.0 
80678.36 0.74 0.0 
80728.73 0.31 0.0 
81183.39 0.56 0.0 
81183.34 0.61 0.0 
83803.25 0.41 0.0 
84645.16 0.42 0.0 
85138.43 0.35 0.0 
85396.37 0.31 0.0 
85573.65 0.77 0.0 
