965.53 0.64 0.0 
5100.81 0.38 0.0 
7218.03 0.39 0.0 
7218.07 0.35 0.0 
8884.81 0.69 0.0 
8900.36 0.41 0.0 
8900.25 0.35 0.0 
8884.75 0.46 0.0 
11017.79 0.59 0.0 
11017.79 0.83 0.0 
11033.53 0.46 0.0 
11033.50 0.56 0.0 
13886.57 0.32 0.0 
13886.57 0.68 0.0 
13900.87 0.32 0.0 
14552.47 0.50 0.0 
14546.63 0.40 0.0 
14546.59 0.50 0.0 
14534.87 0.31 0.0 
16680.96 0.84 0.0 
16695.07 0.31 0.0 
16696.05 0.45 0.0 
16680.98 0.76 0.0 
23052.75 0.40 0.0 
25466.79 0.36 0.0 
25466.85 0.65 0.0 
25546.54 0.41 0.0 
28674.90 0.39 0.0 
31392.15 0.33 0.0 
33166.93 0.45 0.0 
34398.66 0.90 0.0 
34398.68 0.88 0.0 
34412.05 0.54 0.0 
34430.88 0.30 0.0 
34430.89 0.58 0.0 
34838.16 0.34 0.0 
34838.15 0.33 0.0 
36605.85 0.49 0.0 
36622.12 0.35 0.0 
36622.10 0.54 0.0 
37369.69 0.42 0.0 
37369.65 0.59 0.0 
38461.19 0.37 0.0 
43351.91 0.38 0.0 
48242.10 0.68 0.0 
48242.10 0.63 0.0 
52651.13 0.32 0.0 
54664.11 0.32 0.0 
55380.51 0.32 0.0 
61846.47 0.32 0.0 
62522.35 0.30 0.0 
75347.66 0.34 0.0 
78376.87 0.34 0.0 
83988.91 0.33 0.0 
