737.28 0.90 0.0 
1032.52 0.37 0.0 
1557.96 0.33 0.0 
2083.68 0.72 0.0 
2294.40 0.69 0.0 
2606.93 0.39 0.0 
2821.44 0.46 0.0 
3269.57 0.61 0.0 
3539.45 0.30 0.0 
3929.28 0.54 0.0 
4062.61 0.58 0.0 
4124.41 0.88 0.0 
4300.36 0.62 0.0 
4422.91 0.31 0.0 
4499.48 0.57 0.0 
4864.20 0.63 0.0 
5114.25 0.31 0.0 
5998.85 0.59 0.0 
6022.36 0.41 0.0 
6299.36 0.54 0.0 
6464.49 0.41 0.0 
6691.12 0.80 0.0 
6691.12 0.64 0.0 
6842.69 0.35 0.0 
7048.82 0.58 0.0 
8718.41 0.41 0.0 
10859.57 0.36 0.0 
11251.23 0.82 0.0 
11251.24 0.40 0.0 
11344.93 0.40 0.0 
11344.93 0.48 0.0 
11939.60 0.56 0.0 
12671.36 0.88 0.0 
12764.00 0.56 0.0 
13878.92 0.34 0.0 
13898.92 0.34 0.0 
13898.89 0.77 0.0 
14054.08 0.83 0.0 
14685.50 0.98 0.0 
14685.49 0.97 0.0 
14818.13 0.31 0.0 
15284.01 0.33 0.0 
16694.50 0.80 0.0 
16794.96 0.46 0.0 
20561.20 0.96 0.0 
20561.20 0.95 0.0 
20758.25 0.53 0.0 
20818.16 0.55 0.0 
21074.28 0.32 0.0 
22513.92 0.54 0.0 
25552.79 0.98 0.0 
25552.78 0.98 0.0 
25690.21 0.43 0.0 
25752.25 0.51 0.0 
27237.63 0.62 0.0 
27980.30 0.95 0.0 
27980.31 0.94 0.0 
29399.47 0.60 0.0 
31137.08 0.53 0.0 
31865.32 0.47 0.0 
32399.48 0.50 0.0 
33315.82 0.98 0.0 
33315.83 0.98 0.0 
33688.44 0.81 0.0 
33730.52 0.80 0.0 
34407.71 0.92 0.0 
34407.67 0.86 0.0 
34547.83 0.34 0.0 
34549.25 0.64 0.0 
38952.81 0.44 0.0 
39181.12 0.74 0.0 
39311.29 0.77 0.0 
39387.72 0.53 0.0 
39554.09 0.50 0.0 
40068.16 0.88 0.0 
40112.28 0.77 0.0 
40112.27 0.69 0.0 
40290.24 0.92 0.0 
40305.50 0.54 0.0 
40305.49 0.93 0.0 
40425.12 0.43 0.0 
40425.12 0.85 0.0 
41486.60 0.50 0.0 
41714.04 0.59 0.0 
41773.69 0.49 0.0 
42733.45 0.68 0.0 
42824.03 0.32 0.0 
42918.01 0.41 0.0 
43049.12 0.60 0.0 
42988.79 0.98 0.0 
42988.79 0.98 0.0 
43259.00 0.66 0.0 
43291.75 0.35 0.0 
43244.49 0.31 0.0 
43557.68 0.79 0.0 
43649.56 0.79 0.0 
43999.00 0.35 0.0 
44053.45 0.39 0.0 
44172.25 0.45 0.0 
44207.13 0.60 0.0 
44293.25 0.35 0.0 
45204.49 0.32 0.0 
45864.62 0.66 0.0 
45864.59 0.41 0.0 
52360.44 0.73 0.0 
52514.26 0.54 0.0 
52566.24 0.89 0.0 
52566.24 0.94 0.0 
52961.72 0.35 0.0 
53359.68 0.79 0.0 
55948.16 0.41 0.0 
56051.97 0.46 0.0 
56085.31 0.42 0.0 
56369.59 0.47 0.0 
57703.20 0.38 0.0 
57995.59 0.77 0.0 
57995.55 0.72 0.0 
58004.16 0.97 0.0 
58812.37 0.40 0.0 
61947.27 0.59 0.0 
62352.24 0.81 0.0 
62984.69 0.98 0.0 
62984.65 0.58 0.0 
63718.13 0.45 0.0 
63927.09 0.36 0.0 
65818.91 0.97 0.0 
65818.92 0.89 0.0 
68473.29 0.63 0.0 
70993.71 0.41 0.0 
72295.88 0.32 0.0 
74294.11 0.70 0.0 
74833.36 0.35 0.0 
77052.76 0.62 0.0 
77270.16 0.93 0.0 
77270.17 0.88 0.0 
77564.37 0.74 0.0 
79811.84 0.80 0.0 
80023.35 0.47 0.0 
80429.37 0.45 0.0 
82109.48 0.76 0.0 
83173.95 0.36 0.0 
83460.96 0.85 0.0 
83518.04 0.94 0.0 
83548.76 0.37 0.0 
83624.51 0.73 0.0 
84402.52 0.61 0.0 
84693.73 0.55 0.0 
84895.32 0.50 0.0 
85138.29 0.40 0.0 
85599.12 0.44 0.0 
85606.49 0.93 0.0 
85599.08 0.64 0.0 
