738.92 0.44 0.0 
4301.52 0.33 0.0 
5626.59 0.37 0.0 
6026.96 0.55 0.0 
6026.99 0.52 0.0 
6691.99 0.92 0.0 
6692.00 0.45 0.0 
8719.03 0.34 0.0 
12242.43 0.41 0.0 
12315.67 0.31 0.0 
13899.91 0.46 0.0 
13899.92 0.90 0.0 
14687.17 0.80 0.0 
14687.14 0.79 0.0 
16687.97 0.37 0.0 
16794.93 0.30 0.0 
20564.02 0.93 0.0 
20564.03 0.93 0.0 
25459.91 0.36 0.0 
25554.79 0.96 0.0 
25515.47 0.86 0.0 
25554.79 0.96 0.0 
25459.84 0.51 0.0 
27982.45 0.67 0.0 
31865.80 0.52 0.0 
33318.16 0.84 0.0 
33318.14 0.86 0.0 
33684.66 0.73 0.0 
33684.65 0.35 0.0 
34413.23 0.37 0.0 
34413.19 0.38 0.0 
34549.35 0.55 0.0 
34549.57 0.59 0.0 
36887.95 0.43 0.0 
37877.19 0.85 0.0 
38001.15 0.53 0.0 
38087.36 0.47 0.0 
38065.87 0.38 0.0 
39182.09 0.45 0.0 
40068.85 0.70 0.0 
40116.96 0.31 0.0 
40291.15 0.56 0.0 
42049.47 0.43 0.0 
42195.84 0.58 0.0 
42405.72 0.80 0.0 
42991.10 0.93 0.0 
42991.11 0.94 0.0 
43292.51 0.61 0.0 
44208.13 0.31 0.0 
46846.31 0.50 0.0 
52570.14 0.72 0.0 
52570.16 0.93 0.0 
53365.28 0.45 0.0 
53389.15 0.42 0.0 
56086.00 0.33 0.0 
59238.20 0.68 0.0 
62986.70 0.94 0.0 
62986.68 0.92 0.0 
65822.21 0.31 0.0 
68611.87 0.32 0.0 
70262.27 0.47 0.0 
70345.47 0.43 0.0 
72558.36 0.59 0.0 
77278.01 0.55 0.0 
81796.97 0.33 0.0 
82106.04 0.70 0.0 
84840.71 0.30 0.0 
85166.27 0.45 0.0 
85296.53 0.40 0.0 
85600.15 0.69 0.0 
85609.16 0.67 0.0 
85600.13 0.66 0.0 
