7291.99 0.37 0.0 
8890.40 0.74 0.0 
8890.39 0.64 0.0 
11039.87 0.40 0.0 
14408.02 0.89 0.0 
14408.03 0.85 0.0 
20371.46 0.85 0.0 
20397.37 0.60 0.0 
20397.37 0.82 0.0 
20701.31 0.36 0.0 
20686.37 0.43 0.0 
20847.24 0.60 0.0 
20870.00 0.45 0.0 
20941.07 0.33 0.0 
20946.75 0.49 0.0 
21043.71 0.66 0.0 
21102.55 0.46 0.0 
21226.77 0.40 0.0 
21279.36 0.71 0.0 
21341.20 0.50 0.0 
21341.19 0.51 0.0 
21362.83 0.33 0.0 
21386.81 0.54 0.0 
21279.36 0.49 0.0 
21386.83 0.41 0.0 
21449.19 0.47 0.0 
21482.16 0.86 0.0 
21482.16 0.38 0.0 
21510.12 0.68 0.0 
21570.43 0.61 0.0 
21604.16 0.83 0.0 
21604.19 0.34 0.0 
21612.64 0.51 0.0 
21825.71 0.56 0.0 
22041.91 0.40 0.0 
22171.31 0.36 0.0 
22697.68 0.80 0.0 
22752.08 0.35 0.0 
22981.92 0.46 0.0 
23151.87 0.70 0.0 
23157.94 0.60 0.0 
23157.92 0.52 0.0 
23109.68 0.40 0.0 
23227.56 0.56 0.0 
23233.40 0.62 0.0 
23233.40 0.82 0.0 
23357.54 0.75 0.0 
23355.43 0.35 0.0 
23357.52 0.73 0.0 
23466.50 0.50 0.0 
23480.68 0.50 0.0 
23596.61 0.41 0.0 
23795.55 0.68 0.0 
23795.54 0.72 0.0 
24535.36 0.77 0.0 
24535.36 0.47 0.0 
27840.74 0.43 0.0 
27858.19 0.38 0.0 
27788.15 0.45 0.0 
28052.12 0.55 0.0 
40683.35 0.43 0.0 
78494.67 0.36 0.0 
81071.40 0.35 0.0 
81078.40 0.36 0.0 
86280.51 0.37 0.0 
86289.84 0.35 0.0 
