388.79 0.52 0.0 
914.56 0.40 0.0 
3239.25 0.38 0.0 
3703.48 0.56 0.0 
5009.19 0.37 0.0 
8159.57 0.68 0.0 
8887.96 0.57 0.0 
8905.32 0.40 0.0 
8887.96 0.57 0.0 
10843.48 0.39 0.0 
12359.04 0.47 0.0 
12822.72 0.61 0.0 
13453.15 0.36 0.0 
14080.12 0.35 0.0 
14340.64 0.64 0.0 
14406.16 0.32 0.0 
16707.08 0.51 0.0 
18505.85 0.32 0.0 
18612.80 0.66 0.0 
20395.76 0.79 0.0 
20397.33 0.35 0.0 
20395.76 0.91 0.0 
20489.08 0.57 0.0 
20607.56 0.44 0.0 
21038.24 0.54 0.0 
21102.47 0.38 0.0 
21277.00 0.90 0.0 
21339.91 0.48 0.0 
21308.61 0.63 0.0 
21339.93 0.39 0.0 
21385.63 0.31 0.0 
21277.00 0.71 0.0 
21285.21 0.40 0.0 
21308.64 0.53 0.0 
21508.55 0.58 0.0 
21508.52 0.89 0.0 
21584.05 0.87 0.0 
21610.59 0.43 0.0 
21719.03 0.68 0.0 
21815.01 0.62 0.0 
21958.89 0.61 0.0 
22039.45 0.48 0.0 
22039.46 0.55 0.0 
22093.23 0.37 0.0 
22468.52 0.46 0.0 
22697.05 0.58 0.0 
23025.73 0.36 0.0 
23157.90 0.33 0.0 
23114.51 0.79 0.0 
23232.16 0.66 0.0 
23232.12 0.84 0.0 
23355.35 0.76 0.0 
23507.48 0.33 0.0 
23794.84 0.50 0.0 
23794.85 0.58 0.0 
24534.71 0.66 0.0 
24539.25 0.46 0.0 
24777.90 0.53 0.0 
25390.72 0.34 0.0 
27782.36 0.49 0.0 
27840.25 0.66 0.0 
27854.88 0.35 0.0 
30041.39 0.73 0.0 
30058.05 0.75 0.0 
35189.04 0.34 0.0 
35924.52 0.30 0.0 
36132.44 0.37 0.0 
39643.89 0.30 0.0 
40557.36 0.53 0.0 
43062.77 0.40 0.0 
43722.27 0.69 0.0 
46934.27 0.30 0.0 
50003.40 0.41 0.0 
50249.28 0.33 0.0 
55123.91 0.54 0.0 
55136.52 0.65 0.0 
69298.25 0.37 0.0 
71984.16 0.33 0.0 
72088.40 0.38 0.0 
75478.37 0.61 0.0 
80125.91 0.41 0.0 
83173.87 0.36 0.0 
83248.64 0.45 0.0 
84719.48 0.37 0.0 
86284.00 0.79 0.0 
