153.61 0.36 0.0 
177.27 0.37 0.0 
1960.89 0.60 0.0 
1960.85 0.44 0.0 
2577.19 0.40 0.0 
2577.31 0.38 0.0 
2632.25 0.45 0.0 
5316.97 0.38 0.0 
5692.55 0.41 0.0 
5692.57 0.44 0.0 
5956.83 0.48 0.0 
10762.21 0.41 0.0 
10892.51 0.45 0.0 
10976.50 0.43 0.0 
11026.41 0.39 0.0 
11053.15 0.47 0.0 
11762.96 0.73 0.0 
12211.02 0.55 0.0 
12211.00 0.49 0.0 
14311.58 0.59 0.0 
14554.25 0.76 0.0 
14538.99 0.30 0.0 
14538.98 0.60 0.0 
14554.24 0.69 0.0 
24541.48 0.37 0.0 
26793.03 0.38 0.0 
28397.57 0.31 0.0 
28681.55 0.30 0.0 
28681.16 0.36 0.0 
28681.67 0.36 0.0 
33093.91 0.31 0.0 
33352.46 0.84 0.0 
33381.19 0.34 0.0 
36688.27 0.61 0.0 
46283.05 0.69 0.0 
57472.21 0.75 0.0 
57492.32 0.35 0.0 
57550.60 0.51 0.0 
57530.79 0.64 0.0 
57530.80 0.63 0.0 
57550.64 0.52 0.0 
57492.36 0.39 0.0 
60252.03 0.47 0.0 
60252.01 0.51 0.0 
63209.07 0.48 0.0 
63232.82 0.59 0.0 
63209.09 0.58 0.0 
63232.80 0.50 0.0 
79245.72 0.66 0.0 
81351.69 0.66 0.0 
82628.88 0.74 0.0 
82608.08 0.30 0.0 
82608.11 0.39 0.0 
82860.05 0.60 0.0 
83059.40 0.75 0.0 
83760.55 0.33 0.0 
83804.87 0.48 0.0 
85608.91 0.34 0.0 
