331.63 0.41 0.0 
331.65 0.31 0.0 
539.55 0.81 0.0 
3130.41 0.40 0.0 
4789.69 0.42 0.0 
5442.99 0.76 0.0 
6056.95 0.60 0.0 
6056.91 0.41 0.0 
6163.48 0.34 0.0 
6709.61 0.39 0.0 
7603.71 0.33 0.0 
7948.11 0.39 0.0 
8787.92 0.48 0.0 
9145.22 0.37 0.0 
9776.55 0.41 0.0 
9804.13 0.32 0.0 
9776.52 0.57 0.0 
11337.33 0.60 0.0 
12102.75 0.61 0.0 
12167.57 0.50 0.0 
12688.52 0.35 0.0 
14593.37 0.41 0.0 
15111.37 0.57 0.0 
15187.56 0.55 0.0 
15252.85 0.55 0.0 
15763.33 0.36 0.0 
16091.65 0.47 0.0 
17556.12 0.55 0.0 
19917.32 0.45 0.0 
19994.33 0.53 0.0 
20564.25 0.44 0.0 
22647.68 0.40 0.0 
23380.37 0.45 0.0 
25874.28 0.36 0.0 
26907.53 0.58 0.0 
27207.50 0.42 0.0 
27389.05 0.52 0.0 
27429.85 0.45 0.0 
28423.55 0.39 0.0 
33404.41 0.33 0.0 
33364.52 0.44 0.0 
34378.13 0.36 0.0 
35471.08 0.72 0.0 
37032.09 0.50 0.0 
38082.41 0.34 0.0 
40544.41 0.63 0.0 
41262.45 0.30 0.0 
41320.17 0.40 0.0 
45809.49 0.41 0.0 
48717.01 0.44 0.0 
49387.55 0.53 0.0 
