0.63 0.49 0.0 
6.05 0.51 0.0 
24.23 0.37 0.0 
264.75 0.36 0.0 
264.75 0.41 0.0 
469.98 0.82 0.0 
446.01 0.46 0.0 
446.00 0.86 0.0 
469.97 0.79 0.0 
418.35 0.82 0.0 
706.20 0.67 0.0 
669.86 0.83 0.0 
706.22 0.79 0.0 
669.84 0.76 0.0 
1565.95 0.80 0.0 
1565.95 0.33 0.0 
1655.57 0.52 0.0 
1604.34 0.44 0.0 
1915.62 0.42 0.0 
1984.71 0.66 0.0 
1984.71 0.51 0.0 
2343.58 0.58 0.0 
2343.57 0.81 0.0 
2596.83 0.32 0.0 
2574.43 0.57 0.0 
2651.95 0.34 0.0 
2574.43 0.59 0.0 
2674.40 0.82 0.0 
2695.59 0.37 0.0 
2695.59 0.43 0.0 
3197.51 0.87 0.0 
3197.51 0.55 0.0 
3199.49 0.41 0.0 
3453.86 0.44 0.0 
3457.53 0.77 0.0 
3435.98 0.77 0.0 
3441.12 0.64 0.0 
3442.75 0.50 0.0 
3457.52 0.83 0.0 
3677.04 0.93 0.0 
3677.03 0.93 0.0 
3853.03 0.33 0.0 
3907.62 0.80 0.0 
3895.91 0.48 0.0 
3895.89 0.66 0.0 
3907.59 0.63 0.0 
4763.26 0.56 0.0 
4803.79 0.31 0.0 
4817.64 0.55 0.0 
4790.31 0.37 0.0 
4817.67 0.78 0.0 
4825.89 0.34 0.0 
4841.05 0.31 0.0 
4922.79 0.31 0.0 
4840.99 0.37 0.0 
4853.79 0.54 0.0 
5081.76 0.91 0.0 
5081.75 0.91 0.0 
5685.80 0.66 0.0 
6233.87 0.44 0.0 
6317.82 0.81 0.0 
6465.63 0.78 0.0 
6708.15 0.32 0.0 
6972.03 0.46 0.0 
7302.51 0.33 0.0 
7302.57 0.61 0.0 
8889.07 0.56 0.0 
8944.55 0.33 0.0 
9995.68 0.31 0.0 
10080.77 0.93 0.0 
10017.05 0.34 0.0 
10390.95 0.51 0.0 
10712.65 0.57 0.0 
11015.08 0.73 0.0 
11015.09 0.68 0.0 
11326.04 0.84 0.0 
11519.49 0.39 0.0 
11519.47 0.42 0.0 
11580.36 0.42 0.0 
11926.15 0.57 0.0 
12140.45 0.37 0.0 
12140.48 0.76 0.0 
12150.96 0.57 0.0 
12206.13 0.36 0.0 
12660.36 0.48 0.0 
12646.18 0.88 0.0 
13530.45 0.86 0.0 
13759.84 0.39 0.0 
13759.83 0.31 0.0 
14145.48 0.81 0.0 
14145.48 0.83 0.0 
15580.07 0.41 0.0 
15717.40 0.41 0.0 
16115.89 0.44 0.0 
17357.31 0.31 0.0 
17533.81 0.30 0.0 
17535.39 0.46 0.0 
18963.56 0.44 0.0 
20124.67 0.49 0.0 
20202.74 0.35 0.0 
20206.88 0.60 0.0 
20655.87 0.44 0.0 
20918.27 0.50 0.0 
20805.63 0.86 0.0 
20984.95 0.35 0.0 
20925.51 0.90 0.0 
20931.80 0.41 0.0 
21104.21 0.33 0.0 
21886.09 0.67 0.0 
22539.85 0.31 0.0 
22686.53 0.40 0.0 
22953.18 0.50 0.0 
23161.73 0.37 0.0 
23388.33 0.69 0.0 
23340.67 0.92 0.0 
23388.33 0.72 0.0 
23340.67 0.79 0.0 
23490.87 0.46 0.0 
24027.64 0.68 0.0 
24360.67 0.68 0.0 
24602.01 0.46 0.0 
25951.17 0.50 0.0 
26311.29 0.32 0.0 
26437.51 0.34 0.0 
26866.12 0.81 0.0 
27627.93 0.42 0.0 
28658.51 0.39 0.0 
28674.90 0.75 0.0 
28674.89 0.64 0.0 
29021.11 0.32 0.0 
29787.39 0.53 0.0 
29787.35 0.33 0.0 
29850.71 0.82 0.0 
30384.32 0.75 0.0 
30384.29 0.69 0.0 
30497.35 0.39 0.0 
30537.67 0.36 0.0 
31984.87 0.59 0.0 
32166.07 0.30 0.0 
33063.96 0.75 0.0 
33072.91 0.40 0.0 
33063.96 0.64 0.0 
33072.95 0.50 0.0 
33244.27 0.45 0.0 
33713.51 0.64 0.0 
33713.50 0.65 0.0 
33802.61 0.69 0.0 
34002.55 0.37 0.0 
34160.31 0.47 0.0 
34201.87 0.33 0.0 
34242.65 0.84 0.0 
34242.65 0.79 0.0 
34530.40 0.91 0.0 
34522.89 0.38 0.0 
34868.05 0.37 0.0 
35126.91 0.44 0.0 
35126.87 0.38 0.0 
35373.43 0.47 0.0 
35497.75 0.33 0.0 
35940.97 0.78 0.0 
36265.46 0.45 0.0 
36265.43 0.42 0.0 
36736.45 0.32 0.0 
36744.63 0.66 0.0 
36736.45 0.53 0.0 
36827.60 0.40 0.0 
37100.61 0.33 0.0 
37346.91 0.30 0.0 
37787.43 0.61 0.0 
37787.43 0.80 0.0 
37818.39 0.53 0.0 
37891.18 0.89 0.0 
38066.53 0.50 0.0 
38075.79 0.86 0.0 
38120.60 0.49 0.0 
38070.45 0.77 0.0 
38075.79 0.67 0.0 
38281.27 0.91 0.0 
38192.52 0.63 0.0 
38649.83 0.47 0.0 
38656.42 0.79 0.0 
39477.27 0.63 0.0 
39477.19 0.37 0.0 
39883.67 0.59 0.0 
39883.63 0.44 0.0 
40351.41 0.69 0.0 
40979.99 0.34 0.0 
41596.52 0.58 0.0 
42392.43 0.30 0.0 
43243.37 0.42 0.0 
43243.31 0.36 0.0 
43500.53 0.65 0.0 
43505.26 0.86 0.0 
43505.25 0.54 0.0 
45075.42 0.89 0.0 
45345.52 0.88 0.0 
45750.52 0.75 0.0 
46963.06 0.34 0.0 
47368.51 0.56 0.0 
47368.47 0.38 0.0 
47543.98 0.30 0.0 
47543.93 0.30 0.0 
47551.45 0.44 0.0 
47551.45 0.53 0.0 
47783.19 0.32 0.0 
49546.91 0.45 0.0 
50385.60 0.85 0.0 
50748.23 0.44 0.0 
52935.89 0.84 0.0 
53371.15 0.80 0.0 
55528.39 0.52 0.0 
56383.81 0.35 0.0 
56440.65 0.35 0.0 
57254.19 0.39 0.0 
57473.73 0.34 0.0 
57532.37 0.36 0.0 
57688.95 0.51 0.0 
58235.84 0.40 0.0 
59850.87 0.46 0.0 
60255.50 0.73 0.0 
60291.95 0.50 0.0 
60291.91 0.44 0.0 
65325.48 0.87 0.0 
67112.76 0.36 0.0 
67515.38 0.34 0.0 
68492.69 0.57 0.0 
69901.44 0.73 0.0 
70324.51 0.40 0.0 
70846.13 0.78 0.0 
72271.97 0.62 0.0 
72535.92 0.54 0.0 
73696.32 0.71 0.0 
78102.55 0.31 0.0 
79650.31 0.58 0.0 
80152.59 0.31 0.0 
80152.55 0.31 0.0 
80533.11 0.33 0.0 
82395.94 0.88 0.0 
82521.36 0.84 0.0 
82521.34 0.89 0.0 
82749.73 0.31 0.0 
82879.67 0.37 0.0 
82973.28 0.88 0.0 
82973.28 0.87 0.0 
83151.51 0.48 0.0 
83151.51 0.58 0.0 
83259.26 0.91 0.0 
83259.26 0.88 0.0 
83501.44 0.91 0.0 
83501.44 0.79 0.0 
84918.55 0.32 0.0 
85367.53 0.80 0.0 
85367.54 0.86 0.0 
86006.03 0.38 0.0 
