554.48 0.49 0.0 
764.55 0.30 0.0 
2000.80 0.67 0.0 
2000.81 0.65 0.0 
2417.49 0.92 0.0 
2417.49 0.96 0.0 
2654.01 0.69 0.0 
2895.04 0.31 0.0 
2981.95 0.32 0.0 
3405.89 0.62 0.0 
4003.13 0.55 0.0 
4272.20 0.31 0.0 
4408.87 0.32 0.0 
4409.39 0.35 0.0 
4465.05 0.35 0.0 
4724.16 0.43 0.0 
4805.77 0.52 0.0 
4918.37 0.34 0.0 
5093.52 0.38 0.0 
5417.01 0.62 0.0 
5417.00 0.43 0.0 
5660.72 0.50 0.0 
5675.81 0.34 0.0 
5737.37 0.44 0.0 
5737.45 0.31 0.0 
5743.01 0.31 0.0 
5688.24 0.36 0.0 
5688.29 0.34 0.0 
6418.63 0.81 0.0 
6492.01 0.80 0.0 
7025.60 0.77 0.0 
7120.88 0.51 0.0 
7025.57 0.33 0.0 
7152.16 0.86 0.0 
7333.95 0.90 0.0 
7483.87 0.69 0.0 
7591.53 0.51 0.0 
7603.95 0.44 0.0 
7647.91 0.55 0.0 
7591.60 0.54 0.0 
8659.57 0.45 0.0 
8661.17 0.60 0.0 
8661.13 0.38 0.0 
8722.03 0.33 0.0 
8966.95 0.38 0.0 
9117.59 0.54 0.0 
9098.72 0.32 0.0 
9394.08 0.78 0.0 
9582.73 0.46 0.0 
9554.34 0.92 0.0 
10000.33 0.56 0.0 
10317.11 0.53 0.0 
10249.19 0.33 0.0 
10378.93 0.49 0.0 
10388.75 0.86 0.0 
10577.60 0.32 0.0 
10584.08 0.89 0.0 
10572.27 0.69 0.0 
10584.08 0.74 0.0 
10676.77 0.80 0.0 
10680.55 0.51 0.0 
10618.77 0.81 0.0 
10676.75 0.44 0.0 
10757.71 0.92 0.0 
10784.41 0.67 0.0 
10787.32 0.75 0.0 
10813.16 0.37 0.0 
10863.91 0.31 0.0 
10863.93 0.53 0.0 
11011.23 0.91 0.0 
11011.24 0.86 0.0 
11171.31 0.52 0.0 
11323.37 0.53 0.0 
11591.24 0.32 0.0 
11581.29 0.33 0.0 
11729.63 0.42 0.0 
11764.13 0.42 0.0 
12029.47 0.84 0.0 
12278.62 0.33 0.0 
12371.77 0.53 0.0 
12734.33 0.74 0.0 
13079.00 0.47 0.0 
13172.04 0.34 0.0 
13316.21 0.33 0.0 
13274.44 0.72 0.0 
13861.60 0.76 0.0 
14186.44 0.71 0.0 
14337.41 0.32 0.0 
14539.89 0.39 0.0 
14615.96 0.74 0.0 
14615.95 0.81 0.0 
15034.81 0.37 0.0 
15044.29 0.31 0.0 
15085.08 0.51 0.0 
15034.85 0.41 0.0 
15715.56 0.89 0.0 
15730.56 0.34 0.0 
15715.56 0.89 0.0 
15730.55 0.37 0.0 
15875.05 0.34 0.0 
16213.89 0.33 0.0 
16586.88 0.64 0.0 
16697.95 0.48 0.0 
16845.21 0.31 0.0 
17322.89 0.79 0.0 
17412.83 0.41 0.0 
18044.17 0.31 0.0 
18734.12 0.45 0.0 
18805.00 0.43 0.0 
18869.56 0.33 0.0 
18794.37 0.33 0.0 
18897.57 0.66 0.0 
19142.16 0.80 0.0 
19258.59 0.76 0.0 
19531.01 0.31 0.0 
19512.68 0.38 0.0 
19470.29 0.38 0.0 
19512.72 0.57 0.0 
19919.51 0.45 0.0 
20322.11 0.58 0.0 
20368.08 0.37 0.0 
20431.24 0.65 0.0 
20684.19 0.82 0.0 
20692.04 0.46 0.0 
21138.37 0.43 0.0 
21138.40 0.68 0.0 
21329.55 0.67 0.0 
21467.28 0.97 0.0 
21467.28 0.98 0.0 
21688.95 0.37 0.0 
21927.27 0.32 0.0 
22225.43 0.66 0.0 
22490.05 0.32 0.0 
22810.01 0.32 0.0 
23072.89 0.49 0.0 
23241.36 0.30 0.0 
23286.80 0.39 0.0 
23507.44 0.44 0.0 
23622.89 0.53 0.0 
23793.63 0.39 0.0 
23714.41 0.39 0.0 
23868.77 0.30 0.0 
24612.39 0.80 0.0 
24718.31 0.37 0.0 
24660.21 0.51 0.0 
25315.44 0.38 0.0 
25315.45 0.33 0.0 
25442.28 0.35 0.0 
25476.09 0.51 0.0 
25483.77 0.67 0.0 
25499.41 0.51 0.0 
25934.05 0.32 0.0 
25964.51 0.89 0.0 
26053.87 0.67 0.0 
25993.23 0.43 0.0 
26143.49 0.49 0.0 
26554.49 0.70 0.0 
26612.15 0.55 0.0 
26554.47 0.85 0.0 
26578.69 0.43 0.0 
26787.05 0.48 0.0 
26954.45 0.42 0.0 
27028.84 0.69 0.0 
26954.48 0.96 0.0 
27268.53 0.47 0.0 
27392.25 0.41 0.0 
27404.57 0.51 0.0 
27461.76 0.47 0.0 
27576.79 0.32 0.0 
27548.36 0.75 0.0 
27734.52 0.41 0.0 
27670.67 0.90 0.0 
28179.63 0.55 0.0 
28350.33 0.47 0.0 
28379.57 0.33 0.0 
28679.23 0.36 0.0 
28663.53 0.60 0.0 
28618.32 0.37 0.0 
29345.52 0.59 0.0 
29594.17 0.30 0.0 
29800.49 0.48 0.0 
29999.37 0.39 0.0 
29952.40 0.37 0.0 
30082.49 0.42 0.0 
30082.52 0.70 0.0 
30498.51 0.36 0.0 
30597.32 0.42 0.0 
30568.62 0.79 0.0 
30644.07 0.35 0.0 
30651.69 0.36 0.0 
31572.17 0.31 0.0 
31609.45 0.59 0.0 
32159.44 0.33 0.0 
32219.40 0.73 0.0 
32397.55 0.84 0.0 
32397.53 0.59 0.0 
32457.63 0.95 0.0 
33175.31 0.30 0.0 
33356.00 0.36 0.0 
33541.18 0.43 0.0 
33933.15 0.31 0.0 
33933.16 0.37 0.0 
34303.55 0.49 0.0 
34344.76 0.76 0.0 
34529.51 0.63 0.0 
35414.36 0.43 0.0 
35846.95 0.46 0.0 
35987.39 0.31 0.0 
36187.99 0.31 0.0 
36833.09 0.32 0.0 
36785.92 0.36 0.0 
36785.92 0.31 0.0 
37451.49 0.52 0.0 
37393.56 0.70 0.0 
37693.77 0.39 0.0 
38129.41 0.31 0.0 
38160.29 0.35 0.0 
38399.09 0.51 0.0 
38590.11 0.36 0.0 
39294.64 0.32 0.0 
39899.40 0.81 0.0 
40409.56 0.74 0.0 
41134.55 0.49 0.0 
41999.29 0.39 0.0 
43378.92 0.70 0.0 
43446.19 0.34 0.0 
43569.28 0.31 0.0 
43569.32 0.74 0.0 
43642.61 0.53 0.0 
43642.67 0.63 0.0 
43701.35 0.87 0.0 
43701.40 0.55 0.0 
43848.92 0.40 0.0 
44148.76 0.51 0.0 
44112.61 0.46 0.0 
44154.99 0.32 0.0 
44247.46 0.77 0.0 
44384.03 0.55 0.0 
45119.29 0.36 0.0 
46103.21 0.47 0.0 
46759.77 0.39 0.0 
47796.11 0.49 0.0 
50876.59 0.45 0.0 
50923.21 0.61 0.0 
53824.67 0.86 0.0 
53824.65 0.59 0.0 
55889.23 0.34 0.0 
57468.34 0.92 0.0 
57468.34 0.74 0.0 
57526.98 0.50 0.0 
57586.83 0.37 0.0 
59629.49 0.42 0.0 
59743.87 0.63 0.0 
60227.91 0.75 0.0 
60227.86 0.46 0.0 
60359.31 0.60 0.0 
61827.88 0.37 0.0 
62971.35 0.69 0.0 
62971.31 0.79 0.0 
63012.72 0.71 0.0 
63134.65 0.67 0.0 
63134.43 0.40 0.0 
63183.68 0.44 0.0 
63201.85 0.47 0.0 
63207.65 0.57 0.0 
63207.65 0.35 0.0 
63183.61 0.37 0.0 
63989.00 0.35 0.0 
65127.69 0.64 0.0 
65357.43 0.37 0.0 
65514.77 0.37 0.0 
67154.48 0.36 0.0 
67523.19 0.41 0.0 
67665.65 0.51 0.0 
70482.64 0.39 0.0 
73318.61 0.36 0.0 
75119.39 0.33 0.0 
75373.69 0.50 0.0 
75490.81 0.34 0.0 
76154.00 0.40 0.0 
76348.98 0.35 0.0 
77128.75 0.31 0.0 
77795.99 0.31 0.0 
78581.89 0.44 0.0 
78581.88 0.55 0.0 
80534.51 0.86 0.0 
80691.12 0.33 0.0 
80987.03 0.35 0.0 
80987.05 0.37 0.0 
81370.96 0.86 0.0 
81419.51 0.73 0.0 
81473.05 0.50 0.0 
81524.48 0.41 0.0 
83133.49 0.46 0.0 
84064.89 0.39 0.0 
84463.95 0.34 0.0 
84703.95 0.42 0.0 
84770.68 0.91 0.0 
84770.67 0.67 0.0 
85363.44 0.57 0.0 
85679.33 0.72 0.0 
85672.91 0.34 0.0 
86384.51 0.84 0.0 
