177.32 0.58 0.0 
1916.58 0.59 0.0 
2532.85 0.64 0.0 
2566.64 0.48 0.0 
5676.53 0.35 0.0 
5676.52 0.61 0.0 
6254.20 0.34 0.0 
8614.57 0.68 0.0 
8890.60 0.32 0.0 
10003.69 0.73 0.0 
10309.16 0.39 0.0 
10976.54 0.74 0.0 
12115.56 0.70 0.0 
13902.65 0.59 0.0 
16693.20 0.40 0.0 
21432.75 0.84 0.0 
33352.45 0.86 0.0 
36688.20 0.46 0.0 
42267.88 0.42 0.0 
43063.55 0.35 0.0 
48044.01 0.63 0.0 
48431.53 0.33 0.0 
57472.15 0.80 0.0 
60231.72 0.72 0.0 
60231.67 0.58 0.0 
60509.59 0.30 0.0 
62404.07 0.36 0.0 
63187.39 0.73 0.0 
63187.39 0.89 0.0 
64886.88 0.31 0.0 
78463.15 0.82 0.0 
81351.69 0.48 0.0 
82121.43 0.70 0.0 
82602.37 0.48 0.0 
82628.89 0.55 0.0 
83651.85 0.31 0.0 
84055.93 0.51 0.0 
84389.49 0.39 0.0 
86173.60 0.33 0.0 
