394.81 0.35 0.0 
658.56 0.70 0.0 
658.57 0.44 0.0 
1891.11 0.54 0.0 
2954.91 0.32 0.0 
5793.05 0.44 0.0 
6770.49 0.44 0.0 
6770.55 0.58 0.0 
8775.51 0.30 0.0 
9526.44 0.33 0.0 
9540.78 0.69 0.0 
10313.91 0.42 0.0 
10771.86 0.56 0.0 
11858.21 0.43 0.0 
12880.84 0.56 0.0 
13611.16 0.85 0.0 
13611.17 0.57 0.0 
13599.99 0.51 0.0 
14133.03 0.32 0.0 
14151.76 0.77 0.0 
14132.99 0.39 0.0 
14151.77 0.54 0.0 
14917.83 0.38 0.0 
15404.55 0.65 0.0 
19909.35 0.36 0.0 
21226.59 0.38 0.0 
21317.16 0.92 0.0 
21630.91 0.46 0.0 
23182.60 0.72 0.0 
23182.61 0.78 0.0 
24978.35 0.31 0.0 
24930.77 0.38 0.0 
24978.37 0.35 0.0 
25790.39 0.32 0.0 
27023.23 0.33 0.0 
27023.23 0.30 0.0 
28699.57 0.50 0.0 
32445.47 0.38 0.0 
32891.15 0.32 0.0 
34287.23 0.77 0.0 
34287.23 0.47 0.0 
35967.17 0.35 0.0 
37342.47 0.37 0.0 
39206.61 0.67 0.0 
39505.39 0.51 0.0 
39505.39 0.51 0.0 
43380.39 0.31 0.0 
46279.61 0.32 0.0 
47257.75 0.43 0.0 
47257.70 0.74 0.0 
47992.83 0.34 0.0 
49521.12 0.69 0.0 
49521.12 0.64 0.0 
51714.05 0.77 0.0 
51840.48 0.61 0.0 
53309.23 0.39 0.0 
54681.15 0.69 0.0 
68688.47 0.41 0.0 
75987.07 0.36 0.0 
75987.09 0.48 0.0 
83371.44 0.76 0.0 
83371.43 0.86 0.0 
83916.23 0.50 0.0 
86002.35 0.49 0.0 
86303.69 0.58 0.0 
