8432.33 0.34 0.0 
10747.45 0.98 0.0 
10747.44 0.98 0.0 
12655.09 0.32 0.0 
13080.65 0.94 0.0 
13080.65 0.93 0.0 
13589.47 0.43 0.0 
13704.31 0.33 0.0 
17051.88 0.54 0.0 
18920.32 0.49 0.0 
22897.91 0.34 0.0 
23831.09 0.33 0.0 
23966.21 0.31 0.0 
25348.41 0.53 0.0 
28190.80 0.96 0.0 
28190.81 0.98 0.0 
29127.09 0.38 0.0 
37639.96 0.82 0.0 
37652.51 0.45 0.0 
37639.96 0.80 0.0 
37652.53 0.55 0.0 
41698.15 0.42 0.0 
44517.64 0.37 0.0 
44619.89 0.41 0.0 
45883.55 0.30 0.0 
52227.85 0.32 0.0 
54779.15 0.53 0.0 
61978.89 0.35 0.0 
62140.11 0.41 0.0 
74297.38 0.32 0.0 
76149.03 0.36 0.0 
84882.00 0.47 0.0 
