11844.67 0.49 0.0 
11855.64 0.46 0.0 
11844.63 0.38 0.0 
11855.64 0.58 0.0 
12374.45 0.44 0.0 
12374.47 0.31 0.0 
12375.43 0.34 0.0 
12842.06 0.62 0.0 
12842.03 0.49 0.0 
14914.57 0.64 0.0 
14899.17 0.46 0.0 
14914.61 0.45 0.0 
17404.23 0.34 0.0 
25951.71 0.47 0.0 
27260.23 0.43 0.0 
27260.21 0.63 0.0 
50157.72 0.95 0.0 
50157.72 0.96 0.0 
65785.31 0.38 0.0 
65785.27 0.42 0.0 
70035.34 0.82 0.0 
71074.11 0.78 0.0 
71074.15 0.69 0.0 
75384.20 0.92 0.0 
75384.20 0.90 0.0 
76110.35 0.94 0.0 
76110.35 0.97 0.0 
76254.24 0.77 0.0 
76254.24 0.86 0.0 
77159.87 0.95 0.0 
77240.82 0.92 0.0 
77159.87 0.90 0.0 
77240.82 0.92 0.0 
77506.07 0.31 0.0 
79859.76 0.79 0.0 
79859.75 0.62 0.0 
83728.97 0.96 0.0 
83728.97 0.95 0.0 
