11842.72 0.65 0.0 
11842.73 0.39 0.0 
12360.61 0.41 0.0 
12360.55 0.49 0.0 
14898.40 0.50 0.0 
14898.40 0.59 0.0 
17371.19 0.30 0.0 
24265.96 0.39 0.0 
25169.07 0.43 0.0 
25707.12 0.45 0.0 
26114.52 0.30 0.0 
28046.17 0.32 0.0 
29776.49 0.30 0.0 
50156.60 0.88 0.0 
50156.60 0.85 0.0 
62425.97 0.37 0.0 
64094.11 0.31 0.0 
65784.32 0.92 0.0 
65784.31 0.92 0.0 
70034.36 0.96 0.0 
70034.37 0.97 0.0 
71073.00 0.82 0.0 
71073.00 0.74 0.0 
74292.79 0.31 0.0 
74997.72 0.32 0.0 
75383.16 0.69 0.0 
75383.16 0.93 0.0 
76109.43 0.98 0.0 
76109.43 0.99 0.0 
76253.30 0.96 0.0 
76253.30 0.97 0.0 
76723.73 0.37 0.0 
77158.93 0.98 0.0 
77239.87 0.99 0.0 
77158.92 0.98 0.0 
77239.87 0.99 0.0 
79858.84 0.80 0.0 
79858.82 0.96 0.0 
83728.06 0.98 0.0 
83728.06 0.98 0.0 
