103.07 0.54 0.0 
520.28 0.35 0.0 
2762.85 0.98 0.0 
2762.85 0.97 0.0 
2939.44 0.38 0.0 
3342.20 0.73 0.0 
3524.49 0.36 0.0 
3554.09 0.82 0.0 
3706.64 0.58 0.0 
3854.52 0.58 0.0 
3824.59 0.36 0.0 
3959.44 0.46 0.0 
4139.59 0.93 0.0 
4318.69 0.56 0.0 
4484.57 0.57 0.0 
4828.96 0.35 0.0 
5399.65 0.37 0.0 
5546.15 0.54 0.0 
6732.71 0.33 0.0 
6763.64 0.47 0.0 
9369.48 0.68 0.0 
9433.20 0.31 0.0 
9719.04 0.36 0.0 
10199.08 0.43 0.0 
13003.82 0.44 0.0 
14203.05 0.62 0.0 
14293.85 0.59 0.0 
14242.49 0.46 0.0 
14293.83 0.92 0.0 
14307.36 0.31 0.0 
14594.17 0.41 0.0 
14652.20 0.42 0.0 
15000.69 0.40 0.0 
15478.52 0.79 0.0 
16004.12 0.78 0.0 
15932.66 0.98 0.0 
15932.66 0.98 0.0 
18717.83 0.43 0.0 
20324.36 0.83 0.0 
21267.76 0.40 0.0 
21616.97 0.32 0.0 
21630.74 0.76 0.0 
21703.80 0.38 0.0 
27344.20 0.83 0.0 
27569.40 0.55 0.0 
28784.49 0.45 0.0 
29232.45 0.68 0.0 
31691.84 0.40 0.0 
32862.89 0.47 0.0 
33976.00 0.96 0.0 
33976.00 0.97 0.0 
37258.80 0.41 0.0 
37497.57 0.47 0.0 
38636.24 0.62 0.0 
39385.39 0.32 0.0 
39271.35 0.66 0.0 
39316.79 0.41 0.0 
39598.84 0.50 0.0 
39659.15 0.52 0.0 
39792.12 0.62 0.0 
39989.03 0.67 0.0 
40019.52 0.66 0.0 
40184.55 0.61 0.0 
41065.67 0.47 0.0 
41039.37 0.50 0.0 
41294.16 0.37 0.0 
43724.09 0.73 0.0 
43799.48 0.32 0.0 
43991.47 0.71 0.0 
44099.56 0.86 0.0 
44294.49 0.57 0.0 
44532.24 0.62 0.0 
45324.85 0.59 0.0 
45324.84 0.81 0.0 
45763.96 0.86 0.0 
45747.56 0.71 0.0 
45867.65 0.42 0.0 
47743.83 0.72 0.0 
51268.48 0.56 0.0 
52409.48 0.82 0.0 
52680.27 0.95 0.0 
52680.27 0.96 0.0 
54884.48 0.54 0.0 
56824.11 0.69 0.0 
56824.11 0.88 0.0 
58157.08 0.68 0.0 
64655.72 0.39 0.0 
64655.72 0.52 0.0 
65796.88 0.56 0.0 
65796.88 0.62 0.0 
69777.67 0.66 0.0 
70243.35 0.56 0.0 
82288.72 0.35 0.0 
82258.96 0.58 0.0 
82919.36 0.54 0.0 
83664.12 0.41 0.0 
84043.85 0.33 0.0 
83983.53 0.40 0.0 
84163.45 0.39 0.0 
84104.21 0.59 0.0 
