1408.16 0.34 0.0 
1540.17 0.45 0.0 
6953.60 0.74 0.0 
6953.64 0.58 0.0 
7108.80 0.38 0.0 
7108.79 0.96 0.0 
8067.91 0.61 0.0 
10130.78 0.97 0.0 
10130.77 0.98 0.0 
16482.72 0.78 0.0 
20218.93 0.47 0.0 
22034.07 0.41 0.0 
22964.03 0.54 0.0 
23894.09 0.41 0.0 
26592.84 0.57 0.0 
31993.92 0.80 0.0 
32635.36 0.31 0.0 
33073.39 0.55 0.0 
42178.21 0.50 0.0 
47965.99 0.55 0.0 
49766.11 0.32 0.0 
61337.00 0.44 0.0 
69494.20 0.40 0.0 
70574.51 0.48 0.0 
70648.82 0.79 0.0 
71369.60 0.31 0.0 
74278.99 0.57 0.0 
82977.45 0.40 0.0 
