4759.51 0.34 0.0 
6417.47 0.52 0.0 
7337.08 0.48 0.0 
8086.43 0.63 0.0 
9452.71 0.50 0.0 
9536.43 0.45 0.0 
11635.95 0.43 0.0 
11689.87 0.32 0.0 
11864.92 0.53 0.0 
12375.43 0.50 0.0 
12374.57 0.33 0.0 
14132.19 0.45 0.0 
14143.57 0.53 0.0 
14132.23 0.51 0.0 
14143.58 0.81 0.0 
14356.78 0.85 0.0 
15530.43 0.31 0.0 
20344.87 0.33 0.0 
22127.49 0.44 0.0 
26346.89 0.59 0.0 
30733.71 0.50 0.0 
30733.71 0.45 0.0 
32826.41 0.72 0.0 
32826.35 0.56 0.0 
34012.69 0.63 0.0 
34442.63 0.64 0.0 
34442.62 0.88 0.0 
38310.89 0.48 0.0 
56028.53 0.41 0.0 
58061.47 0.37 0.0 
60248.63 0.40 0.0 
60248.61 0.42 0.0 
60328.87 0.36 0.0 
60511.35 0.33 0.0 
60691.91 0.61 0.0 
61160.63 0.35 0.0 
63481.19 0.45 0.0 
65038.55 0.38 0.0 
65835.93 0.42 0.0 
66071.08 0.36 0.0 
66873.87 0.39 0.0 
67455.59 0.37 0.0 
71478.21 0.48 0.0 
71447.63 0.32 0.0 
71985.49 0.47 0.0 
71947.23 0.40 0.0 
72126.00 0.51 0.0 
72977.07 0.31 0.0 
73114.33 0.50 0.0 
73658.24 0.54 0.0 
73729.95 0.61 0.0 
74345.61 0.42 0.0 
74588.13 0.38 0.0 
74588.18 0.56 0.0 
75148.23 0.41 0.0 
76160.22 0.74 0.0 
76160.22 0.72 0.0 
76455.79 0.30 0.0 
76984.95 0.44 0.0 
77212.39 0.31 0.0 
77449.55 0.34 0.0 
77906.55 0.37 0.0 
78100.19 0.36 0.0 
78212.99 0.41 0.0 
78213.03 0.36 0.0 
78443.89 0.40 0.0 
78815.49 0.44 0.0 
79245.85 0.33 0.0 
79672.80 0.51 0.0 
79672.83 0.33 0.0 
79841.97 0.37 0.0 
80305.37 0.61 0.0 
80432.25 0.52 0.0 
80581.27 0.62 0.0 
80581.27 0.32 0.0 
80912.07 0.38 0.0 
81553.95 0.53 0.0 
81642.75 0.43 0.0 
81642.72 0.44 0.0 
81935.01 0.41 0.0 
81981.09 0.34 0.0 
82063.63 0.34 0.0 
81981.13 0.32 0.0 
82030.07 0.35 0.0 
82654.31 0.37 0.0 
83624.41 0.43 0.0 
83906.91 0.30 0.0 
84094.91 0.30 0.0 
84702.05 0.36 0.0 
84631.53 0.48 0.0 
84702.11 0.44 0.0 
85141.69 0.47 0.0 
85141.71 0.36 0.0 
85307.15 0.38 0.0 
85307.19 0.38 0.0 
85741.51 0.35 0.0 
85921.99 0.39 0.0 
86070.93 0.42 0.0 
86199.84 0.32 0.0 
