269.29 0.59 0.0 
2969.53 0.32 0.0 
3175.13 0.36 0.0 
4409.49 0.55 0.0 
5669.95 0.44 0.0 
6608.27 0.35 0.0 
7083.19 0.35 0.0 
7083.15 0.38 0.0 
7333.35 0.35 0.0 
8248.56 0.30 0.0 
9550.12 0.39 0.0 
9550.13 0.43 0.0 
9568.12 0.37 0.0 
9924.74 0.85 0.0 
9924.75 0.87 0.0 
10019.19 0.36 0.0 
10413.81 0.36 0.0 
10844.58 0.35 0.0 
10888.92 0.63 0.0 
10916.43 0.41 0.0 
10888.93 0.81 0.0 
11174.28 0.68 0.0 
11701.79 0.34 0.0 
12373.20 0.91 0.0 
13310.65 0.39 0.0 
13525.88 0.50 0.0 
13525.88 0.86 0.0 
13791.67 0.42 0.0 
14097.87 0.32 0.0 
14143.46 0.96 0.0 
14143.46 0.94 0.0 
14655.23 0.81 0.0 
14911.63 0.97 0.0 
14911.64 0.96 0.0 
14920.51 0.36 0.0 
14959.81 0.47 0.0 
15082.44 0.49 0.0 
16018.87 0.30 0.0 
16967.67 0.36 0.0 
17024.28 0.68 0.0 
18193.81 0.35 0.0 
22866.63 0.32 0.0 
23819.35 0.34 0.0 
23949.00 0.34 0.0 
24850.81 0.69 0.0 
25904.48 0.61 0.0 
26456.79 0.35 0.0 
26566.91 0.33 0.0 
27434.51 0.44 0.0 
30266.07 0.38 0.0 
33433.51 0.41 0.0 
34243.81 0.46 0.0 
34439.48 0.36 0.0 
34543.87 0.61 0.0 
34587.59 0.43 0.0 
35788.64 0.55 0.0 
36824.12 0.71 0.0 
36856.81 0.39 0.0 
36866.51 0.47 0.0 
36973.35 0.34 0.0 
37378.49 0.56 0.0 
37559.27 0.33 0.0 
37712.88 0.31 0.0 
37933.92 0.48 0.0 
38573.67 0.51 0.0 
38789.13 0.43 0.0 
39388.87 0.39 0.0 
40903.71 0.48 0.0 
47398.73 0.30 0.0 
47728.81 0.43 0.0 
52316.92 0.41 0.0 
52576.35 0.38 0.0 
54266.44 0.38 0.0 
56713.35 0.63 0.0 
58378.92 0.68 0.0 
62262.88 0.45 0.0 
62321.41 0.47 0.0 
62845.79 0.31 0.0 
64559.61 0.69 0.0 
65215.61 0.42 0.0 
66928.01 0.40 0.0 
67845.80 0.58 0.0 
69163.61 0.41 0.0 
69673.99 0.33 0.0 
69566.95 0.35 0.0 
74307.71 0.38 0.0 
76151.95 0.65 0.0 
76168.72 0.77 0.0 
77114.25 0.70 0.0 
77085.05 0.32 0.0 
77174.17 0.32 0.0 
80429.23 0.41 0.0 
80563.76 0.40 0.0 
81463.65 0.31 0.0 
81568.97 0.43 0.0 
82858.67 0.32 0.0 
84828.83 0.31 0.0 
