478.11 0.30 0.0 
1452.88 0.50 0.0 
1557.72 0.57 0.0 
1794.64 0.32 0.0 
2184.99 0.34 0.0 
2343.49 0.33 0.0 
2353.76 0.48 0.0 
2358.63 0.41 0.0 
3507.37 0.37 0.0 
3744.07 0.31 0.0 
4173.00 0.35 0.0 
4229.28 0.39 0.0 
4454.24 0.36 0.0 
4430.80 0.40 0.0 
4719.09 0.45 0.0 
4887.41 0.31 0.0 
4976.81 0.32 0.0 
5382.83 0.44 0.0 
5573.57 0.62 0.0 
5606.61 0.86 0.0 
5573.56 0.34 0.0 
5606.63 0.89 0.0 
5640.95 0.34 0.0 
5890.53 0.51 0.0 
7639.49 0.31 0.0 
8885.72 0.32 0.0 
9538.60 0.38 0.0 
9596.29 0.30 0.0 
10244.16 0.44 0.0 
10512.68 0.48 0.0 
10499.05 0.40 0.0 
10628.93 0.43 0.0 
11353.96 0.46 0.0 
11578.09 0.38 0.0 
12403.56 0.62 0.0 
12506.48 0.67 0.0 
13615.61 0.40 0.0 
14013.81 0.38 0.0 
17909.35 0.41 0.0 
20618.33 0.56 0.0 
21010.05 0.54 0.0 
21381.77 0.31 0.0 
22064.08 0.70 0.0 
22571.84 0.52 0.0 
22663.11 0.34 0.0 
22846.04 0.33 0.0 
22840.17 0.70 0.0 
23770.93 0.49 0.0 
26309.17 0.64 0.0 
30717.29 0.50 0.0 
31571.76 0.39 0.0 
32384.25 0.62 0.0 
32606.68 0.51 0.0 
35619.65 0.42 0.0 
35563.85 0.38 0.0 
36689.29 0.52 0.0 
37274.31 0.31 0.0 
37662.83 0.36 0.0 
38097.41 0.69 0.0 
38980.60 0.44 0.0 
41713.25 0.32 0.0 
42099.57 0.40 0.0 
42789.12 0.35 0.0 
43118.71 0.50 0.0 
43255.29 0.47 0.0 
43794.07 0.30 0.0 
44172.16 0.45 0.0 
44872.65 0.31 0.0 
44995.85 0.86 0.0 
46121.72 0.62 0.0 
46436.77 0.57 0.0 
48088.96 0.31 0.0 
48208.15 0.32 0.0 
48329.15 0.39 0.0 
48688.25 0.34 0.0 
52169.40 0.32 0.0 
53428.91 0.41 0.0 
54163.37 0.51 0.0 
55587.49 0.60 0.0 
56254.12 0.43 0.0 
56726.61 0.37 0.0 
57654.23 0.51 0.0 
58526.57 0.53 0.0 
58824.55 0.47 0.0 
59361.53 0.32 0.0 
59902.21 0.32 0.0 
59995.13 0.58 0.0 
60799.59 0.30 0.0 
62660.49 0.34 0.0 
63412.75 0.31 0.0 
63953.93 0.72 0.0 
65574.25 0.33 0.0 
68143.39 0.44 0.0 
70976.63 0.52 0.0 
71444.09 0.41 0.0 
72694.77 0.60 0.0 
73631.72 0.66 0.0 
76824.45 0.33 0.0 
77039.35 0.55 0.0 
77039.37 0.32 0.0 
78538.09 0.53 0.0 
78733.11 0.34 0.0 
79706.37 0.35 0.0 
80249.15 0.46 0.0 
80425.17 0.53 0.0 
80425.13 0.37 0.0 
80733.55 0.40 0.0 
81658.69 0.56 0.0 
84307.81 0.34 0.0 
85121.49 0.52 0.0 
