396.31 0.35 0.0 
361.27 0.32 0.0 
396.31 0.34 0.0 
421.31 0.34 0.0 
769.55 0.49 0.0 
769.53 0.46 0.0 
717.33 0.31 0.0 
842.81 0.44 0.0 
872.77 0.58 0.0 
842.81 0.33 0.0 
1012.65 0.30 0.0 
2292.71 0.34 0.0 
2292.77 0.54 0.0 
2520.73 0.32 0.0 
2519.44 0.45 0.0 
3231.09 0.42 0.0 
3427.89 0.42 0.0 
3427.85 0.57 0.0 
3647.01 0.54 0.0 
3646.99 0.38 0.0 
3735.69 0.47 0.0 
3735.69 0.49 0.0 
3811.51 0.42 0.0 
4080.57 0.32 0.0 
4817.29 0.65 0.0 
4935.60 0.38 0.0 
5023.53 0.33 0.0 
5358.39 0.32 0.0 
6087.43 0.33 0.0 
6284.07 0.42 0.0 
6382.71 0.40 0.0 
6540.44 0.39 0.0 
6608.35 0.37 0.0 
7794.84 0.45 0.0 
8108.93 0.31 0.0 
7995.53 0.47 0.0 
8220.16 0.41 0.0 
8108.87 0.44 0.0 
8346.07 0.32 0.0 
8346.03 0.43 0.0 
8611.61 0.37 0.0 
8812.79 0.37 0.0 
8812.73 0.35 0.0 
9856.77 0.45 0.0 
9990.91 0.33 0.0 
9974.71 0.38 0.0 
10486.71 0.41 0.0 
10486.73 0.31 0.0 
10597.71 0.33 0.0 
10730.97 0.36 0.0 
11208.05 0.41 0.0 
11281.66 0.36 0.0 
11383.27 0.41 0.0 
11474.59 0.34 0.0 
11972.31 0.32 0.0 
12368.99 0.36 0.0 
12572.95 0.43 0.0 
13077.07 0.39 0.0 
13310.77 0.51 0.0 
13529.91 0.38 0.0 
14380.05 0.40 0.0 
14417.97 0.48 0.0 
14380.00 0.35 0.0 
14417.99 0.49 0.0 
14578.85 0.33 0.0 
14655.27 0.73 0.0 
14913.84 0.94 0.0 
14925.77 0.66 0.0 
14913.84 0.95 0.0 
14925.72 0.67 0.0 
15646.00 0.51 0.0 
15646.03 0.38 0.0 
16180.95 0.34 0.0 
16205.39 0.44 0.0 
16352.45 0.33 0.0 
16904.34 0.36 0.0 
17357.39 0.40 0.0 
17585.95 0.41 0.0 
17701.21 0.57 0.0 
17764.25 0.53 0.0 
17764.27 0.56 0.0 
17885.01 0.33 0.0 
18449.89 0.54 0.0 
18534.45 0.45 0.0 
18793.75 0.34 0.0 
18793.77 0.31 0.0 
18902.79 0.33 0.0 
20237.92 0.40 0.0 
20321.29 0.37 0.0 
20625.77 0.45 0.0 
20835.37 0.37 0.0 
21051.35 0.33 0.0 
21269.09 0.36 0.0 
21424.93 0.41 0.0 
21346.95 0.32 0.0 
21424.91 0.47 0.0 
21693.89 0.48 0.0 
21693.88 0.44 0.0 
21973.13 0.40 0.0 
22946.92 0.37 0.0 
23154.29 0.38 0.0 
23638.59 0.31 0.0 
23785.99 0.43 0.0 
24323.33 0.43 0.0 
24323.32 0.31 0.0 
24658.63 0.43 0.0 
24850.79 0.32 0.0 
25035.65 0.48 0.0 
25035.63 0.32 0.0 
25284.83 0.38 0.0 
25323.60 0.42 0.0 
25718.35 0.36 0.0 
25816.99 0.30 0.0 
26288.23 0.32 0.0 
26458.13 0.35 0.0 
26458.11 0.34 0.0 
27995.41 0.36 0.0 
27995.40 0.55 0.0 
28817.16 0.38 0.0 
29540.13 0.36 0.0 
30266.09 0.60 0.0 
30371.12 0.37 0.0 
30599.35 0.30 0.0 
31132.29 0.39 0.0 
31710.47 0.60 0.0 
31845.62 0.65 0.0 
32072.83 0.34 0.0 
32265.99 0.33 0.0 
32735.57 0.47 0.0 
33255.15 0.45 0.0 
33272.17 0.34 0.0 
33468.57 0.32 0.0 
33468.53 0.46 0.0 
33815.53 0.65 0.0 
33815.50 0.65 0.0 
35025.61 0.51 0.0 
35124.87 0.34 0.0 
35147.57 0.46 0.0 
35361.41 0.37 0.0 
35361.45 0.37 0.0 
35400.57 0.47 0.0 
35400.53 0.54 0.0 
35629.56 0.33 0.0 
36088.50 0.49 0.0 
36866.55 0.36 0.0 
36994.69 0.36 0.0 
36938.36 0.30 0.0 
37011.15 0.41 0.0 
36901.77 0.59 0.0 
37112.99 0.44 0.0 
37113.09 0.56 0.0 
37354.83 0.42 0.0 
37757.31 0.44 0.0 
38118.30 0.60 0.0 
38602.07 0.32 0.0 
39077.60 0.38 0.0 
39124.93 0.54 0.0 
39124.93 0.46 0.0 
39559.68 0.46 0.0 
40021.93 0.32 0.0 
40590.53 0.34 0.0 
40972.46 0.36 0.0 
41634.83 0.34 0.0 
41777.76 0.42 0.0 
42135.65 0.69 0.0 
42761.74 0.32 0.0 
43681.64 0.59 0.0 
44641.93 0.51 0.0 
44641.83 0.33 0.0 
45541.23 0.36 0.0 
46095.53 0.53 0.0 
47057.67 0.33 0.0 
47156.23 0.30 0.0 
47520.75 0.40 0.0 
47728.85 0.38 0.0 
48295.35 0.40 0.0 
49756.47 0.55 0.0 
50253.73 0.34 0.0 
50253.72 0.33 0.0 
50397.49 0.36 0.0 
50624.00 0.35 0.0 
50839.01 0.37 0.0 
51798.67 0.43 0.0 
53176.88 0.41 0.0 
54745.12 0.33 0.0 
54812.59 0.37 0.0 
54849.88 0.51 0.0 
54973.51 0.34 0.0 
56720.39 0.36 0.0 
57054.55 0.36 0.0 
58608.33 0.36 0.0 
61214.66 0.36 0.0 
62438.19 0.30 0.0 
62686.07 0.34 0.0 
62845.84 0.37 0.0 
63226.15 0.34 0.0 
64185.67 0.31 0.0 
64366.87 0.46 0.0 
64433.41 0.49 0.0 
65215.65 0.41 0.0 
65112.99 0.30 0.0 
65337.41 0.36 0.0 
65288.65 0.34 0.0 
65689.97 0.35 0.0 
65807.92 0.36 0.0 
65912.69 0.38 0.0 
65912.65 0.39 0.0 
66241.32 0.46 0.0 
66588.15 0.30 0.0 
66904.20 0.41 0.0 
67097.47 0.37 0.0 
67476.25 0.64 0.0 
67533.75 0.37 0.0 
67956.12 0.31 0.0 
67998.23 0.32 0.0 
68025.50 0.30 0.0 
68795.98 0.58 0.0 
68951.59 0.31 0.0 
69073.51 0.35 0.0 
69331.35 0.46 0.0 
69566.95 0.33 0.0 
70397.59 0.36 0.0 
70502.49 0.39 0.0 
70904.97 0.36 0.0 
71118.40 0.34 0.0 
71218.57 0.37 0.0 
71571.11 0.45 0.0 
73607.25 0.52 0.0 
73679.67 0.39 0.0 
74685.89 0.67 0.0 
76169.82 0.71 0.0 
76244.65 0.47 0.0 
76169.87 0.51 0.0 
79458.63 0.33 0.0 
79620.73 0.41 0.0 
80300.49 0.53 0.0 
80300.49 0.45 0.0 
81644.99 0.35 0.0 
82098.15 0.31 0.0 
83390.96 0.59 0.0 
84014.31 0.36 0.0 
84273.17 0.36 0.0 
84427.97 0.56 0.0 
85036.99 0.47 0.0 
85399.61 0.52 0.0 
85651.89 0.40 0.0 
