2371.49 0.46 0.0 
3591.23 0.42 0.0 
3828.48 0.83 0.0 
3848.00 0.32 0.0 
3828.48 0.41 0.0 
4035.63 0.77 0.0 
5055.83 0.45 0.0 
5027.24 0.72 0.0 
5035.76 0.47 0.0 
5117.64 0.71 0.0 
5955.33 0.92 0.0 
8530.85 0.51 0.0 
8896.05 0.45 0.0 
9773.39 0.36 0.0 
10131.65 0.52 0.0 
10135.03 0.39 0.0 
10131.63 0.41 0.0 
10135.05 0.31 0.0 
10617.17 0.35 0.0 
10669.99 0.33 0.0 
11542.64 0.48 0.0 
11542.63 0.39 0.0 
11550.83 0.58 0.0 
11858.44 0.36 0.0 
12370.93 0.69 0.0 
12370.89 0.68 0.0 
12496.33 0.33 0.0 
12828.31 0.57 0.0 
13307.60 0.42 0.0 
13313.84 0.33 0.0 
13320.61 0.65 0.0 
13318.87 0.32 0.0 
13320.66 0.81 0.0 
13721.67 0.34 0.0 
13787.52 0.50 0.0 
14779.98 0.77 0.0 
14779.98 0.77 0.0 
14943.11 0.36 0.0 
14979.57 0.44 0.0 
14984.41 0.80 0.0 
15117.80 0.92 0.0 
15117.81 0.92 0.0 
15078.57 0.38 0.0 
15175.31 0.37 0.0 
15228.22 0.57 0.0 
15175.31 0.82 0.0 
15228.21 0.38 0.0 
15239.59 0.35 0.0 
15379.00 0.63 0.0 
15382.83 0.36 0.0 
15378.98 0.88 0.0 
15496.21 0.39 0.0 
15391.89 0.30 0.0 
15496.20 0.36 0.0 
16606.53 0.31 0.0 
18964.73 0.35 0.0 
19112.36 0.73 0.0 
18990.97 0.33 0.0 
19112.34 0.91 0.0 
19680.35 0.38 0.0 
19743.23 0.39 0.0 
21288.48 0.81 0.0 
21288.47 0.71 0.0 
21963.96 0.33 0.0 
22051.51 0.36 0.0 
22555.47 0.58 0.0 
22555.45 0.74 0.0 
22628.19 0.33 0.0 
24053.87 0.41 0.0 
25137.40 0.48 0.0 
25630.24 0.30 0.0 
26184.67 0.69 0.0 
26305.72 0.37 0.0 
26474.60 0.70 0.0 
26836.80 0.36 0.0 
28968.11 0.31 0.0 
28968.15 0.43 0.0 
29145.55 0.34 0.0 
32085.51 0.37 0.0 
32091.91 0.65 0.0 
32085.21 0.55 0.0 
32091.90 0.79 0.0 
33850.15 0.36 0.0 
33850.11 0.36 0.0 
34505.51 0.38 0.0 
34960.67 0.32 0.0 
35010.45 0.48 0.0 
35812.23 0.33 0.0 
37307.37 0.32 0.0 
39309.33 0.44 0.0 
39316.38 0.39 0.0 
39320.03 0.36 0.0 
39958.59 0.36 0.0 
40637.89 0.74 0.0 
41205.44 0.52 0.0 
41563.83 0.33 0.0 
41760.56 0.51 0.0 
42020.96 0.78 0.0 
42020.95 0.45 0.0 
42430.51 0.47 0.0 
42421.41 0.55 0.0 
42430.49 0.43 0.0 
42594.17 0.31 0.0 
42758.21 0.37 0.0 
42868.69 0.43 0.0 
42880.99 0.73 0.0 
42858.88 0.43 0.0 
42893.73 0.66 0.0 
42893.73 0.60 0.0 
42917.73 0.58 0.0 
43388.01 0.52 0.0 
43798.57 0.35 0.0 
43746.67 0.36 0.0 
43758.17 0.57 0.0 
43798.49 0.41 0.0 
43758.13 0.41 0.0 
43890.23 0.44 0.0 
44776.25 0.53 0.0 
44927.53 0.72 0.0 
45267.39 0.34 0.0 
50326.33 0.77 0.0 
58067.55 0.52 0.0 
62224.83 0.36 0.0 
63706.91 0.37 0.0 
70262.71 0.34 0.0 
74614.35 0.42 0.0 
74614.43 0.63 0.0 
75707.95 0.37 0.0 
76051.37 0.63 0.0 
76422.03 0.36 0.0 
76422.11 0.61 0.0 
79336.93 0.31 0.0 
79876.36 0.68 0.0 
80194.17 0.61 0.0 
82482.59 0.53 0.0 
82482.60 0.66 0.0 
83517.51 0.44 0.0 
84780.96 0.74 0.0 
84780.95 0.82 0.0 
84860.61 0.73 0.0 
85576.57 0.54 0.0 
85875.91 0.47 0.0 
85875.95 0.40 0.0 
