293.97 0.38 0.0 
1652.03 0.43 0.0 
1652.05 0.50 0.0 
4587.40 0.44 0.0 
4708.43 0.58 0.0 
4690.37 0.62 0.0 
4829.20 0.36 0.0 
4988.17 0.36 0.0 
5009.01 0.43 0.0 
5090.65 0.38 0.0 
5223.39 0.37 0.0 
5711.45 0.63 0.0 
5645.77 0.47 0.0 
5923.84 0.46 0.0 
5932.05 0.58 0.0 
6160.00 0.45 0.0 
6433.53 0.78 0.0 
6556.41 0.37 0.0 
6654.44 0.38 0.0 
6654.48 0.54 0.0 
6951.29 0.67 0.0 
7104.67 0.35 0.0 
7294.77 0.33 0.0 
7305.99 0.44 0.0 
7439.02 0.92 0.0 
7408.12 0.84 0.0 
7739.51 0.49 0.0 
7784.36 0.58 0.0 
8818.64 0.51 0.0 
9418.76 0.32 0.0 
9568.68 0.30 0.0 
9791.07 0.81 0.0 
9749.20 0.65 0.0 
9837.48 0.86 0.0 
10093.85 0.41 0.0 
10244.42 0.87 0.0 
10173.43 0.33 0.0 
10229.28 0.63 0.0 
10608.51 0.42 0.0 
11845.20 0.34 0.0 
11845.20 0.46 0.0 
13138.21 0.43 0.0 
13608.83 0.31 0.0 
14124.03 0.36 0.0 
14474.28 0.38 0.0 
14429.49 0.57 0.0 
14904.36 0.32 0.0 
15268.41 0.30 0.0 
16289.24 0.40 0.0 
17627.91 0.42 0.0 
17957.71 0.73 0.0 
17957.67 0.50 0.0 
19002.11 0.38 0.0 
19048.92 0.30 0.0 
19698.55 0.55 0.0 
19780.72 0.86 0.0 
19857.56 0.60 0.0 
19919.44 0.88 0.0 
19934.55 0.41 0.0 
20488.75 0.66 0.0 
20488.78 0.87 0.0 
20969.12 0.40 0.0 
21106.97 0.32 0.0 
21204.36 0.59 0.0 
21204.45 0.58 0.0 
21389.29 0.80 0.0 
21460.49 0.69 0.0 
21460.47 0.65 0.0 
21528.05 0.56 0.0 
21528.03 0.41 0.0 
21628.53 0.38 0.0 
21658.13 0.59 0.0 
21883.32 0.35 0.0 
21809.51 0.37 0.0 
22233.00 0.44 0.0 
22498.97 0.58 0.0 
23159.37 0.33 0.0 
23893.63 0.64 0.0 
24202.79 0.33 0.0 
24629.44 0.66 0.0 
25467.95 0.93 0.0 
25668.40 0.55 0.0 
25913.82 0.33 0.0 
28724.51 0.64 0.0 
28891.72 0.59 0.0 
28893.08 0.39 0.0 
29128.83 0.53 0.0 
29249.44 0.60 0.0 
29429.48 0.39 0.0 
31253.88 0.32 0.0 
32802.36 0.36 0.0 
32802.32 0.42 0.0 
33247.89 0.38 0.0 
33748.83 0.31 0.0 
33748.93 0.83 0.0 
36987.77 0.33 0.0 
37589.57 0.55 0.0 
39034.17 0.46 0.0 
39179.13 0.58 0.0 
41879.51 0.79 0.0 
42299.41 0.54 0.0 
42419.17 0.37 0.0 
43181.03 0.90 0.0 
43181.01 0.64 0.0 
44357.40 0.47 0.0 
45001.53 0.79 0.0 
45004.69 0.39 0.0 
47210.60 0.35 0.0 
47848.53 0.54 0.0 
48582.88 0.84 0.0 
48618.21 0.54 0.0 
48916.86 0.35 0.0 
49555.57 0.48 0.0 
50718.47 0.50 0.0 
51095.00 0.42 0.0 
52303.37 0.48 0.0 
53834.33 0.59 0.0 
54854.48 0.49 0.0 
55319.51 0.39 0.0 
56024.29 0.51 0.0 
56868.37 0.34 0.0 
57524.40 0.67 0.0 
58578.65 0.30 0.0 
60242.33 0.41 0.0 
61724.56 0.46 0.0 
61765.88 0.42 0.0 
61765.92 0.46 0.0 
61893.21 0.65 0.0 
62174.21 0.55 0.0 
62448.07 0.31 0.0 
62839.17 0.33 0.0 
63597.24 0.47 0.0 
64604.05 0.37 0.0 
65993.15 0.31 0.0 
65993.13 0.60 0.0 
66245.91 0.33 0.0 
67229.19 0.36 0.0 
67513.81 0.56 0.0 
67546.99 0.39 0.0 
68058.37 0.50 0.0 
68078.33 0.49 0.0 
68613.95 0.31 0.0 
69344.05 0.32 0.0 
69919.55 0.47 0.0 
70289.58 0.56 0.0 
70953.68 0.38 0.0 
70979.16 0.45 0.0 
71294.44 0.50 0.0 
71546.47 0.49 0.0 
72927.49 0.43 0.0 
73606.87 0.36 0.0 
74954.56 0.72 0.0 
75861.75 0.32 0.0 
76149.95 0.35 0.0 
76182.64 0.61 0.0 
76149.89 0.41 0.0 
76444.11 0.35 0.0 
77035.44 0.60 0.0 
77035.40 0.31 0.0 
77148.84 0.36 0.0 
77489.05 0.49 0.0 
77996.12 0.31 0.0 
78333.71 0.35 0.0 
79349.19 0.87 0.0 
80143.53 0.41 0.0 
80547.41 0.41 0.0 
80687.25 0.33 0.0 
81524.33 0.50 0.0 
81948.07 0.48 0.0 
83159.08 0.90 0.0 
83456.17 0.75 0.0 
85493.52 0.32 0.0 
