3193.85 0.32 0.0 
4431.27 0.46 0.0 
5090.19 0.43 0.0 
5573.83 0.87 0.0 
5606.89 0.60 0.0 
5573.83 0.79 0.0 
5606.87 0.78 0.0 
5833.61 0.48 0.0 
6960.79 0.32 0.0 
11106.16 0.40 0.0 
15664.71 0.58 0.0 
16054.04 0.53 0.0 
17387.43 0.31 0.0 
20620.49 0.37 0.0 
22576.45 0.53 0.0 
22841.25 0.50 0.0 
22841.26 0.63 0.0 
23085.48 0.64 0.0 
23085.47 0.40 0.0 
24186.49 0.34 0.0 
26580.93 0.32 0.0 
27601.39 0.40 0.0 
29805.65 0.55 0.0 
35043.57 0.39 0.0 
44214.93 0.46 0.0 
45840.45 0.45 0.0 
47130.93 0.39 0.0 
48263.69 0.35 0.0 
48466.56 0.60 0.0 
49426.07 0.33 0.0 
49501.83 0.32 0.0 
53486.41 0.46 0.0 
55222.01 0.51 0.0 
56620.68 0.44 0.0 
57041.13 0.36 0.0 
57452.14 0.55 0.0 
57921.33 0.33 0.0 
58125.44 0.51 0.0 
60001.07 0.33 0.0 
60312.19 0.42 0.0 
60312.15 0.31 0.0 
60360.75 0.32 0.0 
60801.19 0.35 0.0 
61996.41 0.38 0.0 
62385.87 0.54 0.0 
63861.60 0.56 0.0 
65160.45 0.62 0.0 
65393.45 0.31 0.0 
65850.55 0.39 0.0 
65898.03 0.30 0.0 
66360.44 0.69 0.0 
67006.93 0.50 0.0 
67022.84 0.59 0.0 
67830.93 0.39 0.0 
70343.71 0.35 0.0 
70343.73 0.41 0.0 
70982.79 0.31 0.0 
71421.13 0.55 0.0 
72698.05 0.63 0.0 
72698.05 0.56 0.0 
72960.77 0.35 0.0 
73150.49 0.35 0.0 
74311.13 0.31 0.0 
74761.53 0.52 0.0 
76155.47 0.32 0.0 
76280.89 0.32 0.0 
76234.73 0.37 0.0 
77042.58 0.78 0.0 
77042.57 0.70 0.0 
77848.72 0.39 0.0 
77848.81 0.41 0.0 
77902.72 0.45 0.0 
77971.41 0.33 0.0 
78828.76 0.53 0.0 
79531.01 0.30 0.0 
79800.81 0.46 0.0 
80521.16 0.67 0.0 
80611.51 0.42 0.0 
80869.80 0.52 0.0 
80970.51 0.34 0.0 
82236.33 0.39 0.0 
82997.25 0.56 0.0 
83462.29 0.42 0.0 
83848.77 0.62 0.0 
83848.73 0.36 0.0 
84229.01 0.48 0.0 
84974.03 0.43 0.0 
85220.24 0.33 0.0 
