144.05 0.39 0.0 
349.32 0.51 0.0 
2328.96 0.53 0.0 
2328.93 0.74 0.0 
2712.52 0.64 0.0 
3846.77 0.54 0.0 
3993.09 0.35 0.0 
3993.06 0.54 0.0 
5279.22 0.45 0.0 
6439.81 0.48 0.0 
6439.82 0.70 0.0 
7407.25 0.34 0.0 
7407.25 0.73 0.0 
8527.24 0.51 0.0 
8534.27 0.78 0.0 
8728.48 0.74 0.0 
8728.49 0.34 0.0 
9773.25 0.39 0.0 
10131.50 0.45 0.0 
10131.54 0.62 0.0 
10273.88 0.84 0.0 
10764.32 0.47 0.0 
10764.32 0.49 0.0 
11474.19 0.32 0.0 
11539.89 0.69 0.0 
11539.89 0.89 0.0 
12368.84 0.55 0.0 
12368.85 0.61 0.0 
12628.62 0.80 0.0 
12974.51 0.81 0.0 
13271.94 0.94 0.0 
13271.93 0.47 0.0 
13720.65 0.74 0.0 
13787.46 0.32 0.0 
13768.99 0.58 0.0 
13720.63 0.59 0.0 
14122.80 0.89 0.0 
14122.80 0.77 0.0 
14779.12 0.65 0.0 
14779.12 0.69 0.0 
14892.09 0.95 0.0 
14892.09 0.62 0.0 
15012.97 0.33 0.0 
14947.49 0.37 0.0 
14939.49 0.50 0.0 
14984.36 0.33 0.0 
14975.09 0.51 0.0 
14979.50 0.46 0.0 
14983.51 0.50 0.0 
15116.49 0.41 0.0 
15133.85 0.36 0.0 
15116.50 0.84 0.0 
15077.87 0.32 0.0 
15209.23 0.58 0.0 
15234.40 0.56 0.0 
15314.21 0.47 0.0 
15325.19 0.51 0.0 
15299.09 0.46 0.0 
15348.29 0.63 0.0 
15376.00 0.39 0.0 
15376.84 0.83 0.0 
15496.14 0.69 0.0 
15759.08 0.55 0.0 
15759.08 0.64 0.0 
16559.09 0.41 0.0 
16559.01 0.89 0.0 
17377.77 0.47 0.0 
17377.77 0.60 0.0 
17621.72 0.35 0.0 
18868.25 0.49 0.0 
18902.26 0.35 0.0 
18877.13 0.38 0.0 
19646.37 0.33 0.0 
19742.79 0.53 0.0 
19742.77 0.69 0.0 
21288.23 0.92 0.0 
21288.22 0.92 0.0 
21703.69 0.34 0.0 
21963.75 0.78 0.0 
21963.73 0.72 0.0 
22049.08 0.77 0.0 
22553.05 0.38 0.0 
22558.99 0.89 0.0 
22628.01 0.64 0.0 
22628.02 0.72 0.0 
23378.81 0.49 0.0 
23378.73 0.74 0.0 
23745.80 0.32 0.0 
24053.85 0.38 0.0 
24052.05 0.44 0.0 
24172.96 0.64 0.0 
24172.93 0.74 0.0 
24953.48 0.91 0.0 
24953.48 0.92 0.0 
25135.13 0.34 0.0 
25629.96 0.88 0.0 
25629.97 0.46 0.0 
26084.39 0.35 0.0 
26175.95 0.33 0.0 
26229.80 0.44 0.0 
26305.47 0.92 0.0 
26305.48 0.92 0.0 
26470.70 0.82 0.0 
26470.70 0.83 0.0 
26841.96 0.37 0.0 
27258.95 0.31 0.0 
27417.89 0.68 0.0 
27668.89 0.39 0.0 
27777.61 0.74 0.0 
27899.23 0.92 0.0 
28496.12 0.44 0.0 
28496.10 0.90 0.0 
28767.22 0.66 0.0 
28781.95 0.59 0.0 
28965.63 0.56 0.0 
28965.65 0.53 0.0 
29145.33 0.46 0.0 
29145.25 0.52 0.0 
29392.73 0.65 0.0 
29392.75 0.68 0.0 
29821.00 0.61 0.0 
29914.56 0.70 0.0 
29914.56 0.65 0.0 
30644.77 0.31 0.0 
31334.43 0.97 0.0 
31334.45 0.45 0.0 
32083.03 0.74 0.0 
31964.99 0.57 0.0 
32088.87 0.76 0.0 
32083.03 0.61 0.0 
32088.85 0.66 0.0 
32595.59 0.91 0.0 
32595.60 0.87 0.0 
33227.61 0.84 0.0 
33227.61 0.81 0.0 
33762.73 0.47 0.0 
33849.89 0.87 0.0 
33849.90 0.85 0.0 
34062.67 0.66 0.0 
34505.37 0.37 0.0 
34505.37 0.51 0.0 
35171.60 0.89 0.0 
35171.59 0.88 0.0 
35811.93 0.83 0.0 
35811.94 0.82 0.0 
36539.72 0.63 0.0 
36805.88 0.48 0.0 
37246.01 0.60 0.0 
37246.00 0.77 0.0 
37891.69 0.38 0.0 
37891.69 0.65 0.0 
38588.72 0.43 0.0 
39306.67 0.85 0.0 
39740.25 0.37 0.0 
39958.28 0.53 0.0 
39958.28 0.93 0.0 
40379.05 0.33 0.0 
40680.18 0.43 0.0 
41366.41 0.91 0.0 
41366.41 0.66 0.0 
41587.11 0.38 0.0 
41788.33 0.58 0.0 
41924.47 0.71 0.0 
42013.47 0.51 0.0 
42015.57 0.92 0.0 
42015.57 0.86 0.0 
42060.03 0.81 0.0 
42429.07 0.47 0.0 
42429.09 0.39 0.0 
42575.89 0.35 0.0 
42575.89 0.65 0.0 
42730.12 0.77 0.0 
42730.13 0.33 0.0 
42752.93 0.40 0.0 
42868.40 0.38 0.0 
42885.81 0.31 0.0 
43092.68 0.75 0.0 
43137.61 0.35 0.0 
43409.57 0.96 0.0 
43455.01 0.40 0.0 
43553.04 0.40 0.0 
43544.08 0.74 0.0 
43793.04 0.32 0.0 
43755.93 0.52 0.0 
43793.04 0.45 0.0 
43755.91 0.64 0.0 
43890.09 0.81 0.0 
44731.80 0.42 0.0 
44925.09 0.46 0.0 
46118.51 0.38 0.0 
46814.36 0.85 0.0 
48174.24 0.55 0.0 
48888.37 0.48 0.0 
49564.37 0.55 0.0 
50281.33 0.39 0.0 
51018.85 0.52 0.0 
51018.89 0.50 0.0 
51696.33 0.36 0.0 
53720.44 0.44 0.0 
54447.67 0.89 0.0 
54447.72 0.41 0.0 
55178.90 0.35 0.0 
55178.89 0.75 0.0 
55571.95 0.66 0.0 
55863.25 0.40 0.0 
56058.19 0.35 0.0 
56536.25 0.74 0.0 
56536.28 0.42 0.0 
57275.77 0.31 0.0 
58499.37 0.42 0.0 
58743.51 0.41 0.0 
59466.28 0.43 0.0 
59466.20 0.56 0.0 
60141.40 0.56 0.0 
60141.44 0.51 0.0 
60829.14 0.30 0.0 
61509.51 0.39 0.0 
62024.05 0.35 0.0 
62224.60 0.41 0.0 
62967.48 0.37 0.0 
63698.61 0.31 0.0 
64434.25 0.34 0.0 
65141.54 0.44 0.0 
65141.49 0.58 0.0 
66021.21 0.33 0.0 
66758.73 0.59 0.0 
67693.08 0.80 0.0 
67693.14 0.33 0.0 
68551.69 0.44 0.0 
69365.05 0.41 0.0 
71033.56 0.56 0.0 
71033.54 0.47 0.0 
71954.18 0.76 0.0 
71954.26 0.46 0.0 
73710.12 0.59 0.0 
74614.21 0.31 0.0 
74614.20 0.73 0.0 
75551.57 0.51 0.0 
76133.88 0.79 0.0 
76149.78 0.66 0.0 
76149.80 0.62 0.0 
76133.88 0.76 0.0 
76421.89 0.50 0.0 
76421.88 0.73 0.0 
78356.09 0.51 0.0 
78356.08 0.81 0.0 
79336.88 0.45 0.0 
79875.20 0.54 0.0 
81431.89 0.43 0.0 
81472.73 0.46 0.0 
81472.73 0.64 0.0 
82482.31 0.51 0.0 
82482.35 0.68 0.0 
82945.87 0.55 0.0 
82945.89 0.70 0.0 
83517.35 0.65 0.0 
83517.29 0.51 0.0 
84581.13 0.38 0.0 
84581.13 0.71 0.0 
84683.25 0.34 0.0 
84856.89 0.41 0.0 
85121.28 0.42 0.0 
85483.14 0.90 0.0 
85422.25 0.63 0.0 
85572.27 0.30 0.0 
85483.11 0.60 0.0 
