651.11 0.31 0.0 
2202.05 0.33 0.0 
2304.65 0.43 0.0 
2796.95 0.61 0.0 
3472.12 0.38 0.0 
3472.12 0.62 0.0 
4157.97 0.32 0.0 
5125.43 0.68 0.0 
6414.44 0.67 0.0 
7505.47 0.30 0.0 
12802.02 0.75 0.0 
13259.21 0.70 0.0 
14201.01 0.52 0.0 
14891.13 0.57 0.0 
15710.39 0.46 0.0 
18911.75 0.38 0.0 
21117.27 0.58 0.0 
23035.75 0.40 0.0 
22888.03 0.75 0.0 
24608.31 0.48 0.0 
25799.55 0.58 0.0 
26082.68 0.40 0.0 
26795.23 0.35 0.0 
27760.91 0.87 0.0 
28737.90 0.31 0.0 
29857.76 0.42 0.0 
29951.12 0.79 0.0 
31959.60 0.38 0.0 
32561.40 0.45 0.0 
33973.03 0.39 0.0 
33931.27 0.44 0.0 
34539.87 0.90 0.0 
35424.96 0.50 0.0 
37059.13 0.33 0.0 
37090.77 0.46 0.0 
37328.88 0.46 0.0 
36688.95 0.65 0.0 
37535.95 0.33 0.0 
37898.01 0.34 0.0 
39218.47 0.46 0.0 
39892.84 0.75 0.0 
40310.05 0.54 0.0 
39547.91 0.50 0.0 
39943.16 0.32 0.0 
41575.51 0.36 0.0 
41426.65 0.41 0.0 
41488.73 0.43 0.0 
41488.72 0.66 0.0 
45364.63 0.80 0.0 
46333.99 0.63 0.0 
47262.75 0.31 0.0 
47007.21 0.48 0.0 
47980.99 0.59 0.0 
47262.80 0.89 0.0 
47936.15 0.82 0.0 
48700.83 0.39 0.0 
49172.96 0.41 0.0 
51119.08 0.48 0.0 
50589.55 0.70 0.0 
51378.28 0.43 0.0 
51663.31 0.32 0.0 
52407.73 0.32 0.0 
54608.39 0.79 0.0 
54648.75 0.32 0.0 
54648.76 0.46 0.0 
57490.19 0.81 0.0 
57530.09 0.32 0.0 
58043.43 0.46 0.0 
58147.57 0.33 0.0 
62655.93 0.51 0.0 
62655.83 0.58 0.0 
63853.71 0.81 0.0 
64496.01 0.82 0.0 
78819.31 0.83 0.0 
80732.17 0.37 0.0 
81013.33 0.54 0.0 
82771.27 0.39 0.0 
83066.59 0.42 0.0 
83907.33 0.32 0.0 
83951.31 0.40 0.0 
84639.88 0.39 0.0 
86261.91 0.69 0.0 
86261.91 0.88 0.0 
