379.41 0.77 0.0 
173.80 0.49 0.0 
651.16 0.86 0.0 
1896.50 0.66 0.0 
1457.58 0.82 0.0 
1896.54 0.45 0.0 
2797.11 0.59 0.0 
2476.64 0.64 0.0 
3423.84 0.70 0.0 
4096.95 0.44 0.0 
5744.00 0.39 0.0 
5125.48 0.39 0.0 
6416.19 0.38 0.0 
6998.83 0.42 0.0 
9462.20 0.66 0.0 
9829.95 0.36 0.0 
9829.98 0.64 0.0 
9462.22 0.49 0.0 
10044.71 0.34 0.0 
10044.75 0.44 0.0 
10824.87 0.58 0.0 
10637.19 0.37 0.0 
12530.00 0.34 0.0 
12529.97 0.59 0.0 
12802.02 0.81 0.0 
13928.75 0.39 0.0 
13259.23 0.63 0.0 
14201.13 0.55 0.0 
13928.74 0.82 0.0 
14586.87 0.56 0.0 
14891.15 0.46 0.0 
15710.48 0.73 0.0 
18513.56 0.77 0.0 
18513.55 0.42 0.0 
18728.43 0.68 0.0 
19843.77 0.34 0.0 
21117.27 0.44 0.0 
21825.43 0.32 0.0 
21180.46 0.77 0.0 
23132.55 0.56 0.0 
23341.70 0.53 0.0 
24608.31 0.46 0.0 
24555.48 0.45 0.0 
24855.80 0.79 0.0 
25492.03 0.48 0.0 
25219.73 0.48 0.0 
25491.99 0.46 0.0 
26220.74 0.86 0.0 
26795.36 0.79 0.0 
28737.79 0.33 0.0 
28737.82 0.64 0.0 
31959.60 0.70 0.0 
32221.69 0.59 0.0 
32764.58 0.63 0.0 
33931.34 0.84 0.0 
34539.88 0.81 0.0 
34722.55 0.43 0.0 
35374.56 0.81 0.0 
35516.58 0.48 0.0 
35516.62 0.77 0.0 
35993.35 0.60 0.0 
35993.31 0.62 0.0 
35374.56 0.47 0.0 
36408.78 0.76 0.0 
36688.92 0.68 0.0 
37027.79 0.63 0.0 
37156.59 0.36 0.0 
37156.61 0.60 0.0 
37833.44 0.84 0.0 
39218.56 0.82 0.0 
39218.62 0.37 0.0 
39547.92 0.48 0.0 
40310.07 0.66 0.0 
39892.83 0.61 0.0 
40847.55 0.36 0.0 
40847.50 0.83 0.0 
41426.63 0.70 0.0 
41426.59 0.39 0.0 
43620.96 0.73 0.0 
44480.92 0.70 0.0 
45364.66 0.86 0.0 
47262.82 0.53 0.0 
48700.82 0.81 0.0 
48406.90 0.82 0.0 
47936.14 0.63 0.0 
48406.86 0.82 0.0 
48780.91 0.57 0.0 
48700.79 0.30 0.0 
48980.31 0.31 0.0 
48780.95 0.39 0.0 
50589.63 0.61 0.0 
51154.65 0.33 0.0 
51714.07 0.56 0.0 
51378.28 0.89 0.0 
52212.38 0.48 0.0 
52212.43 0.45 0.0 
52402.83 0.59 0.0 
53283.51 0.49 0.0 
52402.79 0.37 0.0 
53283.50 0.87 0.0 
54608.43 0.34 0.0 
55983.62 0.77 0.0 
56845.87 0.42 0.0 
57490.24 0.76 0.0 
58043.43 0.44 0.0 
62615.48 0.78 0.0 
63853.71 0.42 0.0 
64496.04 0.78 0.0 
71400.47 0.49 0.0 
71400.47 0.81 0.0 
78819.36 0.75 0.0 
83400.20 0.77 0.0 
83641.27 0.38 0.0 
83641.22 0.83 0.0 
83907.36 0.38 0.0 
84812.60 0.70 0.0 
84682.48 0.65 0.0 
85667.91 0.31 0.0 
84682.46 0.80 0.0 
85667.92 0.84 0.0 
86030.57 0.31 0.0 
86030.54 0.78 0.0 
