1395.48 0.75 0.0 
1875.48 0.80 0.0 
1941.70 0.55 0.0 
1857.28 0.36 0.0 
1941.73 0.58 0.0 
2055.55 0.76 0.0 
2298.11 0.62 0.0 
2298.12 0.56 0.0 
2777.03 0.37 0.0 
3159.48 0.30 0.0 
4226.81 0.36 0.0 
4883.50 0.63 0.0 
4226.80 0.45 0.0 
4947.74 0.51 0.0 
4947.75 0.47 0.0 
5793.33 0.42 0.0 
5866.12 0.64 0.0 
6092.44 0.52 0.0 
9540.89 0.37 0.0 
9496.49 0.43 0.0 
9527.18 0.57 0.0 
11365.87 0.55 0.0 
11390.84 0.47 0.0 
14336.40 0.35 0.0 
14336.45 0.66 0.0 
14750.20 0.39 0.0 
15675.51 0.33 0.0 
16229.63 0.30 0.0 
17583.12 0.55 0.0 
17761.00 0.36 0.0 
17583.16 0.52 0.0 
19516.39 0.58 0.0 
18947.83 0.44 0.0 
19556.53 0.35 0.0 
19800.74 0.78 0.0 
20063.80 0.79 0.0 
20063.79 0.87 0.0 
19556.54 0.80 0.0 
21901.12 0.87 0.0 
21673.64 0.89 0.0 
21901.11 0.67 0.0 
23941.30 0.49 0.0 
23776.04 0.40 0.0 
24809.37 0.51 0.0 
29353.83 0.60 0.0 
28948.43 0.67 0.0 
29353.85 0.35 0.0 
29761.17 0.34 0.0 
30649.95 0.77 0.0 
52339.95 0.77 0.0 
73528.51 0.63 0.0 
73530.49 0.46 0.0 
73905.95 0.30 0.0 
81517.24 0.32 0.0 
82680.99 0.66 0.0 
82815.43 0.68 0.0 
82815.46 0.86 0.0 
83403.20 0.75 0.0 
83403.20 0.69 0.0 
85520.43 0.71 0.0 
85520.42 0.93 0.0 
