1739.60 0.39 0.0 
1874.56 0.46 0.0 
2297.92 0.35 0.0 
2208.29 0.44 0.0 
2578.15 0.53 0.0 
2775.55 0.73 0.0 
2773.96 0.90 0.0 
3275.05 0.36 0.0 
4225.56 0.62 0.0 
4240.44 0.47 0.0 
4947.66 0.56 0.0 
4994.44 0.49 0.0 
5653.99 0.66 0.0 
5686.12 0.62 0.0 
7108.99 0.34 0.0 
8640.36 0.34 0.0 
9404.48 0.65 0.0 
9496.42 0.53 0.0 
9539.15 0.44 0.0 
10904.60 0.73 0.0 
9958.84 0.54 0.0 
11083.76 0.78 0.0 
11864.40 0.76 0.0 
12117.37 0.44 0.0 
12508.80 0.34 0.0 
13064.59 0.50 0.0 
14788.96 0.46 0.0 
16039.48 0.37 0.0 
14997.75 0.75 0.0 
16229.58 0.63 0.0 
16334.27 0.47 0.0 
17582.84 0.50 0.0 
16679.40 0.90 0.0 
17582.88 0.32 0.0 
18601.10 0.69 0.0 
18947.35 0.83 0.0 
19554.69 0.51 0.0 
20061.76 0.39 0.0 
19554.69 0.71 0.0 
20414.35 0.49 0.0 
21671.32 0.92 0.0 
22843.32 0.48 0.0 
23292.63 0.59 0.0 
23549.57 0.30 0.0 
24734.38 0.92 0.0 
26008.40 0.44 0.0 
28945.79 0.32 0.0 
29084.44 0.78 0.0 
29353.75 0.60 0.0 
31379.56 0.68 0.0 
33164.39 0.53 0.0 
33882.32 0.54 0.0 
41634.36 0.33 0.0 
46334.31 0.45 0.0 
46693.48 0.32 0.0 
46964.24 0.63 0.0 
50709.64 0.54 0.0 
73525.59 0.54 0.0 
81824.01 0.40 0.0 
81974.44 0.54 0.0 
82784.56 0.97 0.0 
82468.79 0.37 0.0 
85519.67 0.41 0.0 
85979.44 0.44 0.0 
