72.89 0.34 0.0 
193.16 0.81 0.0 
206.27 0.34 0.0 
492.65 0.54 0.0 
1738.60 0.35 0.0 
2103.04 0.32 0.0 
2457.49 0.70 0.0 
2307.71 0.89 0.0 
2802.96 0.68 0.0 
3099.83 0.42 0.0 
3892.93 0.57 0.0 
5600.40 0.61 0.0 
5600.44 0.66 0.0 
6612.89 0.33 0.0 
6733.00 0.37 0.0 
7170.79 0.52 0.0 
7041.13 0.51 0.0 
6876.52 0.67 0.0 
7041.11 0.32 0.0 
7170.81 0.45 0.0 
7674.69 0.54 0.0 
7435.01 0.31 0.0 
7452.49 0.37 0.0 
7705.83 0.41 0.0 
7932.12 0.44 0.0 
9414.09 0.46 0.0 
8990.67 0.51 0.0 
8562.05 0.33 0.0 
9233.32 0.33 0.0 
9359.24 0.41 0.0 
9914.37 0.40 0.0 
9329.17 0.41 0.0 
9283.20 0.42 0.0 
9521.87 0.78 0.0 
9808.92 0.47 0.0 
9808.94 0.76 0.0 
11275.85 0.36 0.0 
11519.24 0.68 0.0 
11172.60 0.35 0.0 
11292.43 0.38 0.0 
12082.95 0.38 0.0 
12082.97 0.30 0.0 
12588.97 0.38 0.0 
13415.59 0.39 0.0 
13415.61 0.66 0.0 
13348.83 0.35 0.0 
14345.45 0.34 0.0 
14685.90 0.62 0.0 
14685.94 0.89 0.0 
13924.12 0.33 0.0 
14136.88 0.36 0.0 
14031.65 0.49 0.0 
15027.32 0.31 0.0 
15124.45 0.40 0.0 
16435.81 0.47 0.0 
16976.13 0.53 0.0 
16325.68 0.34 0.0 
16601.52 0.37 0.0 
16813.44 0.36 0.0 
17826.67 0.40 0.0 
17052.49 0.73 0.0 
17127.83 0.31 0.0 
17504.28 0.38 0.0 
17166.89 0.32 0.0 
18058.04 0.42 0.0 
17504.28 0.74 0.0 
17556.60 0.34 0.0 
17789.04 0.56 0.0 
18269.56 0.32 0.0 
19392.84 0.32 0.0 
18603.01 0.35 0.0 
19617.99 0.44 0.0 
18643.36 0.57 0.0 
18841.05 0.50 0.0 
20092.37 0.30 0.0 
19825.83 0.34 0.0 
20734.13 0.54 0.0 
21293.96 0.80 0.0 
21773.27 0.56 0.0 
21703.04 0.69 0.0 
22392.57 0.48 0.0 
21732.92 0.61 0.0 
22723.71 0.72 0.0 
23819.01 0.40 0.0 
23732.64 0.58 0.0 
23732.67 0.61 0.0 
23804.38 0.63 0.0 
25021.33 0.40 0.0 
24616.63 0.69 0.0 
24616.64 0.68 0.0 
25021.33 0.35 0.0 
25435.97 0.62 0.0 
25094.28 0.33 0.0 
25539.05 0.34 0.0 
26229.49 0.54 0.0 
25435.95 0.58 0.0 
26462.96 0.82 0.0 
26806.25 0.44 0.0 
26934.05 0.41 0.0 
26638.93 0.30 0.0 
26462.93 0.75 0.0 
27539.41 0.44 0.0 
26835.95 0.37 0.0 
27011.73 0.40 0.0 
27910.83 0.37 0.0 
27643.76 0.32 0.0 
27942.69 0.50 0.0 
27760.63 0.63 0.0 
28969.11 0.32 0.0 
28244.19 0.73 0.0 
28879.13 0.46 0.0 
30490.28 0.56 0.0 
30499.24 0.38 0.0 
30490.30 0.82 0.0 
31853.41 0.78 0.0 
31853.33 0.36 0.0 
32232.69 0.42 0.0 
34949.28 0.35 0.0 
36058.99 0.35 0.0 
36557.81 0.54 0.0 
39386.24 0.38 0.0 
46273.85 0.47 0.0 
53873.52 0.33 0.0 
54312.91 0.31 0.0 
54663.77 0.33 0.0 
55017.25 0.39 0.0 
54663.73 0.55 0.0 
54732.36 0.72 0.0 
54919.55 0.66 0.0 
54919.59 0.77 0.0 
55333.91 0.83 0.0 
56586.40 0.36 0.0 
58238.04 0.32 0.0 
58501.09 0.39 0.0 
58062.39 0.43 0.0 
58848.72 0.91 0.0 
58848.73 0.96 0.0 
58223.97 0.53 0.0 
59092.00 0.73 0.0 
58277.01 0.34 0.0 
59091.97 0.76 0.0 
58238.05 0.38 0.0 
59036.55 0.33 0.0 
59568.72 0.31 0.0 
59592.85 0.42 0.0 
59252.21 0.34 0.0 
59795.05 0.60 0.0 
59054.21 0.38 0.0 
59252.25 0.77 0.0 
59104.91 0.44 0.0 
59485.48 0.46 0.0 
59613.89 0.31 0.0 
59485.51 0.57 0.0 
59527.85 0.55 0.0 
59726.97 0.66 0.0 
60417.09 0.33 0.0 
59714.93 0.77 0.0 
59726.95 0.76 0.0 
59795.04 0.67 0.0 
60143.89 0.36 0.0 
60253.93 0.31 0.0 
60143.88 0.80 0.0 
61121.41 0.34 0.0 
61276.84 0.51 0.0 
61283.85 0.34 0.0 
61965.09 0.45 0.0 
61978.62 0.77 0.0 
61121.40 0.56 0.0 
61276.85 0.57 0.0 
62066.88 0.37 0.0 
62603.13 0.59 0.0 
63536.88 0.36 0.0 
64631.05 0.41 0.0 
63990.20 0.49 0.0 
64542.51 0.51 0.0 
64523.66 0.80 0.0 
64912.75 0.60 0.0 
64480.88 0.34 0.0 
64944.97 0.30 0.0 
64912.79 0.50 0.0 
66913.88 0.78 0.0 
67019.43 0.50 0.0 
67153.68 0.41 0.0 
66500.01 0.39 0.0 
66949.01 0.48 0.0 
67504.49 0.38 0.0 
66850.95 0.38 0.0 
66949.04 0.68 0.0 
67002.08 0.39 0.0 
68080.76 0.50 0.0 
67584.59 0.65 0.0 
67584.55 0.51 0.0 
68080.80 0.81 0.0 
68399.95 0.37 0.0 
68530.44 0.39 0.0 
68743.03 0.67 0.0 
68972.01 0.50 0.0 
68551.04 0.31 0.0 
69910.96 0.35 0.0 
69938.95 0.34 0.0 
71098.35 0.44 0.0 
72292.01 0.52 0.0 
72291.97 0.53 0.0 
73359.53 0.32 0.0 
73078.39 0.35 0.0 
72840.97 0.46 0.0 
73412.49 0.54 0.0 
73107.20 0.38 0.0 
73978.88 0.56 0.0 
73530.49 0.35 0.0 
73991.08 0.34 0.0 
73450.75 0.48 0.0 
73364.36 0.33 0.0 
73552.47 0.33 0.0 
73756.16 0.75 0.0 
73595.13 0.44 0.0 
73901.87 0.64 0.0 
73751.86 0.75 0.0 
73756.16 0.64 0.0 
74581.46 0.45 0.0 
74253.80 0.58 0.0 
73824.40 0.34 0.0 
74390.16 0.46 0.0 
74253.84 0.51 0.0 
74172.59 0.65 0.0 
74476.83 0.39 0.0 
74476.87 0.82 0.0 
74581.47 0.70 0.0 
74779.23 0.36 0.0 
75673.82 0.66 0.0 
75358.40 0.61 0.0 
75372.25 0.34 0.0 
76235.15 0.38 0.0 
76355.21 0.32 0.0 
76379.01 0.58 0.0 
76844.35 0.30 0.0 
77104.59 0.41 0.0 
76235.15 0.40 0.0 
76355.17 0.37 0.0 
76720.25 0.59 0.0 
76844.37 0.36 0.0 
77084.04 0.76 0.0 
77441.16 0.54 0.0 
79553.68 0.49 0.0 
80557.01 0.52 0.0 
80158.16 0.69 0.0 
80382.56 0.35 0.0 
