691.35 0.39 0.0 
5232.25 0.37 0.0 
7664.09 0.78 0.0 
9177.11 0.31 0.0 
10104.44 0.34 0.0 
10844.43 0.45 0.0 
10930.53 0.51 0.0 
11184.03 0.62 0.0 
12463.73 0.32 0.0 
12731.77 0.37 0.0 
13484.65 0.31 0.0 
13979.17 0.61 0.0 
15133.69 0.37 0.0 
15207.84 0.39 0.0 
15613.79 0.36 0.0 
15823.69 0.41 0.0 
16330.00 0.67 0.0 
17894.39 0.59 0.0 
18311.45 0.32 0.0 
18311.45 0.83 0.0 
18955.04 0.30 0.0 
19093.87 0.41 0.0 
19049.51 0.37 0.0 
20151.73 0.35 0.0 
20233.39 0.44 0.0 
20504.57 0.30 0.0 
20938.57 0.59 0.0 
21073.09 0.35 0.0 
21345.41 0.32 0.0 
21584.60 0.45 0.0 
21733.18 0.61 0.0 
21658.96 0.32 0.0 
22418.76 0.42 0.0 
22872.81 0.68 0.0 
23492.65 0.58 0.0 
23492.61 0.53 0.0 
24044.48 0.78 0.0 
24099.35 0.30 0.0 
24607.84 0.40 0.0 
24776.52 0.47 0.0 
24974.21 0.31 0.0 
25244.35 0.84 0.0 
25362.89 0.31 0.0 
25469.00 0.61 0.0 
25528.87 0.54 0.0 
26069.52 0.74 0.0 
26696.57 0.58 0.0 
27464.36 0.88 0.0 
27554.51 0.65 0.0 
28046.08 0.44 0.0 
28169.01 0.34 0.0 
28485.43 0.31 0.0 
28694.08 0.90 0.0 
28619.40 0.50 0.0 
28866.28 0.58 0.0 
29039.11 0.31 0.0 
29120.81 0.45 0.0 
29278.72 0.43 0.0 
29354.33 0.47 0.0 
29501.13 0.41 0.0 
29501.13 0.44 0.0 
30163.48 0.42 0.0 
30178.79 0.44 0.0 
30224.41 0.48 0.0 
30413.84 0.37 0.0 
30597.07 0.38 0.0 
30535.03 0.32 0.0 
30808.16 0.83 0.0 
30947.00 0.32 0.0 
30950.44 0.35 0.0 
30943.25 0.62 0.0 
31333.36 0.38 0.0 
31768.85 0.82 0.0 
32172.50 0.87 0.0 
32369.35 0.35 0.0 
32504.38 0.46 0.0 
33138.49 0.76 0.0 
33086.25 0.33 0.0 
33138.48 0.53 0.0 
33314.54 0.85 0.0 
33537.79 0.50 0.0 
33537.80 0.40 0.0 
33704.28 0.34 0.0 
33717.88 0.45 0.0 
33927.31 0.48 0.0 
34274.20 0.68 0.0 
34439.47 0.52 0.0 
34724.57 0.64 0.0 
35022.15 0.32 0.0 
35301.03 0.30 0.0 
35678.36 0.30 0.0 
35913.77 0.31 0.0 
35833.44 0.32 0.0 
35950.79 0.31 0.0 
36374.12 0.71 0.0 
36685.96 0.31 0.0 
37474.17 0.45 0.0 
37454.14 0.31 0.0 
37501.96 0.78 0.0 
37675.57 0.56 0.0 
37675.61 0.35 0.0 
37751.12 0.81 0.0 
37888.20 0.34 0.0 
37888.21 0.80 0.0 
37993.43 0.32 0.0 
38103.97 0.53 0.0 
38104.00 0.58 0.0 
38414.48 0.36 0.0 
38671.95 0.42 0.0 
38744.36 0.61 0.0 
39059.48 0.66 0.0 
38994.83 0.37 0.0 
38953.98 0.75 0.0 
39524.59 0.72 0.0 
39865.24 0.36 0.0 
39880.65 0.35 0.0 
39924.68 0.31 0.0 
40592.43 0.32 0.0 
40592.47 0.38 0.0 
40859.11 0.52 0.0 
41053.43 0.57 0.0 
41068.98 0.87 0.0 
41187.77 0.63 0.0 
41187.81 0.43 0.0 
41278.96 0.45 0.0 
41818.21 0.62 0.0 
41939.28 0.53 0.0 
41818.17 0.32 0.0 
42233.23 0.42 0.0 
42299.13 0.40 0.0 
42780.09 0.43 0.0 
42868.51 0.30 0.0 
43181.59 0.40 0.0 
43297.93 0.55 0.0 
43297.91 0.54 0.0 
43318.24 0.92 0.0 
43721.89 0.32 0.0 
43622.60 0.69 0.0 
43707.52 0.45 0.0 
43622.60 0.75 0.0 
43979.20 0.85 0.0 
44315.07 0.43 0.0 
44562.65 0.70 0.0 
44756.33 0.45 0.0 
44714.48 0.36 0.0 
44760.28 0.31 0.0 
44879.39 0.31 0.0 
45038.97 0.60 0.0 
45024.69 0.34 0.0 
45145.79 0.30 0.0 
45479.15 0.75 0.0 
45530.20 0.32 0.0 
45674.47 0.40 0.0 
45779.37 0.59 0.0 
45674.51 0.45 0.0 
46180.35 0.38 0.0 
46154.48 0.62 0.0 
46483.23 0.79 0.0 
46469.56 0.60 0.0 
46873.01 0.42 0.0 
47034.35 0.82 0.0 
47034.33 0.83 0.0 
47053.66 0.85 0.0 
47504.37 0.32 0.0 
47954.02 0.84 0.0 
48209.45 0.42 0.0 
48521.59 0.43 0.0 
48687.21 0.54 0.0 
48869.49 0.30 0.0 
48944.32 0.37 0.0 
49123.05 0.52 0.0 
49206.79 0.73 0.0 
49228.53 0.33 0.0 
49206.76 0.63 0.0 
49304.00 0.34 0.0 
49645.89 0.81 0.0 
50175.68 0.40 0.0 
50159.24 0.61 0.0 
50458.55 0.37 0.0 
50519.31 0.32 0.0 
50680.45 0.32 0.0 
50471.79 0.63 0.0 
50531.07 0.32 0.0 
50622.83 0.82 0.0 
50802.73 0.74 0.0 
50788.69 0.91 0.0 
50713.37 0.60 0.0 
50856.65 0.58 0.0 
50856.61 0.43 0.0 
51149.25 0.54 0.0 
51224.33 0.37 0.0 
51508.92 0.42 0.0 
51763.69 0.50 0.0 
51717.11 0.93 0.0 
51796.69 0.32 0.0 
51861.76 0.72 0.0 
52079.21 0.30 0.0 
52294.11 0.33 0.0 
52637.93 0.41 0.0 
52709.44 0.49 0.0 
52787.09 0.72 0.0 
52753.68 0.40 0.0 
52787.11 0.95 0.0 
53022.84 0.79 0.0 
53037.96 0.33 0.0 
53218.09 0.38 0.0 
53485.93 0.45 0.0 
53485.92 0.51 0.0 
53683.35 0.34 0.0 
55457.69 0.43 0.0 
55480.73 0.55 0.0 
56309.03 0.53 0.0 
56730.04 0.41 0.0 
56714.28 0.40 0.0 
57253.05 0.31 0.0 
57521.60 0.63 0.0 
57763.93 0.37 0.0 
57972.21 0.58 0.0 
58950.84 0.58 0.0 
59178.26 0.35 0.0 
59537.35 0.33 0.0 
59594.56 0.83 0.0 
60234.38 0.38 0.0 
60242.31 0.43 0.0 
60820.31 0.31 0.0 
61034.23 0.37 0.0 
61797.14 0.68 0.0 
64333.37 0.31 0.0 
65338.21 0.36 0.0 
65547.41 0.34 0.0 
65683.21 0.34 0.0 
66269.09 0.62 0.0 
67214.45 0.58 0.0 
67831.51 0.30 0.0 
68020.51 0.86 0.0 
70409.54 0.59 0.0 
70427.32 0.47 0.0 
70828.99 0.38 0.0 
70888.99 0.86 0.0 
70888.99 0.82 0.0 
70867.31 0.47 0.0 
71314.43 0.63 0.0 
71293.95 0.52 0.0 
71803.49 0.32 0.0 
71803.45 0.43 0.0 
72490.33 0.36 0.0 
72715.23 0.54 0.0 
72898.69 0.39 0.0 
72850.56 0.54 0.0 
73004.28 0.34 0.0 
73655.84 0.34 0.0 
73503.05 0.33 0.0 
73655.88 0.84 0.0 
74377.35 0.36 0.0 
74496.13 0.39 0.0 
74446.92 0.35 0.0 
74791.65 0.48 0.0 
74938.41 0.34 0.0 
75138.41 0.47 0.0 
75179.20 0.44 0.0 
75433.21 0.47 0.0 
75637.92 0.43 0.0 
75637.93 0.30 0.0 
75670.17 0.56 0.0 
75924.36 0.38 0.0 
75929.10 0.80 0.0 
76482.93 0.34 0.0 
76873.57 0.56 0.0 
76873.51 0.78 0.0 
77036.76 0.49 0.0 
77166.99 0.71 0.0 
77173.38 0.64 0.0 
77337.11 0.72 0.0 
77938.14 0.34 0.0 
77949.37 0.40 0.0 
78118.61 0.65 0.0 
78869.17 0.47 0.0 
79374.69 0.33 0.0 
79439.36 0.36 0.0 
79960.99 0.54 0.0 
79983.48 0.33 0.0 
80067.72 0.46 0.0 
80037.91 0.97 0.0 
79983.45 0.40 0.0 
80037.94 0.32 0.0 
80235.29 0.45 0.0 
80263.25 0.53 0.0 
80368.09 0.47 0.0 
80683.05 0.44 0.0 
80667.43 0.35 0.0 
81059.15 0.56 0.0 
81880.28 0.44 0.0 
82093.96 0.46 0.0 
82131.68 0.60 0.0 
82273.08 0.79 0.0 
82708.30 0.37 0.0 
83459.09 0.43 0.0 
83579.03 0.33 0.0 
83927.08 0.60 0.0 
83927.08 0.59 0.0 
84613.11 0.38 0.0 
84929.25 0.68 0.0 
85259.10 0.56 0.0 
85724.21 0.49 0.0 
86037.85 0.35 0.0 
86384.19 0.65 0.0 
