11178.03 0.38 0.0 
17812.47 0.30 0.0 
18313.55 0.78 0.0 
20866.83 0.42 0.0 
22561.51 0.33 0.0 
23494.87 0.39 0.0 
23950.25 0.45 0.0 
24022.21 0.36 0.0 
24110.83 0.38 0.0 
24768.83 0.36 0.0 
24777.87 0.60 0.0 
24768.72 0.37 0.0 
25064.33 0.32 0.0 
25393.37 0.45 0.0 
25936.09 0.46 0.0 
25953.95 0.34 0.0 
25953.95 0.36 0.0 
26395.09 0.31 0.0 
26699.92 0.65 0.0 
27453.23 0.36 0.0 
27570.72 0.32 0.0 
27918.63 0.32 0.0 
28375.59 0.37 0.0 
29491.36 0.46 0.0 
29761.51 0.38 0.0 
29777.95 0.32 0.0 
30107.27 0.30 0.0 
30271.99 0.38 0.0 
30304.87 0.44 0.0 
30334.25 0.41 0.0 
30304.87 0.34 0.0 
30395.93 0.60 0.0 
30977.25 0.46 0.0 
31231.79 0.31 0.0 
31492.99 0.31 0.0 
31493.01 0.39 0.0 
31777.47 0.36 0.0 
32163.16 0.40 0.0 
32163.24 0.39 0.0 
32206.77 0.36 0.0 
32814.07 0.56 0.0 
32939.91 0.45 0.0 
32954.48 0.45 0.0 
33140.29 0.43 0.0 
33150.74 0.50 0.0 
33086.31 0.42 0.0 
33086.33 0.31 0.0 
33140.43 0.40 0.0 
33150.75 0.48 0.0 
33527.83 0.37 0.0 
33540.96 0.61 0.0 
33527.83 0.31 0.0 
33540.97 0.62 0.0 
33708.27 0.44 0.0 
33708.27 0.44 0.0 
35492.53 0.44 0.0 
35683.27 0.30 0.0 
35609.37 0.42 0.0 
35730.59 0.32 0.0 
36863.52 0.52 0.0 
36863.53 0.53 0.0 
37087.37 0.34 0.0 
37506.89 0.68 0.0 
37506.88 0.57 0.0 
38070.53 0.31 0.0 
37986.44 0.41 0.0 
38181.07 0.36 0.0 
38106.08 0.39 0.0 
38289.47 0.34 0.0 
38463.58 0.30 0.0 
38600.35 0.38 0.0 
38681.07 0.30 0.0 
38570.79 0.30 0.0 
38994.90 0.30 0.0 
38929.39 0.33 0.0 
39278.43 0.33 0.0 
39278.41 0.45 0.0 
39387.84 0.42 0.0 
39612.95 0.30 0.0 
39697.33 0.38 0.0 
39767.99 0.33 0.0 
39714.41 0.34 0.0 
39827.19 0.33 0.0 
39827.15 0.39 0.0 
39768.00 0.39 0.0 
40053.23 0.36 0.0 
40027.23 0.47 0.0 
40592.54 0.37 0.0 
40831.83 0.38 0.0 
40810.73 0.53 0.0 
41885.19 0.38 0.0 
41980.65 0.30 0.0 
42080.67 0.40 0.0 
42350.07 0.30 0.0 
42581.27 0.36 0.0 
42730.39 0.30 0.0 
42783.06 0.60 0.0 
43175.11 0.36 0.0 
43184.91 0.46 0.0 
43364.43 0.56 0.0 
43276.64 0.41 0.0 
43416.05 0.38 0.0 
43533.71 0.31 0.0 
43552.97 0.49 0.0 
43656.95 0.35 0.0 
43656.93 0.31 0.0 
43750.98 0.34 0.0 
43859.91 0.36 0.0 
43976.69 0.31 0.0 
44125.03 0.32 0.0 
44136.51 0.37 0.0 
44106.51 0.34 0.0 
44232.68 0.32 0.0 
44232.71 0.63 0.0 
44757.07 0.46 0.0 
44749.84 0.35 0.0 
44837.61 0.34 0.0 
44837.59 0.36 0.0 
44892.57 0.55 0.0 
45013.66 0.32 0.0 
45156.47 0.32 0.0 
45263.49 0.57 0.0 
45263.43 0.32 0.0 
45251.75 0.32 0.0 
45324.71 0.32 0.0 
45397.24 0.45 0.0 
45797.91 0.34 0.0 
46121.37 0.42 0.0 
46188.11 0.37 0.0 
46188.07 0.34 0.0 
46247.57 0.40 0.0 
46445.99 0.37 0.0 
46489.23 0.33 0.0 
46660.85 0.36 0.0 
46660.84 0.56 0.0 
46691.55 0.32 0.0 
46865.15 0.32 0.0 
46875.16 0.64 0.0 
46910.95 0.39 0.0 
47179.84 0.54 0.0 
46968.63 0.39 0.0 
47115.49 0.33 0.0 
47179.81 0.42 0.0 
47297.49 0.33 0.0 
47099.95 0.36 0.0 
47297.54 0.40 0.0 
47490.55 0.43 0.0 
47654.79 0.42 0.0 
47715.67 0.31 0.0 
48143.75 0.33 0.0 
48236.65 0.36 0.0 
48282.65 0.68 0.0 
48522.27 0.38 0.0 
48618.53 0.46 0.0 
48541.12 0.34 0.0 
48676.39 0.34 0.0 
48899.67 0.37 0.0 
49209.00 0.42 0.0 
49209.01 0.37 0.0 
49276.79 0.34 0.0 
49323.29 0.35 0.0 
49742.89 0.45 0.0 
49790.55 0.44 0.0 
50030.81 0.37 0.0 
50030.77 0.31 0.0 
50418.71 0.33 0.0 
50561.81 0.36 0.0 
50333.25 0.55 0.0 
50459.15 0.45 0.0 
50561.81 0.31 0.0 
50624.23 0.66 0.0 
50613.05 0.50 0.0 
50624.23 0.51 0.0 
50926.09 0.48 0.0 
50926.09 0.44 0.0 
51218.81 0.37 0.0 
51272.44 0.49 0.0 
51291.37 0.52 0.0 
51291.33 0.45 0.0 
51712.49 0.48 0.0 
51712.49 0.31 0.0 
51717.13 0.44 0.0 
51798.63 0.32 0.0 
51868.93 0.47 0.0 
51921.33 0.41 0.0 
52035.51 0.42 0.0 
52282.79 0.30 0.0 
52485.07 0.35 0.0 
52790.87 0.31 0.0 
52790.94 0.67 0.0 
52797.75 0.33 0.0 
52852.51 0.39 0.0 
52919.93 0.42 0.0 
53011.77 0.39 0.0 
53039.24 0.61 0.0 
53193.43 0.33 0.0 
53213.11 0.36 0.0 
53213.06 0.30 0.0 
53487.39 0.42 0.0 
53487.39 0.67 0.0 
53395.25 0.35 0.0 
53748.15 0.34 0.0 
54077.17 0.44 0.0 
54380.23 0.34 0.0 
54215.03 0.36 0.0 
54303.88 0.41 0.0 
54380.25 0.36 0.0 
54303.88 0.31 0.0 
54906.50 0.40 0.0 
54831.69 0.32 0.0 
55151.17 0.40 0.0 
55466.65 0.31 0.0 
55691.55 0.30 0.0 
56279.95 0.39 0.0 
56552.27 0.47 0.0 
56552.28 0.54 0.0 
57044.31 0.31 0.0 
57201.07 0.36 0.0 
57695.85 0.55 0.0 
58100.29 0.46 0.0 
57973.19 0.71 0.0 
58149.75 0.34 0.0 
58149.79 0.78 0.0 
58482.68 0.32 0.0 
58596.23 0.33 0.0 
58657.87 0.32 0.0 
58951.43 0.56 0.0 
58951.44 0.45 0.0 
59178.97 0.46 0.0 
59171.89 0.33 0.0 
59178.99 0.65 0.0 
60244.50 0.51 0.0 
60216.63 0.33 0.0 
60244.62 0.49 0.0 
60482.19 0.58 0.0 
60476.71 0.38 0.0 
60549.11 0.31 0.0 
60692.31 0.42 0.0 
60747.68 0.80 0.0 
60692.27 0.40 0.0 
60855.65 0.53 0.0 
60886.87 0.35 0.0 
60903.93 0.54 0.0 
60886.93 0.66 0.0 
61146.92 0.35 0.0 
62070.75 0.32 0.0 
62816.53 0.30 0.0 
63675.96 0.74 0.0 
64441.51 0.34 0.0 
64695.39 0.71 0.0 
64876.61 0.55 0.0 
64876.57 0.34 0.0 
66548.73 0.39 0.0 
66548.74 0.31 0.0 
66594.67 0.32 0.0 
69438.75 0.67 0.0 
69736.57 0.50 0.0 
69782.13 0.46 0.0 
70285.31 0.41 0.0 
70409.61 0.33 0.0 
70891.68 0.79 0.0 
70979.79 0.43 0.0 
71323.29 0.39 0.0 
71330.35 0.44 0.0 
71555.95 0.32 0.0 
71629.88 0.41 0.0 
72376.99 0.34 0.0 
72467.73 0.33 0.0 
72915.57 0.45 0.0 
72776.87 0.46 0.0 
73248.05 0.42 0.0 
73248.03 0.43 0.0 
73380.00 0.52 0.0 
73660.48 0.75 0.0 
74925.75 0.40 0.0 
75197.55 0.37 0.0 
75175.83 0.33 0.0 
75285.99 0.45 0.0 
75929.14 0.33 0.0 
75894.04 0.45 0.0 
75894.05 0.53 0.0 
76150.63 0.37 0.0 
76285.31 0.42 0.0 
76472.15 0.33 0.0 
76594.52 0.36 0.0 
76750.01 0.39 0.0 
76617.27 0.31 0.0 
76825.01 0.38 0.0 
76874.07 0.61 0.0 
77031.91 0.45 0.0 
77138.17 0.37 0.0 
77377.79 0.30 0.0 
77656.93 0.34 0.0 
77806.35 0.38 0.0 
78032.41 0.41 0.0 
77938.16 0.61 0.0 
77950.95 0.42 0.0 
78032.31 0.41 0.0 
78285.77 0.54 0.0 
78285.81 0.44 0.0 
78485.35 0.40 0.0 
78798.08 0.63 0.0 
78920.31 0.48 0.0 
78920.27 0.45 0.0 
79182.87 0.43 0.0 
79382.45 0.52 0.0 
79747.59 0.41 0.0 
80048.96 0.32 0.0 
80034.00 0.38 0.0 
80033.97 0.36 0.0 
80471.42 0.35 0.0 
80451.84 0.49 0.0 
80705.21 0.34 0.0 
80759.99 0.33 0.0 
81063.69 0.39 0.0 
81186.73 0.66 0.0 
81438.59 0.32 0.0 
81794.31 0.45 0.0 
81883.93 0.41 0.0 
82136.13 0.45 0.0 
82357.27 0.51 0.0 
83376.60 0.43 0.0 
83440.79 0.47 0.0 
84103.64 0.37 0.0 
84210.87 0.33 0.0 
85876.59 0.31 0.0 
