983.69 0.41 0.0 
3170.49 0.54 0.0 
6497.32 0.39 0.0 
6987.85 0.32 0.0 
8961.07 0.38 0.0 
10919.39 0.34 0.0 
11273.51 0.30 0.0 
11297.77 0.38 0.0 
11297.78 0.61 0.0 
11226.41 0.36 0.0 
12195.39 0.30 0.0 
18348.03 0.30 0.0 
18826.00 0.46 0.0 
21454.94 0.58 0.0 
21393.95 0.36 0.0 
21019.71 0.41 0.0 
21554.15 0.32 0.0 
22038.25 0.41 0.0 
26268.69 0.41 0.0 
26505.55 0.54 0.0 
27842.53 0.56 0.0 
28710.46 0.52 0.0 
29850.55 0.35 0.0 
33817.17 0.55 0.0 
37823.11 0.31 0.0 
40734.70 0.45 0.0 
43594.31 0.43 0.0 
44178.11 0.33 0.0 
50113.08 0.65 0.0 
50113.06 0.49 0.0 
51979.81 0.50 0.0 
55951.40 0.50 0.0 
56522.53 0.59 0.0 
57143.84 0.35 0.0 
59072.28 0.37 0.0 
60035.73 0.33 0.0 
60825.60 0.42 0.0 
60139.77 0.43 0.0 
60738.23 0.31 0.0 
61531.01 0.63 0.0 
61344.84 0.60 0.0 
61504.33 0.47 0.0 
66995.53 0.38 0.0 
67936.91 0.40 0.0 
69557.63 0.36 0.0 
71136.44 0.82 0.0 
71100.63 0.34 0.0 
71107.82 0.83 0.0 
71136.44 0.82 0.0 
71107.84 0.59 0.0 
72595.02 0.35 0.0 
73702.05 0.51 0.0 
73702.11 0.46 0.0 
74100.97 0.71 0.0 
75765.49 0.56 0.0 
78239.71 0.37 0.0 
78450.45 0.44 0.0 
78002.47 0.39 0.0 
78179.41 0.56 0.0 
78600.47 0.30 0.0 
79433.07 0.31 0.0 
80286.41 0.36 0.0 
84425.96 0.42 0.0 
85173.65 0.47 0.0 
84425.96 0.50 0.0 
