181.65 0.37 0.0 
1738.57 0.40 0.0 
2401.03 0.44 0.0 
2941.95 0.45 0.0 
3256.73 0.51 0.0 
4898.71 0.33 0.0 
5607.29 0.41 0.0 
5607.31 0.41 0.0 
6108.41 0.55 0.0 
8242.63 0.52 0.0 
11525.07 0.31 0.0 
12100.49 0.36 0.0 
12075.57 0.70 0.0 
12086.68 0.67 0.0 
12100.47 0.39 0.0 
12086.69 0.79 0.0 
13155.97 0.41 0.0 
13395.47 0.45 0.0 
13418.28 0.42 0.0 
13578.73 0.59 0.0 
13578.81 0.54 0.0 
13801.34 0.66 0.0 
14693.97 0.38 0.0 
14693.95 0.51 0.0 
13927.60 0.47 0.0 
14034.91 0.40 0.0 
15035.37 0.51 0.0 
16020.73 0.60 0.0 
16331.59 0.36 0.0 
16331.57 0.33 0.0 
16337.31 0.46 0.0 
18526.53 0.71 0.0 
17770.95 0.32 0.0 
18002.12 0.58 0.0 
18444.87 0.39 0.0 
18500.55 0.39 0.0 
19350.51 0.47 0.0 
19365.67 0.30 0.0 
18843.21 0.43 0.0 
19636.69 0.55 0.0 
19681.60 0.67 0.0 
20674.15 0.41 0.0 
20735.51 0.40 0.0 
21776.63 0.36 0.0 
21089.51 0.38 0.0 
22353.45 0.41 0.0 
22393.45 0.55 0.0 
21796.11 0.37 0.0 
24031.45 0.70 0.0 
23736.31 0.39 0.0 
23736.35 0.39 0.0 
24338.96 0.67 0.0 
24338.99 0.34 0.0 
25111.83 0.38 0.0 
24620.89 0.63 0.0 
25473.02 0.42 0.0 
24620.88 0.61 0.0 
25532.01 0.77 0.0 
25541.46 0.44 0.0 
25439.43 0.31 0.0 
26554.84 0.50 0.0 
25801.02 0.53 0.0 
26000.39 0.43 0.0 
27152.07 0.39 0.0 
26466.37 0.32 0.0 
27099.21 0.44 0.0 
26835.99 0.44 0.0 
27913.79 0.44 0.0 
27922.47 0.32 0.0 
27943.57 0.57 0.0 
28319.53 0.65 0.0 
28970.80 0.41 0.0 
28777.61 0.72 0.0 
28777.63 0.57 0.0 
28884.16 0.79 0.0 
30490.34 0.39 0.0 
30499.30 0.46 0.0 
30499.28 0.51 0.0 
31853.41 0.32 0.0 
31320.55 0.49 0.0 
32317.28 0.37 0.0 
31456.59 0.63 0.0 
31819.40 0.54 0.0 
31819.40 0.61 0.0 
32317.27 0.35 0.0 
33538.61 0.45 0.0 
36559.17 0.53 0.0 
39194.35 0.44 0.0 
53873.87 0.34 0.0 
54372.11 0.52 0.0 
54375.98 0.53 0.0 
54486.11 0.31 0.0 
54922.79 0.37 0.0 
54922.79 0.59 0.0 
55916.75 0.45 0.0 
55906.31 0.37 0.0 
55916.75 0.42 0.0 
56610.89 0.75 0.0 
57454.63 0.42 0.0 
57436.73 0.56 0.0 
57437.95 0.43 0.0 
57454.59 0.32 0.0 
58241.75 0.39 0.0 
57597.23 0.51 0.0 
58501.91 0.58 0.0 
57735.57 0.49 0.0 
58849.24 0.86 0.0 
58849.22 0.85 0.0 
58162.65 0.34 0.0 
58226.20 0.73 0.0 
59092.96 0.86 0.0 
59092.96 0.76 0.0 
59105.57 0.43 0.0 
58226.19 0.31 0.0 
58501.90 0.71 0.0 
59570.99 0.45 0.0 
59571.01 0.34 0.0 
59006.03 0.32 0.0 
59236.17 0.64 0.0 
59254.99 0.52 0.0 
59105.59 0.82 0.0 
59055.83 0.49 0.0 
59489.79 0.47 0.0 
59534.59 0.39 0.0 
59416.82 0.51 0.0 
59719.37 0.51 0.0 
59731.93 0.33 0.0 
59719.37 0.59 0.0 
60090.73 0.65 0.0 
60146.39 0.33 0.0 
61278.77 0.57 0.0 
61958.23 0.54 0.0 
61965.63 0.91 0.0 
61965.62 0.91 0.0 
61278.73 0.61 0.0 
62879.80 0.43 0.0 
63991.42 0.80 0.0 
64508.71 0.53 0.0 
63991.44 0.73 0.0 
64655.64 0.77 0.0 
64523.67 0.54 0.0 
64528.45 0.36 0.0 
64508.70 0.74 0.0 
64898.40 0.44 0.0 
64914.71 0.45 0.0 
64699.71 0.59 0.0 
64914.69 0.66 0.0 
67508.67 0.42 0.0 
66826.05 0.56 0.0 
66951.57 0.58 0.0 
67021.64 0.59 0.0 
67336.50 0.51 0.0 
67784.92 0.57 0.0 
67336.48 0.57 0.0 
67345.63 0.32 0.0 
67891.15 0.32 0.0 
67586.80 0.79 0.0 
67586.80 0.75 0.0 
67867.75 0.38 0.0 
68910.91 0.37 0.0 
68535.94 0.61 0.0 
68975.19 0.55 0.0 
68535.94 0.57 0.0 
69076.22 0.65 0.0 
70080.59 0.37 0.0 
70140.55 0.57 0.0 
71107.95 0.39 0.0 
71107.91 0.32 0.0 
71223.43 0.53 0.0 
72294.83 0.51 0.0 
72526.41 0.63 0.0 
73364.35 0.36 0.0 
72542.66 0.69 0.0 
73751.87 0.62 0.0 
74070.49 0.60 0.0 
73334.64 0.31 0.0 
73330.63 0.47 0.0 
74193.59 0.32 0.0 
73428.47 0.46 0.0 
73562.38 0.62 0.0 
73562.37 0.66 0.0 
73597.47 0.31 0.0 
73756.21 0.37 0.0 
74257.68 0.81 0.0 
73827.17 0.56 0.0 
74398.89 0.35 0.0 
74257.68 0.78 0.0 
74481.63 0.36 0.0 
74481.63 0.42 0.0 
74655.43 0.51 0.0 
75210.75 0.32 0.0 
75667.15 0.30 0.0 
75359.67 0.43 0.0 
74988.21 0.39 0.0 
75219.85 0.31 0.0 
75252.75 0.38 0.0 
75307.33 0.36 0.0 
75673.85 0.63 0.0 
76846.49 0.45 0.0 
76846.50 0.60 0.0 
76202.73 0.47 0.0 
76202.77 0.41 0.0 
76323.43 0.37 0.0 
76649.97 0.43 0.0 
77949.95 0.33 0.0 
77506.66 0.73 0.0 
78120.93 0.56 0.0 
79411.79 0.56 0.0 
80563.33 0.60 0.0 
80563.33 0.49 0.0 
