781.03 0.39 0.0 
936.63 0.45 0.0 
1039.09 0.50 0.0 
2011.38 0.68 0.0 
2218.31 0.31 0.0 
2837.74 0.56 0.0 
2893.59 0.34 0.0 
2905.99 0.33 0.0 
3047.95 0.40 0.0 
3793.27 0.31 0.0 
9028.17 0.39 0.0 
10830.85 0.40 0.0 
25608.71 0.38 0.0 
32884.17 0.60 0.0 
35552.84 0.52 0.0 
35552.87 0.38 0.0 
35582.16 0.71 0.0 
35612.67 0.38 0.0 
35582.17 0.71 0.0 
47946.76 0.45 0.0 
48271.99 0.33 0.0 
55932.91 0.39 0.0 
56946.35 0.31 0.0 
60113.99 0.36 0.0 
68761.52 0.37 0.0 
74526.10 0.39 0.0 
74851.27 0.34 0.0 
76653.35 0.45 0.0 
79684.25 0.57 0.0 
80461.54 0.57 0.0 
82396.79 0.36 0.0 
83345.41 0.41 0.0 
84625.61 0.41 0.0 
84625.57 0.52 0.0 
