1739.13 0.33 0.0 
2984.53 0.52 0.0 
5288.28 0.46 0.0 
7454.37 0.34 0.0 
7947.00 0.32 0.0 
8727.41 0.49 0.0 
9636.93 0.38 0.0 
9636.92 0.35 0.0 
10859.51 0.35 0.0 
14459.57 0.33 0.0 
14516.92 0.76 0.0 
15899.39 0.45 0.0 
19454.09 0.41 0.0 
20523.72 0.67 0.0 
20523.73 0.76 0.0 
22933.95 0.35 0.0 
24476.60 0.59 0.0 
25078.77 0.31 0.0 
25521.33 0.34 0.0 
25610.36 0.47 0.0 
25567.72 0.45 0.0 
25789.65 0.95 0.0 
25800.04 0.61 0.0 
25789.65 0.98 0.0 
25800.09 0.45 0.0 
30299.56 0.56 0.0 
33912.03 0.34 0.0 
34799.45 0.39 0.0 
34858.91 0.32 0.0 
36208.76 0.68 0.0 
36853.81 0.33 0.0 
37288.99 0.31 0.0 
41084.61 0.52 0.0 
47999.58 0.34 0.0 
50879.16 0.36 0.0 
51569.37 0.62 0.0 
57209.56 0.50 0.0 
58799.19 0.51 0.0 
69224.45 0.61 0.0 
69164.39 0.36 0.0 
72599.31 0.55 0.0 
72659.51 0.43 0.0 
76214.29 0.40 0.0 
78539.11 0.44 0.0 
79649.15 0.45 0.0 
81688.97 0.48 0.0 
