2459.31 0.77 0.0 
2434.45 0.36 0.0 
2435.83 0.32 0.0 
4754.49 0.41 0.0 
7307.75 0.48 0.0 
8129.45 0.36 0.0 
7307.76 0.33 0.0 
7272.75 0.45 0.0 
13289.05 0.47 0.0 
24808.37 0.72 0.0 
25768.54 0.93 0.0 
26997.97 0.67 0.0 
28439.25 0.51 0.0 
30794.09 0.65 0.0 
32162.12 0.36 0.0 
32417.59 0.57 0.0 
33310.09 0.60 0.0 
32512.59 0.44 0.0 
32554.27 0.34 0.0 
32554.27 0.41 0.0 
32801.29 0.30 0.0 
32879.51 0.40 0.0 
33310.11 0.78 0.0 
33419.17 0.45 0.0 
34465.29 0.66 0.0 
34465.23 0.36 0.0 
34791.49 0.35 0.0 
34811.49 0.73 0.0 
34676.20 0.64 0.0 
34743.89 0.31 0.0 
34754.60 0.38 0.0 
34953.45 0.44 0.0 
38069.49 0.64 0.0 
39078.24 0.37 0.0 
39078.21 0.59 0.0 
39022.72 0.38 0.0 
39404.65 0.57 0.0 
40502.81 0.63 0.0 
39765.95 0.68 0.0 
40197.49 0.37 0.0 
41124.53 0.45 0.0 
40394.28 0.54 0.0 
40502.79 0.36 0.0 
40723.32 0.74 0.0 
41729.54 0.92 0.0 
43498.16 0.82 0.0 
45086.76 0.69 0.0 
44278.20 0.79 0.0 
44323.16 0.49 0.0 
44443.96 0.64 0.0 
45040.24 0.33 0.0 
46207.48 0.61 0.0 
46207.47 0.72 0.0 
46113.73 0.66 0.0 
46134.01 0.32 0.0 
46243.63 0.60 0.0 
46358.05 0.39 0.0 
47729.17 0.71 0.0 
47716.43 0.85 0.0 
51298.53 0.33 0.0 
51763.69 0.47 0.0 
53309.53 0.37 0.0 
54208.69 0.60 0.0 
53351.71 0.52 0.0 
54218.69 0.44 0.0 
54816.17 0.38 0.0 
54903.67 0.37 0.0 
54294.68 0.59 0.0 
54294.69 0.43 0.0 
54984.05 0.93 0.0 
54816.20 0.66 0.0 
54997.91 0.47 0.0 
54984.08 0.63 0.0 
55336.92 0.34 0.0 
55943.04 0.71 0.0 
56068.39 0.40 0.0 
55788.36 0.72 0.0 
55788.38 0.42 0.0 
56055.73 0.53 0.0 
56158.67 0.92 0.0 
56788.85 0.59 0.0 
56908.77 0.50 0.0 
56939.24 0.40 0.0 
57809.17 0.68 0.0 
57373.68 0.48 0.0 
57862.23 0.50 0.0 
57331.64 0.35 0.0 
57416.85 0.62 0.0 
58518.44 0.64 0.0 
59161.16 0.34 0.0 
59293.81 0.42 0.0 
59232.00 0.77 0.0 
59472.20 0.73 0.0 
59578.33 0.85 0.0 
59774.48 0.57 0.0 
59563.60 0.44 0.0 
60534.01 0.71 0.0 
61904.01 0.91 0.0 
61244.59 0.64 0.0 
62264.33 0.70 0.0 
61484.47 0.89 0.0 
61632.68 0.41 0.0 
61952.23 0.51 0.0 
61978.02 0.84 0.0 
61992.43 0.77 0.0 
62215.00 0.37 0.0 
62214.99 0.57 0.0 
62443.51 0.50 0.0 
62536.44 0.32 0.0 
64290.20 0.50 0.0 
64079.03 0.92 0.0 
64814.84 0.90 0.0 
64318.80 0.36 0.0 
64993.77 0.63 0.0 
66794.97 0.57 0.0 
67528.14 0.57 0.0 
67948.88 0.35 0.0 
68503.69 0.53 0.0 
69448.20 0.60 0.0 
68878.77 0.47 0.0 
69601.03 0.75 0.0 
69524.57 0.57 0.0 
70229.01 0.54 0.0 
69974.31 0.85 0.0 
69898.33 0.56 0.0 
69889.71 0.49 0.0 
75089.33 0.58 0.0 
77262.24 0.35 0.0 
78388.84 0.69 0.0 
78389.49 0.50 0.0 
81464.56 0.32 0.0 
81336.97 0.51 0.0 
82183.53 0.30 0.0 
81659.17 0.57 0.0 
83264.27 0.49 0.0 
82924.65 0.39 0.0 
85721.08 0.57 0.0 
85844.51 0.55 0.0 
85979.00 0.94 0.0 
