536.29 0.44 0.0 
741.33 0.34 0.0 
1692.81 0.37 0.0 
1389.45 0.58 0.0 
1389.45 0.72 0.0 
2098.45 0.32 0.0 
2427.56 0.30 0.0 
3292.50 0.35 0.0 
3472.17 0.34 0.0 
4855.05 0.53 0.0 
5968.13 0.49 0.0 
6087.36 0.32 0.0 
6987.86 0.83 0.0 
6987.81 0.39 0.0 
9673.89 0.48 0.0 
10912.86 0.74 0.0 
11004.95 0.30 0.0 
11295.09 0.48 0.0 
11224.61 0.50 0.0 
11232.73 0.34 0.0 
11788.19 0.32 0.0 
12177.93 0.60 0.0 
11918.49 0.44 0.0 
12869.01 0.48 0.0 
14156.93 0.39 0.0 
16214.17 0.49 0.0 
15458.81 0.54 0.0 
16858.01 0.55 0.0 
18417.35 0.66 0.0 
20939.17 0.43 0.0 
21537.77 0.63 0.0 
21342.85 0.32 0.0 
21463.87 0.47 0.0 
21554.29 0.33 0.0 
22941.47 0.37 0.0 
25917.73 0.37 0.0 
26886.41 0.38 0.0 
26200.33 0.33 0.0 
26487.37 0.48 0.0 
27869.49 0.50 0.0 
28243.01 0.69 0.0 
29995.20 0.38 0.0 
32098.52 0.49 0.0 
33894.01 0.40 0.0 
34153.93 0.36 0.0 
36689.05 0.31 0.0 
37317.53 0.49 0.0 
37512.77 0.48 0.0 
39250.53 0.39 0.0 
40548.25 0.52 0.0 
40814.57 0.67 0.0 
40734.65 0.39 0.0 
41679.36 0.36 0.0 
42612.09 0.37 0.0 
42264.71 0.36 0.0 
42612.09 0.33 0.0 
47607.81 0.41 0.0 
47907.65 0.76 0.0 
48208.65 0.48 0.0 
48448.53 0.75 0.0 
49885.37 0.51 0.0 
50112.98 0.39 0.0 
51614.01 0.34 0.0 
52765.69 0.33 0.0 
52716.51 0.43 0.0 
52782.23 0.33 0.0 
54098.76 0.46 0.0 
54463.44 0.38 0.0 
55229.28 0.43 0.0 
55175.51 0.35 0.0 
55295.07 0.59 0.0 
55844.25 0.47 0.0 
55772.51 0.51 0.0 
58286.60 0.56 0.0 
58286.59 0.50 0.0 
61107.89 0.30 0.0 
61634.00 0.36 0.0 
63506.22 0.54 0.0 
63344.16 0.55 0.0 
63506.24 0.60 0.0 
66177.81 0.49 0.0 
66912.47 0.30 0.0 
68544.89 0.34 0.0 
70074.09 0.38 0.0 
70074.05 0.38 0.0 
71134.04 0.59 0.0 
71634.93 0.45 0.0 
71106.08 0.32 0.0 
71134.04 0.38 0.0 
71134.61 0.33 0.0 
72568.65 0.63 0.0 
73696.25 0.37 0.0 
73696.19 0.63 0.0 
74518.63 0.31 0.0 
74936.93 0.58 0.0 
75136.45 0.32 0.0 
76737.80 0.61 0.0 
78129.25 0.31 0.0 
78177.05 0.53 0.0 
77965.28 0.41 0.0 
78446.97 0.35 0.0 
78177.04 0.75 0.0 
79433.01 0.78 0.0 
79000.96 0.72 0.0 
79705.97 0.70 0.0 
79705.97 0.55 0.0 
81974.37 0.42 0.0 
82255.93 0.52 0.0 
82924.49 0.46 0.0 
82588.68 0.38 0.0 
83336.16 0.36 0.0 
83845.27 0.34 0.0 
85173.58 0.34 0.0 
85557.77 0.32 0.0 
85173.63 0.33 0.0 
85944.08 0.42 0.0 
86019.03 0.50 0.0 
