409.02 0.62 0.0 
2856.81 0.52 0.0 
784.73 0.48 0.0 
8196.00 0.79 0.0 
5517.64 0.95 0.0 
10805.39 0.31 0.0 
5517.64 0.93 0.0 
3422.33 0.54 0.0 
9437.28 0.69 0.0 
8196.00 0.62 0.0 
15371.67 0.41 0.0 
15481.84 0.75 0.0 
15850.79 0.35 0.0 
13609.45 0.50 0.0 
11233.52 0.67 0.0 
12930.23 0.60 0.0 
11988.52 0.37 0.0 
13398.08 0.73 0.0 
11988.49 0.35 0.0 
12902.45 0.92 0.0 
10147.55 0.40 0.0 
13368.71 0.30 0.0 
13609.43 0.66 0.0 
14385.63 0.32 0.0 
11233.52 0.69 0.0 
14535.89 0.54 0.0 
12902.43 0.90 0.0 
13398.08 0.55 0.0 
17035.34 0.58 0.0 
17035.37 0.60 0.0 
21152.89 0.61 0.0 
21152.93 0.46 0.0 
25351.00 0.72 0.0 
27154.59 0.35 0.0 
28821.01 0.50 0.0 
34590.95 0.34 0.0 
35668.19 0.40 0.0 
34960.70 0.63 0.0 
35323.24 0.66 0.0 
33798.36 0.84 0.0 
33791.96 0.78 0.0 
39504.83 0.70 0.0 
34960.74 0.76 0.0 
35323.27 0.49 0.0 
35668.19 0.53 0.0 
33791.96 0.63 0.0 
33798.41 0.63 0.0 
39201.82 0.46 0.0 
39504.82 0.57 0.0 
36068.11 0.31 0.0 
50548.64 0.46 0.0 
48525.67 0.33 0.0 
48703.99 0.51 0.0 
51348.46 0.79 0.0 
54605.77 0.67 0.0 
52167.59 0.73 0.0 
51775.80 0.42 0.0 
52382.69 0.61 0.0 
53327.81 0.65 0.0 
55413.31 0.45 0.0 
55413.30 0.76 0.0 
52167.63 0.58 0.0 
52382.67 0.51 0.0 
83290.04 0.57 0.0 
85710.49 0.31 0.0 
83866.67 0.50 0.0 
80586.99 0.51 0.0 
