884.51 0.47 0.0 
2545.13 0.45 0.0 
8746.23 0.82 0.0 
10794.45 0.33 0.0 
10540.95 0.47 0.0 
11875.89 0.64 0.0 
11975.47 0.34 0.0 
12341.59 0.94 0.0 
11863.27 0.55 0.0 
11975.48 0.58 0.0 
13027.73 0.45 0.0 
10556.17 0.35 0.0 
12341.59 0.96 0.0 
10794.36 0.45 0.0 
12777.71 0.65 0.0 
13612.33 0.68 0.0 
14369.75 0.70 0.0 
11875.93 0.44 0.0 
13027.75 0.44 0.0 
14877.45 0.43 0.0 
14725.20 0.43 0.0 
14369.76 0.97 0.0 
13612.36 0.66 0.0 
13210.00 0.56 0.0 
16679.00 0.48 0.0 
17006.90 0.97 0.0 
17006.90 0.97 0.0 
19298.81 0.35 0.0 
15483.24 0.38 0.0 
20369.21 0.32 0.0 
20741.05 0.33 0.0 
22685.16 0.43 0.0 
32225.04 0.58 0.0 
34401.92 0.42 0.0 
34863.96 0.32 0.0 
35831.09 0.43 0.0 
35831.11 0.87 0.0 
35051.07 0.69 0.0 
46046.81 0.32 0.0 
48072.35 0.79 0.0 
48072.32 0.32 0.0 
49857.45 0.42 0.0 
46345.12 0.31 0.0 
50566.01 0.35 0.0 
59458.33 0.45 0.0 
72134.24 0.58 0.0 
