10552.00 0.48 0.0 
10552.00 0.62 0.0 
11276.35 0.51 0.0 
12383.80 0.87 0.0 
11927.56 0.74 0.0 
12021.44 0.45 0.0 
12383.80 0.85 0.0 
11237.08 0.59 0.0 
11249.57 0.76 0.0 
11263.83 0.54 0.0 
11966.58 0.45 0.0 
11927.56 0.76 0.0 
13610.75 0.45 0.0 
13622.81 0.53 0.0 
10861.07 0.34 0.0 
11237.09 0.51 0.0 
11249.53 0.63 0.0 
11966.63 0.45 0.0 
13622.81 0.60 0.0 
21003.14 0.81 0.0 
21003.15 0.85 0.0 
18660.95 0.32 0.0 
24968.77 0.35 0.0 
24995.61 0.32 0.0 
18660.95 0.54 0.0 
24995.59 0.30 0.0 
34238.76 0.31 0.0 
32962.84 0.38 0.0 
32962.88 0.40 0.0 
37267.07 0.96 0.0 
40847.12 0.86 0.0 
37267.07 0.96 0.0 
40847.11 0.51 0.0 
48465.68 0.80 0.0 
49309.72 0.41 0.0 
48465.71 0.72 0.0 
49858.67 0.95 0.0 
50528.55 0.97 0.0 
49961.20 0.33 0.0 
49300.28 0.96 0.0 
49961.16 0.36 0.0 
49655.47 0.97 0.0 
50571.84 0.96 0.0 
50067.87 0.33 0.0 
50528.55 0.97 0.0 
50859.86 0.95 0.0 
51214.43 0.84 0.0 
49166.51 0.97 0.0 
49300.28 0.93 0.0 
48914.24 0.96 0.0 
49655.47 0.97 0.0 
50011.96 0.40 0.0 
50131.83 0.72 0.0 
49629.72 0.34 0.0 
50859.84 0.94 0.0 
49858.68 0.96 0.0 
51214.44 0.40 0.0 
50341.99 0.53 0.0 
50571.83 0.97 0.0 
48914.23 0.97 0.0 
49166.51 0.97 0.0 
50342.01 0.32 0.0 
60874.27 0.51 0.0 
70783.28 0.82 0.0 
70783.27 0.41 0.0 
82622.79 0.34 0.0 
82622.83 0.43 0.0 
