5638.71 0.38 0.0 
7605.10 0.75 0.0 
8749.43 0.45 0.0 
11241.81 0.50 0.0 
11585.80 0.47 0.0 
10791.68 0.75 0.0 
11585.81 0.48 0.0 
13378.92 0.75 0.0 
13832.67 0.41 0.0 
14404.72 0.40 0.0 
13378.90 0.77 0.0 
10781.15 0.58 0.0 
11241.80 0.67 0.0 
16476.59 0.31 0.0 
16476.63 0.32 0.0 
10781.13 0.61 0.0 
14375.11 0.41 0.0 
14375.10 0.69 0.0 
21283.15 0.53 0.0 
21283.15 0.60 0.0 
17021.04 0.84 0.0 
21782.37 0.31 0.0 
17021.04 0.88 0.0 
22862.78 0.44 0.0 
25194.50 0.59 0.0 
25178.64 0.70 0.0 
25178.64 0.68 0.0 
25194.49 0.53 0.0 
32408.29 0.45 0.0 
33441.91 0.33 0.0 
35065.66 0.38 0.0 
35070.99 0.61 0.0 
35065.74 0.35 0.0 
35839.95 0.54 0.0 
35839.99 0.68 0.0 
35852.71 0.43 0.0 
35852.73 0.60 0.0 
37280.68 0.62 0.0 
82503.47 0.36 0.0 
