768.22 0.74 0.0 
768.24 0.74 0.0 
2585.24 0.50 0.0 
3738.89 0.34 0.0 
5560.61 0.32 0.0 
8711.26 0.65 0.0 
8715.45 0.76 0.0 
2669.21 0.34 0.0 
8711.22 0.64 0.0 
3001.16 0.47 0.0 
15282.14 0.67 0.0 
13806.39 0.40 0.0 
13906.47 0.34 0.0 
13806.41 0.33 0.0 
20545.71 0.62 0.0 
16427.32 0.46 0.0 
22233.91 0.31 0.0 
25186.01 0.57 0.0 
26805.91 0.36 0.0 
20545.71 0.31 0.0 
25186.05 0.61 0.0 
36419.59 0.38 0.0 
37270.47 0.33 0.0 
37270.45 0.54 0.0 
33107.99 0.33 0.0 
45307.32 0.62 0.0 
44146.27 0.34 0.0 
45480.65 0.47 0.0 
56569.38 0.82 0.0 
56569.40 0.84 0.0 
65447.12 0.93 0.0 
65447.12 0.93 0.0 
67023.95 0.54 0.0 
60721.31 0.47 0.0 
70725.48 0.85 0.0 
72961.22 0.71 0.0 
74405.39 0.38 0.0 
82229.83 0.51 0.0 
86190.75 0.32 0.0 
82229.91 0.37 0.0 
83745.77 0.51 0.0 
84010.01 0.35 0.0 
