766.19 0.95 0.0 
766.19 0.96 0.0 
2503.39 0.50 0.0 
2984.65 0.58 0.0 
2683.93 0.85 0.0 
2518.64 0.48 0.0 
3313.80 0.43 0.0 
2582.45 0.68 0.0 
3699.00 0.51 0.0 
3703.64 0.76 0.0 
2992.45 0.40 0.0 
3136.20 0.65 0.0 
3403.37 0.38 0.0 
4270.69 0.37 0.0 
4274.24 0.61 0.0 
3900.16 0.91 0.0 
5023.53 0.39 0.0 
5263.76 0.63 0.0 
5440.77 0.61 0.0 
5955.21 0.58 0.0 
6764.53 0.43 0.0 
628.44 0.40 0.0 
7753.39 0.37 0.0 
2992.41 0.46 0.0 
8703.95 0.97 0.0 
3133.87 0.60 0.0 
2667.77 0.33 0.0 
2669.22 0.33 0.0 
8703.96 0.96 0.0 
11474.65 0.45 0.0 
6614.44 0.75 0.0 
12223.80 0.81 0.0 
13392.00 0.73 0.0 
13679.09 0.30 0.0 
8280.12 0.52 0.0 
15164.21 0.56 0.0 
15280.04 0.98 0.0 
15280.04 0.98 0.0 
17775.85 0.36 0.0 
18687.43 0.43 0.0 
20540.28 0.72 0.0 
16426.44 0.57 0.0 
23863.96 0.52 0.0 
22231.64 0.45 0.0 
24357.91 0.36 0.0 
25172.93 0.57 0.0 
18868.84 0.59 0.0 
26158.61 0.48 0.0 
26339.29 0.40 0.0 
26804.49 0.60 0.0 
26818.04 0.41 0.0 
26804.51 0.57 0.0 
33568.16 0.75 0.0 
34620.73 0.30 0.0 
37257.64 0.76 0.0 
37257.63 0.47 0.0 
40363.64 0.57 0.0 
41488.00 0.83 0.0 
43558.49 0.35 0.0 
36869.48 0.53 0.0 
45306.41 0.31 0.0 
39508.57 0.41 0.0 
41653.21 0.30 0.0 
47369.17 0.35 0.0 
48822.40 0.37 0.0 
47696.84 0.63 0.0 
41651.73 0.31 0.0 
50337.59 0.35 0.0 
52528.73 0.34 0.0 
46585.80 0.72 0.0 
56566.02 0.97 0.0 
56566.02 0.95 0.0 
51987.93 0.36 0.0 
56182.37 0.34 0.0 
56188.98 0.78 0.0 
64063.60 0.34 0.0 
65444.14 0.96 0.0 
65444.15 0.85 0.0 
67022.24 0.43 0.0 
61574.52 0.35 0.0 
62069.00 0.67 0.0 
69914.19 0.60 0.0 
70724.42 0.30 0.0 
73664.44 0.34 0.0 
76634.51 0.78 0.0 
74402.89 0.47 0.0 
81298.73 0.31 0.0 
82169.33 0.65 0.0 
82289.33 0.35 0.0 
76344.40 0.45 0.0 
76587.59 0.54 0.0 
83624.36 0.84 0.0 
83323.69 0.70 0.0 
84051.40 0.34 0.0 
78267.97 0.67 0.0 
83758.13 0.31 0.0 
85180.89 0.35 0.0 
84776.81 0.36 0.0 
84119.53 0.43 0.0 
85050.58 0.43 0.0 
82228.95 0.51 0.0 
83654.53 0.78 0.0 
83894.12 0.43 0.0 
85094.60 0.77 0.0 
