7027.55 0.93 0.0 
7027.56 0.68 0.0 
7934.20 0.53 0.0 
9944.15 0.42 0.0 
10545.61 0.31 0.0 
18726.01 0.97 0.0 
19512.77 0.30 0.0 
18726.01 0.98 0.0 
21913.78 0.74 0.0 
29264.48 0.34 0.0 
30238.88 0.62 0.0 
29368.98 0.31 0.0 
30598.80 0.54 0.0 
30674.12 0.59 0.0 
25723.23 0.79 0.0 
30974.36 0.50 0.0 
32308.48 0.47 0.0 
29819.52 0.56 0.0 
36132.59 0.86 0.0 
41350.40 0.33 0.0 
47891.07 0.39 0.0 
45286.03 0.30 0.0 
46018.52 0.55 0.0 
54218.24 0.39 0.0 
58059.15 0.32 0.0 
53793.81 0.32 0.0 
59649.87 0.36 0.0 
60688.89 0.32 0.0 
60934.09 0.40 0.0 
62375.95 0.37 0.0 
56444.48 0.38 0.0 
60877.84 0.30 0.0 
60881.07 0.35 0.0 
66748.51 0.60 0.0 
60877.85 0.39 0.0 
61242.91 0.49 0.0 
72335.80 0.37 0.0 
83758.80 0.70 0.0 
83758.80 0.89 0.0 
84509.45 0.49 0.0 
85160.96 0.31 0.0 
85169.59 0.50 0.0 
85560.32 0.32 0.0 
85557.88 0.74 0.0 
85032.76 0.54 0.0 
85774.60 0.64 0.0 
85783.76 0.82 0.0 
86143.32 0.52 0.0 
86159.08 0.76 0.0 
85591.27 0.36 0.0 
86339.24 0.57 0.0 
85816.76 0.44 0.0 
