734.49 0.66 0.0 
2687.25 0.35 0.0 
2701.37 0.53 0.0 
3062.56 0.32 0.0 
3062.56 0.80 0.0 
5158.91 0.34 0.0 
6329.47 0.35 0.0 
6377.59 0.93 0.0 
5497.47 0.33 0.0 
7667.33 0.55 0.0 
7147.15 0.30 0.0 
5999.57 0.34 0.0 
6377.58 0.96 0.0 
7106.73 0.35 0.0 
7106.88 0.72 0.0 
7667.32 0.46 0.0 
9027.55 0.33 0.0 
9876.19 0.50 0.0 
10570.56 0.98 0.0 
10931.28 0.40 0.0 
11328.56 0.93 0.0 
11338.79 0.35 0.0 
11276.05 0.93 0.0 
11328.56 0.96 0.0 
10570.56 0.97 0.0 
13110.32 0.51 0.0 
11276.05 0.93 0.0 
12821.81 0.69 0.0 
13064.11 0.96 0.0 
13435.77 0.79 0.0 
13650.68 0.62 0.0 
13064.12 0.76 0.0 
14490.58 0.94 0.0 
14502.89 0.44 0.0 
13435.72 0.79 0.0 
13557.89 0.65 0.0 
14863.97 0.49 0.0 
15074.48 0.53 0.0 
14800.23 0.38 0.0 
14490.57 0.92 0.0 
16134.65 0.55 0.0 
14789.09 0.57 0.0 
15524.20 0.71 0.0 
16472.40 0.32 0.0 
17534.03 0.33 0.0 
18776.19 0.95 0.0 
18720.23 0.38 0.0 
18776.15 0.52 0.0 
19784.41 0.39 0.0 
19327.55 0.98 0.0 
19469.56 0.51 0.0 
21463.97 0.39 0.0 
22918.97 0.46 0.0 
24966.65 0.60 0.0 
24966.64 0.66 0.0 
25679.25 0.61 0.0 
26802.10 0.44 0.0 
27464.15 0.51 0.0 
29174.21 0.37 0.0 
29294.49 0.55 0.0 
29234.48 0.55 0.0 
32789.29 0.48 0.0 
32974.15 0.34 0.0 
32849.49 0.42 0.0 
33575.02 0.32 0.0 
35264.05 0.61 0.0 
36404.13 0.31 0.0 
39749.11 0.51 0.0 
40593.84 0.36 0.0 
44799.45 0.79 0.0 
43574.45 0.45 0.0 
43634.56 0.36 0.0 
45015.68 0.66 0.0 
45117.37 0.59 0.0 
45129.16 0.53 0.0 
44799.48 0.73 0.0 
45117.35 0.89 0.0 
50864.13 0.32 0.0 
50984.47 0.40 0.0 
53440.33 0.46 0.0 
53496.04 0.90 0.0 
53504.51 0.49 0.0 
53362.96 0.54 0.0 
53396.44 0.85 0.0 
54074.27 0.65 0.0 
53496.05 0.69 0.0 
53754.53 0.90 0.0 
54479.00 0.41 0.0 
56464.77 0.48 0.0 
56464.76 0.46 0.0 
58783.03 0.83 0.0 
58153.31 0.35 0.0 
58782.96 0.31 0.0 
59576.99 0.39 0.0 
61611.24 0.34 0.0 
61689.78 0.91 0.0 
61232.57 0.35 0.0 
61611.22 0.89 0.0 
66494.37 0.56 0.0 
68999.37 0.45 0.0 
69059.12 0.34 0.0 
72757.00 0.56 0.0 
71336.79 0.74 0.0 
73963.48 0.62 0.0 
72725.44 0.51 0.0 
76169.31 0.38 0.0 
76409.44 0.34 0.0 
77189.63 0.34 0.0 
78194.49 0.42 0.0 
78625.44 0.70 0.0 
85169.29 0.50 0.0 
