272.10 0.45 0.0 
272.06 0.45 0.0 
981.47 0.42 0.0 
2248.89 0.35 0.0 
1621.95 0.38 0.0 
2227.55 0.39 0.0 
3424.43 0.40 0.0 
3653.89 0.45 0.0 
3424.45 0.42 0.0 
5612.44 0.47 0.0 
4506.41 0.41 0.0 
4506.45 0.40 0.0 
6675.33 0.66 0.0 
5876.53 0.42 0.0 
5612.44 0.37 0.0 
5876.59 0.33 0.0 
8490.74 0.47 0.0 
8956.08 0.67 0.0 
8100.81 0.53 0.0 
8282.05 0.50 0.0 
8189.50 0.42 0.0 
8282.05 0.61 0.0 
8408.41 0.32 0.0 
10531.85 0.44 0.0 
10538.37 0.30 0.0 
10773.83 0.36 0.0 
9312.27 0.32 0.0 
11238.53 0.54 0.0 
10531.97 0.34 0.0 
10538.38 0.48 0.0 
10550.23 0.41 0.0 
11238.53 0.55 0.0 
10658.07 0.40 0.0 
10773.85 0.65 0.0 
10861.71 0.38 0.0 
11265.48 0.82 0.0 
11265.43 0.41 0.0 
11327.31 0.41 0.0 
12181.38 0.85 0.0 
11290.11 0.39 0.0 
12042.01 0.52 0.0 
12160.21 0.42 0.0 
13399.13 0.54 0.0 
12181.37 0.85 0.0 
12968.49 0.41 0.0 
13386.67 0.35 0.0 
13399.11 0.33 0.0 
14359.83 0.32 0.0 
13620.43 0.46 0.0 
14732.03 0.37 0.0 
13712.88 0.68 0.0 
13131.51 0.44 0.0 
13672.44 0.79 0.0 
13712.88 0.82 0.0 
15083.67 0.31 0.0 
13386.67 0.43 0.0 
13907.60 0.72 0.0 
13927.65 0.65 0.0 
13932.79 0.41 0.0 
13672.44 0.71 0.0 
15319.66 0.68 0.0 
15336.23 0.38 0.0 
13770.91 0.46 0.0 
14359.70 0.33 0.0 
14463.22 0.69 0.0 
13927.65 0.52 0.0 
14389.09 0.37 0.0 
14449.56 0.73 0.0 
14947.37 0.65 0.0 
14570.34 0.89 0.0 
14449.58 0.81 0.0 
14463.19 0.32 0.0 
14747.90 0.65 0.0 
14570.35 0.84 0.0 
14578.25 0.46 0.0 
15319.66 0.70 0.0 
14747.89 0.59 0.0 
15008.77 0.45 0.0 
16529.17 0.31 0.0 
14947.33 0.58 0.0 
15372.56 0.73 0.0 
16757.95 0.48 0.0 
15046.18 0.65 0.0 
15390.45 0.30 0.0 
15008.80 0.53 0.0 
15336.19 0.35 0.0 
15121.29 0.30 0.0 
17003.57 0.59 0.0 
15372.56 0.69 0.0 
15482.66 0.60 0.0 
17382.69 0.43 0.0 
15810.51 0.38 0.0 
17595.71 0.54 0.0 
16757.91 0.33 0.0 
17003.53 0.58 0.0 
16557.04 0.75 0.0 
16557.05 0.72 0.0 
17595.75 0.34 0.0 
17141.95 0.42 0.0 
16931.68 0.63 0.0 
16931.67 0.49 0.0 
17299.43 0.41 0.0 
18698.84 0.75 0.0 
17943.07 0.32 0.0 
17649.15 0.35 0.0 
17655.27 0.50 0.0 
17649.21 0.46 0.0 
18217.83 0.36 0.0 
18280.31 0.45 0.0 
18737.53 0.34 0.0 
18698.84 0.78 0.0 
18986.78 0.64 0.0 
18733.63 0.65 0.0 
18737.53 0.40 0.0 
18986.75 0.55 0.0 
19362.51 0.30 0.0 
20095.15 0.38 0.0 
20329.01 0.65 0.0 
20865.63 0.44 0.0 
20925.83 0.32 0.0 
21158.27 0.37 0.0 
21091.13 0.38 0.0 
21165.70 0.77 0.0 
21176.95 0.32 0.0 
22404.47 0.33 0.0 
23131.39 0.30 0.0 
24510.71 0.57 0.0 
25777.63 0.33 0.0 
25750.60 0.58 0.0 
25884.23 0.50 0.0 
25884.17 0.43 0.0 
25996.80 0.65 0.0 
25989.36 0.79 0.0 
25592.66 0.57 0.0 
25592.66 0.80 0.0 
25551.93 0.61 0.0 
26180.62 0.58 0.0 
25777.65 0.65 0.0 
25977.07 0.39 0.0 
25977.03 0.42 0.0 
25989.37 0.70 0.0 
26614.73 0.61 0.0 
26566.63 0.36 0.0 
27822.32 0.60 0.0 
27822.32 0.72 0.0 
28170.87 0.41 0.0 
28571.83 0.34 0.0 
29362.11 0.30 0.0 
29033.76 0.48 0.0 
28774.63 0.45 0.0 
28568.80 0.66 0.0 
28964.63 0.31 0.0 
28967.34 0.56 0.0 
30520.83 0.53 0.0 
31309.78 0.48 0.0 
31678.99 0.35 0.0 
32080.35 0.35 0.0 
32424.45 0.68 0.0 
32429.69 0.48 0.0 
32906.79 0.35 0.0 
32446.73 0.43 0.0 
34244.81 0.52 0.0 
35135.48 0.86 0.0 
35135.48 0.85 0.0 
35568.81 0.56 0.0 
39826.38 0.58 0.0 
45885.84 0.60 0.0 
46771.05 0.31 0.0 
46771.11 0.63 0.0 
48179.82 0.47 0.0 
48179.80 0.33 0.0 
49085.42 0.68 0.0 
48842.49 0.39 0.0 
50551.60 0.45 0.0 
50569.53 0.61 0.0 
50569.53 0.73 0.0 
52485.91 0.52 0.0 
54440.41 0.31 0.0 
54495.39 0.33 0.0 
54977.03 0.38 0.0 
55865.55 0.40 0.0 
56813.83 0.35 0.0 
63196.08 0.41 0.0 
63196.07 0.47 0.0 
66752.37 0.36 0.0 
70005.97 0.46 0.0 
69720.77 0.37 0.0 
74580.89 0.54 0.0 
74702.71 0.57 0.0 
80971.00 0.35 0.0 
82068.71 0.36 0.0 
81046.61 0.35 0.0 
84532.55 0.34 0.0 
85668.87 0.39 0.0 
86301.01 0.32 0.0 
86312.29 0.53 0.0 
86279.81 0.60 0.0 
86312.33 0.75 0.0 
86339.21 0.60 0.0 
86339.18 0.91 0.0 
