372.70 0.76 0.0 
610.73 0.43 0.0 
417.09 0.66 0.0 
28.61 0.44 0.0 
1979.27 0.42 0.0 
1588.69 0.42 0.0 
3779.21 0.54 0.0 
6192.12 0.46 0.0 
5559.55 0.40 0.0 
5743.05 0.40 0.0 
6473.33 0.54 0.0 
8461.16 0.61 0.0 
8570.69 0.75 0.0 
6087.80 0.49 0.0 
8931.12 0.61 0.0 
6565.97 0.48 0.0 
9048.32 0.71 0.0 
7702.25 0.37 0.0 
7724.25 0.66 0.0 
8400.56 0.43 0.0 
7285.48 0.40 0.0 
8519.93 0.42 0.0 
8532.85 0.69 0.0 
8139.81 0.46 0.0 
8553.94 0.75 0.0 
8802.81 0.49 0.0 
8567.16 0.51 0.0 
8570.73 0.35 0.0 
8245.39 0.33 0.0 
8400.50 0.60 0.0 
9016.21 0.74 0.0 
9034.39 0.43 0.0 
8931.12 0.58 0.0 
8524.04 0.33 0.0 
8532.81 0.44 0.0 
9048.31 0.78 0.0 
8461.16 0.57 0.0 
8848.55 0.94 0.0 
8857.47 0.68 0.0 
8848.56 0.95 0.0 
11089.76 0.51 0.0 
11100.36 0.50 0.0 
9016.21 0.49 0.0 
9321.89 0.76 0.0 
9433.15 0.32 0.0 
10363.24 0.40 0.0 
10536.56 0.45 0.0 
11089.80 0.74 0.0 
11060.32 0.62 0.0 
11073.93 0.41 0.0 
11060.32 0.49 0.0 
12041.97 0.44 0.0 
12859.65 0.65 0.0 
13542.68 0.66 0.0 
16495.61 0.32 0.0 
16859.12 0.44 0.0 
19506.35 0.74 0.0 
19450.28 0.38 0.0 
19746.09 0.46 0.0 
18118.21 0.59 0.0 
19433.18 0.57 0.0 
20562.68 0.47 0.0 
21397.49 0.43 0.0 
21883.09 0.34 0.0 
24723.95 0.48 0.0 
24216.04 0.51 0.0 
25813.41 0.31 0.0 
25664.00 0.80 0.0 
27192.57 0.38 0.0 
27013.37 0.40 0.0 
26772.37 0.51 0.0 
26157.17 0.45 0.0 
27914.49 0.53 0.0 
27658.76 0.40 0.0 
28270.85 0.44 0.0 
28234.97 0.62 0.0 
29592.25 0.30 0.0 
29712.29 0.36 0.0 
28436.71 0.31 0.0 
30071.97 0.42 0.0 
30416.20 0.35 0.0 
30425.81 0.37 0.0 
30896.09 0.55 0.0 
31585.96 0.71 0.0 
31285.93 0.58 0.0 
33235.72 0.39 0.0 
34607.56 0.30 0.0 
34439.51 0.47 0.0 
35993.25 0.42 0.0 
37227.85 0.34 0.0 
37166.57 0.62 0.0 
38813.91 0.33 0.0 
39633.47 0.69 0.0 
45026.33 0.49 0.0 
47954.41 0.36 0.0 
48131.17 0.39 0.0 
50814.41 0.35 0.0 
50714.47 0.34 0.0 
52060.36 0.74 0.0 
52304.57 0.41 0.0 
55918.80 0.43 0.0 
58545.07 0.31 0.0 
60164.43 0.31 0.0 
62241.05 0.36 0.0 
62241.09 0.56 0.0 
63494.01 0.34 0.0 
63965.48 0.41 0.0 
64391.77 0.47 0.0 
66833.53 0.56 0.0 
71708.32 0.35 0.0 
73934.25 0.55 0.0 
75329.19 0.34 0.0 
76003.97 0.58 0.0 
75958.12 0.30 0.0 
76948.29 0.35 0.0 
76706.25 0.41 0.0 
77305.72 0.38 0.0 
78888.37 0.44 0.0 
76520.89 0.31 0.0 
77983.93 0.65 0.0 
78888.36 0.39 0.0 
79501.00 0.89 0.0 
81551.33 0.42 0.0 
82100.80 0.31 0.0 
82224.12 0.40 0.0 
81823.53 0.37 0.0 
81925.83 0.31 0.0 
82889.97 0.38 0.0 
82678.65 0.32 0.0 
84414.49 0.43 0.0 
85017.21 0.38 0.0 
83398.68 0.34 0.0 
83764.92 0.36 0.0 
83767.63 0.62 0.0 
85351.24 0.53 0.0 
85351.17 0.54 0.0 
85076.81 0.31 0.0 
85814.09 0.67 0.0 
