2307.29 0.71 0.0 
193.60 0.32 0.0 
2787.20 0.34 0.0 
687.00 0.50 0.0 
929.33 0.79 0.0 
611.08 0.31 0.0 
1091.12 0.58 0.0 
2004.09 0.35 0.0 
2713.55 0.86 0.0 
2954.33 0.59 0.0 
179.44 0.37 0.0 
1304.32 0.91 0.0 
2713.52 0.44 0.0 
2716.12 0.40 0.0 
3374.01 0.60 0.0 
7708.82 0.94 0.0 
2816.44 0.50 0.0 
11279.11 0.86 0.0 
10526.99 0.82 0.0 
15628.31 0.88 0.0 
14443.28 0.82 0.0 
15628.33 0.32 0.0 
19439.16 0.59 0.0 
15493.55 0.37 0.0 
16260.71 0.40 0.0 
20973.34 0.31 0.0 
16649.04 0.30 0.0 
15037.89 0.33 0.0 
18433.05 0.70 0.0 
18912.51 0.85 0.0 
19153.00 0.47 0.0 
21509.07 0.42 0.0 
18912.53 0.41 0.0 
19285.07 0.40 0.0 
22468.99 0.37 0.0 
19405.41 0.46 0.0 
24479.57 0.37 0.0 
19692.42 0.84 0.0 
19795.28 0.45 0.0 
21909.29 0.58 0.0 
24248.49 0.36 0.0 
20868.39 0.59 0.0 
21120.93 0.52 0.0 
20973.36 0.32 0.0 
21104.51 0.33 0.0 
19831.47 0.71 0.0 
21613.55 0.33 0.0 
25588.47 0.79 0.0 
21179.31 0.88 0.0 
24760.64 0.61 0.0 
23534.43 0.78 0.0 
24248.47 0.48 0.0 
28226.61 0.53 0.0 
29639.01 0.58 0.0 
27046.58 0.42 0.0 
30588.95 0.49 0.0 
25985.31 0.33 0.0 
26744.11 0.93 0.0 
32758.51 0.84 0.0 
26697.51 0.89 0.0 
32041.35 0.67 0.0 
30913.16 0.44 0.0 
32788.88 0.93 0.0 
31364.41 0.38 0.0 
29338.96 0.38 0.0 
30588.91 0.67 0.0 
30974.32 0.64 0.0 
32674.24 0.49 0.0 
32788.83 0.48 0.0 
31454.36 0.33 0.0 
30418.59 0.53 0.0 
32018.24 0.33 0.0 
36245.60 0.31 0.0 
31231.85 0.32 0.0 
36360.07 0.36 0.0 
32758.49 0.40 0.0 
32674.24 0.32 0.0 
34424.17 0.51 0.0 
34544.19 0.41 0.0 
36284.33 0.43 0.0 
35294.56 0.56 0.0 
35387.88 0.38 0.0 
35335.69 0.35 0.0 
35336.56 0.48 0.0 
35440.61 0.61 0.0 
36059.01 0.72 0.0 
43079.24 0.45 0.0 
40754.46 0.91 0.0 
40359.16 0.31 0.0 
45719.51 0.31 0.0 
44666.55 0.89 0.0 
41412.97 0.38 0.0 
42254.16 0.40 0.0 
45069.09 0.80 0.0 
41817.98 0.40 0.0 
44666.56 0.63 0.0 
44967.41 0.84 0.0 
45080.93 0.33 0.0 
44259.93 0.32 0.0 
45080.92 0.80 0.0 
45463.85 0.43 0.0 
47474.09 0.70 0.0 
45513.56 0.34 0.0 
46995.68 0.34 0.0 
51836.44 0.59 0.0 
53710.01 0.43 0.0 
54792.36 0.40 0.0 
51836.48 0.42 0.0 
54688.79 0.52 0.0 
54463.93 0.49 0.0 
54877.95 0.49 0.0 
56354.25 0.59 0.0 
56318.43 0.38 0.0 
56487.65 0.51 0.0 
54877.97 0.54 0.0 
55454.56 0.54 0.0 
56287.04 0.40 0.0 
57317.97 0.39 0.0 
56318.46 0.58 0.0 
59201.40 0.38 0.0 
63359.28 0.66 0.0 
63478.93 0.43 0.0 
57779.32 0.72 0.0 
59235.67 0.33 0.0 
59503.82 0.55 0.0 
66237.43 0.46 0.0 
66346.55 0.37 0.0 
67469.33 0.32 0.0 
63130.00 0.46 0.0 
63035.12 0.65 0.0 
66136.52 0.32 0.0 
66346.59 0.65 0.0 
73394.28 0.84 0.0 
75674.59 0.55 0.0 
73483.09 0.43 0.0 
78719.19 0.36 0.0 
74009.16 0.49 0.0 
77909.01 0.45 0.0 
74170.54 0.33 0.0 
75164.31 0.57 0.0 
75569.09 0.43 0.0 
75373.93 0.43 0.0 
77355.89 0.31 0.0 
81479.21 0.39 0.0 
78704.51 0.56 0.0 
78798.59 0.37 0.0 
75537.88 0.35 0.0 
83638.99 0.33 0.0 
82222.92 0.45 0.0 
81102.11 0.47 0.0 
78659.09 0.53 0.0 
81857.45 0.56 0.0 
83261.72 0.75 0.0 
84553.60 0.60 0.0 
85034.57 0.43 0.0 
