1082.85 0.31 0.0 
4733.17 0.64 0.0 
8567.27 0.55 0.0 
9433.45 0.35 0.0 
8561.57 0.60 0.0 
8553.99 0.59 0.0 
8561.61 0.60 0.0 
9484.33 0.34 0.0 
8476.45 0.36 0.0 
9034.43 0.36 0.0 
8852.90 0.63 0.0 
9416.69 0.37 0.0 
9197.65 0.31 0.0 
11092.15 0.40 0.0 
11061.61 0.32 0.0 
11286.15 0.56 0.0 
14205.87 0.33 0.0 
19451.20 0.36 0.0 
20574.55 0.33 0.0 
19526.27 0.35 0.0 
21739.40 0.36 0.0 
20461.73 0.33 0.0 
23838.37 0.44 0.0 
26775.20 0.84 0.0 
28125.53 0.36 0.0 
35998.19 0.31 0.0 
36570.49 0.32 0.0 
41659.57 0.50 0.0 
45842.71 0.31 0.0 
47625.48 0.39 0.0 
49580.23 0.32 0.0 
51320.89 0.33 0.0 
52935.47 0.40 0.0 
53402.39 0.31 0.0 
54858.33 0.32 0.0 
54891.35 0.31 0.0 
57571.89 0.58 0.0 
58475.67 0.39 0.0 
58831.13 0.57 0.0 
58636.36 0.52 0.0 
58550.07 0.32 0.0 
60164.43 0.35 0.0 
62236.71 0.40 0.0 
63195.59 0.31 0.0 
63781.19 0.40 0.0 
66467.63 0.31 0.0 
69448.25 0.42 0.0 
71708.33 0.36 0.0 
74570.73 0.51 0.0 
74612.39 0.36 0.0 
75333.78 0.72 0.0 
75333.81 0.66 0.0 
76709.74 0.76 0.0 
76709.73 0.79 0.0 
78634.81 0.50 0.0 
77359.84 0.39 0.0 
77983.93 0.38 0.0 
79157.49 0.55 0.0 
79502.07 0.41 0.0 
81229.11 0.31 0.0 
82202.65 0.41 0.0 
82565.21 0.32 0.0 
82202.63 0.39 0.0 
83865.55 0.44 0.0 
85488.41 0.32 0.0 
85574.41 0.33 0.0 
