2688.23 0.30 0.0 
2702.11 0.63 0.0 
5072.31 0.34 0.0 
5172.91 0.37 0.0 
6379.23 0.33 0.0 
6379.92 0.52 0.0 
7667.97 0.57 0.0 
6379.21 0.32 0.0 
6379.93 0.45 0.0 
7667.99 0.44 0.0 
9169.33 0.36 0.0 
10711.79 0.46 0.0 
11331.15 0.30 0.0 
11332.17 0.40 0.0 
11986.05 0.47 0.0 
10574.57 0.47 0.0 
11278.55 0.37 0.0 
13064.79 0.45 0.0 
13436.36 0.75 0.0 
12361.67 0.30 0.0 
14800.31 0.50 0.0 
14746.15 0.40 0.0 
14492.70 0.67 0.0 
13172.89 0.46 0.0 
13436.36 0.80 0.0 
14492.70 0.56 0.0 
18778.03 0.33 0.0 
18722.61 0.40 0.0 
18744.72 0.67 0.0 
19352.69 0.42 0.0 
19473.05 0.41 0.0 
18722.59 0.35 0.0 
18744.73 0.61 0.0 
19486.25 0.58 0.0 
20491.65 0.31 0.0 
23899.87 0.36 0.0 
23460.81 0.51 0.0 
24999.83 0.33 0.0 
25080.56 0.59 0.0 
25110.81 0.49 0.0 
25125.57 0.35 0.0 
26023.83 0.31 0.0 
26966.71 0.40 0.0 
26611.03 0.33 0.0 
27919.99 0.34 0.0 
27426.75 0.34 0.0 
32976.00 0.54 0.0 
35146.51 0.36 0.0 
35099.80 0.59 0.0 
36046.43 0.36 0.0 
36319.95 0.49 0.0 
37486.47 0.45 0.0 
37486.43 0.34 0.0 
39721.87 0.36 0.0 
40019.83 0.39 0.0 
43688.04 0.43 0.0 
43514.13 0.30 0.0 
44478.11 0.49 0.0 
46343.04 0.52 0.0 
45124.43 0.44 0.0 
47338.84 0.52 0.0 
47221.79 0.33 0.0 
47466.47 0.30 0.0 
47626.19 0.32 0.0 
47338.83 0.33 0.0 
53406.77 0.62 0.0 
57255.59 0.48 0.0 
57486.15 0.43 0.0 
63129.73 0.36 0.0 
63129.72 0.31 0.0 
66318.81 0.50 0.0 
71339.87 0.59 0.0 
72725.39 0.30 0.0 
72734.87 0.61 0.0 
74298.99 0.34 0.0 
75229.23 0.36 0.0 
75807.87 0.30 0.0 
77012.63 0.35 0.0 
80303.83 0.36 0.0 
79157.29 0.31 0.0 
79157.21 0.38 0.0 
80262.95 0.32 0.0 
82577.85 0.32 0.0 
81244.17 0.35 0.0 
82073.84 0.37 0.0 
