272.11 0.39 0.0 
443.88 0.51 0.0 
272.08 0.45 0.0 
533.81 0.31 0.0 
978.68 0.89 0.0 
978.68 0.76 0.0 
2050.32 0.80 0.0 
1497.93 0.85 0.0 
1438.08 0.49 0.0 
2227.51 0.47 0.0 
2084.53 0.31 0.0 
2050.31 0.76 0.0 
2248.79 0.88 0.0 
2149.45 0.38 0.0 
2188.41 0.45 0.0 
3127.41 0.53 0.0 
3652.80 0.87 0.0 
3652.80 0.93 0.0 
4249.01 0.41 0.0 
4802.28 0.67 0.0 
4802.27 0.64 0.0 
6678.77 0.37 0.0 
5351.93 0.42 0.0 
5875.89 0.77 0.0 
5594.09 0.53 0.0 
7276.33 0.37 0.0 
7424.59 0.80 0.0 
5875.88 0.77 0.0 
6356.04 0.39 0.0 
6356.08 0.63 0.0 
8490.08 0.34 0.0 
7265.17 0.32 0.0 
7472.40 0.48 0.0 
7492.41 0.40 0.0 
7676.86 0.55 0.0 
9200.03 0.46 0.0 
8097.34 0.92 0.0 
8104.79 0.42 0.0 
7676.80 0.73 0.0 
8278.25 0.74 0.0 
7680.07 0.50 0.0 
8097.35 0.80 0.0 
8187.32 0.56 0.0 
8406.28 0.53 0.0 
8278.24 0.32 0.0 
8187.33 0.92 0.0 
8490.09 0.77 0.0 
9200.04 0.42 0.0 
8406.29 0.61 0.0 
10526.05 0.75 0.0 
9311.63 0.75 0.0 
9743.61 0.65 0.0 
11022.08 0.40 0.0 
10526.07 0.84 0.0 
9743.59 0.60 0.0 
10889.43 0.86 0.0 
10859.27 0.92 0.0 
11230.58 0.97 0.0 
10651.80 0.80 0.0 
10859.28 0.91 0.0 
11269.05 0.89 0.0 
11284.23 0.71 0.0 
11269.07 0.60 0.0 
11230.58 0.98 0.0 
13061.17 0.70 0.0 
12180.25 0.96 0.0 
11284.21 0.34 0.0 
13166.21 0.32 0.0 
12051.10 0.75 0.0 
12428.05 0.53 0.0 
12153.40 0.40 0.0 
12153.39 0.79 0.0 
12787.04 0.55 0.0 
12051.04 0.36 0.0 
12180.25 0.97 0.0 
13034.59 0.33 0.0 
13166.18 0.79 0.0 
12428.04 0.44 0.0 
12955.35 0.36 0.0 
13385.71 0.33 0.0 
14357.60 0.63 0.0 
12955.37 0.59 0.0 
12787.05 0.55 0.0 
13061.13 0.47 0.0 
13605.32 0.85 0.0 
14983.09 0.30 0.0 
13671.13 0.37 0.0 
13957.58 0.32 0.0 
13557.92 0.76 0.0 
13925.76 0.73 0.0 
13671.16 0.70 0.0 
14357.61 0.62 0.0 
13957.57 0.36 0.0 
13925.73 0.66 0.0 
14393.36 0.70 0.0 
14448.05 0.56 0.0 
14942.96 0.90 0.0 
14574.59 0.92 0.0 
14683.47 0.71 0.0 
14393.37 0.60 0.0 
14448.07 0.55 0.0 
15189.79 0.50 0.0 
14747.09 0.64 0.0 
14574.59 0.93 0.0 
15316.63 0.35 0.0 
14747.13 0.38 0.0 
14758.00 0.41 0.0 
14942.99 0.80 0.0 
15370.55 0.50 0.0 
15807.93 0.44 0.0 
15927.81 0.44 0.0 
15335.41 0.43 0.0 
15736.33 0.41 0.0 
17000.20 0.65 0.0 
15370.51 0.60 0.0 
17140.87 0.43 0.0 
15508.80 0.74 0.0 
16099.47 0.34 0.0 
16099.44 0.52 0.0 
17000.19 0.39 0.0 
16603.35 0.49 0.0 
16554.64 0.71 0.0 
16452.08 0.74 0.0 
16667.46 0.60 0.0 
16511.17 0.88 0.0 
16554.69 0.46 0.0 
16588.77 0.43 0.0 
16667.45 0.51 0.0 
17593.97 0.87 0.0 
18692.67 0.62 0.0 
17410.95 0.70 0.0 
17594.00 0.69 0.0 
17647.43 0.48 0.0 
17652.80 0.58 0.0 
17647.49 0.51 0.0 
17652.81 0.83 0.0 
18432.21 0.34 0.0 
18214.52 0.63 0.0 
18432.25 0.54 0.0 
18599.26 0.81 0.0 
18692.65 0.42 0.0 
19284.00 0.33 0.0 
18733.58 0.71 0.0 
18983.28 0.83 0.0 
18983.23 0.78 0.0 
19362.43 0.70 0.0 
20486.73 0.64 0.0 
20486.71 0.78 0.0 
20864.32 0.91 0.0 
20094.51 0.70 0.0 
20159.49 0.70 0.0 
20310.01 0.37 0.0 
21081.44 0.38 0.0 
20327.35 0.36 0.0 
20550.21 0.39 0.0 
20864.32 0.81 0.0 
21176.95 0.44 0.0 
21155.25 0.37 0.0 
21118.63 0.75 0.0 
21248.80 0.77 0.0 
21309.83 0.34 0.0 
21248.76 0.83 0.0 
21637.23 0.53 0.0 
22401.09 0.86 0.0 
22401.07 0.88 0.0 
21883.55 0.52 0.0 
22013.73 0.31 0.0 
22781.69 0.57 0.0 
22076.19 0.45 0.0 
22013.73 0.38 0.0 
22076.21 0.61 0.0 
23604.63 0.56 0.0 
22781.73 0.61 0.0 
22798.48 0.34 0.0 
22841.63 0.43 0.0 
23604.68 0.44 0.0 
23202.19 0.45 0.0 
23202.12 0.80 0.0 
24030.76 0.85 0.0 
24030.75 0.69 0.0 
24922.83 0.44 0.0 
25276.32 0.31 0.0 
25276.35 0.92 0.0 
24860.97 0.43 0.0 
25663.65 0.75 0.0 
25777.58 0.57 0.0 
25878.60 0.42 0.0 
24860.93 0.45 0.0 
25551.90 0.77 0.0 
25663.63 0.52 0.0 
25777.57 0.36 0.0 
25750.62 0.84 0.0 
26508.11 0.39 0.0 
25986.71 0.35 0.0 
25993.76 0.52 0.0 
27331.28 0.82 0.0 
26429.01 0.39 0.0 
26919.85 0.76 0.0 
27818.59 0.59 0.0 
27819.51 0.55 0.0 
26919.88 0.83 0.0 
28167.37 0.92 0.0 
28167.38 0.85 0.0 
27331.28 0.82 0.0 
27758.55 0.58 0.0 
27758.53 0.77 0.0 
27818.55 0.65 0.0 
27819.51 0.51 0.0 
28170.43 0.34 0.0 
28568.39 0.87 0.0 
29358.87 0.78 0.0 
29358.87 0.73 0.0 
28964.05 0.96 0.0 
28568.39 0.86 0.0 
28964.05 0.92 0.0 
30335.53 0.49 0.0 
29758.82 0.88 0.0 
30915.96 0.75 0.0 
30153.12 0.53 0.0 
30915.94 0.93 0.0 
30153.16 0.78 0.0 
30520.80 0.70 0.0 
31888.13 0.66 0.0 
30528.20 0.59 0.0 
30518.20 0.32 0.0 
30528.17 0.59 0.0 
31307.69 0.65 0.0 
31307.71 0.88 0.0 
31573.52 0.40 0.0 
31675.55 0.47 0.0 
32486.91 0.70 0.0 
32591.68 0.47 0.0 
31675.56 0.71 0.0 
32079.96 0.67 0.0 
32079.97 0.53 0.0 
32131.21 0.47 0.0 
32547.87 0.40 0.0 
33339.19 0.63 0.0 
32420.83 0.48 0.0 
33786.66 0.91 0.0 
32903.67 0.79 0.0 
32547.87 0.34 0.0 
32591.72 0.46 0.0 
32903.64 0.72 0.0 
34244.04 0.90 0.0 
33786.66 0.92 0.0 
34681.06 0.87 0.0 
34244.04 0.91 0.0 
35133.65 0.72 0.0 
35169.84 0.81 0.0 
35590.58 0.85 0.0 
34229.37 0.82 0.0 
35074.32 0.84 0.0 
34681.03 0.85 0.0 
35074.32 0.68 0.0 
35562.21 0.31 0.0 
35133.64 0.45 0.0 
36035.69 0.37 0.0 
35565.85 0.31 0.0 
35590.57 0.88 0.0 
37400.36 0.73 0.0 
37400.36 0.77 0.0 
37250.41 0.31 0.0 
37828.72 0.63 0.0 
39209.23 0.92 0.0 
37828.71 0.89 0.0 
39209.21 0.44 0.0 
38758.23 0.58 0.0 
39701.61 0.86 0.0 
39701.59 0.62 0.0 
41093.25 0.34 0.0 
41309.00 0.80 0.0 
41278.45 0.31 0.0 
42918.94 0.86 0.0 
42918.93 0.89 0.0 
43430.81 0.45 0.0 
43430.85 0.31 0.0 
44846.51 0.56 0.0 
44374.09 0.51 0.0 
43918.33 0.61 0.0 
44374.09 0.35 0.0 
45331.07 0.54 0.0 
45828.64 0.56 0.0 
46305.44 0.30 0.0 
46768.50 0.84 0.0 
47241.81 0.38 0.0 
46768.49 0.59 0.0 
47413.27 0.34 0.0 
48177.16 0.88 0.0 
48177.20 0.72 0.0 
49082.82 0.90 0.0 
49550.28 0.50 0.0 
48626.57 0.73 0.0 
50955.55 0.66 0.0 
50496.41 0.58 0.0 
49082.81 0.86 0.0 
50551.60 0.66 0.0 
50566.77 0.61 0.0 
50496.40 0.56 0.0 
50566.77 0.47 0.0 
50955.60 0.75 0.0 
51943.68 0.91 0.0 
51441.61 0.43 0.0 
51943.68 0.96 0.0 
52912.43 0.63 0.0 
53369.43 0.35 0.0 
53395.93 0.37 0.0 
54437.94 0.53 0.0 
53562.40 0.32 0.0 
53902.89 0.59 0.0 
54920.85 0.47 0.0 
54437.94 0.34 0.0 
55863.07 0.85 0.0 
53902.88 0.53 0.0 
54920.85 0.61 0.0 
55863.04 0.82 0.0 
56811.18 0.90 0.0 
56333.50 0.85 0.0 
56811.16 0.67 0.0 
57774.93 0.68 0.0 
59275.47 0.64 0.0 
58248.25 0.52 0.0 
58248.23 0.80 0.0 
60237.25 0.62 0.0 
61079.36 0.85 0.0 
60237.25 0.46 0.0 
62706.47 0.64 0.0 
62190.61 0.53 0.0 
61212.21 0.51 0.0 
63193.35 0.61 0.0 
60722.81 0.41 0.0 
61212.20 0.32 0.0 
62706.48 0.63 0.0 
63728.25 0.37 0.0 
65246.87 0.83 0.0 
64737.40 0.77 0.0 
63193.35 0.76 0.0 
66794.29 0.47 0.0 
65246.89 0.31 0.0 
67651.12 0.51 0.0 
65742.69 0.90 0.0 
66254.09 0.31 0.0 
68128.88 0.85 0.0 
67172.92 0.47 0.0 
66794.32 0.43 0.0 
70676.17 0.34 0.0 
68619.80 0.75 0.0 
71199.32 0.76 0.0 
71725.84 0.44 0.0 
71199.33 0.58 0.0 
70175.03 0.31 0.0 
72226.60 0.57 0.0 
74338.16 0.72 0.0 
76435.76 0.33 0.0 
75404.05 0.83 0.0 
72745.79 0.48 0.0 
78089.03 0.86 0.0 
76977.28 0.78 0.0 
79196.36 0.54 0.0 
77531.24 0.48 0.0 
79783.08 0.47 0.0 
76977.35 0.38 0.0 
79783.03 0.85 0.0 
81046.53 0.34 0.0 
81134.16 0.58 0.0 
80356.99 0.73 0.0 
78628.97 0.68 0.0 
81494.08 0.94 0.0 
82066.81 0.49 0.0 
85168.84 0.86 0.0 
83294.23 0.78 0.0 
85523.65 0.36 0.0 
85528.94 0.32 0.0 
81046.53 0.65 0.0 
86279.57 0.62 0.0 
84530.32 0.71 0.0 
86279.51 0.54 0.0 
84530.33 0.43 0.0 
86333.45 0.84 0.0 
86339.14 0.32 0.0 
86384.18 0.84 0.0 
86330.57 0.37 0.0 
86333.44 0.72 0.0 
