681.36 0.76 0.0 
1471.74 0.63 0.0 
1471.77 0.58 0.0 
1856.91 0.59 0.0 
2181.59 0.73 0.0 
2143.31 0.34 0.0 
4697.07 0.65 0.0 
5064.91 0.75 0.0 
5356.03 0.43 0.0 
5775.49 0.65 0.0 
5775.47 0.36 0.0 
6389.96 0.31 0.0 
6682.95 0.51 0.0 
8236.76 0.55 0.0 
8236.76 0.83 0.0 
9444.16 0.80 0.0 
9960.50 0.65 0.0 
10209.16 0.77 0.0 
10546.93 0.71 0.0 
10532.06 0.65 0.0 
10546.89 0.57 0.0 
10843.23 0.56 0.0 
11682.15 0.40 0.0 
11571.57 0.43 0.0 
12156.83 0.38 0.0 
12313.61 0.62 0.0 
12169.89 0.69 0.0 
12313.63 0.47 0.0 
13039.32 0.72 0.0 
12898.69 0.78 0.0 
13039.32 0.74 0.0 
13061.09 0.64 0.0 
13061.06 0.49 0.0 
13352.69 0.60 0.0 
13364.41 0.45 0.0 
13898.34 0.71 0.0 
14066.37 0.57 0.0 
13898.36 0.70 0.0 
14066.38 0.66 0.0 
14347.71 0.45 0.0 
14614.56 0.78 0.0 
14719.01 0.33 0.0 
14817.89 0.41 0.0 
15132.47 0.32 0.0 
15603.68 0.49 0.0 
17716.39 0.35 0.0 
17716.37 0.64 0.0 
19302.75 0.65 0.0 
19302.73 0.53 0.0 
19970.22 0.82 0.0 
19970.20 0.85 0.0 
20322.56 0.56 0.0 
20322.57 0.37 0.0 
20328.51 0.59 0.0 
20328.55 0.50 0.0 
21793.82 0.84 0.0 
21795.47 0.81 0.0 
21793.86 0.80 0.0 
22482.07 0.33 0.0 
25141.39 0.51 0.0 
32517.17 0.38 0.0 
33260.39 0.39 0.0 
34563.23 0.42 0.0 
34563.22 0.82 0.0 
35156.40 0.60 0.0 
34934.59 0.35 0.0 
35401.79 0.39 0.0 
35401.80 0.78 0.0 
35905.71 0.54 0.0 
36102.91 0.41 0.0 
37062.71 0.33 0.0 
37062.73 0.68 0.0 
38103.37 0.52 0.0 
38103.35 0.32 0.0 
39249.21 0.43 0.0 
40348.67 0.46 0.0 
40967.19 0.47 0.0 
41439.47 0.34 0.0 
42646.15 0.52 0.0 
44566.78 0.75 0.0 
46360.51 0.55 0.0 
47304.95 0.31 0.0 
47304.91 0.36 0.0 
48458.57 0.67 0.0 
49534.57 0.67 0.0 
50029.89 0.44 0.0 
49920.87 0.34 0.0 
50158.11 0.44 0.0 
50667.41 0.79 0.0 
51746.03 0.47 0.0 
53308.22 0.71 0.0 
53308.22 0.73 0.0 
53555.69 0.59 0.0 
53555.67 0.47 0.0 
54728.60 0.60 0.0 
54785.87 0.35 0.0 
55546.21 0.71 0.0 
57181.32 0.66 0.0 
80525.60 0.79 0.0 
83363.89 0.77 0.0 
83363.92 0.61 0.0 
84724.84 0.70 0.0 
84724.84 0.84 0.0 
84933.07 0.37 0.0 
85380.81 0.42 0.0 
85643.82 0.60 0.0 
86028.07 0.52 0.0 
86317.02 0.68 0.0 
86028.07 0.43 0.0 
86317.02 0.50 0.0 
