681.35 0.73 0.0 
1467.04 0.71 0.0 
1856.87 0.67 0.0 
2181.60 0.39 0.0 
4695.48 0.52 0.0 
5064.87 0.77 0.0 
6680.92 0.51 0.0 
6680.91 0.63 0.0 
7019.51 0.39 0.0 
8406.00 0.43 0.0 
8406.13 0.42 0.0 
9444.07 0.51 0.0 
10378.19 0.34 0.0 
10843.15 0.40 0.0 
11813.99 0.75 0.0 
11813.96 0.41 0.0 
12155.32 0.58 0.0 
12155.33 0.45 0.0 
12299.31 0.86 0.0 
12399.19 0.34 0.0 
12481.80 0.88 0.0 
12299.28 0.58 0.0 
12594.76 0.45 0.0 
12481.80 0.49 0.0 
12898.68 0.66 0.0 
13037.20 0.39 0.0 
13037.19 0.69 0.0 
13351.12 0.77 0.0 
13351.15 0.53 0.0 
13893.76 0.51 0.0 
14059.44 0.82 0.0 
13893.73 0.49 0.0 
14059.46 0.91 0.0 
14308.27 0.39 0.0 
14308.24 0.34 0.0 
14614.51 0.32 0.0 
14816.62 0.95 0.0 
14816.63 0.95 0.0 
15192.60 0.35 0.0 
15548.20 0.44 0.0 
15984.56 0.34 0.0 
16304.01 0.49 0.0 
19969.33 0.81 0.0 
19969.32 0.90 0.0 
20327.76 0.74 0.0 
20327.75 0.56 0.0 
21783.48 0.85 0.0 
21783.48 0.93 0.0 
23725.41 0.41 0.0 
24236.97 0.37 0.0 
26800.51 0.44 0.0 
28934.51 0.44 0.0 
34010.00 0.33 0.0 
34949.11 0.51 0.0 
35156.40 0.79 0.0 
35905.69 0.53 0.0 
36102.86 0.46 0.0 
36501.44 0.41 0.0 
37062.60 0.40 0.0 
39249.12 0.79 0.0 
39249.10 0.33 0.0 
40348.68 0.58 0.0 
46360.51 0.68 0.0 
47586.77 0.70 0.0 
49534.44 0.33 0.0 
50158.07 0.74 0.0 
50667.40 0.56 0.0 
51745.99 0.77 0.0 
53303.75 0.83 0.0 
53303.75 0.85 0.0 
54728.59 0.59 0.0 
55551.99 0.31 0.0 
56104.65 0.48 0.0 
59369.08 0.32 0.0 
73909.47 0.40 0.0 
83952.13 0.49 0.0 
85421.07 0.47 0.0 
85404.76 0.39 0.0 
85643.83 0.81 0.0 
