4684.24 0.79 0.0 
4684.24 0.76 0.0 
6230.97 0.81 0.0 
6230.99 0.83 0.0 
6666.33 0.37 0.0 
6666.33 0.39 0.0 
9825.61 0.44 0.0 
9825.58 0.58 0.0 
11417.43 0.31 0.0 
11429.65 0.80 0.0 
11716.94 0.71 0.0 
12142.69 0.83 0.0 
12142.69 0.84 0.0 
12553.07 0.51 0.0 
12679.01 0.44 0.0 
13029.93 0.62 0.0 
13029.93 0.55 0.0 
13044.89 0.59 0.0 
13044.88 0.62 0.0 
13493.86 0.71 0.0 
13493.88 0.86 0.0 
13771.74 0.49 0.0 
14070.75 0.37 0.0 
14084.21 0.31 0.0 
14310.69 0.68 0.0 
14709.33 0.39 0.0 
14709.31 0.30 0.0 
14722.73 0.53 0.0 
14722.77 0.50 0.0 
14740.07 0.47 0.0 
14752.56 0.64 0.0 
15976.44 0.52 0.0 
15973.70 0.47 0.0 
16975.72 0.60 0.0 
16985.30 0.86 0.0 
16985.30 0.87 0.0 
16975.74 0.71 0.0 
21817.10 0.83 0.0 
21817.06 0.81 0.0 
21825.46 0.75 0.0 
26278.84 0.43 0.0 
26278.80 0.51 0.0 
27541.36 0.40 0.0 
30167.47 0.48 0.0 
33247.68 0.82 0.0 
33209.19 0.42 0.0 
33247.68 0.74 0.0 
34612.92 0.79 0.0 
34681.79 0.73 0.0 
34693.13 0.70 0.0 
34612.92 0.81 0.0 
34681.79 0.72 0.0 
34693.13 0.61 0.0 
35068.52 0.88 0.0 
35068.48 0.85 0.0 
38085.50 0.88 0.0 
38085.52 0.64 0.0 
39120.75 0.32 0.0 
43152.93 0.39 0.0 
46664.71 0.31 0.0 
66358.67 0.32 0.0 
71430.71 0.31 0.0 
81763.11 0.36 0.0 
