400.17 0.66 0.0 
2034.89 0.41 0.0 
3467.19 0.30 0.0 
4679.28 0.82 0.0 
4682.04 0.68 0.0 
4682.03 0.75 0.0 
5981.01 0.38 0.0 
5981.00 0.58 0.0 
6230.68 0.98 0.0 
6344.39 0.35 0.0 
6230.68 0.98 0.0 
7121.17 0.47 0.0 
7079.47 0.72 0.0 
7349.48 0.43 0.0 
8025.81 0.34 0.0 
9471.35 0.78 0.0 
9471.28 0.55 0.0 
9809.35 0.68 0.0 
10366.55 0.35 0.0 
11429.59 0.71 0.0 
11669.09 0.95 0.0 
11669.10 0.97 0.0 
12140.87 0.98 0.0 
12140.87 0.98 0.0 
12287.87 0.70 0.0 
12507.37 0.62 0.0 
12287.87 0.91 0.0 
12749.53 0.41 0.0 
13029.00 0.34 0.0 
13360.85 0.80 0.0 
13019.48 0.43 0.0 
13492.57 0.90 0.0 
13360.85 0.62 0.0 
13378.33 0.40 0.0 
13492.59 0.90 0.0 
13767.35 0.35 0.0 
14069.53 0.82 0.0 
14069.53 0.78 0.0 
14209.39 0.39 0.0 
14209.41 0.57 0.0 
14707.78 0.90 0.0 
14621.41 0.32 0.0 
14707.77 0.61 0.0 
14765.40 0.36 0.0 
15973.72 0.79 0.0 
15972.39 0.36 0.0 
15973.75 0.32 0.0 
16972.83 0.88 0.0 
16972.86 0.90 0.0 
16979.45 0.43 0.0 
17864.47 0.45 0.0 
19168.97 0.38 0.0 
20279.08 0.44 0.0 
21208.57 0.31 0.0 
21299.45 0.34 0.0 
23021.17 0.32 0.0 
23243.64 0.40 0.0 
23480.65 0.58 0.0 
25070.47 0.43 0.0 
26277.52 0.52 0.0 
27403.89 0.56 0.0 
27237.96 0.35 0.0 
28614.08 0.38 0.0 
28974.27 0.33 0.0 
29848.09 0.34 0.0 
29855.77 0.45 0.0 
30614.29 0.58 0.0 
31244.48 0.45 0.0 
31664.16 0.50 0.0 
32579.05 0.36 0.0 
33194.11 0.80 0.0 
33246.75 0.46 0.0 
33261.89 0.31 0.0 
33208.35 0.30 0.0 
33246.76 0.44 0.0 
33678.01 0.30 0.0 
33981.51 0.36 0.0 
34078.15 0.43 0.0 
34329.58 0.40 0.0 
34375.52 0.37 0.0 
34681.25 0.50 0.0 
34600.80 0.34 0.0 
34679.72 0.55 0.0 
35068.16 0.97 0.0 
35068.15 0.98 0.0 
36938.12 0.37 0.0 
37300.11 0.34 0.0 
37581.85 0.43 0.0 
37319.44 0.42 0.0 
38071.92 0.36 0.0 
38123.47 0.32 0.0 
42719.13 0.30 0.0 
43863.49 0.36 0.0 
44725.13 0.43 0.0 
46317.84 0.41 0.0 
48704.13 0.72 0.0 
49853.28 0.35 0.0 
56729.56 0.35 0.0 
58585.05 0.34 0.0 
60559.51 0.51 0.0 
63283.09 0.71 0.0 
67842.99 0.43 0.0 
68426.41 0.50 0.0 
73677.13 0.50 0.0 
75652.77 0.41 0.0 
75652.81 0.47 0.0 
75974.29 0.55 0.0 
81761.05 0.74 0.0 
