3325.83 0.44 0.0 
5350.85 0.40 0.0 
5412.41 0.32 0.0 
5664.56 0.50 0.0 
9118.09 0.36 0.0 
9964.41 0.46 0.0 
12577.87 0.94 0.0 
12577.87 0.93 0.0 
12588.97 0.40 0.0 
13351.33 0.64 0.0 
14071.33 0.63 0.0 
14099.19 0.59 0.0 
14654.04 0.47 0.0 
14442.48 0.36 0.0 
15570.84 0.61 0.0 
15570.83 0.94 0.0 
18816.96 0.39 0.0 
19693.56 0.41 0.0 
20517.68 0.73 0.0 
21460.99 0.57 0.0 
21797.23 0.55 0.0 
21824.49 0.56 0.0 
25904.33 0.64 0.0 
26469.92 0.32 0.0 
27237.25 0.44 0.0 
27610.33 0.39 0.0 
27379.71 0.43 0.0 
28464.69 0.40 0.0 
28468.16 0.31 0.0 
28288.20 0.58 0.0 
28924.09 0.37 0.0 
29187.57 0.40 0.0 
29263.69 0.32 0.0 
29364.28 0.31 0.0 
29611.44 0.53 0.0 
29985.52 0.45 0.0 
30582.41 0.36 0.0 
30632.38 0.50 0.0 
30283.07 0.42 0.0 
31227.21 0.48 0.0 
33224.57 0.47 0.0 
33612.87 0.75 0.0 
34289.43 0.33 0.0 
36238.69 0.34 0.0 
38120.28 0.30 0.0 
38218.35 0.62 0.0 
39132.72 0.30 0.0 
39374.19 0.59 0.0 
39537.16 0.60 0.0 
39629.56 0.57 0.0 
39537.15 0.96 0.0 
39777.61 0.39 0.0 
40468.41 0.40 0.0 
44023.03 0.36 0.0 
51333.20 0.80 0.0 
51972.64 0.36 0.0 
83907.63 0.44 0.0 
