9967.31 0.34 0.0 
10549.05 0.79 0.0 
10536.65 0.55 0.0 
10549.02 0.76 0.0 
11784.79 0.34 0.0 
11784.79 0.36 0.0 
12580.38 0.69 0.0 
12591.31 0.32 0.0 
12580.40 0.71 0.0 
13365.50 0.75 0.0 
13353.23 0.68 0.0 
13365.49 0.47 0.0 
14089.07 0.38 0.0 
15574.75 0.37 0.0 
20846.86 0.52 0.0 
21817.79 0.37 0.0 
21817.74 0.59 0.0 
26132.01 0.43 0.0 
27241.83 0.65 0.0 
27389.99 0.30 0.0 
29985.55 0.36 0.0 
39538.11 0.40 0.0 
39538.10 0.69 0.0 
39900.59 0.32 0.0 
40464.53 0.31 0.0 
44030.25 0.56 0.0 
51333.23 0.69 0.0 
56485.87 0.31 0.0 
