4700.61 0.52 0.0 
4700.67 0.32 0.0 
5793.13 0.60 0.0 
6683.93 0.60 0.0 
6683.90 0.83 0.0 
7712.39 0.32 0.0 
7540.20 0.48 0.0 
9979.11 0.37 0.0 
10366.59 0.57 0.0 
10546.55 0.58 0.0 
10546.54 0.84 0.0 
10565.28 0.62 0.0 
10860.57 0.57 0.0 
11425.27 0.85 0.0 
10565.34 0.57 0.0 
11691.67 0.32 0.0 
11414.68 0.90 0.0 
11691.71 0.37 0.0 
12175.67 0.40 0.0 
12297.64 0.69 0.0 
12310.26 0.62 0.0 
11987.59 0.31 0.0 
12426.44 0.91 0.0 
11414.70 0.95 0.0 
11425.26 0.86 0.0 
12130.03 0.42 0.0 
12495.65 0.35 0.0 
12310.26 0.64 0.0 
12297.61 0.74 0.0 
12426.42 0.89 0.0 
12442.12 0.62 0.0 
12130.01 0.65 0.0 
13364.12 0.48 0.0 
14073.35 0.70 0.0 
14370.57 0.63 0.0 
14328.28 0.69 0.0 
14385.50 0.76 0.0 
14736.50 0.81 0.0 
14748.20 0.79 0.0 
14748.20 0.92 0.0 
14730.15 0.37 0.0 
14736.52 0.73 0.0 
16173.31 0.30 0.0 
16502.91 0.38 0.0 
16979.44 0.91 0.0 
15982.43 0.40 0.0 
16979.44 0.72 0.0 
18397.23 0.36 0.0 
22811.88 0.91 0.0 
22811.88 0.91 0.0 
25372.15 0.35 0.0 
25360.27 0.58 0.0 
25360.23 0.44 0.0 
25372.12 0.31 0.0 
26198.72 0.57 0.0 
26198.81 0.44 0.0 
26270.27 0.39 0.0 
26285.61 0.42 0.0 
26285.57 0.49 0.0 
28862.77 0.66 0.0 
28862.78 0.81 0.0 
30000.93 0.35 0.0 
30000.91 0.31 0.0 
32213.43 0.38 0.0 
34074.87 0.35 0.0 
34771.21 0.71 0.0 
56476.51 0.31 0.0 
