9205.67 0.31 0.0 
10549.25 0.52 0.0 
10665.65 0.38 0.0 
10536.83 0.39 0.0 
10549.29 0.59 0.0 
12504.47 0.31 0.0 
12584.99 0.34 0.0 
13047.89 0.34 0.0 
13351.24 0.82 0.0 
13361.99 0.37 0.0 
13351.28 0.74 0.0 
13361.99 0.32 0.0 
14079.90 0.59 0.0 
13998.69 0.33 0.0 
14014.40 0.76 0.0 
14079.93 0.63 0.0 
14067.73 0.70 0.0 
14671.85 0.53 0.0 
14014.42 0.77 0.0 
14581.56 0.75 0.0 
14581.67 0.34 0.0 
14688.74 0.41 0.0 
14810.87 0.42 0.0 
15601.21 0.64 0.0 
16408.53 0.68 0.0 
17389.56 0.83 0.0 
18034.08 0.97 0.0 
17389.57 0.48 0.0 
18034.07 0.97 0.0 
19211.99 0.58 0.0 
19212.00 0.47 0.0 
20823.99 0.50 0.0 
21826.16 0.56 0.0 
21703.65 0.67 0.0 
21802.00 0.91 0.0 
21802.00 0.89 0.0 
21703.61 0.54 0.0 
26116.89 0.54 0.0 
26116.90 0.85 0.0 
26130.03 0.39 0.0 
27235.87 0.33 0.0 
27250.29 0.63 0.0 
27396.25 0.41 0.0 
27396.23 0.35 0.0 
27250.28 0.36 0.0 
27235.90 0.54 0.0 
28423.12 0.66 0.0 
33192.00 0.74 0.0 
33204.25 0.52 0.0 
33204.24 0.64 0.0 
33192.03 0.70 0.0 
37488.16 0.73 0.0 
37278.01 0.34 0.0 
37569.41 0.71 0.0 
37488.16 0.72 0.0 
37569.41 0.82 0.0 
38100.50 0.79 0.0 
50416.51 0.36 0.0 
64580.91 0.97 0.0 
64580.91 0.96 0.0 
70849.30 0.91 0.0 
70879.75 0.96 0.0 
70879.75 0.95 0.0 
70849.30 0.91 0.0 
71539.80 0.95 0.0 
71539.79 0.95 0.0 
79447.97 0.34 0.0 
