561.67 0.35 0.0 
95.49 0.38 0.0 
781.03 0.66 0.0 
825.53 0.53 0.0 
2355.89 0.42 0.0 
1379.31 0.36 0.0 
2037.19 0.58 0.0 
1715.07 0.32 0.0 
2403.72 0.37 0.0 
2495.16 0.50 0.0 
4036.76 0.38 0.0 
3691.48 0.79 0.0 
3764.91 0.31 0.0 
3962.76 0.30 0.0 
4523.64 0.46 0.0 
4784.64 0.39 0.0 
5852.14 0.75 0.0 
6040.57 0.57 0.0 
9677.52 0.66 0.0 
9936.45 0.43 0.0 
9936.45 0.47 0.0 
10908.46 0.81 0.0 
11028.54 0.89 0.0 
14379.25 0.67 0.0 
13980.48 0.38 0.0 
14504.74 0.95 0.0 
14379.22 0.70 0.0 
15085.22 0.55 0.0 
15085.24 0.51 0.0 
15794.23 0.37 0.0 
16387.05 0.42 0.0 
17057.40 0.73 0.0 
17395.41 0.55 0.0 
17421.27 0.76 0.0 
17395.37 0.61 0.0 
18357.16 0.78 0.0 
18357.14 0.76 0.0 
18743.43 0.32 0.0 
20770.03 0.67 0.0 
20770.04 0.65 0.0 
22041.43 0.31 0.0 
21824.56 0.52 0.0 
23220.72 0.61 0.0 
25338.93 0.67 0.0 
26181.70 0.59 0.0 
29960.31 0.36 0.0 
31067.50 0.73 0.0 
31912.99 0.39 0.0 
32774.83 0.30 0.0 
32999.07 0.33 0.0 
34653.79 0.57 0.0 
34653.85 0.50 0.0 
36606.18 0.93 0.0 
36606.18 0.93 0.0 
40833.67 0.64 0.0 
43673.20 0.37 0.0 
48872.36 0.38 0.0 
52593.93 0.63 0.0 
55799.16 0.40 0.0 
58647.76 0.38 0.0 
61199.15 0.52 0.0 
64310.15 0.50 0.0 
64310.15 0.83 0.0 
67265.39 0.31 0.0 
68745.67 0.45 0.0 
75069.59 0.94 0.0 
75069.58 0.95 0.0 
79120.56 0.95 0.0 
79120.56 0.95 0.0 
82057.89 0.33 0.0 
82981.24 0.71 0.0 
82981.23 0.35 0.0 
83676.32 0.30 0.0 
84365.48 0.39 0.0 
84270.84 0.35 0.0 
