776.37 0.35 0.0 
1112.45 0.52 0.0 
1113.61 0.34 0.0 
1798.69 0.54 0.0 
2414.40 0.77 0.0 
2131.24 0.79 0.0 
3687.32 0.53 0.0 
4753.30 0.82 0.0 
5412.57 0.53 0.0 
5063.84 0.46 0.0 
4985.01 0.88 0.0 
5803.52 0.40 0.0 
6084.24 0.44 0.0 
5583.32 0.41 0.0 
6361.67 0.35 0.0 
6434.09 0.42 0.0 
6084.88 0.36 0.0 
7031.69 0.45 0.0 
7372.93 0.91 0.0 
7372.91 0.91 0.0 
12492.49 0.42 0.0 
12740.04 0.73 0.0 
12740.04 0.45 0.0 
13491.15 0.78 0.0 
13491.16 0.76 0.0 
14083.41 0.43 0.0 
14114.32 0.53 0.0 
15144.85 0.36 0.0 
16318.80 0.41 0.0 
21974.12 0.58 0.0 
21774.79 0.98 0.0 
21774.79 0.98 0.0 
25968.01 0.46 0.0 
26236.25 0.40 0.0 
27554.44 0.31 0.0 
27749.52 0.56 0.0 
29056.11 0.41 0.0 
30658.61 0.47 0.0 
29608.93 0.32 0.0 
30888.86 0.77 0.0 
30960.51 0.35 0.0 
33389.09 0.46 0.0 
34991.93 0.44 0.0 
40481.12 0.41 0.0 
43760.73 0.33 0.0 
45366.31 0.63 0.0 
45554.48 0.35 0.0 
44961.85 0.37 0.0 
50501.81 0.73 0.0 
52318.97 0.47 0.0 
52993.76 0.53 0.0 
55129.12 0.37 0.0 
56277.51 0.91 0.0 
57416.89 0.35 0.0 
59759.87 0.41 0.0 
59812.81 0.31 0.0 
62037.71 0.60 0.0 
62887.35 0.40 0.0 
62887.35 0.31 0.0 
65523.16 0.30 0.0 
65719.83 0.45 0.0 
66913.04 0.37 0.0 
67459.13 0.36 0.0 
68577.51 0.57 0.0 
68577.48 0.50 0.0 
69107.93 0.35 0.0 
70377.71 0.31 0.0 
70841.31 0.45 0.0 
72115.72 0.34 0.0 
72115.72 0.64 0.0 
72557.88 0.79 0.0 
72432.07 0.75 0.0 
72432.07 0.59 0.0 
74954.04 0.97 0.0 
78075.73 0.44 0.0 
77896.41 0.42 0.0 
77896.46 0.53 0.0 
77601.35 0.31 0.0 
79276.67 0.50 0.0 
80033.15 0.31 0.0 
80035.59 0.38 0.0 
84688.44 0.71 0.0 
85408.28 0.40 0.0 
