621.35 0.32 0.0 
1116.79 0.41 0.0 
1631.88 0.53 0.0 
1898.17 0.33 0.0 
2433.03 0.62 0.0 
2433.03 0.51 0.0 
2655.91 0.39 0.0 
5374.67 0.48 0.0 
5327.96 0.44 0.0 
4753.32 0.33 0.0 
4985.46 0.58 0.0 
6084.93 0.78 0.0 
5584.96 0.30 0.0 
6917.23 0.50 0.0 
6084.95 0.61 0.0 
7332.10 0.67 0.0 
7332.11 0.46 0.0 
7373.63 0.54 0.0 
7373.61 0.53 0.0 
14336.63 0.32 0.0 
16618.15 0.55 0.0 
21779.27 0.95 0.0 
21779.28 0.94 0.0 
26242.39 0.35 0.0 
26242.39 0.34 0.0 
28591.08 0.64 0.0 
29059.01 0.45 0.0 
29059.03 0.31 0.0 
30962.64 0.38 0.0 
30888.87 0.79 0.0 
44961.99 0.33 0.0 
45393.39 0.44 0.0 
45885.89 0.70 0.0 
50501.91 0.40 0.0 
51015.49 0.39 0.0 
53254.39 0.37 0.0 
53219.07 0.38 0.0 
56817.11 0.31 0.0 
59121.41 0.41 0.0 
59137.76 0.39 0.0 
59894.83 0.34 0.0 
60002.34 0.50 0.0 
60136.64 0.60 0.0 
60571.29 0.36 0.0 
59943.77 0.52 0.0 
62894.03 0.44 0.0 
62894.03 0.33 0.0 
62895.65 0.52 0.0 
63174.39 0.37 0.0 
63874.64 0.43 0.0 
64697.66 0.42 0.0 
67808.32 0.56 0.0 
67463.91 0.41 0.0 
67832.81 0.40 0.0 
68326.87 0.33 0.0 
69403.75 0.42 0.0 
70712.02 0.70 0.0 
72116.35 0.52 0.0 
72116.35 0.77 0.0 
72560.87 0.45 0.0 
72433.78 0.46 0.0 
75252.07 0.70 0.0 
75252.04 0.36 0.0 
77603.11 0.85 0.0 
78076.23 0.78 0.0 
77896.46 0.51 0.0 
78360.51 0.78 0.0 
77603.10 0.89 0.0 
78876.00 0.56 0.0 
78876.04 0.83 0.0 
80035.61 0.85 0.0 
80035.61 0.49 0.0 
84146.13 0.32 0.0 
