149.49 0.89 0.0 
969.92 0.65 0.0 
969.92 0.82 0.0 
1051.64 0.36 0.0 
1292.48 0.37 0.0 
1292.47 0.79 0.0 
1331.44 0.69 0.0 
1484.25 0.74 0.0 
1712.95 0.53 0.0 
1712.97 0.60 0.0 
3093.20 0.44 0.0 
3093.16 0.32 0.0 
6293.29 0.33 0.0 
6269.17 0.50 0.0 
6372.33 0.31 0.0 
7706.07 0.51 0.0 
7933.48 0.61 0.0 
8384.53 0.33 0.0 
8621.93 0.36 0.0 
8492.40 0.35 0.0 
8519.25 0.42 0.0 
8608.71 0.47 0.0 
8684.24 0.74 0.0 
10062.59 0.43 0.0 
10878.57 0.55 0.0 
10890.02 0.37 0.0 
11096.40 0.41 0.0 
12666.72 0.35 0.0 
14064.24 0.41 0.0 
15576.81 0.35 0.0 
15576.84 0.40 0.0 
15590.53 0.37 0.0 
15590.49 0.45 0.0 
16183.77 0.41 0.0 
17350.96 0.38 0.0 
17692.64 0.70 0.0 
17692.65 0.68 0.0 
18222.76 0.45 0.0 
18617.01 0.33 0.0 
18752.60 0.39 0.0 
18748.17 0.33 0.0 
19048.99 0.75 0.0 
19302.60 0.74 0.0 
19526.78 0.49 0.0 
19526.77 0.54 0.0 
20777.99 0.43 0.0 
20907.25 0.62 0.0 
21643.20 0.47 0.0 
21778.50 0.96 0.0 
21786.02 0.85 0.0 
21778.53 0.73 0.0 
21785.99 0.78 0.0 
22918.28 0.81 0.0 
29981.95 0.64 0.0 
30194.37 0.60 0.0 
35456.72 0.32 0.0 
40859.04 0.77 0.0 
41847.45 0.43 0.0 
41818.32 0.57 0.0 
41834.51 0.46 0.0 
42207.39 0.81 0.0 
42702.49 0.37 0.0 
42776.95 0.73 0.0 
42719.53 0.80 0.0 
42733.75 0.92 0.0 
43225.74 0.32 0.0 
43480.72 0.54 0.0 
43783.75 0.31 0.0 
43843.60 0.36 0.0 
43843.63 0.88 0.0 
43760.99 0.43 0.0 
44053.55 0.48 0.0 
44264.10 0.89 0.0 
44953.80 0.50 0.0 
46304.46 0.95 0.0 
46544.52 0.81 0.0 
46498.87 0.38 0.0 
46550.43 0.32 0.0 
48434.25 0.31 0.0 
48425.59 0.43 0.0 
49767.61 0.64 0.0 
49979.48 0.42 0.0 
52569.55 0.61 0.0 
52755.39 0.48 0.0 
52738.68 0.35 0.0 
52649.09 0.64 0.0 
54584.37 0.38 0.0 
54763.44 0.78 0.0 
54835.85 0.54 0.0 
55004.15 0.47 0.0 
55004.23 0.84 0.0 
55214.08 0.43 0.0 
55379.60 0.77 0.0 
55320.87 0.77 0.0 
55795.48 0.35 0.0 
55858.85 0.52 0.0 
56023.80 0.65 0.0 
55980.03 0.71 0.0 
56472.76 0.76 0.0 
57388.20 0.36 0.0 
59618.77 0.42 0.0 
59623.58 0.93 0.0 
59819.16 0.31 0.0 
59987.13 0.38 0.0 
60028.67 0.80 0.0 
59952.25 0.50 0.0 
60224.01 0.49 0.0 
60179.59 0.90 0.0 
60643.13 0.65 0.0 
60673.99 0.84 0.0 
61139.25 0.89 0.0 
61521.05 0.37 0.0 
61497.83 0.74 0.0 
61573.49 0.51 0.0 
61521.01 0.45 0.0 
62052.97 0.69 0.0 
62646.24 0.36 0.0 
62904.43 0.37 0.0 
63229.19 0.51 0.0 
63236.58 0.85 0.0 
64019.09 0.53 0.0 
66361.28 0.65 0.0 
66308.13 0.38 0.0 
66603.11 0.52 0.0 
66554.12 0.47 0.0 
66542.52 0.40 0.0 
66551.52 0.54 0.0 
66749.49 0.71 0.0 
67169.26 0.58 0.0 
67436.40 0.65 0.0 
67661.11 0.91 0.0 
67587.75 0.59 0.0 
67661.08 0.78 0.0 
68263.08 0.91 0.0 
68719.68 0.57 0.0 
68732.12 0.37 0.0 
69343.77 0.38 0.0 
69362.43 0.68 0.0 
69392.83 0.31 0.0 
71868.48 0.51 0.0 
71868.47 0.75 0.0 
72044.04 0.81 0.0 
72119.32 0.55 0.0 
74144.05 0.87 0.0 
74163.17 0.85 0.0 
74158.45 0.30 0.0 
74293.64 0.93 0.0 
74387.21 0.48 0.0 
74337.09 0.65 0.0 
74297.21 0.74 0.0 
76754.11 0.91 0.0 
77233.21 0.61 0.0 
77204.28 0.31 0.0 
77594.07 0.92 0.0 
77564.37 0.63 0.0 
78157.69 0.44 0.0 
78898.16 0.41 0.0 
79153.72 0.46 0.0 
80744.21 0.47 0.0 
81295.28 0.69 0.0 
85354.30 0.38 0.0 
85678.89 0.32 0.0 
