3365.19 0.42 0.0 
3365.18 0.78 0.0 
4561.85 0.51 0.0 
4594.00 0.51 0.0 
6572.16 0.37 0.0 
9812.25 0.64 0.0 
10550.53 0.66 0.0 
10550.57 0.52 0.0 
10574.63 0.35 0.0 
10742.00 0.83 0.0 
10742.02 0.87 0.0 
11191.67 0.30 0.0 
11273.02 0.67 0.0 
12117.80 0.86 0.0 
12117.82 0.88 0.0 
12598.11 0.37 0.0 
12598.17 0.50 0.0 
13370.69 0.61 0.0 
13370.69 0.60 0.0 
13517.45 0.47 0.0 
13517.41 0.52 0.0 
13907.61 0.81 0.0 
13907.57 0.68 0.0 
14081.91 0.43 0.0 
14081.92 0.59 0.0 
15574.35 0.30 0.0 
16317.97 0.47 0.0 
16317.99 0.52 0.0 
21495.84 0.34 0.0 
21775.68 0.93 0.0 
21780.51 0.32 0.0 
21775.68 0.92 0.0 
21735.67 0.36 0.0 
23673.91 0.34 0.0 
26226.39 0.34 0.0 
27630.49 0.43 0.0 
27832.09 0.61 0.0 
27832.13 0.53 0.0 
30197.33 0.47 0.0 
32162.91 0.34 0.0 
32162.92 0.66 0.0 
38718.59 0.35 0.0 
44353.33 0.34 0.0 
49989.67 0.46 0.0 
49958.29 0.46 0.0 
49958.32 0.68 0.0 
50238.89 0.58 0.0 
50238.88 0.76 0.0 
55097.75 0.32 0.0 
55097.75 0.41 0.0 
57048.57 0.33 0.0 
58142.19 0.30 0.0 
61082.65 0.34 0.0 
63939.11 0.50 0.0 
65569.89 0.59 0.0 
68146.70 0.48 0.0 
68132.11 0.32 0.0 
68828.79 0.33 0.0 
68828.77 0.51 0.0 
69674.27 0.33 0.0 
69803.71 0.42 0.0 
70107.63 0.45 0.0 
70482.31 0.49 0.0 
70482.27 0.34 0.0 
70803.11 0.40 0.0 
71638.01 0.47 0.0 
72034.63 0.35 0.0 
73674.03 0.41 0.0 
75766.55 0.32 0.0 
75903.05 0.42 0.0 
75918.56 0.50 0.0 
75997.87 0.33 0.0 
76921.83 0.40 0.0 
77734.25 0.44 0.0 
78536.79 0.38 0.0 
78536.75 0.33 0.0 
80851.75 0.32 0.0 
84368.07 0.30 0.0 
85921.75 0.34 0.0 
