2098.57 0.45 0.0 
10303.37 0.36 0.0 
10573.47 0.89 0.0 
10535.76 0.56 0.0 
10573.49 0.64 0.0 
12024.69 0.62 0.0 
12117.49 0.71 0.0 
12117.40 0.72 0.0 
12310.27 0.33 0.0 
12489.96 0.48 0.0 
12584.75 0.38 0.0 
13354.56 0.32 0.0 
13524.84 0.76 0.0 
13498.92 0.51 0.0 
13896.33 0.44 0.0 
14336.11 0.68 0.0 
14336.11 0.56 0.0 
15567.59 0.52 0.0 
15583.89 0.60 0.0 
16303.84 0.72 0.0 
16304.21 0.33 0.0 
16439.16 0.43 0.0 
16993.99 0.70 0.0 
18086.77 0.30 0.0 
19501.39 0.40 0.0 
21491.65 0.37 0.0 
21733.49 0.30 0.0 
21772.60 0.98 0.0 
21772.60 0.98 0.0 
24387.35 0.60 0.0 
25903.88 0.38 0.0 
32262.89 0.42 0.0 
35502.36 0.32 0.0 
44350.73 0.42 0.0 
49989.71 0.35 0.0 
49979.37 0.45 0.0 
50622.49 0.32 0.0 
56547.83 0.34 0.0 
57321.51 0.40 0.0 
58116.77 0.39 0.0 
63933.63 0.32 0.0 
67621.84 0.43 0.0 
67621.93 0.47 0.0 
68922.40 0.39 0.0 
69851.71 0.35 0.0 
69972.95 0.38 0.0 
70482.24 0.34 0.0 
71173.00 0.37 0.0 
71626.37 0.37 0.0 
75261.48 0.46 0.0 
82559.33 0.58 0.0 
84325.17 0.71 0.0 
84621.64 0.37 0.0 
