1127.67 0.38 0.0 
1160.15 0.35 0.0 
2682.88 0.31 0.0 
2682.89 0.55 0.0 
4374.03 0.32 0.0 
5282.25 0.50 0.0 
5249.11 0.39 0.0 
6063.53 0.34 0.0 
8149.29 0.33 0.0 
9021.04 0.53 0.0 
9850.89 0.42 0.0 
9850.89 0.43 0.0 
10438.11 0.32 0.0 
10589.73 0.35 0.0 
10667.60 0.41 0.0 
10828.53 0.42 0.0 
10919.91 0.43 0.0 
11660.13 0.51 0.0 
11777.15 0.35 0.0 
12004.97 0.30 0.0 
12073.17 0.51 0.0 
12073.12 0.73 0.0 
12550.05 0.33 0.0 
12707.27 0.77 0.0 
12707.26 0.82 0.0 
13068.33 0.43 0.0 
13053.08 0.38 0.0 
13415.67 0.44 0.0 
13404.79 0.60 0.0 
14565.49 0.68 0.0 
14565.32 0.83 0.0 
14657.89 0.44 0.0 
15001.19 0.37 0.0 
15405.51 0.40 0.0 
15646.04 0.86 0.0 
15634.21 0.78 0.0 
15634.21 0.81 0.0 
15646.02 0.81 0.0 
18521.59 0.31 0.0 
18585.72 0.42 0.0 
18570.45 0.33 0.0 
18622.24 0.44 0.0 
18883.39 0.30 0.0 
20168.93 0.34 0.0 
20399.91 0.32 0.0 
20493.72 0.42 0.0 
20493.67 0.43 0.0 
21133.07 0.36 0.0 
21843.43 0.69 0.0 
22024.47 0.39 0.0 
23894.95 0.42 0.0 
24421.55 0.48 0.0 
24421.60 0.63 0.0 
24433.59 0.70 0.0 
25337.35 0.31 0.0 
30885.86 0.56 0.0 
36831.91 0.46 0.0 
39403.01 0.31 0.0 
41420.49 0.44 0.0 
41420.47 0.31 0.0 
45172.79 0.31 0.0 
46073.71 0.53 0.0 
46073.73 0.32 0.0 
46566.05 0.39 0.0 
46577.67 0.36 0.0 
46686.37 0.70 0.0 
46619.57 0.32 0.0 
46650.53 0.44 0.0 
46577.65 0.40 0.0 
46905.63 0.37 0.0 
46905.62 0.40 0.0 
47041.32 0.56 0.0 
48389.66 0.30 0.0 
49433.55 0.36 0.0 
51257.67 0.31 0.0 
54420.31 0.32 0.0 
54924.27 0.77 0.0 
54924.26 0.85 0.0 
57736.03 0.35 0.0 
58314.19 0.35 0.0 
58411.59 0.65 0.0 
58411.56 0.85 0.0 
58379.97 0.58 0.0 
59034.15 0.32 0.0 
61773.47 0.41 0.0 
63962.15 0.33 0.0 
64018.67 0.35 0.0 
67040.77 0.41 0.0 
68489.89 0.54 0.0 
71419.85 0.31 0.0 
71477.18 0.47 0.0 
71477.19 0.39 0.0 
73938.39 0.33 0.0 
73938.37 0.56 0.0 
74384.57 0.31 0.0 
75228.91 0.34 0.0 
76578.10 0.58 0.0 
77137.05 0.33 0.0 
78171.91 0.51 0.0 
79085.14 0.34 0.0 
79254.19 0.41 0.0 
79578.88 0.39 0.0 
84780.77 0.36 0.0 
85010.07 0.30 0.0 
