2379.52 0.83 0.0 
2379.51 0.43 0.0 
2412.79 0.84 0.0 
3074.27 0.53 0.0 
3129.64 0.35 0.0 
3314.48 0.36 0.0 
3825.68 0.63 0.0 
4049.00 0.34 0.0 
5039.74 0.32 0.0 
5197.85 0.46 0.0 
5147.57 0.50 0.0 
5338.56 0.40 0.0 
13352.00 0.85 0.0 
14081.87 0.36 0.0 
15344.49 0.61 0.0 
15579.65 0.73 0.0 
15590.39 0.34 0.0 
15579.68 0.72 0.0 
15590.44 0.38 0.0 
15537.68 0.80 0.0 
15988.27 0.44 0.0 
16134.80 0.33 0.0 
16450.67 0.43 0.0 
16446.37 0.46 0.0 
17142.71 0.35 0.0 
18479.15 0.34 0.0 
18448.64 0.48 0.0 
18958.85 0.70 0.0 
19057.43 0.54 0.0 
19072.13 0.59 0.0 
19057.43 0.76 0.0 
19072.13 0.57 0.0 
19993.23 0.34 0.0 
20137.56 0.40 0.0 
20187.67 0.92 0.0 
20417.83 0.73 0.0 
20417.81 0.46 0.0 
20676.19 0.40 0.0 
20683.23 0.42 0.0 
20669.11 0.91 0.0 
21119.48 0.32 0.0 
20939.53 0.66 0.0 
21539.50 0.88 0.0 
21539.49 0.74 0.0 
21775.86 0.95 0.0 
21930.21 0.32 0.0 
21944.36 0.37 0.0 
21775.83 0.90 0.0 
21996.81 0.32 0.0 
22243.01 0.55 0.0 
22408.48 0.37 0.0 
22769.48 0.34 0.0 
22814.45 0.73 0.0 
22874.17 0.48 0.0 
23078.27 0.46 0.0 
23252.97 0.31 0.0 
23254.19 0.30 0.0 
23281.09 0.39 0.0 
23703.89 0.70 0.0 
23852.29 0.59 0.0 
24119.32 0.83 0.0 
24365.63 0.33 0.0 
24457.39 0.31 0.0 
24657.25 0.44 0.0 
24861.69 0.31 0.0 
25006.19 0.52 0.0 
25303.24 0.57 0.0 
25577.28 0.31 0.0 
25713.56 0.67 0.0 
25713.57 0.61 0.0 
25963.30 0.97 0.0 
26009.40 0.35 0.0 
25963.33 0.66 0.0 
26113.21 0.35 0.0 
26276.54 0.39 0.0 
26549.04 0.35 0.0 
27029.48 0.31 0.0 
27057.27 0.55 0.0 
27416.59 0.61 0.0 
27599.49 0.39 0.0 
27416.60 0.62 0.0 
27795.28 0.70 0.0 
27753.53 0.33 0.0 
28346.61 0.49 0.0 
28460.87 0.32 0.0 
28516.05 0.70 0.0 
28855.44 0.39 0.0 
28994.37 0.44 0.0 
29335.99 0.32 0.0 
29457.41 0.57 0.0 
30434.45 0.68 0.0 
30643.44 0.61 0.0 
30806.68 0.43 0.0 
30803.09 0.48 0.0 
30912.59 0.38 0.0 
30989.44 0.50 0.0 
31649.05 0.54 0.0 
31976.36 0.69 0.0 
32097.55 0.44 0.0 
32116.80 0.72 0.0 
32203.67 0.91 0.0 
32097.57 0.42 0.0 
32222.60 0.33 0.0 
32488.16 0.50 0.0 
32514.09 0.36 0.0 
32623.45 0.31 0.0 
32658.48 0.59 0.0 
32699.08 0.40 0.0 
32808.41 0.91 0.0 
32886.12 0.46 0.0 
32965.35 0.37 0.0 
33088.61 0.31 0.0 
33567.57 0.33 0.0 
33959.21 0.43 0.0 
34423.52 0.74 0.0 
34723.73 0.34 0.0 
34817.69 0.34 0.0 
35092.73 0.34 0.0 
35092.72 0.66 0.0 
35444.48 0.63 0.0 
35579.28 0.69 0.0 
35694.60 0.36 0.0 
35908.96 0.31 0.0 
36357.09 0.59 0.0 
36288.75 0.34 0.0 
36493.55 0.51 0.0 
36763.77 0.36 0.0 
36884.36 0.76 0.0 
36806.77 0.46 0.0 
37073.99 0.95 0.0 
37074.01 0.57 0.0 
37316.38 0.65 0.0 
37652.61 0.59 0.0 
37675.03 0.30 0.0 
37678.12 0.49 0.0 
37738.76 0.67 0.0 
38047.72 0.62 0.0 
38143.73 0.42 0.0 
38730.33 0.44 0.0 
38998.57 0.35 0.0 
38999.32 0.76 0.0 
38951.05 0.33 0.0 
39063.79 0.40 0.0 
39063.79 0.52 0.0 
39373.96 0.37 0.0 
39451.15 0.50 0.0 
39464.05 0.30 0.0 
39428.09 0.31 0.0 
39746.81 0.51 0.0 
39882.91 0.83 0.0 
39775.72 0.60 0.0 
39927.60 0.81 0.0 
40423.24 0.67 0.0 
40371.61 0.41 0.0 
40371.59 0.75 0.0 
40903.37 0.42 0.0 
40933.13 0.62 0.0 
41519.33 0.51 0.0 
41607.17 0.37 0.0 
41729.49 0.36 0.0 
41697.47 0.30 0.0 
42312.72 0.89 0.0 
42453.27 0.53 0.0 
42478.00 0.38 0.0 
42453.27 0.54 0.0 
42521.49 0.51 0.0 
42419.39 0.82 0.0 
42588.19 0.49 0.0 
42701.79 0.54 0.0 
42823.96 0.33 0.0 
43145.11 0.79 0.0 
43145.13 0.53 0.0 
43437.17 0.51 0.0 
43491.59 0.86 0.0 
43491.59 0.86 0.0 
43769.51 0.74 0.0 
43874.57 0.63 0.0 
43944.63 0.44 0.0 
43973.88 0.31 0.0 
44298.07 0.85 0.0 
44298.12 0.71 0.0 
44339.60 0.41 0.0 
44568.39 0.74 0.0 
44716.83 0.77 0.0 
44568.43 0.52 0.0 
44716.83 0.76 0.0 
44771.41 0.35 0.0 
44858.25 0.37 0.0 
44935.33 0.42 0.0 
45027.97 0.43 0.0 
45149.03 0.62 0.0 
45300.87 0.60 0.0 
46151.09 0.32 0.0 
46213.30 0.89 0.0 
46110.85 0.54 0.0 
46509.81 0.50 0.0 
46509.79 0.79 0.0 
46572.84 0.55 0.0 
46651.52 0.57 0.0 
46630.12 0.73 0.0 
47009.21 0.31 0.0 
47758.88 0.48 0.0 
47804.48 0.38 0.0 
47917.13 0.39 0.0 
47923.85 0.51 0.0 
47884.48 0.33 0.0 
48115.33 0.37 0.0 
48087.52 0.49 0.0 
48888.00 0.52 0.0 
49631.92 0.55 0.0 
49694.65 0.32 0.0 
50532.79 0.35 0.0 
50823.23 0.39 0.0 
50998.13 0.41 0.0 
50944.63 0.33 0.0 
51372.81 0.61 0.0 
51414.04 0.59 0.0 
51745.72 0.34 0.0 
52168.87 0.59 0.0 
52153.83 0.80 0.0 
53140.76 0.34 0.0 
53140.75 0.93 0.0 
53099.42 0.65 0.0 
53864.57 0.65 0.0 
53893.99 0.62 0.0 
55229.25 0.70 0.0 
56746.64 0.67 0.0 
56746.60 0.34 0.0 
61064.48 0.50 0.0 
64002.49 0.47 0.0 
64741.96 0.96 0.0 
64741.96 0.90 0.0 
65523.71 0.50 0.0 
65523.73 0.56 0.0 
65535.36 0.35 0.0 
65664.24 0.37 0.0 
65676.97 0.41 0.0 
65646.27 0.33 0.0 
65653.56 0.77 0.0 
65759.59 0.49 0.0 
65720.01 0.47 0.0 
65732.03 0.43 0.0 
65759.63 0.88 0.0 
65862.08 0.86 0.0 
65907.60 0.37 0.0 
65866.03 0.56 0.0 
65892.99 0.40 0.0 
66102.15 0.88 0.0 
66102.16 0.50 0.0 
66210.87 0.32 0.0 
66226.87 0.33 0.0 
66253.83 0.38 0.0 
66317.14 0.89 0.0 
66317.14 0.92 0.0 
66536.04 0.88 0.0 
66823.87 0.55 0.0 
66790.68 0.30 0.0 
66790.69 0.48 0.0 
66965.01 0.64 0.0 
67012.91 0.32 0.0 
67188.81 0.37 0.0 
68142.51 0.55 0.0 
68296.84 0.46 0.0 
68720.72 0.62 0.0 
69015.71 0.31 0.0 
69017.01 0.38 0.0 
68914.08 0.54 0.0 
69168.97 0.67 0.0 
69168.96 0.40 0.0 
70917.68 0.90 0.0 
71324.31 0.45 0.0 
71368.43 0.40 0.0 
71532.77 0.47 0.0 
71588.36 0.39 0.0 
71527.57 0.44 0.0 
71588.33 0.40 0.0 
71577.84 0.57 0.0 
71878.69 0.33 0.0 
72075.07 0.52 0.0 
72087.61 0.41 0.0 
72463.72 0.48 0.0 
73319.51 0.58 0.0 
73319.49 0.41 0.0 
73800.60 0.55 0.0 
74575.99 0.49 0.0 
75552.23 0.77 0.0 
75699.56 0.53 0.0 
75839.19 0.47 0.0 
76033.21 0.32 0.0 
76131.80 0.88 0.0 
76131.80 0.67 0.0 
76338.24 0.49 0.0 
76344.28 0.46 0.0 
76338.21 0.51 0.0 
76344.29 0.67 0.0 
76666.60 0.53 0.0 
77122.00 0.46 0.0 
77121.99 0.75 0.0 
77730.74 0.30 0.0 
77936.92 0.34 0.0 
78156.29 0.45 0.0 
78389.03 0.59 0.0 
78408.12 0.77 0.0 
78556.56 0.72 0.0 
78408.12 0.77 0.0 
78690.16 0.88 0.0 
78690.16 0.60 0.0 
79454.51 0.35 0.0 
79679.51 0.52 0.0 
80530.28 0.33 0.0 
80996.72 0.60 0.0 
80999.22 0.40 0.0 
80996.72 0.80 0.0 
81074.17 0.59 0.0 
81278.53 0.34 0.0 
82326.91 0.55 0.0 
82754.48 0.78 0.0 
83832.27 0.58 0.0 
84406.24 0.70 0.0 
84869.39 0.37 0.0 
86217.96 0.57 0.0 
