266.25 0.32 0.0 
366.97 0.35 0.0 
469.35 0.42 0.0 
1301.57 0.55 0.0 
1799.11 0.44 0.0 
2278.33 0.56 0.0 
2683.40 0.65 0.0 
3251.08 0.40 0.0 
4649.41 0.38 0.0 
6779.51 0.58 0.0 
7133.77 0.43 0.0 
7152.84 0.40 0.0 
7303.41 0.41 0.0 
8141.33 0.50 0.0 
8591.60 0.48 0.0 
9985.51 0.35 0.0 
10137.73 0.55 0.0 
10861.25 0.30 0.0 
11229.41 0.31 0.0 
12074.25 0.66 0.0 
13856.09 0.38 0.0 
13906.53 0.40 0.0 
13873.85 0.50 0.0 
15852.85 0.64 0.0 
15852.88 0.40 0.0 
15823.47 0.42 0.0 
15972.52 0.38 0.0 
16452.13 0.36 0.0 
17652.33 0.40 0.0 
17789.09 0.32 0.0 
18400.41 0.69 0.0 
18806.06 0.78 0.0 
20353.44 0.52 0.0 
21206.61 0.66 0.0 
21505.69 0.40 0.0 
21359.05 0.34 0.0 
21778.52 0.95 0.0 
21778.52 0.95 0.0 
22117.49 0.31 0.0 
22723.20 0.43 0.0 
24852.11 0.49 0.0 
27792.64 0.34 0.0 
30097.40 0.35 0.0 
30228.32 0.44 0.0 
30165.47 0.34 0.0 
30642.60 0.75 0.0 
31066.60 0.44 0.0 
31066.61 0.68 0.0 
32559.63 0.36 0.0 
32638.37 0.51 0.0 
32950.76 0.40 0.0 
34220.12 0.34 0.0 
34294.36 0.44 0.0 
34294.29 0.54 0.0 
38723.45 0.38 0.0 
39133.33 0.31 0.0 
40721.89 0.44 0.0 
41456.61 0.40 0.0 
41861.13 0.39 0.0 
42129.55 0.45 0.0 
42703.93 0.47 0.0 
42853.60 0.37 0.0 
45864.93 0.57 0.0 
47049.09 0.85 0.0 
48373.97 0.39 0.0 
48848.56 0.47 0.0 
49327.13 0.71 0.0 
52016.65 0.33 0.0 
53157.69 0.34 0.0 
55922.03 0.50 0.0 
58398.32 0.32 0.0 
59053.52 0.47 0.0 
59213.29 0.47 0.0 
60761.33 0.50 0.0 
61478.72 0.68 0.0 
62382.55 0.42 0.0 
63616.05 0.43 0.0 
64784.00 0.36 0.0 
65272.27 0.30 0.0 
65426.19 0.52 0.0 
65597.09 0.49 0.0 
65653.25 0.33 0.0 
65597.08 0.61 0.0 
66860.48 0.52 0.0 
66949.93 0.37 0.0 
67136.97 0.34 0.0 
67674.64 0.33 0.0 
68210.21 0.34 0.0 
71533.03 0.49 0.0 
72617.97 0.49 0.0 
72617.92 0.37 0.0 
73648.36 0.32 0.0 
73738.90 0.42 0.0 
73724.28 0.46 0.0 
74233.19 0.66 0.0 
74337.33 0.58 0.0 
74811.21 0.38 0.0 
75255.20 0.54 0.0 
75296.25 0.66 0.0 
75584.09 0.49 0.0 
75867.73 0.76 0.0 
75823.75 0.59 0.0 
76678.73 0.56 0.0 
78838.39 0.70 0.0 
79301.47 0.33 0.0 
81205.38 0.37 0.0 
81832.49 0.42 0.0 
82751.99 0.34 0.0 
83043.89 0.54 0.0 
83586.85 0.34 0.0 
84147.85 0.30 0.0 
84309.73 0.31 0.0 
84280.05 0.31 0.0 
84851.65 0.38 0.0 
85132.07 0.53 0.0 
85131.95 0.55 0.0 
85859.33 0.55 0.0 
86099.49 0.38 0.0 
