2504.29 0.39 0.0 
3898.83 0.34 0.0 
4664.33 0.32 0.0 
4760.13 0.38 0.0 
5249.17 0.35 0.0 
8729.13 0.49 0.0 
9192.91 0.48 0.0 
9846.51 0.94 0.0 
9846.51 0.94 0.0 
9999.08 0.44 0.0 
12069.55 0.96 0.0 
12069.55 0.93 0.0 
12512.33 0.44 0.0 
12631.20 0.45 0.0 
12705.64 0.39 0.0 
12733.97 0.62 0.0 
12705.67 0.75 0.0 
12717.39 0.35 0.0 
12631.20 0.36 0.0 
13377.23 0.66 0.0 
13941.40 0.42 0.0 
14563.96 0.44 0.0 
14563.96 0.88 0.0 
14804.44 0.73 0.0 
14997.55 0.45 0.0 
14997.61 0.62 0.0 
15284.51 0.53 0.0 
15632.00 0.94 0.0 
15632.02 0.95 0.0 
15644.28 0.39 0.0 
16361.63 0.31 0.0 
17804.41 0.67 0.0 
17939.51 0.47 0.0 
20866.00 0.33 0.0 
21832.75 0.78 0.0 
21832.75 0.86 0.0 
22632.11 0.31 0.0 
22632.69 0.31 0.0 
22902.24 0.35 0.0 
24420.23 0.47 0.0 
24433.59 0.80 0.0 
27010.40 0.33 0.0 
28784.41 0.73 0.0 
28843.84 0.43 0.0 
30704.09 0.46 0.0 
36074.51 0.40 0.0 
36831.77 0.34 0.0 
37367.72 0.41 0.0 
39643.37 0.48 0.0 
39774.07 0.42 0.0 
43034.11 0.30 0.0 
42944.12 0.39 0.0 
43004.42 0.65 0.0 
43459.23 0.47 0.0 
46575.89 0.51 0.0 
46587.48 0.66 0.0 
46566.05 0.40 0.0 
46684.83 0.59 0.0 
46616.64 0.69 0.0 
46661.71 0.72 0.0 
46575.89 0.75 0.0 
46904.03 0.78 0.0 
46904.03 0.80 0.0 
47504.13 0.58 0.0 
52738.23 0.37 0.0 
53789.17 0.44 0.0 
54923.64 0.74 0.0 
54923.61 0.64 0.0 
58094.09 0.69 0.0 
58379.44 0.91 0.0 
58409.84 0.61 0.0 
58379.45 0.82 0.0 
59999.51 0.65 0.0 
60328.85 0.32 0.0 
61079.48 0.38 0.0 
64013.93 0.51 0.0 
64013.92 0.48 0.0 
64379.37 0.39 0.0 
64573.60 0.48 0.0 
64814.45 0.40 0.0 
68428.17 0.31 0.0 
68939.56 0.52 0.0 
72044.05 0.66 0.0 
72763.77 0.32 0.0 
76274.31 0.32 0.0 
78163.79 0.49 0.0 
78253.44 0.46 0.0 
78163.81 0.46 0.0 
78839.51 0.44 0.0 
78689.46 0.75 0.0 
79085.16 0.34 0.0 
86144.15 0.35 0.0 
85964.45 0.42 0.0 
