725.55 0.34 0.0 
725.59 0.80 0.0 
1848.50 0.62 0.0 
5460.65 0.39 0.0 
6392.48 0.77 0.0 
6392.46 0.82 0.0 
8571.03 0.40 0.0 
8571.02 0.64 0.0 
10513.07 0.54 0.0 
10525.93 0.49 0.0 
10525.92 0.53 0.0 
11453.13 0.42 0.0 
11464.94 0.59 0.0 
12590.19 0.31 0.0 
12590.16 0.56 0.0 
12867.60 0.47 0.0 
12867.62 0.58 0.0 
13839.09 0.42 0.0 
14197.81 0.49 0.0 
14197.77 0.33 0.0 
14585.93 0.76 0.0 
15072.98 0.41 0.0 
15765.73 0.39 0.0 
18557.42 0.59 0.0 
19095.51 0.32 0.0 
19174.93 0.35 0.0 
19449.98 0.34 0.0 
19449.55 0.43 0.0 
19645.64 0.70 0.0 
19645.66 0.66 0.0 
21141.02 0.35 0.0 
21557.31 0.64 0.0 
21557.30 0.72 0.0 
22083.01 0.31 0.0 
22471.17 0.32 0.0 
22471.16 0.70 0.0 
25764.29 0.69 0.0 
26444.03 0.47 0.0 
26934.35 0.31 0.0 
31921.39 0.48 0.0 
32868.53 0.41 0.0 
33918.54 0.61 0.0 
34488.63 0.54 0.0 
34785.70 0.84 0.0 
34801.39 0.56 0.0 
34801.41 0.50 0.0 
35176.53 0.35 0.0 
36439.73 0.54 0.0 
36706.29 0.31 0.0 
38659.90 0.34 0.0 
39249.07 0.42 0.0 
39543.62 0.80 0.0 
40332.67 0.32 0.0 
41552.13 0.33 0.0 
46326.01 0.64 0.0 
48511.61 0.46 0.0 
51755.16 0.66 0.0 
53427.07 0.51 0.0 
69976.39 0.46 0.0 
78706.69 0.60 0.0 
83397.49 0.42 0.0 
83688.99 0.38 0.0 
84751.59 0.53 0.0 
86018.79 0.30 0.0 
86262.75 0.50 0.0 
86262.77 0.34 0.0 
