1452.48 0.80 0.0 
1452.47 0.64 0.0 
1992.03 0.42 0.0 
4266.37 0.38 0.0 
4266.33 0.34 0.0 
5172.33 0.38 0.0 
6385.97 0.42 0.0 
6687.56 0.35 0.0 
7034.51 0.41 0.0 
7197.97 0.33 0.0 
9073.72 0.91 0.0 
9073.67 0.78 0.0 
10511.72 0.67 0.0 
10523.92 0.83 0.0 
10523.95 0.88 0.0 
11451.57 0.45 0.0 
11451.56 0.35 0.0 
12928.40 0.70 0.0 
13008.47 0.65 0.0 
13017.84 0.70 0.0 
13008.43 0.79 0.0 
13693.48 0.52 0.0 
13837.16 0.59 0.0 
14172.63 0.75 0.0 
14674.48 0.36 0.0 
15072.95 0.90 0.0 
16390.69 0.44 0.0 
17593.39 0.71 0.0 
17968.09 0.33 0.0 
19108.07 0.89 0.0 
19445.44 0.88 0.0 
19445.44 0.85 0.0 
19645.08 0.56 0.0 
19645.08 0.76 0.0 
20435.68 0.42 0.0 
20435.68 0.32 0.0 
20451.01 0.39 0.0 
20995.21 0.36 0.0 
21419.44 0.30 0.0 
21551.76 0.44 0.0 
22184.33 0.61 0.0 
23412.76 0.66 0.0 
26808.13 0.34 0.0 
27850.96 0.31 0.0 
29638.13 0.45 0.0 
30224.37 0.44 0.0 
32576.60 0.40 0.0 
33917.92 0.44 0.0 
33917.91 0.66 0.0 
34487.07 0.30 0.0 
34785.34 0.85 0.0 
35277.21 0.33 0.0 
35832.91 0.50 0.0 
35988.13 0.32 0.0 
36121.27 0.30 0.0 
39249.07 0.71 0.0 
40332.68 0.45 0.0 
43692.36 0.47 0.0 
45432.97 0.45 0.0 
47967.75 0.63 0.0 
53427.00 0.65 0.0 
71219.11 0.66 0.0 
82617.29 0.71 0.0 
83397.43 0.64 0.0 
86018.81 0.42 0.0 
86262.64 0.35 0.0 
