1619.24 0.40 0.0 
1663.41 0.39 0.0 
7510.24 0.47 0.0 
7932.51 0.46 0.0 
9086.61 0.51 0.0 
9102.25 0.53 0.0 
9163.55 0.30 0.0 
11452.07 0.93 0.0 
11457.72 0.53 0.0 
11452.07 0.94 0.0 
11457.72 0.72 0.0 
14998.40 0.45 0.0 
22959.40 0.33 0.0 
23759.05 0.53 0.0 
25032.35 0.52 0.0 
27041.88 0.49 0.0 
28664.33 0.50 0.0 
29891.91 0.32 0.0 
37139.27 0.50 0.0 
50927.63 0.91 0.0 
50927.60 0.37 0.0 
52064.13 0.46 0.0 
74618.84 0.81 0.0 
74651.61 0.44 0.0 
74663.05 0.43 0.0 
74618.80 0.34 0.0 
81509.05 0.31 0.0 
