2026.48 0.56 0.0 
9094.12 0.75 0.0 
9081.98 0.88 0.0 
9081.98 0.89 0.0 
9094.16 0.71 0.0 
11462.28 0.48 0.0 
13073.48 0.80 0.0 
13073.46 0.86 0.0 
13830.43 0.40 0.0 
15568.31 0.44 0.0 
20884.50 0.51 0.0 
21675.97 0.44 0.0 
23993.94 0.73 0.0 
23959.32 0.31 0.0 
23979.63 0.53 0.0 
23993.91 0.65 0.0 
24046.72 0.75 0.0 
26595.59 0.41 0.0 
26913.13 0.62 0.0 
26931.25 0.31 0.0 
30355.99 0.33 0.0 
30368.08 0.57 0.0 
30368.10 0.54 0.0 
33631.69 0.37 0.0 
34817.04 0.61 0.0 
34817.04 0.63 0.0 
46945.43 0.97 0.0 
46945.43 0.97 0.0 
47661.23 0.94 0.0 
47661.24 0.91 0.0 
49112.15 0.96 0.0 
49112.16 0.96 0.0 
73143.88 0.76 0.0 
73143.88 0.90 0.0 
74685.58 0.55 0.0 
75238.46 0.92 0.0 
75238.44 0.93 0.0 
75465.60 0.31 0.0 
75836.23 0.97 0.0 
75836.23 0.97 0.0 
75981.60 0.90 0.0 
75981.63 0.72 0.0 
76554.03 0.97 0.0 
76554.03 0.97 0.0 
77516.33 0.81 0.0 
77516.32 0.76 0.0 
79233.91 0.40 0.0 
84203.04 0.34 0.0 
