1053.73 0.57 0.0 
6929.08 0.47 0.0 
9080.20 0.85 0.0 
9080.20 0.79 0.0 
9090.33 0.35 0.0 
10406.24 0.54 0.0 
10423.72 0.38 0.0 
12357.35 0.77 0.0 
13072.54 0.95 0.0 
13072.54 0.96 0.0 
13826.00 0.41 0.0 
13826.01 0.35 0.0 
16841.20 0.32 0.0 
17413.25 0.32 0.0 
17771.55 0.37 0.0 
23978.43 0.46 0.0 
25318.47 0.30 0.0 
26929.85 0.53 0.0 
30355.91 0.38 0.0 
32756.77 0.68 0.0 
34792.44 0.74 0.0 
34768.91 0.34 0.0 
34792.44 0.52 0.0 
37363.57 0.51 0.0 
42543.67 0.35 0.0 
45446.55 0.41 0.0 
46944.17 0.99 0.0 
46944.16 0.99 0.0 
47659.92 0.80 0.0 
47659.92 0.58 0.0 
49110.89 0.98 0.0 
49110.90 0.97 0.0 
56786.87 0.45 0.0 
62996.96 0.33 0.0 
66934.93 0.42 0.0 
67498.00 0.36 0.0 
68643.32 0.37 0.0 
71001.24 0.34 0.0 
71001.28 0.54 0.0 
73142.60 0.93 0.0 
73142.59 0.95 0.0 
75237.18 0.97 0.0 
75237.18 0.96 0.0 
75464.76 0.80 0.0 
75834.96 0.98 0.0 
75834.96 0.99 0.0 
75980.35 0.97 0.0 
75980.36 0.88 0.0 
76552.76 0.98 0.0 
76552.76 0.98 0.0 
77303.47 0.32 0.0 
77513.38 0.95 0.0 
77513.39 0.95 0.0 
79452.93 0.42 0.0 
80488.36 0.31 0.0 
83669.44 0.53 0.0 
84068.23 0.31 0.0 
84068.07 0.37 0.0 
84203.01 0.32 0.0 
