5969.49 0.31 0.0 
7541.59 0.33 0.0 
13353.85 0.58 0.0 
13670.23 0.43 0.0 
13670.21 0.64 0.0 
14218.95 0.43 0.0 
14218.91 0.47 0.0 
14606.56 0.50 0.0 
15181.27 0.34 0.0 
16019.24 0.74 0.0 
16272.02 0.88 0.0 
18010.31 0.41 0.0 
18406.96 0.89 0.0 
18497.27 0.41 0.0 
19425.55 0.30 0.0 
20748.39 0.31 0.0 
22160.73 0.46 0.0 
27286.75 0.42 0.0 
27664.35 0.42 0.0 
30406.48 0.43 0.0 
30406.45 0.74 0.0 
32238.79 0.49 0.0 
33725.94 0.76 0.0 
33725.85 0.66 0.0 
35503.87 0.41 0.0 
37192.98 0.57 0.0 
37352.81 0.31 0.0 
42572.08 0.52 0.0 
43938.77 0.53 0.0 
43938.76 0.82 0.0 
48255.97 0.41 0.0 
50971.62 0.73 0.0 
63667.62 0.56 0.0 
84601.67 0.37 0.0 
