5969.52 0.81 0.0 
6183.13 0.48 0.0 
6275.56 0.70 0.0 
6943.45 0.41 0.0 
7242.45 0.36 0.0 
7540.24 0.37 0.0 
7606.25 0.46 0.0 
7932.16 0.73 0.0 
7889.53 0.32 0.0 
8878.64 0.31 0.0 
9073.00 0.61 0.0 
9102.89 0.33 0.0 
10124.31 0.53 0.0 
10634.49 0.55 0.0 
10634.45 0.35 0.0 
10932.49 0.47 0.0 
11924.41 0.87 0.0 
13019.27 0.89 0.0 
13019.29 0.37 0.0 
13667.63 0.33 0.0 
13964.40 0.56 0.0 
14216.61 0.34 0.0 
14231.07 0.34 0.0 
14247.27 0.78 0.0 
14534.53 0.54 0.0 
14606.05 0.31 0.0 
14836.64 0.40 0.0 
16017.56 0.98 0.0 
16017.56 0.98 0.0 
16271.12 0.68 0.0 
18179.09 0.35 0.0 
20270.99 0.59 0.0 
20607.71 0.59 0.0 
20747.56 0.34 0.0 
20999.52 0.54 0.0 
21749.48 0.46 0.0 
22153.95 0.85 0.0 
23682.79 0.37 0.0 
27072.41 0.73 0.0 
27660.31 0.48 0.0 
28259.04 0.38 0.0 
29245.56 0.37 0.0 
29953.60 0.33 0.0 
32441.76 0.70 0.0 
33087.48 0.42 0.0 
33087.49 0.90 0.0 
33723.58 0.98 0.0 
33723.57 0.97 0.0 
35500.42 0.87 0.0 
37190.24 0.82 0.0 
37931.06 0.42 0.0 
39659.05 0.30 0.0 
40469.09 0.34 0.0 
40529.36 0.43 0.0 
41698.93 0.65 0.0 
42118.87 0.32 0.0 
42404.19 0.43 0.0 
43709.51 0.45 0.0 
43938.40 0.36 0.0 
43938.41 0.42 0.0 
44889.68 0.43 0.0 
44922.17 0.61 0.0 
44995.99 0.79 0.0 
46510.67 0.37 0.0 
47114.21 0.40 0.0 
49423.88 0.84 0.0 
50532.44 0.93 0.0 
52693.99 0.44 0.0 
54178.71 0.73 0.0 
56058.17 0.39 0.0 
58138.71 0.49 0.0 
58263.40 0.48 0.0 
58263.36 0.58 0.0 
59054.12 0.41 0.0 
60855.36 0.71 0.0 
61566.35 0.93 0.0 
61799.09 0.64 0.0 
61906.81 0.33 0.0 
62459.13 0.40 0.0 
62548.41 0.40 0.0 
63659.59 0.69 0.0 
63663.19 0.56 0.0 
67454.31 0.44 0.0 
69026.44 0.57 0.0 
69166.72 0.33 0.0 
75418.83 0.39 0.0 
80953.69 0.65 0.0 
82052.77 0.33 0.0 
82707.96 0.43 0.0 
83670.12 0.41 0.0 
84268.04 0.61 0.0 
84387.51 0.73 0.0 
84526.05 0.49 0.0 
84601.08 0.36 0.0 
84944.16 0.40 0.0 
85244.15 0.35 0.0 
85618.45 0.68 0.0 
85588.21 0.43 0.0 
86219.03 0.44 0.0 
86337.60 0.71 0.0 
