674.03 0.47 0.0 
3283.08 0.47 0.0 
3807.76 0.37 0.0 
7111.37 0.41 0.0 
7949.05 0.35 0.0 
8804.51 0.32 0.0 
9097.55 0.33 0.0 
10110.88 0.38 0.0 
11442.53 0.61 0.0 
12705.30 0.35 0.0 
14441.88 0.35 0.0 
14441.85 0.42 0.0 
16739.22 0.96 0.0 
16855.35 0.38 0.0 
16855.36 0.43 0.0 
20729.20 0.96 0.0 
24758.34 0.69 0.0 
25962.45 0.31 0.0 
26984.42 0.97 0.0 
34811.33 0.54 0.0 
36926.56 0.30 0.0 
43437.91 0.46 0.0 
44413.96 0.57 0.0 
53168.23 0.44 0.0 
54359.44 0.55 0.0 
54853.31 0.69 0.0 
56323.69 0.41 0.0 
56425.15 0.33 0.0 
56793.11 0.36 0.0 
56818.97 0.36 0.0 
57159.47 0.34 0.0 
57455.75 0.33 0.0 
57772.97 0.33 0.0 
58600.63 0.44 0.0 
58600.95 0.41 0.0 
58942.93 0.32 0.0 
60195.36 0.31 0.0 
60382.55 0.53 0.0 
63186.49 0.40 0.0 
64169.06 0.78 0.0 
64303.52 0.61 0.0 
64307.49 0.32 0.0 
64498.31 0.60 0.0 
64893.23 0.69 0.0 
66508.25 0.30 0.0 
67086.39 0.34 0.0 
67849.79 0.77 0.0 
67849.79 0.50 0.0 
69149.24 0.61 0.0 
69800.03 0.32 0.0 
70063.63 0.45 0.0 
70357.16 0.76 0.0 
70357.17 0.58 0.0 
70466.40 0.77 0.0 
70513.25 0.32 0.0 
70934.65 0.38 0.0 
71141.23 0.39 0.0 
73427.35 0.83 0.0 
73427.36 0.52 0.0 
83354.56 0.44 0.0 
83773.80 0.38 0.0 
84958.12 0.35 0.0 
