26.88 0.59 0.0 
926.69 0.78 0.0 
926.73 0.31 0.0 
1068.84 0.33 0.0 
1068.85 0.60 0.0 
1154.15 0.40 0.0 
1154.19 0.72 0.0 
1242.17 0.33 0.0 
1385.40 0.42 0.0 
1385.37 0.47 0.0 
1867.52 0.50 0.0 
1867.52 0.57 0.0 
2140.49 0.57 0.0 
2336.91 0.88 0.0 
2336.93 0.45 0.0 
2790.73 0.39 0.0 
2790.71 0.69 0.0 
3237.24 0.41 0.0 
3300.73 0.35 0.0 
3507.21 0.85 0.0 
3669.04 0.72 0.0 
3697.81 0.57 0.0 
3697.84 0.56 0.0 
4032.80 0.31 0.0 
4141.33 0.90 0.0 
4141.36 0.71 0.0 
4602.94 0.95 0.0 
4602.97 0.72 0.0 
4947.49 0.32 0.0 
4978.23 0.37 0.0 
5075.81 0.33 0.0 
5075.81 0.52 0.0 
5442.08 0.50 0.0 
5551.09 0.51 0.0 
5551.13 0.41 0.0 
5681.24 0.70 0.0 
5892.00 0.30 0.0 
5915.73 0.59 0.0 
6030.26 0.45 0.0 
6039.47 0.60 0.0 
6030.25 0.47 0.0 
6132.45 0.46 0.0 
6185.11 0.84 0.0 
6185.12 0.77 0.0 
6291.95 0.51 0.0 
6418.24 0.73 0.0 
6604.41 0.35 0.0 
6605.77 0.37 0.0 
6605.73 0.32 0.0 
6928.99 0.64 0.0 
6985.21 0.62 0.0 
6988.79 0.56 0.0 
6985.19 0.92 0.0 
7001.91 0.34 0.0 
7307.99 0.37 0.0 
7406.84 0.32 0.0 
7512.28 0.61 0.0 
7773.89 0.53 0.0 
7894.75 0.50 0.0 
7926.57 0.48 0.0 
7948.71 0.40 0.0 
7948.70 0.81 0.0 
7894.80 0.69 0.0 
8173.43 0.41 0.0 
8248.28 0.34 0.0 
8248.19 0.51 0.0 
8335.76 0.31 0.0 
8374.00 0.46 0.0 
8373.97 0.72 0.0 
8430.09 0.44 0.0 
8526.32 0.52 0.0 
8526.29 0.49 0.0 
8640.18 0.56 0.0 
8697.36 0.32 0.0 
8829.72 0.35 0.0 
8829.73 0.33 0.0 
8909.63 0.31 0.0 
9025.83 0.30 0.0 
9078.96 0.41 0.0 
9088.77 0.66 0.0 
9078.97 0.31 0.0 
9274.24 0.32 0.0 
9427.20 0.43 0.0 
9427.15 0.55 0.0 
9595.64 0.62 0.0 
9595.63 0.62 0.0 
9727.04 0.48 0.0 
9919.08 0.49 0.0 
9919.05 0.31 0.0 
9985.39 0.35 0.0 
10031.78 0.41 0.0 
10066.60 0.31 0.0 
10076.25 0.50 0.0 
10164.80 0.44 0.0 
10187.17 0.32 0.0 
10573.93 0.35 0.0 
10638.97 0.80 0.0 
10638.97 0.82 0.0 
10858.04 0.64 0.0 
10936.60 0.44 0.0 
10936.47 0.46 0.0 
10961.45 0.60 0.0 
10961.45 0.37 0.0 
11118.21 0.46 0.0 
11210.51 0.59 0.0 
11403.13 0.50 0.0 
11427.49 0.35 0.0 
11477.05 0.37 0.0 
11477.03 0.75 0.0 
11581.25 0.50 0.0 
11581.28 0.40 0.0 
11800.25 0.33 0.0 
12017.97 0.54 0.0 
12074.64 0.60 0.0 
12107.69 0.51 0.0 
12365.21 0.42 0.0 
12484.45 0.44 0.0 
12842.60 0.51 0.0 
12842.58 0.39 0.0 
12862.29 0.33 0.0 
12948.50 0.32 0.0 
12948.49 0.30 0.0 
13037.96 0.53 0.0 
13009.10 0.63 0.0 
13009.08 0.51 0.0 
13037.92 0.75 0.0 
13107.13 0.46 0.0 
13107.13 0.45 0.0 
13166.19 0.35 0.0 
13166.20 0.57 0.0 
13258.32 0.34 0.0 
13397.12 0.53 0.0 
13527.03 0.93 0.0 
13652.73 0.64 0.0 
13698.68 0.33 0.0 
13652.72 0.80 0.0 
13728.11 0.72 0.0 
13835.52 0.85 0.0 
13874.92 0.66 0.0 
13835.55 0.80 0.0 
13927.59 0.34 0.0 
14053.43 0.38 0.0 
14286.88 0.77 0.0 
14286.92 0.73 0.0 
14593.20 0.88 0.0 
14593.23 0.88 0.0 
14676.91 0.33 0.0 
14625.12 0.30 0.0 
14676.87 0.36 0.0 
14771.00 0.81 0.0 
14748.09 0.57 0.0 
15162.31 0.37 0.0 
15154.43 0.34 0.0 
15195.57 0.37 0.0 
15612.15 0.46 0.0 
15612.16 0.57 0.0 
15626.97 0.32 0.0 
15925.95 0.56 0.0 
16020.75 0.42 0.0 
16138.53 0.38 0.0 
16183.81 0.49 0.0 
16300.27 0.82 0.0 
16296.75 0.77 0.0 
16475.83 0.84 0.0 
16475.84 0.84 0.0 
16731.89 0.36 0.0 
16731.91 0.76 0.0 
17253.77 0.90 0.0 
17348.84 0.37 0.0 
17370.16 0.60 0.0 
17521.68 0.70 0.0 
17816.61 0.76 0.0 
17816.61 0.77 0.0 
17924.39 0.40 0.0 
17924.37 0.50 0.0 
17937.48 0.33 0.0 
18117.83 0.33 0.0 
18174.28 0.36 0.0 
18264.06 0.72 0.0 
18264.05 0.54 0.0 
18450.88 0.40 0.0 
18486.51 0.36 0.0 
18544.17 0.48 0.0 
18586.14 0.74 0.0 
18671.00 0.36 0.0 
18706.17 0.55 0.0 
18706.14 0.43 0.0 
19150.65 0.38 0.0 
19137.25 0.34 0.0 
19150.65 0.83 0.0 
19303.91 0.86 0.0 
19319.51 0.33 0.0 
19348.87 0.36 0.0 
19303.87 0.85 0.0 
19409.29 0.37 0.0 
19512.73 0.52 0.0 
19542.75 0.55 0.0 
19643.00 0.70 0.0 
19643.03 0.53 0.0 
19715.33 0.49 0.0 
19742.97 0.35 0.0 
19772.12 0.48 0.0 
20077.29 0.32 0.0 
20222.20 0.37 0.0 
20222.24 0.48 0.0 
20622.88 0.53 0.0 
20628.19 0.47 0.0 
20622.84 0.79 0.0 
20694.27 0.38 0.0 
20694.28 0.38 0.0 
20778.55 0.50 0.0 
20814.90 0.75 0.0 
20973.63 0.46 0.0 
21391.33 0.37 0.0 
21805.01 0.60 0.0 
21875.23 0.50 0.0 
22103.49 0.33 0.0 
22131.37 0.41 0.0 
22228.53 0.80 0.0 
22228.53 0.67 0.0 
22542.99 0.68 0.0 
22593.24 0.40 0.0 
22641.29 0.36 0.0 
22753.11 0.56 0.0 
22814.20 0.42 0.0 
22971.49 0.38 0.0 
22979.56 0.57 0.0 
23077.51 0.87 0.0 
23176.20 0.70 0.0 
23192.28 0.49 0.0 
23258.57 0.44 0.0 
23502.93 0.82 0.0 
23641.37 0.47 0.0 
23610.28 0.53 0.0 
23764.84 0.32 0.0 
23864.05 0.33 0.0 
24333.39 0.50 0.0 
24463.95 0.84 0.0 
24463.92 0.39 0.0 
24539.79 0.84 0.0 
24579.61 0.38 0.0 
24674.17 0.57 0.0 
24880.44 0.57 0.0 
24880.44 0.44 0.0 
24896.38 0.42 0.0 
24890.28 0.39 0.0 
25037.35 0.61 0.0 
25048.15 0.53 0.0 
25037.35 0.43 0.0 
25197.99 0.51 0.0 
25198.00 0.67 0.0 
25289.07 0.47 0.0 
25268.11 0.31 0.0 
25324.12 0.89 0.0 
25628.37 0.51 0.0 
26058.65 0.70 0.0 
26058.69 0.46 0.0 
26285.09 0.48 0.0 
26285.09 0.38 0.0 
26258.67 0.42 0.0 
26494.89 0.49 0.0 
26564.43 0.86 0.0 
26936.95 0.96 0.0 
26936.93 0.50 0.0 
27014.08 0.55 0.0 
27031.00 0.34 0.0 
27044.11 0.43 0.0 
27030.97 0.36 0.0 
27095.78 0.93 0.0 
27095.78 0.92 0.0 
27373.75 0.30 0.0 
27614.19 0.39 0.0 
27808.88 0.62 0.0 
27808.85 0.47 0.0 
28271.00 0.43 0.0 
28270.96 0.63 0.0 
28437.89 0.77 0.0 
28718.41 0.61 0.0 
28718.40 0.53 0.0 
29176.60 0.84 0.0 
29176.62 0.84 0.0 
29577.81 0.46 0.0 
29577.84 0.58 0.0 
29629.89 0.51 0.0 
30073.48 0.36 0.0 
30073.43 0.92 0.0 
30292.44 0.73 0.0 
30292.43 0.71 0.0 
31108.53 0.43 0.0 
31108.56 0.33 0.0 
31240.05 0.49 0.0 
31422.61 0.53 0.0 
31805.73 0.42 0.0 
31805.65 0.46 0.0 
31874.43 0.90 0.0 
31991.89 0.54 0.0 
31991.92 0.41 0.0 
32022.85 0.48 0.0 
32247.01 0.88 0.0 
32247.00 0.39 0.0 
32306.24 0.48 0.0 
32306.25 0.36 0.0 
32403.99 0.35 0.0 
32453.01 0.32 0.0 
32608.16 0.62 0.0 
32660.16 0.40 0.0 
32668.76 0.32 0.0 
32675.93 0.47 0.0 
32744.59 0.48 0.0 
32755.13 0.35 0.0 
32755.17 0.45 0.0 
33118.26 0.52 0.0 
33118.32 0.67 0.0 
33187.45 0.50 0.0 
33187.43 0.87 0.0 
33270.17 0.42 0.0 
33359.96 0.53 0.0 
33646.12 0.75 0.0 
33646.12 0.66 0.0 
33987.97 0.43 0.0 
34054.27 0.64 0.0 
34054.27 0.49 0.0 
34541.96 0.87 0.0 
34793.68 0.69 0.0 
34810.81 0.41 0.0 
34793.67 0.76 0.0 
34948.01 0.44 0.0 
34977.23 0.33 0.0 
35423.16 0.58 0.0 
35889.64 0.60 0.0 
35889.65 0.40 0.0 
36354.20 0.59 0.0 
36812.36 0.64 0.0 
37137.91 0.61 0.0 
37256.40 0.75 0.0 
37690.93 0.33 0.0 
37723.84 0.91 0.0 
37723.85 0.31 0.0 
38023.97 0.31 0.0 
38082.87 0.83 0.0 
38082.80 0.44 0.0 
38177.61 0.51 0.0 
38205.04 0.83 0.0 
38262.85 0.54 0.0 
38294.21 0.47 0.0 
38630.48 0.35 0.0 
38630.49 0.47 0.0 
39105.72 0.51 0.0 
40016.65 0.64 0.0 
40016.70 0.45 0.0 
40123.43 0.48 0.0 
40496.88 0.73 0.0 
40496.89 0.32 0.0 
40983.89 0.46 0.0 
40983.89 0.65 0.0 
41428.31 0.82 0.0 
41897.28 0.61 0.0 
41897.28 0.37 0.0 
42376.98 0.70 0.0 
42376.97 0.47 0.0 
42837.09 0.58 0.0 
43318.31 0.41 0.0 
43318.23 0.90 0.0 
43780.81 0.41 0.0 
44693.29 0.60 0.0 
44693.34 0.54 0.0 
45179.81 0.37 0.0 
45636.97 0.57 0.0 
46084.41 0.54 0.0 
46084.44 0.34 0.0 
46529.38 0.94 0.0 
46983.67 0.44 0.0 
46983.68 0.61 0.0 
47429.09 0.56 0.0 
47429.05 0.32 0.0 
47680.31 0.50 0.0 
47937.16 0.36 0.0 
48088.76 0.79 0.0 
48200.73 0.62 0.0 
48200.68 0.77 0.0 
48384.60 0.46 0.0 
48384.64 0.38 0.0 
48841.83 0.37 0.0 
48841.81 0.67 0.0 
48920.20 0.61 0.0 
48920.16 0.64 0.0 
49737.24 0.44 0.0 
49753.36 0.40 0.0 
50261.29 0.90 0.0 
50261.29 0.34 0.0 
50431.37 0.35 0.0 
50431.37 0.40 0.0 
50621.63 0.75 0.0 
51015.64 0.32 0.0 
51712.04 0.37 0.0 
51712.00 0.56 0.0 
52240.43 0.32 0.0 
52645.95 0.73 0.0 
52645.96 0.85 0.0 
53138.32 0.40 0.0 
53138.32 0.55 0.0 
53638.00 0.66 0.0 
54148.92 0.94 0.0 
54148.97 0.56 0.0 
54644.73 0.42 0.0 
56050.99 0.90 0.0 
56051.07 0.39 0.0 
56073.85 0.38 0.0 
56078.95 0.35 0.0 
56155.37 0.45 0.0 
56500.40 0.75 0.0 
56500.43 0.45 0.0 
56973.75 0.74 0.0 
56973.73 0.60 0.0 
57361.55 0.35 0.0 
57419.18 0.34 0.0 
57405.33 0.51 0.0 
57458.28 0.69 0.0 
57458.33 0.43 0.0 
58409.81 0.51 0.0 
58868.51 0.36 0.0 
59049.07 0.35 0.0 
59049.07 0.51 0.0 
59324.19 0.94 0.0 
59324.26 0.55 0.0 
59804.35 0.96 0.0 
60288.92 0.53 0.0 
60288.89 0.48 0.0 
60957.99 0.45 0.0 
61265.85 0.52 0.0 
61265.85 0.42 0.0 
61319.57 0.84 0.0 
61724.48 0.96 0.0 
61724.49 0.61 0.0 
61843.28 0.47 0.0 
62128.89 0.35 0.0 
62197.29 0.49 0.0 
62249.57 0.75 0.0 
62700.93 0.40 0.0 
63199.17 0.64 0.0 
63712.52 0.64 0.0 
63712.58 0.51 0.0 
64059.19 0.38 0.0 
64202.46 0.49 0.0 
64202.45 0.48 0.0 
64707.97 0.56 0.0 
65187.16 0.45 0.0 
65187.16 0.49 0.0 
65681.03 0.36 0.0 
65681.07 0.40 0.0 
66170.44 0.31 0.0 
66633.03 0.35 0.0 
66632.95 0.32 0.0 
67162.56 0.45 0.0 
67162.52 0.48 0.0 
67644.33 0.43 0.0 
67650.93 0.40 0.0 
67650.97 0.36 0.0 
68179.52 0.50 0.0 
68179.51 0.67 0.0 
68670.89 0.40 0.0 
68870.84 0.33 0.0 
69178.34 0.94 0.0 
69178.36 0.67 0.0 
69629.28 0.38 0.0 
69713.21 0.40 0.0 
70078.15 0.51 0.0 
70420.01 0.52 0.0 
70419.97 0.35 0.0 
70757.08 0.46 0.0 
70757.08 0.66 0.0 
70904.45 0.77 0.0 
70966.19 0.43 0.0 
71316.33 0.33 0.0 
71316.36 0.31 0.0 
71774.32 0.74 0.0 
71824.84 0.70 0.0 
72078.69 0.71 0.0 
72078.65 0.70 0.0 
72093.81 0.58 0.0 
72093.81 0.55 0.0 
72243.44 0.45 0.0 
72243.44 0.59 0.0 
72336.24 0.52 0.0 
72336.29 0.31 0.0 
72842.77 0.36 0.0 
73304.91 0.57 0.0 
73377.64 0.31 0.0 
73873.85 0.41 0.0 
73873.83 0.86 0.0 
74683.84 0.42 0.0 
74683.88 0.67 0.0 
74937.77 0.57 0.0 
75447.71 0.79 0.0 
75447.69 0.53 0.0 
75972.32 0.79 0.0 
75972.35 0.34 0.0 
76499.84 0.40 0.0 
76638.85 0.57 0.0 
76638.84 0.76 0.0 
77003.92 0.54 0.0 
77003.91 0.66 0.0 
77284.91 0.31 0.0 
77503.14 0.95 0.0 
77503.17 0.38 0.0 
77742.84 0.43 0.0 
78062.90 0.73 0.0 
78062.90 0.66 0.0 
79103.38 0.44 0.0 
79103.32 0.79 0.0 
79154.59 0.52 0.0 
79644.05 0.54 0.0 
79644.05 0.53 0.0 
80331.91 0.31 0.0 
80749.89 0.44 0.0 
80953.39 0.61 0.0 
81335.60 0.60 0.0 
81335.56 0.61 0.0 
81749.48 0.82 0.0 
81854.29 0.93 0.0 
82427.24 0.55 0.0 
82427.24 0.56 0.0 
82629.57 0.34 0.0 
82627.76 0.33 0.0 
82923.61 0.39 0.0 
82972.42 0.60 0.0 
83110.42 0.63 0.0 
83458.75 0.35 0.0 
83457.09 0.53 0.0 
83509.71 0.33 0.0 
84109.01 0.54 0.0 
84109.00 0.42 0.0 
84305.28 0.68 0.0 
84305.29 0.40 0.0 
84530.31 0.38 0.0 
84530.33 0.47 0.0 
84637.96 0.31 0.0 
84912.88 0.43 0.0 
85149.75 0.62 0.0 
85135.19 0.53 0.0 
85149.75 0.63 0.0 
85237.77 0.43 0.0 
85237.80 0.51 0.0 
85458.92 0.52 0.0 
85539.92 0.75 0.0 
85576.57 0.41 0.0 
85576.52 0.32 0.0 
85539.91 0.75 0.0 
85741.48 0.59 0.0 
85741.48 0.86 0.0 
85796.13 0.56 0.0 
85796.12 0.84 0.0 
86009.92 0.57 0.0 
86168.51 0.82 0.0 
86168.52 0.68 0.0 
86382.76 0.78 0.0 
