2114.03 0.32 0.0 
2183.04 0.65 0.0 
2183.03 0.39 0.0 
2492.19 0.56 0.0 
2492.23 0.51 0.0 
2778.91 0.35 0.0 
3166.51 0.51 0.0 
3597.03 0.35 0.0 
3840.76 0.36 0.0 
4579.13 0.39 0.0 
4689.19 0.36 0.0 
4689.21 0.46 0.0 
4923.75 0.56 0.0 
5339.31 0.34 0.0 
5579.35 0.45 0.0 
5669.91 0.57 0.0 
5912.33 0.66 0.0 
6053.08 0.45 0.0 
6053.07 0.53 0.0 
6753.99 0.32 0.0 
7185.55 0.31 0.0 
7937.01 0.36 0.0 
9096.21 0.69 0.0 
10058.72 0.30 0.0 
10293.16 0.30 0.0 
10293.15 0.75 0.0 
10711.31 0.32 0.0 
11184.11 0.49 0.0 
11121.51 0.34 0.0 
11184.13 0.37 0.0 
11943.85 0.45 0.0 
11957.47 0.53 0.0 
12070.19 0.63 0.0 
12616.11 0.67 0.0 
12621.57 0.32 0.0 
12929.31 0.63 0.0 
13257.11 0.43 0.0 
13380.71 0.48 0.0 
13988.45 0.49 0.0 
13988.49 0.53 0.0 
14287.29 0.87 0.0 
14315.19 0.60 0.0 
14287.28 0.84 0.0 
14257.52 0.36 0.0 
14315.19 0.69 0.0 
14368.05 0.47 0.0 
14368.03 0.75 0.0 
14453.93 0.35 0.0 
14476.27 0.38 0.0 
15048.93 0.54 0.0 
15573.34 0.89 0.0 
15573.34 0.89 0.0 
15983.79 0.34 0.0 
16357.15 0.32 0.0 
16426.67 0.56 0.0 
16419.54 0.72 0.0 
16419.53 0.76 0.0 
16426.63 0.47 0.0 
16917.39 0.33 0.0 
17213.51 0.31 0.0 
17238.55 0.50 0.0 
17321.56 0.30 0.0 
17760.91 0.34 0.0 
17760.91 0.48 0.0 
17744.87 0.33 0.0 
18482.38 0.83 0.0 
18482.38 0.81 0.0 
18588.31 0.37 0.0 
19245.32 0.55 0.0 
19275.33 0.44 0.0 
19286.63 0.44 0.0 
19245.41 0.76 0.0 
19483.91 0.34 0.0 
19488.45 0.61 0.0 
19503.12 0.66 0.0 
19549.49 0.70 0.0 
19554.79 0.81 0.0 
19559.98 0.79 0.0 
19488.45 0.65 0.0 
19503.09 0.66 0.0 
19590.40 0.56 0.0 
19549.48 0.67 0.0 
19554.78 0.88 0.0 
19590.44 0.85 0.0 
19708.57 0.74 0.0 
19801.25 0.37 0.0 
19801.37 0.55 0.0 
19938.13 0.58 0.0 
19990.27 0.39 0.0 
19973.23 0.37 0.0 
20308.94 0.77 0.0 
20308.95 0.31 0.0 
20432.20 0.64 0.0 
21070.96 0.56 0.0 
21164.37 0.42 0.0 
22371.91 0.42 0.0 
22412.99 0.36 0.0 
23965.25 0.70 0.0 
23965.24 0.65 0.0 
24169.43 0.31 0.0 
24412.47 0.39 0.0 
24412.45 0.66 0.0 
24605.59 0.49 0.0 
24605.57 0.57 0.0 
24707.63 0.30 0.0 
24733.25 0.51 0.0 
24733.25 0.36 0.0 
24962.04 0.69 0.0 
25642.31 0.34 0.0 
25730.59 0.33 0.0 
25940.15 0.34 0.0 
25981.67 0.40 0.0 
25996.40 0.84 0.0 
25996.41 0.67 0.0 
26344.97 0.52 0.0 
26645.24 0.67 0.0 
26645.24 0.71 0.0 
26699.53 0.60 0.0 
26699.52 0.70 0.0 
26755.73 0.30 0.0 
26833.43 0.88 0.0 
26895.71 0.82 0.0 
26895.70 0.80 0.0 
27121.47 0.47 0.0 
27121.47 0.79 0.0 
27140.99 0.39 0.0 
27114.24 0.42 0.0 
27190.67 0.53 0.0 
27244.58 0.84 0.0 
27190.67 0.34 0.0 
27244.59 0.77 0.0 
27258.95 0.43 0.0 
28095.63 0.35 0.0 
28385.19 0.52 0.0 
28385.19 0.56 0.0 
28574.19 0.31 0.0 
28962.63 0.37 0.0 
28962.63 0.52 0.0 
28968.37 0.72 0.0 
28968.34 0.82 0.0 
29275.19 0.43 0.0 
30551.55 0.51 0.0 
30609.76 0.53 0.0 
30672.77 0.34 0.0 
31358.15 0.40 0.0 
32251.48 0.65 0.0 
32362.87 0.66 0.0 
32362.86 0.74 0.0 
32446.61 0.32 0.0 
32604.84 0.75 0.0 
32604.83 0.73 0.0 
33391.03 0.74 0.0 
34266.31 0.36 0.0 
34559.90 0.84 0.0 
34559.92 0.55 0.0 
34644.84 0.58 0.0 
34644.86 0.61 0.0 
34780.55 0.51 0.0 
34863.98 0.75 0.0 
34881.45 0.30 0.0 
34863.99 0.54 0.0 
35129.87 0.42 0.0 
35217.11 0.39 0.0 
35217.12 0.56 0.0 
35377.73 0.51 0.0 
35377.72 0.41 0.0 
35531.11 0.56 0.0 
35531.12 0.69 0.0 
36461.79 0.63 0.0 
36461.80 0.65 0.0 
36734.93 0.32 0.0 
36736.45 0.42 0.0 
36736.43 0.41 0.0 
37025.84 0.31 0.0 
37134.75 0.40 0.0 
37311.00 0.49 0.0 
37509.95 0.46 0.0 
37694.75 0.41 0.0 
37727.27 0.69 0.0 
37727.26 0.78 0.0 
38746.71 0.49 0.0 
38734.92 0.52 0.0 
38838.21 0.39 0.0 
39451.03 0.38 0.0 
39650.63 0.44 0.0 
39783.37 0.71 0.0 
39783.39 0.37 0.0 
40073.91 0.37 0.0 
40745.05 0.45 0.0 
40800.03 0.43 0.0 
40745.03 0.64 0.0 
40859.53 0.35 0.0 
42084.63 0.34 0.0 
42376.03 0.48 0.0 
42783.69 0.40 0.0 
42783.74 0.62 0.0 
42791.57 0.75 0.0 
43028.87 0.72 0.0 
43036.32 0.35 0.0 
43467.32 0.46 0.0 
43720.55 0.50 0.0 
43730.48 0.32 0.0 
44102.98 0.83 0.0 
44102.99 0.49 0.0 
44704.43 0.42 0.0 
44696.01 0.48 0.0 
44704.40 0.54 0.0 
45787.14 0.45 0.0 
45787.03 0.35 0.0 
47110.12 0.36 0.0 
47536.43 0.36 0.0 
47656.54 0.67 0.0 
48002.91 0.37 0.0 
48704.06 0.85 0.0 
48704.05 0.85 0.0 
49020.55 0.92 0.0 
49020.56 0.65 0.0 
49348.40 0.48 0.0 
49348.39 0.76 0.0 
49456.86 0.80 0.0 
49469.12 0.41 0.0 
49456.87 0.70 0.0 
49469.12 0.87 0.0 
49616.79 0.54 0.0 
50412.39 0.43 0.0 
50849.77 0.32 0.0 
51756.39 0.31 0.0 
52106.62 0.54 0.0 
52124.63 0.30 0.0 
52428.03 0.63 0.0 
52459.90 0.89 0.0 
52459.91 0.53 0.0 
52427.99 0.30 0.0 
52561.04 0.79 0.0 
53223.55 0.43 0.0 
53208.48 0.73 0.0 
53234.13 0.37 0.0 
53626.43 0.42 0.0 
53626.48 0.66 0.0 
53886.53 0.47 0.0 
53886.52 0.77 0.0 
53878.68 0.52 0.0 
54126.75 0.50 0.0 
54137.12 0.67 0.0 
54126.77 0.84 0.0 
54137.10 0.71 0.0 
54184.00 0.83 0.0 
54226.45 0.50 0.0 
54171.65 0.61 0.0 
54184.00 0.78 0.0 
54226.49 0.54 0.0 
54328.65 0.32 0.0 
54345.87 0.74 0.0 
54364.13 0.47 0.0 
54364.09 0.46 0.0 
54609.43 0.39 0.0 
54687.07 0.61 0.0 
54839.95 0.44 0.0 
54786.43 0.43 0.0 
54928.81 0.63 0.0 
54928.85 0.69 0.0 
54930.46 0.55 0.0 
55101.09 0.55 0.0 
55113.99 0.31 0.0 
55080.65 0.36 0.0 
55101.13 0.34 0.0 
55114.01 0.37 0.0 
55139.95 0.43 0.0 
55306.61 0.58 0.0 
55300.67 0.46 0.0 
55330.83 0.39 0.0 
55359.05 0.70 0.0 
55383.50 0.71 0.0 
55383.49 0.72 0.0 
55392.43 0.66 0.0 
55463.97 0.58 0.0 
55576.81 0.53 0.0 
55593.12 0.67 0.0 
55576.75 0.35 0.0 
55593.11 0.89 0.0 
55623.87 0.37 0.0 
55718.85 0.57 0.0 
55694.89 0.54 0.0 
55741.29 0.51 0.0 
55755.16 0.36 0.0 
55741.28 0.55 0.0 
55968.51 0.45 0.0 
55994.63 0.36 0.0 
55968.53 0.55 0.0 
56527.75 0.41 0.0 
56868.77 0.59 0.0 
56863.33 0.32 0.0 
56868.67 0.32 0.0 
56966.56 0.81 0.0 
56966.55 0.78 0.0 
57126.11 0.32 0.0 
57157.41 0.52 0.0 
57092.01 0.54 0.0 
57126.07 0.31 0.0 
57092.03 0.33 0.0 
57157.43 0.36 0.0 
57191.19 0.61 0.0 
57273.36 0.82 0.0 
57278.66 0.77 0.0 
57390.85 0.44 0.0 
57404.45 0.33 0.0 
57384.87 0.56 0.0 
57390.93 0.58 0.0 
57404.44 0.60 0.0 
57529.33 0.32 0.0 
57661.67 0.33 0.0 
57727.92 0.46 0.0 
57727.80 0.37 0.0 
57862.83 0.54 0.0 
57948.08 0.66 0.0 
57939.57 0.45 0.0 
57939.59 0.36 0.0 
57948.08 0.47 0.0 
58235.35 0.33 0.0 
58467.32 0.85 0.0 
58519.97 0.52 0.0 
59235.63 0.47 0.0 
59429.43 0.33 0.0 
59381.63 0.33 0.0 
59908.76 0.69 0.0 
59908.79 0.83 0.0 
60104.25 0.58 0.0 
60104.28 0.58 0.0 
60213.19 0.65 0.0 
60648.11 0.49 0.0 
61410.75 0.32 0.0 
61985.60 0.49 0.0 
61985.63 0.39 0.0 
62345.67 0.49 0.0 
66575.00 0.54 0.0 
66965.19 0.62 0.0 
71983.75 0.47 0.0 
73032.27 0.34 0.0 
73447.09 0.30 0.0 
81995.95 0.33 0.0 
83828.95 0.34 0.0 
