900.99 0.34 0.0 
1531.90 0.35 0.0 
1850.70 0.39 0.0 
1895.19 0.35 0.0 
2161.24 0.37 0.0 
2161.20 0.47 0.0 
2330.93 0.48 0.0 
2330.92 0.59 0.0 
2514.96 0.43 0.0 
2714.31 0.31 0.0 
2816.75 0.43 0.0 
2795.99 0.35 0.0 
3446.73 0.31 0.0 
3446.69 0.47 0.0 
3638.04 0.41 0.0 
4441.35 0.41 0.0 
4639.03 0.34 0.0 
4893.15 0.43 0.0 
4936.51 0.33 0.0 
5535.60 0.40 0.0 
5813.95 0.32 0.0 
6674.05 0.39 0.0 
6825.05 0.35 0.0 
6940.63 0.35 0.0 
7135.48 0.44 0.0 
7292.44 0.38 0.0 
7363.97 0.38 0.0 
7414.11 0.33 0.0 
7430.56 0.46 0.0 
7396.37 0.32 0.0 
7414.11 0.30 0.0 
8091.31 0.33 0.0 
8377.49 0.44 0.0 
8991.05 0.42 0.0 
8991.05 0.40 0.0 
9105.33 0.64 0.0 
9105.36 0.87 0.0 
10306.32 0.57 0.0 
10538.92 0.65 0.0 
10559.91 0.54 0.0 
10585.97 0.42 0.0 
10538.91 0.44 0.0 
11261.69 0.41 0.0 
11302.27 0.55 0.0 
11703.95 0.32 0.0 
11768.92 0.36 0.0 
12200.87 0.34 0.0 
12222.81 0.31 0.0 
12200.87 0.30 0.0 
12377.93 0.72 0.0 
12377.91 0.57 0.0 
12569.67 0.32 0.0 
12731.85 0.47 0.0 
13016.16 0.53 0.0 
13198.16 0.32 0.0 
13534.87 0.31 0.0 
13595.21 0.31 0.0 
13534.85 0.36 0.0 
13619.89 0.50 0.0 
13649.77 0.46 0.0 
13980.93 0.56 0.0 
14099.09 0.39 0.0 
14999.03 0.33 0.0 
15108.43 0.30 0.0 
15320.79 0.33 0.0 
15347.12 0.42 0.0 
15501.79 0.38 0.0 
16395.75 0.35 0.0 
16720.87 0.37 0.0 
16816.67 0.35 0.0 
16974.61 0.44 0.0 
17649.03 0.42 0.0 
18086.59 0.48 0.0 
18230.89 0.51 0.0 
19094.49 0.36 0.0 
19259.23 0.34 0.0 
19983.49 0.58 0.0 
20150.24 0.45 0.0 
20187.59 0.31 0.0 
20306.57 0.57 0.0 
20306.61 0.49 0.0 
20367.21 0.33 0.0 
20706.03 0.41 0.0 
21100.95 0.35 0.0 
21725.10 0.59 0.0 
21725.03 0.35 0.0 
22266.57 0.37 0.0 
22769.60 0.35 0.0 
23578.57 0.32 0.0 
23669.66 0.33 0.0 
24466.00 0.70 0.0 
25015.75 0.34 0.0 
25095.85 0.30 0.0 
25547.67 0.30 0.0 
25547.61 0.54 0.0 
25602.73 0.31 0.0 
25957.53 0.35 0.0 
25907.79 0.44 0.0 
26511.73 0.31 0.0 
26693.67 0.34 0.0 
26940.55 0.48 0.0 
27436.01 0.48 0.0 
28152.46 0.50 0.0 
28232.99 0.41 0.0 
28155.39 0.31 0.0 
28710.73 0.65 0.0 
29670.72 0.41 0.0 
29670.59 0.32 0.0 
31595.51 0.42 0.0 
33053.05 0.47 0.0 
33170.55 0.36 0.0 
33170.55 0.39 0.0 
33925.60 0.46 0.0 
34059.59 0.48 0.0 
34059.59 0.35 0.0 
35246.95 0.41 0.0 
35492.17 0.59 0.0 
36348.31 0.38 0.0 
36358.05 0.45 0.0 
36736.88 0.48 0.0 
36736.88 0.44 0.0 
37730.39 0.35 0.0 
38485.51 0.32 0.0 
38805.99 0.41 0.0 
38928.83 0.34 0.0 
38928.81 0.38 0.0 
39855.76 0.59 0.0 
41457.67 0.48 0.0 
41457.69 0.37 0.0 
42294.08 0.38 0.0 
43238.01 0.56 0.0 
43366.00 0.60 0.0 
44743.71 0.35 0.0 
45016.99 0.36 0.0 
48660.65 0.62 0.0 
49185.87 0.42 0.0 
49652.77 0.42 0.0 
50375.85 0.32 0.0 
51073.37 0.55 0.0 
51210.51 0.41 0.0 
51902.79 0.31 0.0 
52012.95 0.41 0.0 
52154.83 0.35 0.0 
52929.79 0.45 0.0 
53897.03 0.38 0.0 
55101.44 0.46 0.0 
55256.71 0.37 0.0 
55256.73 0.32 0.0 
56236.41 0.49 0.0 
57682.08 0.30 0.0 
58166.08 0.37 0.0 
59129.42 0.32 0.0 
60554.67 0.46 0.0 
61421.59 0.32 0.0 
61799.85 0.40 0.0 
62160.71 0.50 0.0 
63663.43 0.38 0.0 
63690.87 0.32 0.0 
64446.16 0.35 0.0 
64446.11 0.33 0.0 
66878.17 0.31 0.0 
67126.61 0.30 0.0 
67875.97 0.49 0.0 
68177.04 0.43 0.0 
69171.80 0.32 0.0 
70064.45 0.32 0.0 
70671.33 0.40 0.0 
71681.33 0.31 0.0 
73785.44 0.58 0.0 
73875.75 0.39 0.0 
73875.76 0.76 0.0 
74654.91 0.58 0.0 
74820.69 0.47 0.0 
76275.59 0.43 0.0 
76892.44 0.40 0.0 
80193.05 0.34 0.0 
81046.19 0.32 0.0 
81226.09 0.52 0.0 
81226.09 0.63 0.0 
81984.06 0.39 0.0 
82095.91 0.30 0.0 
82071.11 0.52 0.0 
82633.29 0.44 0.0 
82854.71 0.32 0.0 
84095.93 0.46 0.0 
84413.13 0.32 0.0 
84517.88 0.50 0.0 
85354.07 0.46 0.0 
86190.97 0.38 0.0 
86191.00 0.55 0.0 
