2069.48 0.33 0.0 
2114.03 0.86 0.0 
2180.14 0.91 0.0 
2180.14 0.81 0.0 
2384.09 0.63 0.0 
2488.59 0.42 0.0 
3882.77 0.35 0.0 
3836.85 0.35 0.0 
5293.32 0.63 0.0 
5255.21 0.35 0.0 
5339.34 0.97 0.0 
5339.36 0.49 0.0 
5579.33 0.64 0.0 
5608.68 0.38 0.0 
5667.88 0.72 0.0 
5997.98 0.68 0.0 
6050.03 0.41 0.0 
6050.01 0.53 0.0 
7665.75 0.35 0.0 
7633.95 0.81 0.0 
7847.57 0.37 0.0 
8054.57 0.43 0.0 
8414.51 0.33 0.0 
9249.71 0.33 0.0 
9809.47 0.41 0.0 
10292.12 0.45 0.0 
11182.17 0.41 0.0 
11118.75 0.50 0.0 
11182.12 0.32 0.0 
11469.07 0.35 0.0 
11554.77 0.34 0.0 
12043.84 0.31 0.0 
11990.61 0.50 0.0 
12149.56 0.30 0.0 
12355.79 0.48 0.0 
12355.80 0.78 0.0 
12619.76 0.57 0.0 
12656.56 0.52 0.0 
12839.33 0.41 0.0 
12929.28 0.85 0.0 
12925.31 0.57 0.0 
12987.89 0.35 0.0 
13253.81 0.52 0.0 
13257.11 0.32 0.0 
13253.81 0.76 0.0 
13423.12 0.47 0.0 
13982.33 0.38 0.0 
14282.45 0.79 0.0 
14282.45 0.76 0.0 
14367.98 0.41 0.0 
14363.84 0.59 0.0 
14695.07 0.32 0.0 
15571.43 0.93 0.0 
15571.43 0.92 0.0 
15883.78 0.54 0.0 
16017.68 0.46 0.0 
16415.65 0.40 0.0 
16415.60 0.30 0.0 
16424.33 0.40 0.0 
16844.51 0.32 0.0 
16912.13 0.34 0.0 
16926.51 0.37 0.0 
17741.91 0.55 0.0 
17982.96 0.68 0.0 
18030.88 0.76 0.0 
18102.27 0.70 0.0 
18103.79 0.44 0.0 
18102.28 0.67 0.0 
18479.25 0.50 0.0 
19553.09 0.73 0.0 
19559.29 0.59 0.0 
19487.45 0.31 0.0 
19498.56 0.65 0.0 
19553.09 0.73 0.0 
19559.30 0.94 0.0 
19705.95 0.42 0.0 
19708.51 0.62 0.0 
19990.29 0.41 0.0 
20303.32 0.47 0.0 
20308.96 0.49 0.0 
20488.55 0.47 0.0 
20486.09 0.58 0.0 
21164.35 0.73 0.0 
21238.12 0.31 0.0 
22138.47 0.57 0.0 
22509.07 0.31 0.0 
22977.64 0.35 0.0 
23152.61 0.49 0.0 
23326.19 0.62 0.0 
23961.73 0.82 0.0 
23961.74 0.86 0.0 
24447.75 0.60 0.0 
24602.61 0.35 0.0 
24602.61 0.70 0.0 
25633.60 0.37 0.0 
25633.68 0.71 0.0 
25994.08 0.74 0.0 
25994.07 0.34 0.0 
25995.68 0.57 0.0 
26342.21 0.71 0.0 
26342.21 0.46 0.0 
26846.07 0.47 0.0 
26833.39 0.62 0.0 
26888.87 0.86 0.0 
27114.26 0.55 0.0 
27149.25 0.37 0.0 
27186.15 0.56 0.0 
27241.55 0.76 0.0 
27190.61 0.52 0.0 
27241.56 0.30 0.0 
27255.43 0.31 0.0 
27627.75 0.44 0.0 
28331.15 0.76 0.0 
28301.93 0.52 0.0 
28383.36 0.40 0.0 
28383.36 0.31 0.0 
28574.19 0.70 0.0 
28586.23 0.33 0.0 
28704.01 0.40 0.0 
28828.53 0.49 0.0 
28962.56 0.55 0.0 
28962.57 0.41 0.0 
28965.99 0.48 0.0 
28972.63 0.50 0.0 
28972.68 0.33 0.0 
30479.51 0.49 0.0 
30729.13 0.49 0.0 
31054.25 0.39 0.0 
31468.23 0.39 0.0 
32159.19 0.43 0.0 
32360.40 0.79 0.0 
32360.43 0.83 0.0 
32459.40 0.69 0.0 
33133.87 0.41 0.0 
33644.56 0.72 0.0 
33597.19 0.44 0.0 
34244.08 0.31 0.0 
34638.72 0.63 0.0 
34638.68 0.62 0.0 
34863.03 0.37 0.0 
34881.42 0.30 0.0 
34863.08 0.52 0.0 
35125.53 0.57 0.0 
36458.52 0.44 0.0 
36458.53 0.45 0.0 
36972.27 0.37 0.0 
37022.52 0.58 0.0 
37022.49 0.53 0.0 
37364.36 0.66 0.0 
37453.53 0.41 0.0 
37394.27 0.64 0.0 
38732.79 0.30 0.0 
38918.27 0.41 0.0 
39357.98 0.64 0.0 
39648.73 0.78 0.0 
39780.98 0.94 0.0 
39780.99 0.64 0.0 
40741.59 0.30 0.0 
42077.68 0.81 0.0 
42450.12 0.39 0.0 
42583.28 0.42 0.0 
42783.72 0.41 0.0 
43169.58 0.64 0.0 
43334.59 0.73 0.0 
43304.11 0.56 0.0 
43464.24 0.37 0.0 
43467.27 0.75 0.0 
44081.87 0.56 0.0 
44024.37 0.68 0.0 
44701.45 0.35 0.0 
45584.07 0.35 0.0 
47804.48 0.33 0.0 
47908.05 0.32 0.0 
48224.57 0.64 0.0 
48702.95 0.45 0.0 
48702.52 0.41 0.0 
49017.73 0.39 0.0 
49344.32 0.40 0.0 
49407.28 0.61 0.0 
49466.37 0.93 0.0 
49396.83 0.32 0.0 
49407.28 0.39 0.0 
49466.38 0.90 0.0 
49692.21 0.36 0.0 
49887.37 0.51 0.0 
50172.68 0.56 0.0 
50331.67 0.67 0.0 
50863.33 0.37 0.0 
51059.09 0.61 0.0 
51869.48 0.32 0.0 
52102.77 0.45 0.0 
52124.56 0.47 0.0 
52426.19 0.74 0.0 
52454.44 0.39 0.0 
52456.39 0.91 0.0 
52456.36 0.32 0.0 
52469.48 0.30 0.0 
52426.21 0.60 0.0 
52574.57 0.35 0.0 
52692.48 0.32 0.0 
53205.88 0.38 0.0 
53476.91 0.38 0.0 
53608.23 0.43 0.0 
53684.45 0.36 0.0 
53894.42 0.33 0.0 
53880.52 0.47 0.0 
53950.49 0.31 0.0 
54122.88 0.49 0.0 
54122.90 0.86 0.0 
54133.07 0.48 0.0 
54149.48 0.41 0.0 
54181.51 0.93 0.0 
54181.51 0.89 0.0 
54216.69 0.33 0.0 
54317.73 0.32 0.0 
54328.05 0.31 0.0 
54581.61 0.73 0.0 
54581.59 0.57 0.0 
54684.68 0.78 0.0 
54775.12 0.34 0.0 
54775.13 0.43 0.0 
54923.59 0.82 0.0 
54923.58 0.73 0.0 
55017.69 0.51 0.0 
55093.53 0.59 0.0 
55095.36 0.75 0.0 
55093.49 0.32 0.0 
55330.75 0.60 0.0 
55354.37 0.40 0.0 
55389.76 0.31 0.0 
55389.76 0.82 0.0 
55471.71 0.66 0.0 
55471.73 0.77 0.0 
55709.59 0.78 0.0 
55736.24 0.51 0.0 
55738.57 0.47 0.0 
55964.37 0.47 0.0 
56085.31 0.33 0.0 
56248.11 0.49 0.0 
56865.39 0.77 0.0 
56861.09 0.50 0.0 
56963.97 0.58 0.0 
56963.93 0.42 0.0 
57155.23 0.38 0.0 
57088.95 0.34 0.0 
57276.79 0.75 0.0 
57384.83 0.72 0.0 
57936.17 0.78 0.0 
57936.20 0.54 0.0 
58329.29 0.36 0.0 
58467.32 0.67 0.0 
58516.52 0.31 0.0 
59429.40 0.60 0.0 
59848.69 0.55 0.0 
60211.56 0.40 0.0 
60643.37 0.31 0.0 
61956.99 0.36 0.0 
61984.20 0.46 0.0 
62342.60 0.60 0.0 
64495.40 0.55 0.0 
66372.48 0.44 0.0 
66959.79 0.44 0.0 
71983.71 0.42 0.0 
73259.40 0.52 0.0 
81988.92 0.53 0.0 
85409.24 0.38 0.0 
