1300.69 0.59 0.0 
1300.69 0.58 0.0 
2163.41 0.43 0.0 
4171.43 0.36 0.0 
4711.16 0.47 0.0 
4730.44 0.43 0.0 
5278.99 0.53 0.0 
5505.97 0.57 0.0 
5701.05 0.34 0.0 
6013.17 0.52 0.0 
7631.33 0.34 0.0 
7964.15 0.32 0.0 
8034.17 0.40 0.0 
8702.15 0.37 0.0 
9075.16 0.58 0.0 
9083.21 0.37 0.0 
11471.57 0.45 0.0 
11471.59 0.38 0.0 
12357.95 0.53 0.0 
12371.28 0.44 0.0 
12357.97 0.36 0.0 
12371.29 0.37 0.0 
13847.66 0.70 0.0 
14241.33 0.54 0.0 
14241.29 0.48 0.0 
16894.75 0.35 0.0 
17178.59 0.44 0.0 
17755.16 0.46 0.0 
18296.19 0.37 0.0 
19191.63 0.42 0.0 
33760.23 0.58 0.0 
33760.24 0.70 0.0 
35480.19 0.67 0.0 
35839.31 0.32 0.0 
35862.23 0.49 0.0 
37116.12 0.60 0.0 
38055.51 0.34 0.0 
39063.87 0.34 0.0 
39976.51 0.45 0.0 
40522.19 0.49 0.0 
40522.23 0.32 0.0 
41236.07 0.52 0.0 
41543.19 0.32 0.0 
42287.93 0.47 0.0 
43493.99 0.31 0.0 
43560.85 0.66 0.0 
45717.03 0.37 0.0 
46060.73 0.40 0.0 
47442.47 0.33 0.0 
47562.47 0.44 0.0 
47567.15 0.38 0.0 
49341.25 0.47 0.0 
49813.65 0.43 0.0 
49726.55 0.41 0.0 
51367.87 0.42 0.0 
51795.92 0.73 0.0 
52856.15 0.30 0.0 
52995.87 0.32 0.0 
53220.59 0.37 0.0 
57115.66 0.74 0.0 
57737.09 0.42 0.0 
58592.73 0.45 0.0 
58706.75 0.36 0.0 
58996.47 0.49 0.0 
59708.57 0.51 0.0 
60650.55 0.37 0.0 
60650.53 0.38 0.0 
61041.47 0.37 0.0 
62420.13 0.54 0.0 
76608.15 0.41 0.0 
78465.63 0.39 0.0 
78791.47 0.45 0.0 
79671.65 0.33 0.0 
80102.95 0.34 0.0 
82591.59 0.53 0.0 
84923.53 0.33 0.0 
84923.57 0.36 0.0 
