74.03 0.58 0.0 
764.51 0.32 0.0 
1850.66 0.34 0.0 
2714.29 0.56 0.0 
2924.29 0.58 0.0 
3446.65 0.33 0.0 
6674.05 0.61 0.0 
7135.35 0.31 0.0 
7274.13 0.42 0.0 
7753.29 0.45 0.0 
8006.95 0.40 0.0 
8517.41 0.50 0.0 
8626.03 0.32 0.0 
9092.25 0.51 0.0 
9927.07 0.41 0.0 
9944.48 0.38 0.0 
10537.00 0.48 0.0 
10556.95 0.57 0.0 
10537.04 0.36 0.0 
10904.51 0.55 0.0 
12366.76 0.33 0.0 
13034.57 0.77 0.0 
13034.56 0.55 0.0 
13498.29 0.74 0.0 
13917.67 0.57 0.0 
14990.09 0.51 0.0 
15269.00 0.38 0.0 
15897.69 0.55 0.0 
16874.51 0.49 0.0 
16974.61 0.50 0.0 
17954.51 0.48 0.0 
18347.63 0.36 0.0 
18443.24 0.31 0.0 
18599.29 0.52 0.0 
19085.79 0.31 0.0 
19259.19 0.61 0.0 
19671.23 0.40 0.0 
20879.56 0.52 0.0 
21194.15 0.40 0.0 
21419.11 0.38 0.0 
21723.92 0.68 0.0 
21723.93 0.48 0.0 
21884.21 0.58 0.0 
22979.27 0.32 0.0 
23669.48 0.32 0.0 
23787.97 0.39 0.0 
24104.51 0.40 0.0 
26965.41 0.63 0.0 
26965.37 0.40 0.0 
28199.47 0.35 0.0 
30957.93 0.30 0.0 
31334.49 0.48 0.0 
32279.53 0.30 0.0 
32714.57 0.36 0.0 
32668.00 0.59 0.0 
33829.85 0.70 0.0 
34054.39 0.46 0.0 
34054.41 0.36 0.0 
35065.96 0.42 0.0 
35246.97 0.45 0.0 
35699.07 0.38 0.0 
36357.55 0.49 0.0 
36357.51 0.51 0.0 
36384.37 0.49 0.0 
37375.29 0.42 0.0 
37810.77 0.32 0.0 
38053.47 0.45 0.0 
40588.87 0.45 0.0 
41879.65 0.33 0.0 
41999.48 0.31 0.0 
42058.51 0.46 0.0 
43048.17 0.31 0.0 
43754.33 0.30 0.0 
43693.87 0.40 0.0 
46469.51 0.36 0.0 
48054.21 0.39 0.0 
51037.63 0.35 0.0 
50957.07 0.33 0.0 
51014.31 0.34 0.0 
52484.51 0.53 0.0 
53054.00 0.39 0.0 
54344.48 0.49 0.0 
55557.91 0.41 0.0 
56188.27 0.39 0.0 
58166.09 0.34 0.0 
60614.03 0.37 0.0 
61094.13 0.46 0.0 
64648.89 0.53 0.0 
65296.48 0.39 0.0 
65286.03 0.32 0.0 
65736.05 0.35 0.0 
66404.44 0.48 0.0 
67124.92 0.41 0.0 
67543.83 0.50 0.0 
68249.19 0.39 0.0 
71684.65 0.38 0.0 
72553.88 0.75 0.0 
72531.59 0.35 0.0 
72672.68 0.39 0.0 
73153.97 0.43 0.0 
73754.60 0.32 0.0 
74084.11 0.50 0.0 
74651.87 0.80 0.0 
74697.80 0.61 0.0 
74651.87 0.78 0.0 
74714.85 0.46 0.0 
76271.75 0.36 0.0 
80084.37 0.52 0.0 
80728.68 0.69 0.0 
82494.53 0.60 0.0 
83694.49 0.30 0.0 
86006.63 0.45 0.0 
