38900.42 0.89 0.0 
38900.44 0.80 0.0 
40173.75 0.37 0.0 
45677.95 0.44 0.0 
46336.75 0.41 0.0 
48616.15 0.34 0.0 
49295.89 0.37 0.0 
51917.31 0.46 0.0 
54532.35 0.56 0.0 
54917.19 0.33 0.0 
57563.96 0.46 0.0 
57563.99 0.47 0.0 
58442.60 0.48 0.0 
58710.48 0.56 0.0 
59267.67 0.32 0.0 
59850.73 0.48 0.0 
59881.51 0.44 0.0 
62041.07 0.31 0.0 
62130.59 0.34 0.0 
62777.65 0.38 0.0 
63931.03 0.30 0.0 
64230.59 0.31 0.0 
65476.29 0.49 0.0 
65598.05 0.31 0.0 
69669.73 0.38 0.0 
70052.51 0.33 0.0 
70322.93 0.31 0.0 
70322.83 0.30 0.0 
70592.93 0.59 0.0 
71854.07 0.32 0.0 
72003.69 0.35 0.0 
72047.57 0.43 0.0 
72830.29 0.44 0.0 
73021.89 0.36 0.0 
74365.27 0.31 0.0 
75630.73 0.46 0.0 
77432.69 0.38 0.0 
78151.01 0.62 0.0 
78405.58 0.46 0.0 
78511.09 0.38 0.0 
79921.35 0.33 0.0 
81395.85 0.49 0.0 
81528.29 0.50 0.0 
81945.59 0.30 0.0 
82190.25 0.47 0.0 
82606.49 0.37 0.0 
83255.75 0.31 0.0 
83255.80 0.51 0.0 
83940.97 0.36 0.0 
84078.76 0.42 0.0 
84499.23 0.36 0.0 
86328.45 0.44 0.0 
