350.24 0.69 0.0 
641.19 0.56 0.0 
641.15 0.34 0.0 
2153.95 0.79 0.0 
4049.44 0.59 0.0 
5162.64 0.83 0.0 
6400.35 0.53 0.0 
8298.88 0.80 0.0 
8575.97 0.65 0.0 
8575.94 0.36 0.0 
8945.55 0.33 0.0 
10128.70 0.85 0.0 
10128.71 0.31 0.0 
10230.68 0.58 0.0 
10776.00 0.72 0.0 
12827.66 0.82 0.0 
12827.66 0.36 0.0 
14135.36 0.86 0.0 
14589.69 0.65 0.0 
15089.78 0.80 0.0 
16850.16 0.84 0.0 
16850.19 0.50 0.0 
17241.59 0.34 0.0 
17155.31 0.31 0.0 
17545.19 0.53 0.0 
18527.84 0.84 0.0 
18527.87 0.44 0.0 
20284.61 0.33 0.0 
21129.22 0.68 0.0 
22865.70 0.52 0.0 
23091.79 0.35 0.0 
24900.47 0.56 0.0 
25156.46 0.69 0.0 
26355.51 0.32 0.0 
26402.23 0.54 0.0 
26402.22 0.83 0.0 
27406.22 0.78 0.0 
27480.47 0.37 0.0 
28750.32 0.65 0.0 
28750.31 0.37 0.0 
32159.83 0.46 0.0 
34554.06 0.71 0.0 
34997.98 0.74 0.0 
36473.80 0.81 0.0 
37094.11 0.50 0.0 
37094.12 0.81 0.0 
39636.97 0.57 0.0 
41672.17 0.72 0.0 
42680.06 0.79 0.0 
45322.54 0.76 0.0 
46278.58 0.75 0.0 
46278.58 0.82 0.0 
47331.07 0.40 0.0 
48331.86 0.86 0.0 
51332.55 0.52 0.0 
51376.49 0.58 0.0 
51332.54 0.84 0.0 
51458.51 0.54 0.0 
51922.51 0.33 0.0 
51840.47 0.68 0.0 
53432.55 0.41 0.0 
53432.50 0.82 0.0 
54652.80 0.78 0.0 
83391.92 0.76 0.0 
83950.52 0.68 0.0 
83950.55 0.31 0.0 
84711.34 0.85 0.0 
84711.32 0.53 0.0 
86045.47 0.48 0.0 
86045.48 0.80 0.0 
86254.12 0.84 0.0 
