2153.94 0.88 0.0 
2502.32 0.67 0.0 
3152.00 0.33 0.0 
4049.35 0.59 0.0 
6400.35 0.48 0.0 
6459.63 0.46 0.0 
6504.35 0.36 0.0 
8351.47 0.53 0.0 
8351.48 0.54 0.0 
8575.86 0.39 0.0 
8675.44 0.39 0.0 
8675.31 0.35 0.0 
10128.67 0.50 0.0 
12462.01 0.32 0.0 
12701.63 0.32 0.0 
12827.65 0.40 0.0 
14135.36 0.33 0.0 
14589.67 0.56 0.0 
17224.20 0.53 0.0 
17150.63 0.86 0.0 
17224.23 0.40 0.0 
17150.67 0.41 0.0 
17545.19 0.88 0.0 
18941.29 0.60 0.0 
19778.01 0.52 0.0 
20819.23 0.72 0.0 
21133.56 0.52 0.0 
22902.50 0.91 0.0 
28750.36 0.37 0.0 
34554.04 0.66 0.0 
36473.80 0.75 0.0 
36966.52 0.47 0.0 
37932.83 0.55 0.0 
37971.53 0.33 0.0 
39419.59 0.60 0.0 
41473.43 0.35 0.0 
41590.36 0.31 0.0 
43252.97 0.31 0.0 
43445.05 0.36 0.0 
48238.09 0.51 0.0 
54693.59 0.32 0.0 
54652.81 0.58 0.0 
55178.29 0.34 0.0 
79508.61 0.41 0.0 
80156.60 0.48 0.0 
82912.04 0.70 0.0 
83391.91 0.63 0.0 
83950.53 0.39 0.0 
86254.11 0.84 0.0 
