44.03 0.89 0.0 
254.59 0.47 0.0 
1468.89 0.37 0.0 
2593.89 0.38 0.0 
2848.14 0.39 0.0 
2984.28 0.66 0.0 
4483.69 0.35 0.0 
4587.96 0.34 0.0 
5475.68 0.76 0.0 
7456.39 0.54 0.0 
8500.57 0.39 0.0 
8566.49 0.40 0.0 
8818.92 0.46 0.0 
8818.96 0.67 0.0 
10319.47 0.87 0.0 
10766.29 0.62 0.0 
12494.60 0.73 0.0 
12911.17 0.36 0.0 
13634.44 0.76 0.0 
14137.09 0.31 0.0 
14218.40 0.68 0.0 
14443.76 0.79 0.0 
15269.37 0.32 0.0 
16333.53 0.32 0.0 
17729.08 0.48 0.0 
19697.92 0.53 0.0 
19697.92 0.70 0.0 
22378.40 0.78 0.0 
22604.36 0.38 0.0 
26173.00 0.42 0.0 
30402.14 0.89 0.0 
30670.05 0.71 0.0 
34391.21 0.54 0.0 
36014.04 0.46 0.0 
38166.52 0.49 0.0 
38166.48 0.54 0.0 
38467.34 0.95 0.0 
38467.33 0.93 0.0 
38819.57 0.44 0.0 
39881.88 0.35 0.0 
40274.12 0.37 0.0 
40979.40 0.84 0.0 
41249.16 0.39 0.0 
41442.33 0.44 0.0 
41713.93 0.31 0.0 
42193.52 0.35 0.0 
42375.16 0.54 0.0 
42734.32 0.33 0.0 
42974.42 0.47 0.0 
42992.72 0.65 0.0 
43633.92 0.36 0.0 
43871.47 0.60 0.0 
44622.17 0.91 0.0 
44714.19 0.63 0.0 
46409.03 0.36 0.0 
46588.96 0.54 0.0 
47368.76 0.37 0.0 
49319.51 0.67 0.0 
51284.16 0.65 0.0 
51284.20 0.38 0.0 
51891.08 0.82 0.0 
51891.09 0.82 0.0 
52034.17 0.68 0.0 
60192.61 0.36 0.0 
62323.80 0.33 0.0 
63074.07 0.38 0.0 
72656.24 0.89 0.0 
72656.22 0.93 0.0 
74129.21 0.35 0.0 
76979.28 0.35 0.0 
80744.59 0.46 0.0 
82529.56 0.93 0.0 
82709.57 0.54 0.0 
83382.61 0.44 0.0 
83559.37 0.57 0.0 
84314.52 0.47 0.0 
85003.92 0.69 0.0 
84886.08 0.41 0.0 
85364.36 0.67 0.0 
85859.04 0.74 0.0 
86067.60 0.47 0.0 
