3929.08 0.33 0.0 
15194.49 0.34 0.0 
16544.17 0.40 0.0 
18896.77 0.59 0.0 
20143.52 0.60 0.0 
24359.44 0.47 0.0 
24613.60 0.32 0.0 
24794.40 0.74 0.0 
26608.69 0.56 0.0 
36733.31 0.34 0.0 
42522.71 0.63 0.0 
44324.01 0.32 0.0 
46858.83 0.45 0.0 
47099.20 0.41 0.0 
47713.33 0.35 0.0 
48073.53 0.38 0.0 
48853.25 0.36 0.0 
51626.16 0.45 0.0 
53345.48 0.59 0.0 
56837.23 0.37 0.0 
57269.16 0.37 0.0 
57853.16 0.69 0.0 
63584.40 0.30 0.0 
65984.31 0.75 0.0 
70169.18 0.82 0.0 
72674.44 0.39 0.0 
75117.23 0.40 0.0 
75118.96 0.93 0.0 
77684.59 0.63 0.0 
79379.04 0.53 0.0 
79392.16 0.49 0.0 
83952.76 0.59 0.0 
83982.83 0.55 0.0 
