2103.77 0.35 0.0 
2188.11 0.35 0.0 
2714.40 0.36 0.0 
2757.01 0.43 0.0 
3087.88 0.66 0.0 
3219.17 0.64 0.0 
3219.20 0.49 0.0 
3583.63 0.38 0.0 
3477.93 0.31 0.0 
3537.08 0.43 0.0 
3614.17 0.34 0.0 
5370.44 0.39 0.0 
5384.10 0.63 0.0 
5972.81 0.30 0.0 
6156.65 0.50 0.0 
6666.59 0.72 0.0 
6666.56 0.85 0.0 
7512.33 0.65 0.0 
7596.23 0.31 0.0 
7596.24 0.35 0.0 
7904.15 0.75 0.0 
8990.24 0.44 0.0 
9385.63 0.43 0.0 
10377.57 0.40 0.0 
10454.49 0.71 0.0 
10724.07 0.61 0.0 
11384.33 0.66 0.0 
11429.08 0.82 0.0 
12134.33 0.64 0.0 
12889.61 0.46 0.0 
14517.84 0.41 0.0 
14695.64 0.49 0.0 
14802.85 0.32 0.0 
15905.44 0.35 0.0 
17186.17 0.55 0.0 
17802.33 0.77 0.0 
17994.89 0.57 0.0 
18906.33 0.31 0.0 
19008.33 0.38 0.0 
21459.77 0.34 0.0 
22062.93 0.55 0.0 
22529.17 0.51 0.0 
22474.52 0.30 0.0 
22536.69 0.62 0.0 
22873.73 0.35 0.0 
24628.23 0.30 0.0 
24763.37 0.36 0.0 
25872.40 0.39 0.0 
26262.21 0.42 0.0 
27476.33 0.47 0.0 
27642.56 0.71 0.0 
27899.25 0.65 0.0 
28227.43 0.57 0.0 
31522.29 0.34 0.0 
31979.44 0.55 0.0 
31979.45 0.68 0.0 
33730.49 0.32 0.0 
35831.01 0.48 0.0 
37780.12 0.46 0.0 
38695.64 0.40 0.0 
38893.41 0.39 0.0 
39341.64 0.75 0.0 
41203.49 0.36 0.0 
44682.64 0.32 0.0 
45204.56 0.71 0.0 
45773.77 0.48 0.0 
48898.73 0.32 0.0 
49010.23 0.43 0.0 
50113.61 0.41 0.0 
50773.97 0.37 0.0 
54650.93 0.34 0.0 
55256.88 0.53 0.0 
55378.23 0.59 0.0 
55496.08 0.32 0.0 
58394.30 0.51 0.0 
58947.07 0.45 0.0 
62471.96 0.67 0.0 
63206.24 0.49 0.0 
63387.73 0.65 0.0 
64680.44 0.48 0.0 
65060.20 0.58 0.0 
65721.69 0.35 0.0 
65699.45 0.47 0.0 
66178.32 0.35 0.0 
67706.25 0.65 0.0 
68458.77 0.39 0.0 
69774.09 0.60 0.0 
70219.76 0.34 0.0 
70422.88 0.54 0.0 
70319.19 0.46 0.0 
72659.28 0.41 0.0 
73197.93 0.36 0.0 
73366.27 0.36 0.0 
73737.56 0.65 0.0 
75339.47 0.42 0.0 
80125.38 0.58 0.0 
81267.21 0.52 0.0 
81929.11 0.83 0.0 
82079.49 0.62 0.0 
82346.41 0.35 0.0 
82631.33 0.50 0.0 
83174.05 0.44 0.0 
83963.77 0.49 0.0 
84430.08 0.43 0.0 
84529.36 0.65 0.0 
85330.45 0.69 0.0 
85766.29 0.32 0.0 
