1409.29 0.35 0.0 
2695.65 0.31 0.0 
3159.65 0.34 0.0 
3264.35 0.32 0.0 
3989.97 0.54 0.0 
4871.99 0.43 0.0 
5133.55 0.39 0.0 
5337.11 0.39 0.0 
6055.97 0.34 0.0 
7512.88 0.50 0.0 
7979.14 0.40 0.0 
8868.09 0.34 0.0 
10154.20 0.49 0.0 
10964.19 0.48 0.0 
11354.51 0.45 0.0 
11983.13 0.51 0.0 
11984.33 0.50 0.0 
12713.65 0.49 0.0 
13796.97 0.32 0.0 
14294.29 0.35 0.0 
15509.00 0.74 0.0 
16439.42 0.68 0.0 
17103.45 0.31 0.0 
18119.01 0.58 0.0 
18297.87 0.46 0.0 
18395.05 0.32 0.0 
18614.15 0.59 0.0 
18673.52 0.35 0.0 
19060.75 0.30 0.0 
19843.97 0.34 0.0 
20769.81 0.51 0.0 
22443.21 0.40 0.0 
24595.83 0.42 0.0 
25976.69 0.38 0.0 
28469.15 0.35 0.0 
28469.29 0.65 0.0 
30269.15 0.38 0.0 
30403.97 0.47 0.0 
30612.25 0.62 0.0 
31844.51 0.37 0.0 
33674.31 0.43 0.0 
34513.29 0.46 0.0 
36043.59 0.40 0.0 
36164.49 0.50 0.0 
36342.97 0.46 0.0 
36665.05 0.74 0.0 
36776.11 0.59 0.0 
36883.95 0.48 0.0 
38159.15 0.32 0.0 
39674.51 0.35 0.0 
42387.80 0.50 0.0 
42914.51 0.31 0.0 
44519.00 0.41 0.0 
44936.69 0.40 0.0 
45102.87 0.33 0.0 
45266.09 0.33 0.0 
46121.35 0.39 0.0 
47509.91 0.32 0.0 
48658.01 0.36 0.0 
48569.19 0.69 0.0 
49391.09 0.50 0.0 
50129.39 0.33 0.0 
50455.01 0.50 0.0 
50502.09 0.51 0.0 
52106.65 0.50 0.0 
52836.88 0.63 0.0 
52836.92 0.63 0.0 
52900.64 0.42 0.0 
52900.62 0.45 0.0 
52919.59 0.48 0.0 
52923.81 0.77 0.0 
53097.49 0.55 0.0 
53259.81 0.31 0.0 
53879.67 0.31 0.0 
55740.17 0.32 0.0 
55950.67 0.33 0.0 
56872.97 0.44 0.0 
56919.59 0.50 0.0 
56873.04 0.58 0.0 
56919.65 0.53 0.0 
56883.37 0.49 0.0 
58769.35 0.51 0.0 
59024.56 0.45 0.0 
59039.15 0.57 0.0 
59474.48 0.40 0.0 
62923.75 0.30 0.0 
63059.31 0.48 0.0 
63659.07 0.50 0.0 
64827.05 0.39 0.0 
65028.75 0.35 0.0 
65573.35 0.49 0.0 
65548.04 0.49 0.0 
66802.04 0.42 0.0 
67051.95 0.36 0.0 
67528.37 0.37 0.0 
68562.95 0.39 0.0 
68893.95 0.32 0.0 
69583.35 0.37 0.0 
70873.87 0.32 0.0 
71136.05 0.45 0.0 
71707.76 0.49 0.0 
72626.89 0.43 0.0 
72713.71 0.32 0.0 
73859.11 0.30 0.0 
74534.23 0.35 0.0 
74566.83 0.51 0.0 
75194.05 0.41 0.0 
75708.05 0.39 0.0 
77111.54 0.53 0.0 
77592.87 0.54 0.0 
77773.35 0.49 0.0 
78719.51 0.36 0.0 
79348.57 0.37 0.0 
80174.23 0.51 0.0 
81164.07 0.57 0.0 
81254.48 0.38 0.0 
81671.75 0.49 0.0 
81838.81 0.41 0.0 
82619.15 0.39 0.0 
82829.59 0.45 0.0 
84538.89 0.34 0.0 
84583.15 0.48 0.0 
85628.05 0.38 0.0 
