150.44 0.54 0.0 
370.21 0.62 0.0 
793.77 0.34 0.0 
1124.48 0.52 0.0 
1199.37 0.38 0.0 
1302.75 0.85 0.0 
1266.49 0.51 0.0 
1274.08 0.34 0.0 
1266.01 0.74 0.0 
1266.52 0.42 0.0 
1784.25 0.54 0.0 
2063.11 0.55 0.0 
2158.53 0.33 0.0 
2426.28 0.31 0.0 
2339.41 0.41 0.0 
3039.32 0.48 0.0 
3039.32 0.44 0.0 
3288.39 0.49 0.0 
3699.85 0.42 0.0 
3693.49 0.54 0.0 
3779.71 0.45 0.0 
3945.84 0.64 0.0 
4079.57 0.42 0.0 
4229.57 0.94 0.0 
4397.83 0.32 0.0 
4678.55 0.35 0.0 
4739.07 0.54 0.0 
5079.85 0.34 0.0 
5159.00 0.35 0.0 
5305.32 0.31 0.0 
5642.13 0.39 0.0 
5731.07 0.57 0.0 
5731.07 0.76 0.0 
5911.56 0.31 0.0 
6465.63 0.43 0.0 
6465.63 0.37 0.0 
6782.03 0.87 0.0 
7001.77 0.87 0.0 
7259.01 0.58 0.0 
7691.76 0.37 0.0 
7764.76 0.32 0.0 
7766.38 0.40 0.0 
7813.85 0.45 0.0 
8189.58 0.74 0.0 
8219.16 0.90 0.0 
8382.52 0.84 0.0 
8503.33 0.50 0.0 
8453.52 0.84 0.0 
8453.51 0.83 0.0 
8555.01 0.31 0.0 
8846.48 0.43 0.0 
9178.73 0.36 0.0 
9473.85 0.36 0.0 
9644.29 0.31 0.0 
9554.00 0.34 0.0 
10123.64 0.50 0.0 
10032.61 0.71 0.0 
10334.32 0.74 0.0 
11198.25 0.41 0.0 
11223.67 0.36 0.0 
11459.15 0.31 0.0 
11459.24 0.58 0.0 
11879.49 0.33 0.0 
11954.09 0.63 0.0 
12267.75 0.43 0.0 
12178.93 0.66 0.0 
12403.12 0.66 0.0 
12645.92 0.63 0.0 
12779.15 0.39 0.0 
13458.88 0.35 0.0 
13454.42 0.85 0.0 
13706.48 0.69 0.0 
13948.96 0.50 0.0 
13859.96 0.39 0.0 
13865.82 0.31 0.0 
14787.19 0.86 0.0 
15282.11 0.33 0.0 
15449.35 0.43 0.0 
15419.11 0.52 0.0 
15713.75 0.52 0.0 
15853.16 0.62 0.0 
16045.35 0.45 0.0 
16578.19 0.35 0.0 
16499.01 0.63 0.0 
16531.31 0.57 0.0 
16965.41 0.36 0.0 
17143.88 0.32 0.0 
17201.27 0.49 0.0 
17200.59 0.33 0.0 
17941.24 0.30 0.0 
18074.49 0.61 0.0 
18210.77 0.34 0.0 
18181.21 0.89 0.0 
18181.22 0.91 0.0 
18372.96 0.57 0.0 
18318.77 0.35 0.0 
18595.65 0.60 0.0 
18944.43 0.87 0.0 
18898.53 0.64 0.0 
18944.43 0.72 0.0 
19649.51 0.85 0.0 
19666.37 0.32 0.0 
19733.64 0.56 0.0 
19886.04 0.42 0.0 
20142.15 0.82 0.0 
20803.52 0.45 0.0 
20938.96 0.75 0.0 
21327.07 0.43 0.0 
21404.41 0.56 0.0 
21327.15 0.77 0.0 
21500.60 0.33 0.0 
21746.40 0.61 0.0 
21669.53 0.31 0.0 
21706.49 0.58 0.0 
21858.69 0.41 0.0 
21858.73 0.31 0.0 
21915.21 0.31 0.0 
21965.77 0.60 0.0 
22528.87 0.52 0.0 
22978.13 0.47 0.0 
23264.01 0.62 0.0 
23249.57 0.71 0.0 
23566.35 0.54 0.0 
23566.39 0.37 0.0 
23726.45 0.44 0.0 
23938.32 0.49 0.0 
23938.29 0.48 0.0 
23984.15 0.59 0.0 
24444.25 0.64 0.0 
24448.36 0.46 0.0 
24569.21 0.35 0.0 
25092.56 0.50 0.0 
25557.60 0.39 0.0 
25904.51 0.72 0.0 
25960.81 0.46 0.0 
25905.71 0.32 0.0 
26253.04 0.72 0.0 
26435.09 0.33 0.0 
26442.23 0.42 0.0 
26547.97 0.33 0.0 
26686.03 0.58 0.0 
26893.84 0.37 0.0 
26967.89 0.32 0.0 
26939.51 0.58 0.0 
27083.68 0.66 0.0 
27159.00 0.34 0.0 
27088.39 0.51 0.0 
27159.05 0.64 0.0 
27404.21 0.56 0.0 
27287.47 0.50 0.0 
27642.89 0.67 0.0 
27988.93 0.39 0.0 
28259.45 0.62 0.0 
28319.33 0.40 0.0 
28601.60 0.50 0.0 
28528.89 0.70 0.0 
28834.82 0.41 0.0 
28814.48 0.59 0.0 
28936.64 0.45 0.0 
28832.57 0.32 0.0 
28951.05 0.33 0.0 
29015.65 0.48 0.0 
29129.44 0.46 0.0 
29500.21 0.35 0.0 
29500.24 0.35 0.0 
29519.19 0.61 0.0 
29814.44 0.48 0.0 
29818.39 0.80 0.0 
30028.55 0.36 0.0 
30453.40 0.64 0.0 
30453.40 0.79 0.0 
30579.19 0.92 0.0 
30539.05 0.34 0.0 
30579.19 0.61 0.0 
30676.32 0.40 0.0 
30867.77 0.53 0.0 
30957.23 0.39 0.0 
31257.71 0.42 0.0 
31664.32 0.79 0.0 
31854.05 0.70 0.0 
31859.21 0.72 0.0 
31892.28 0.40 0.0 
32063.49 0.40 0.0 
32143.41 0.63 0.0 
32188.21 0.35 0.0 
32290.76 0.40 0.0 
33025.48 0.42 0.0 
33519.87 0.61 0.0 
33394.44 0.42 0.0 
33581.19 0.38 0.0 
33640.05 0.54 0.0 
33644.16 0.46 0.0 
33677.95 0.56 0.0 
33647.12 0.44 0.0 
33630.39 0.33 0.0 
33898.85 0.39 0.0 
34213.87 0.44 0.0 
34275.21 0.64 0.0 
34437.97 0.36 0.0 
34803.47 0.30 0.0 
34937.11 0.40 0.0 
34938.25 0.48 0.0 
35145.48 0.53 0.0 
35414.08 0.50 0.0 
35591.52 0.36 0.0 
35855.55 0.33 0.0 
36029.03 0.43 0.0 
36054.69 0.47 0.0 
36119.00 0.43 0.0 
36237.75 0.43 0.0 
36403.95 0.91 0.0 
36483.43 0.59 0.0 
36840.55 0.46 0.0 
36988.89 0.33 0.0 
36957.82 0.33 0.0 
37131.33 0.31 0.0 
37271.31 0.40 0.0 
37467.67 0.71 0.0 
37426.79 0.70 0.0 
37452.32 0.41 0.0 
37377.89 0.39 0.0 
37514.57 0.72 0.0 
37529.25 0.30 0.0 
37723.64 0.48 0.0 
37768.05 0.53 0.0 
37739.33 0.57 0.0 
37904.51 0.53 0.0 
37857.57 0.50 0.0 
38084.15 0.57 0.0 
38122.73 0.50 0.0 
38203.75 0.32 0.0 
38122.73 0.63 0.0 
39267.41 0.33 0.0 
39252.20 0.58 0.0 
39297.66 0.69 0.0 
39432.36 0.75 0.0 
39582.40 0.64 0.0 
39736.32 0.76 0.0 
39756.09 0.41 0.0 
39652.41 0.41 0.0 
39674.57 0.38 0.0 
39867.20 0.41 0.0 
39788.96 0.80 0.0 
39788.93 0.36 0.0 
39931.01 0.49 0.0 
39997.21 0.48 0.0 
39946.21 0.52 0.0 
39950.35 0.41 0.0 
39931.01 0.77 0.0 
39946.24 0.61 0.0 
40122.25 0.63 0.0 
40033.99 0.37 0.0 
39997.23 0.47 0.0 
40170.04 0.48 0.0 
40259.17 0.42 0.0 
40598.11 0.44 0.0 
40633.43 0.30 0.0 
40598.13 0.50 0.0 
40744.55 0.75 0.0 
41038.16 0.96 0.0 
41116.37 0.31 0.0 
41198.16 0.70 0.0 
41804.15 0.65 0.0 
41881.85 0.46 0.0 
42253.84 0.44 0.0 
42478.79 0.59 0.0 
42881.08 0.37 0.0 
42793.87 0.41 0.0 
43002.24 0.35 0.0 
43242.20 0.40 0.0 
43165.60 0.52 0.0 
43260.91 0.41 0.0 
43260.92 0.73 0.0 
43526.68 0.62 0.0 
43769.20 0.78 0.0 
43935.16 0.39 0.0 
44669.01 0.54 0.0 
44803.35 0.34 0.0 
44825.97 0.31 0.0 
45314.33 0.56 0.0 
45437.69 0.41 0.0 
45574.81 0.45 0.0 
45595.25 0.57 0.0 
46009.60 0.38 0.0 
46307.12 0.77 0.0 
46313.93 0.43 0.0 
46307.09 0.63 0.0 
46313.95 0.62 0.0 
46483.64 0.38 0.0 
46512.33 0.53 0.0 
46905.81 0.54 0.0 
46926.32 0.73 0.0 
47159.01 0.43 0.0 
47264.39 0.74 0.0 
47309.25 0.51 0.0 
47230.33 0.48 0.0 
47588.36 0.31 0.0 
47742.81 0.48 0.0 
47837.37 0.52 0.0 
47837.33 0.54 0.0 
48008.57 0.70 0.0 
48008.57 0.51 0.0 
48717.91 0.68 0.0 
48790.97 0.55 0.0 
48807.83 0.52 0.0 
48778.64 0.42 0.0 
49422.51 0.40 0.0 
49526.16 0.35 0.0 
49722.04 0.49 0.0 
49616.75 0.39 0.0 
49618.69 0.55 0.0 
49964.19 0.55 0.0 
50216.93 0.89 0.0 
50369.29 0.34 0.0 
50387.84 0.48 0.0 
50876.00 0.35 0.0 
51148.75 0.42 0.0 
51382.44 0.44 0.0 
52318.29 0.75 0.0 
52392.36 0.45 0.0 
53322.89 0.46 0.0 
53353.64 0.51 0.0 
53684.44 0.35 0.0 
53803.87 0.64 0.0 
54025.85 0.69 0.0 
54119.12 0.86 0.0 
54536.29 0.30 0.0 
54796.20 0.69 0.0 
55118.00 0.72 0.0 
55118.00 0.63 0.0 
55329.21 0.75 0.0 
55422.41 0.37 0.0 
55451.65 0.36 0.0 
55601.05 0.33 0.0 
56114.53 0.37 0.0 
56277.99 0.32 0.0 
56833.49 0.42 0.0 
56833.49 0.35 0.0 
57026.40 0.43 0.0 
57029.14 0.38 0.0 
57507.84 0.66 0.0 
57429.71 0.58 0.0 
57583.64 0.72 0.0 
57974.28 0.32 0.0 
58283.37 0.31 0.0 
58302.53 0.37 0.0 
58283.36 0.44 0.0 
58563.64 0.43 0.0 
58566.28 0.34 0.0 
58528.32 0.47 0.0 
58574.49 0.55 0.0 
58644.31 0.70 0.0 
58644.29 0.65 0.0 
59039.29 0.31 0.0 
59097.91 0.59 0.0 
59478.36 0.80 0.0 
59478.36 0.50 0.0 
60132.28 0.64 0.0 
60240.21 0.75 0.0 
60523.61 0.38 0.0 
60494.04 0.86 0.0 
60644.56 0.84 0.0 
60738.09 0.54 0.0 
61002.20 0.75 0.0 
60974.16 0.42 0.0 
61094.08 0.58 0.0 
61223.49 0.53 0.0 
61223.55 0.66 0.0 
61347.29 0.48 0.0 
61268.57 0.31 0.0 
61268.56 0.37 0.0 
61603.29 0.43 0.0 
61514.24 0.89 0.0 
61753.63 0.40 0.0 
62427.68 0.43 0.0 
62504.48 0.43 0.0 
62652.28 0.73 0.0 
63163.72 0.43 0.0 
63081.16 0.36 0.0 
63118.73 0.44 0.0 
63359.44 0.36 0.0 
63702.91 0.71 0.0 
64003.16 0.60 0.0 
64063.72 0.51 0.0 
64152.41 0.58 0.0 
64264.48 0.49 0.0 
64264.45 0.50 0.0 
64334.40 0.70 0.0 
64572.75 0.63 0.0 
64638.43 0.76 0.0 
64708.69 0.36 0.0 
64638.44 0.74 0.0 
64648.99 0.87 0.0 
64694.53 0.35 0.0 
64753.61 0.40 0.0 
64813.00 0.31 0.0 
64947.24 0.48 0.0 
64963.85 0.30 0.0 
64857.32 0.70 0.0 
65024.32 0.83 0.0 
65112.18 0.85 0.0 
65224.76 0.37 0.0 
65241.89 0.40 0.0 
65565.21 0.33 0.0 
65577.75 0.84 0.0 
65787.93 0.72 0.0 
65837.01 0.33 0.0 
66314.37 0.89 0.0 
66477.81 0.33 0.0 
66598.95 0.44 0.0 
66853.76 0.62 0.0 
67139.16 0.72 0.0 
67361.83 0.45 0.0 
67333.85 0.36 0.0 
67454.17 0.37 0.0 
67604.59 0.81 0.0 
67471.62 0.58 0.0 
67838.68 0.42 0.0 
67877.07 0.51 0.0 
68030.19 0.48 0.0 
68030.21 0.60 0.0 
68085.47 0.51 0.0 
68159.15 0.36 0.0 
68474.43 0.84 0.0 
68651.61 0.57 0.0 
68862.91 0.36 0.0 
69118.61 0.33 0.0 
69284.42 0.34 0.0 
69881.85 0.42 0.0 
70483.09 0.34 0.0 
70406.45 0.31 0.0 
70408.66 0.38 0.0 
70556.13 0.61 0.0 
70783.40 0.56 0.0 
71008.96 0.79 0.0 
71129.29 0.56 0.0 
71129.27 0.96 0.0 
71159.29 0.37 0.0 
72166.77 0.35 0.0 
72474.76 0.62 0.0 
72642.82 0.79 0.0 
72569.30 0.66 0.0 
72659.09 0.30 0.0 
72807.83 0.88 0.0 
72972.60 0.75 0.0 
72898.24 0.51 0.0 
73429.48 0.47 0.0 
73454.01 0.59 0.0 
73429.48 0.88 0.0 
73430.46 0.53 0.0 
73438.56 0.40 0.0 
73527.36 0.83 0.0 
73633.46 0.84 0.0 
73633.44 0.71 0.0 
74248.71 0.87 0.0 
75920.68 0.71 0.0 
77005.89 0.41 0.0 
77053.48 0.38 0.0 
77204.08 0.84 0.0 
77328.13 0.55 0.0 
77398.09 0.48 0.0 
77398.08 0.81 0.0 
77921.61 0.31 0.0 
78042.83 0.38 0.0 
77939.48 0.56 0.0 
78072.80 0.77 0.0 
79168.43 0.37 0.0 
79211.48 0.35 0.0 
79136.89 0.40 0.0 
79183.97 0.40 0.0 
79347.27 0.72 0.0 
79438.53 0.34 0.0 
79499.44 0.85 0.0 
79920.36 0.35 0.0 
80203.20 0.60 0.0 
80623.04 0.72 0.0 
80835.85 0.73 0.0 
81148.64 0.39 0.0 
81194.32 0.64 0.0 
81644.43 0.75 0.0 
81704.35 0.39 0.0 
82120.99 0.69 0.0 
82227.27 0.46 0.0 
82348.89 0.49 0.0 
83021.49 0.66 0.0 
83202.25 0.66 0.0 
83312.77 0.35 0.0 
83624.59 0.76 0.0 
84580.67 0.50 0.0 
84851.40 0.87 0.0 
84851.40 0.68 0.0 
84854.42 0.83 0.0 
85122.52 0.71 0.0 
85046.08 0.51 0.0 
85222.24 0.41 0.0 
85214.51 0.85 0.0 
85138.00 0.34 0.0 
85602.41 0.56 0.0 
85626.89 0.31 0.0 
85871.13 0.50 0.0 
86065.73 0.35 0.0 
86339.25 0.46 0.0 
