721.35 0.47 0.0 
682.43 0.33 0.0 
1391.13 0.32 0.0 
4555.11 0.40 0.0 
4608.43 0.43 0.0 
4666.30 0.91 0.0 
4670.91 0.73 0.0 
4655.65 0.32 0.0 
4666.31 0.73 0.0 
7000.54 0.46 0.0 
7020.93 0.34 0.0 
7179.79 0.37 0.0 
9838.80 0.45 0.0 
10671.91 0.37 0.0 
10671.95 0.38 0.0 
12435.93 0.77 0.0 
13926.03 0.34 0.0 
18016.27 0.36 0.0 
18150.81 0.44 0.0 
19055.13 0.54 0.0 
19885.97 0.31 0.0 
21797.64 0.58 0.0 
22288.45 0.37 0.0 
22291.13 0.71 0.0 
23641.11 0.38 0.0 
24616.10 0.72 0.0 
24732.35 0.45 0.0 
25566.35 0.34 0.0 
26783.71 0.39 0.0 
30616.19 0.46 0.0 
31381.17 0.38 0.0 
32184.24 0.42 0.0 
33597.91 0.31 0.0 
38490.63 0.88 0.0 
41316.13 0.41 0.0 
41417.01 0.50 0.0 
41316.12 0.60 0.0 
41744.31 0.42 0.0 
41874.01 0.77 0.0 
41873.98 0.73 0.0 
42043.92 0.46 0.0 
42052.85 0.39 0.0 
42197.06 0.73 0.0 
42204.45 0.61 0.0 
42197.05 0.62 0.0 
42204.41 0.61 0.0 
42347.94 0.68 0.0 
42359.57 0.66 0.0 
42339.21 0.40 0.0 
42347.93 0.56 0.0 
42359.57 0.34 0.0 
42522.60 0.58 0.0 
42598.75 0.37 0.0 
42796.39 0.39 0.0 
42823.09 0.62 0.0 
42774.51 0.43 0.0 
42823.05 0.43 0.0 
42977.93 0.36 0.0 
43281.79 0.39 0.0 
43601.28 0.67 0.0 
43487.65 0.55 0.0 
43627.23 0.31 0.0 
45089.31 0.40 0.0 
45860.45 0.36 0.0 
47062.43 0.37 0.0 
47101.91 0.37 0.0 
48409.09 0.51 0.0 
48467.81 0.40 0.0 
48409.09 0.49 0.0 
48526.86 0.56 0.0 
48526.88 0.57 0.0 
50410.75 0.30 0.0 
50610.27 0.33 0.0 
50680.05 0.42 0.0 
50765.29 0.60 0.0 
50765.25 0.45 0.0 
51314.19 0.38 0.0 
52173.43 0.38 0.0 
53132.63 0.49 0.0 
56146.35 0.38 0.0 
56626.03 0.52 0.0 
57214.87 0.38 0.0 
57214.87 0.62 0.0 
57991.13 0.42 0.0 
58650.89 0.51 0.0 
59670.45 0.72 0.0 
60918.09 0.75 0.0 
61049.91 0.42 0.0 
61045.57 0.48 0.0 
61280.59 0.36 0.0 
61567.35 0.42 0.0 
61630.17 0.68 0.0 
61755.53 0.50 0.0 
62235.67 0.36 0.0 
62971.67 0.45 0.0 
63227.18 0.45 0.0 
63494.32 0.51 0.0 
63465.88 0.51 0.0 
63803.25 0.43 0.0 
64231.15 0.32 0.0 
66382.47 0.34 0.0 
66382.46 0.49 0.0 
67130.62 0.67 0.0 
67458.73 0.58 0.0 
67458.75 0.54 0.0 
67430.51 0.61 0.0 
67829.37 0.37 0.0 
67836.95 0.35 0.0 
67771.32 0.42 0.0 
67837.05 0.33 0.0 
68626.09 0.52 0.0 
69106.99 0.42 0.0 
69345.55 0.42 0.0 
70128.75 0.32 0.0 
70416.55 0.42 0.0 
70733.51 0.31 0.0 
71252.75 0.33 0.0 
71388.95 0.36 0.0 
71313.95 0.48 0.0 
71371.89 0.32 0.0 
71596.81 0.31 0.0 
71662.17 0.54 0.0 
71662.14 0.70 0.0 
71807.84 0.77 0.0 
72483.40 0.56 0.0 
72852.55 0.31 0.0 
73171.39 0.44 0.0 
73547.63 0.32 0.0 
73788.59 0.37 0.0 
73952.37 0.45 0.0 
73959.77 0.46 0.0 
74881.01 0.32 0.0 
74819.17 0.62 0.0 
74820.61 0.53 0.0 
74868.03 0.46 0.0 
74881.09 0.40 0.0 
74819.17 0.66 0.0 
74868.13 0.37 0.0 
74935.67 0.30 0.0 
74944.39 0.34 0.0 
74944.39 0.59 0.0 
75127.10 0.81 0.0 
75141.56 0.69 0.0 
75141.55 0.41 0.0 
75158.49 0.31 0.0 
75047.59 0.36 0.0 
75064.23 0.43 0.0 
75074.48 0.53 0.0 
75074.49 0.41 0.0 
75127.14 0.38 0.0 
75031.32 0.52 0.0 
75158.57 0.38 0.0 
75496.63 0.37 0.0 
75496.67 0.52 0.0 
75479.75 0.41 0.0 
75451.72 0.52 0.0 
75755.71 0.35 0.0 
75971.75 0.39 0.0 
75916.09 0.46 0.0 
76032.43 0.47 0.0 
76032.45 0.34 0.0 
76046.73 0.83 0.0 
76227.13 0.32 0.0 
76234.80 0.31 0.0 
76909.11 0.33 0.0 
77179.03 0.54 0.0 
77098.48 0.41 0.0 
77098.48 0.55 0.0 
77702.87 0.39 0.0 
77897.27 0.59 0.0 
77808.67 0.56 0.0 
77808.67 0.39 0.0 
79189.28 0.71 0.0 
79198.59 0.39 0.0 
79591.88 0.79 0.0 
79591.85 0.70 0.0 
79747.63 0.40 0.0 
79862.41 0.52 0.0 
79835.00 0.35 0.0 
81414.55 0.36 0.0 
81414.55 0.42 0.0 
83231.59 0.39 0.0 
83267.05 0.53 0.0 
85857.77 0.43 0.0 
