2694.40 0.33 0.0 
4137.93 0.40 0.0 
6238.76 0.67 0.0 
8360.41 0.60 0.0 
8360.42 0.90 0.0 
8893.12 0.75 0.0 
9549.80 0.75 0.0 
12538.41 0.30 0.0 
12881.97 0.55 0.0 
13214.39 0.33 0.0 
15456.41 0.57 0.0 
16434.59 0.44 0.0 
17158.47 0.45 0.0 
17144.48 0.51 0.0 
18254.41 0.35 0.0 
18929.12 0.61 0.0 
21399.29 0.32 0.0 
21915.29 0.47 0.0 
22152.45 0.32 0.0 
25413.08 0.52 0.0 
29759.44 0.38 0.0 
31031.85 0.34 0.0 
31872.97 0.36 0.0 
34573.80 0.41 0.0 
34709.20 0.37 0.0 
35401.31 0.41 0.0 
40452.91 0.48 0.0 
42134.20 0.65 0.0 
42179.19 0.49 0.0 
44039.39 0.40 0.0 
51148.89 0.33 0.0 
52481.99 0.40 0.0 
56533.95 0.54 0.0 
56833.17 0.34 0.0 
66437.38 0.32 0.0 
68981.63 0.48 0.0 
70601.15 0.33 0.0 
71669.00 0.49 0.0 
77036.13 0.34 0.0 
