682.25 0.58 0.0 
1282.81 0.39 0.0 
1296.41 0.45 0.0 
3160.94 0.91 0.0 
3160.93 0.68 0.0 
4524.17 0.41 0.0 
4554.53 0.42 0.0 
4554.48 0.48 0.0 
4652.43 0.81 0.0 
4678.92 0.43 0.0 
4652.43 0.91 0.0 
4665.73 0.31 0.0 
4678.89 0.50 0.0 
5203.37 0.50 0.0 
5290.42 0.70 0.0 
6385.28 0.89 0.0 
6633.57 0.42 0.0 
6810.89 0.31 0.0 
6999.72 0.79 0.0 
6901.13 0.43 0.0 
6946.65 0.47 0.0 
6956.48 0.90 0.0 
7179.58 0.86 0.0 
7179.61 0.77 0.0 
7736.21 0.38 0.0 
8624.00 0.35 0.0 
8876.87 0.38 0.0 
8876.81 0.90 0.0 
9838.52 0.55 0.0 
9838.50 0.90 0.0 
10671.77 0.32 0.0 
10671.77 0.70 0.0 
11619.68 0.49 0.0 
12393.42 0.40 0.0 
12393.45 0.34 0.0 
13090.68 0.31 0.0 
13168.17 0.32 0.0 
13469.37 0.38 0.0 
13377.20 0.53 0.0 
15508.63 0.41 0.0 
15418.45 0.46 0.0 
15600.39 0.31 0.0 
16349.31 0.41 0.0 
16752.52 0.58 0.0 
17369.03 0.56 0.0 
17826.52 0.87 0.0 
17826.55 0.53 0.0 
19788.92 0.35 0.0 
19885.74 0.47 0.0 
19885.71 0.89 0.0 
20112.25 0.37 0.0 
20774.47 0.61 0.0 
21797.41 0.35 0.0 
22256.47 0.85 0.0 
22256.47 0.93 0.0 
22766.04 0.32 0.0 
22874.36 0.97 0.0 
22874.40 0.70 0.0 
23727.20 0.35 0.0 
24403.46 0.79 0.0 
24585.16 0.39 0.0 
24585.17 0.49 0.0 
25085.92 0.65 0.0 
25085.89 0.75 0.0 
26257.65 0.33 0.0 
26234.01 0.37 0.0 
26740.05 0.31 0.0 
26781.17 0.41 0.0 
27318.93 0.32 0.0 
27359.51 0.46 0.0 
27814.08 0.35 0.0 
28428.70 0.38 0.0 
28470.09 0.38 0.0 
29279.33 0.48 0.0 
30764.12 0.39 0.0 
30876.51 0.65 0.0 
31339.12 0.69 0.0 
31339.13 0.53 0.0 
32181.71 0.50 0.0 
32187.89 0.58 0.0 
32242.65 0.35 0.0 
33237.10 0.58 0.0 
33237.09 0.84 0.0 
33630.72 0.84 0.0 
33630.72 0.86 0.0 
34163.67 0.50 0.0 
34163.64 0.84 0.0 
34347.89 0.45 0.0 
35201.97 0.36 0.0 
35074.52 0.35 0.0 
35219.12 0.43 0.0 
35836.48 0.37 0.0 
35934.61 0.30 0.0 
38450.48 0.35 0.0 
38594.33 0.76 0.0 
38774.01 0.87 0.0 
39297.41 0.70 0.0 
40196.53 0.64 0.0 
41101.13 0.59 0.0 
41101.12 0.57 0.0 
41406.20 0.30 0.0 
41744.29 0.37 0.0 
41888.95 0.31 0.0 
41896.09 0.40 0.0 
41872.77 0.33 0.0 
41888.95 0.35 0.0 
42042.87 0.38 0.0 
42068.68 0.41 0.0 
42031.91 0.35 0.0 
42049.88 0.79 0.0 
42579.97 0.40 0.0 
42566.89 0.51 0.0 
42762.76 0.41 0.0 
42818.89 0.51 0.0 
42771.87 0.43 0.0 
42818.88 0.48 0.0 
43316.01 0.44 0.0 
43468.97 0.54 0.0 
43453.20 0.57 0.0 
44010.64 0.38 0.0 
45089.11 0.39 0.0 
45089.03 0.92 0.0 
45446.80 0.39 0.0 
45446.77 0.59 0.0 
45857.67 0.40 0.0 
45972.64 0.63 0.0 
46753.89 0.62 0.0 
47062.29 0.43 0.0 
48524.03 0.73 0.0 
48407.88 0.43 0.0 
48407.91 0.55 0.0 
48542.75 0.43 0.0 
48542.93 0.33 0.0 
48524.08 0.80 0.0 
48758.65 0.66 0.0 
48928.64 0.63 0.0 
48972.68 0.52 0.0 
49102.40 0.41 0.0 
49139.21 0.43 0.0 
49408.71 0.35 0.0 
50189.51 0.48 0.0 
50278.87 0.35 0.0 
50349.03 0.68 0.0 
50349.03 0.65 0.0 
50398.05 0.65 0.0 
50488.85 0.47 0.0 
50605.53 0.39 0.0 
50677.45 0.50 0.0 
50605.53 0.32 0.0 
50763.32 0.64 0.0 
50677.48 0.76 0.0 
51072.76 0.51 0.0 
51313.91 0.88 0.0 
51313.96 0.81 0.0 
51478.85 0.31 0.0 
51869.04 0.64 0.0 
52177.53 0.46 0.0 
52257.88 0.74 0.0 
52524.69 0.31 0.0 
52524.61 0.59 0.0 
52601.36 0.43 0.0 
52820.41 0.35 0.0 
53129.80 0.84 0.0 
53652.01 0.52 0.0 
54188.64 0.45 0.0 
54715.76 0.73 0.0 
54897.07 0.37 0.0 
55468.53 0.53 0.0 
55576.09 0.58 0.0 
55645.22 0.56 0.0 
56082.05 0.35 0.0 
56836.01 0.71 0.0 
56841.89 0.57 0.0 
56806.85 0.34 0.0 
56830.06 0.33 0.0 
56836.01 0.42 0.0 
56841.92 0.51 0.0 
56798.25 0.33 0.0 
57748.25 0.56 0.0 
57853.32 0.83 0.0 
58081.77 0.43 0.0 
58223.49 0.43 0.0 
58859.00 0.65 0.0 
59664.87 0.51 0.0 
59593.83 0.59 0.0 
59607.99 0.83 0.0 
59934.50 0.67 0.0 
60237.73 0.39 0.0 
60397.15 0.31 0.0 
60881.53 0.58 0.0 
61041.00 0.40 0.0 
61045.55 0.49 0.0 
61040.97 0.52 0.0 
62087.99 0.40 0.0 
62227.73 0.39 0.0 
62669.45 0.45 0.0 
62988.87 0.37 0.0 
63236.08 0.58 0.0 
63487.41 0.57 0.0 
63908.12 0.44 0.0 
65189.37 0.96 0.0 
65264.49 0.38 0.0 
66338.57 0.66 0.0 
66338.61 0.46 0.0 
66460.76 0.62 0.0 
67092.85 0.38 0.0 
67127.12 0.42 0.0 
67127.07 0.34 0.0 
67448.08 0.82 0.0 
67448.09 0.65 0.0 
67706.45 0.37 0.0 
67817.20 0.38 0.0 
68021.24 0.64 0.0 
67990.93 0.33 0.0 
67990.93 0.31 0.0 
67976.44 0.55 0.0 
68021.25 0.37 0.0 
68850.01 0.34 0.0 
69294.76 0.59 0.0 
69446.87 0.69 0.0 
69568.84 0.68 0.0 
69749.39 0.40 0.0 
70154.25 0.35 0.0 
70416.45 0.35 0.0 
70728.09 0.58 0.0 
70945.27 0.74 0.0 
71252.54 0.35 0.0 
71252.57 0.61 0.0 
71386.87 0.45 0.0 
71310.79 0.35 0.0 
71659.47 0.71 0.0 
71679.49 0.30 0.0 
71741.13 0.60 0.0 
72254.30 0.35 0.0 
72169.83 0.35 0.0 
72294.87 0.32 0.0 
72519.75 0.37 0.0 
72627.84 0.32 0.0 
72849.07 0.45 0.0 
73116.11 0.45 0.0 
73017.95 0.52 0.0 
73018.01 0.68 0.0 
73154.51 0.73 0.0 
73198.69 0.36 0.0 
73273.69 0.34 0.0 
73788.45 0.33 0.0 
73788.45 0.37 0.0 
74846.69 0.56 0.0 
74880.97 0.39 0.0 
74818.29 0.38 0.0 
74846.73 0.52 0.0 
74867.01 0.39 0.0 
74879.09 0.55 0.0 
74817.75 0.40 0.0 
74818.29 0.41 0.0 
74867.01 0.49 0.0 
74879.04 0.70 0.0 
74981.65 0.37 0.0 
75021.19 0.64 0.0 
74952.99 0.35 0.0 
74943.47 0.47 0.0 
75121.59 0.33 0.0 
75069.95 0.41 0.0 
75069.97 0.32 0.0 
75127.06 0.41 0.0 
75507.87 0.39 0.0 
75432.40 0.51 0.0 
75476.77 0.32 0.0 
76029.33 0.38 0.0 
76029.31 0.42 0.0 
76233.92 0.60 0.0 
76233.92 0.56 0.0 
76395.05 0.58 0.0 
76808.04 0.35 0.0 
77097.04 0.58 0.0 
77097.04 0.81 0.0 
77249.31 0.45 0.0 
77383.89 0.32 0.0 
77984.29 0.40 0.0 
78079.07 0.51 0.0 
78079.09 0.46 0.0 
78092.55 0.58 0.0 
78479.14 0.30 0.0 
78883.17 0.46 0.0 
78973.85 0.35 0.0 
78973.82 0.86 0.0 
79589.75 0.54 0.0 
79621.89 0.39 0.0 
79866.91 0.48 0.0 
81412.87 0.47 0.0 
81412.87 0.37 0.0 
83231.28 0.64 0.0 
85857.69 0.47 0.0 
85857.71 0.90 0.0 
