2558.17 0.39 0.0 
3095.32 0.32 0.0 
3725.61 0.38 0.0 
6961.92 0.34 0.0 
11283.60 0.42 0.0 
13873.02 0.41 0.0 
14608.72 0.39 0.0 
17516.89 0.40 0.0 
19034.51 0.30 0.0 
21548.77 0.37 0.0 
23414.65 0.32 0.0 
23427.45 0.56 0.0 
23549.48 0.37 0.0 
23751.91 0.31 0.0 
23865.93 0.42 0.0 
24087.89 0.34 0.0 
25387.04 0.52 0.0 
25754.08 0.37 0.0 
26052.45 0.32 0.0 
26189.07 0.36 0.0 
27223.43 0.54 0.0 
27613.64 0.33 0.0 
27959.45 0.54 0.0 
28046.77 0.32 0.0 
28336.56 0.43 0.0 
28875.76 0.68 0.0 
29098.89 0.34 0.0 
29210.68 0.61 0.0 
29380.65 0.30 0.0 
29742.75 0.61 0.0 
31559.12 0.72 0.0 
31795.35 0.51 0.0 
31795.35 0.57 0.0 
31979.28 0.40 0.0 
32293.12 0.51 0.0 
32548.49 0.43 0.0 
34844.30 0.87 0.0 
35291.12 0.61 0.0 
35668.48 0.80 0.0 
38654.56 0.85 0.0 
39404.12 0.41 0.0 
39553.55 0.42 0.0 
39692.26 0.64 0.0 
42388.77 0.62 0.0 
43469.51 0.65 0.0 
43663.96 0.45 0.0 
44321.53 0.38 0.0 
45208.69 0.58 0.0 
47802.09 0.56 0.0 
56796.33 0.54 0.0 
57138.27 0.35 0.0 
57344.05 0.31 0.0 
57464.57 0.35 0.0 
57585.66 0.58 0.0 
57763.61 0.37 0.0 
60509.09 0.60 0.0 
63734.39 0.90 0.0 
64111.12 0.48 0.0 
64127.77 0.57 0.0 
64917.85 0.43 0.0 
65463.76 0.71 0.0 
65639.08 0.35 0.0 
66089.44 0.53 0.0 
67078.44 0.34 0.0 
68144.04 0.85 0.0 
68458.69 0.53 0.0 
68953.37 0.73 0.0 
69223.67 0.68 0.0 
71353.76 0.76 0.0 
72103.13 0.44 0.0 
73163.65 0.57 0.0 
75004.83 0.35 0.0 
76187.65 0.36 0.0 
77774.48 0.94 0.0 
81462.47 0.89 0.0 
82048.69 0.40 0.0 
82259.53 0.41 0.0 
83352.33 0.51 0.0 
83999.33 0.43 0.0 
85949.51 0.90 0.0 
86279.40 0.69 0.0 
