394.91 0.33 0.0 
1667.51 0.31 0.0 
1749.29 0.49 0.0 
2723.27 0.30 0.0 
3393.24 0.51 0.0 
3457.91 0.31 0.0 
3655.85 0.42 0.0 
4834.07 0.35 0.0 
4788.48 0.44 0.0 
4871.95 0.35 0.0 
5466.11 0.31 0.0 
5688.96 0.31 0.0 
6653.51 0.32 0.0 
7516.23 0.40 0.0 
7734.65 0.33 0.0 
7875.99 0.40 0.0 
7864.84 0.58 0.0 
8011.61 0.47 0.0 
8066.11 0.32 0.0 
8202.11 0.44 0.0 
8315.56 0.50 0.0 
8470.63 0.34 0.0 
8470.60 0.36 0.0 
8521.13 0.63 0.0 
8642.19 0.42 0.0 
8878.35 0.49 0.0 
8835.43 0.40 0.0 
8831.31 0.38 0.0 
9045.13 0.51 0.0 
9556.19 0.35 0.0 
10433.09 0.43 0.0 
10433.05 0.30 0.0 
11015.73 0.46 0.0 
11015.73 0.59 0.0 
11326.02 0.69 0.0 
11533.20 0.40 0.0 
11935.13 0.41 0.0 
12027.35 0.46 0.0 
12027.39 0.32 0.0 
12614.58 0.33 0.0 
12694.93 0.35 0.0 
12694.91 0.30 0.0 
12873.29 0.42 0.0 
12817.21 0.31 0.0 
12955.35 0.40 0.0 
13042.79 0.31 0.0 
13200.97 0.53 0.0 
13515.87 0.42 0.0 
13908.97 0.31 0.0 
13878.55 0.31 0.0 
14267.53 0.31 0.0 
14415.78 0.36 0.0 
14415.79 0.45 0.0 
14609.76 0.35 0.0 
14703.85 0.42 0.0 
15225.48 0.58 0.0 
15526.23 0.39 0.0 
15526.25 0.76 0.0 
15694.23 0.35 0.0 
15933.99 0.32 0.0 
15934.05 0.45 0.0 
16248.80 0.38 0.0 
16248.79 0.38 0.0 
16788.05 0.64 0.0 
16788.01 0.41 0.0 
17087.09 0.47 0.0 
17113.16 0.43 0.0 
17280.59 0.38 0.0 
17796.01 0.62 0.0 
17852.71 0.34 0.0 
18037.05 0.33 0.0 
19128.57 0.32 0.0 
19246.25 0.47 0.0 
19246.29 0.64 0.0 
19327.24 0.51 0.0 
20392.28 0.46 0.0 
20392.31 0.34 0.0 
20614.09 0.46 0.0 
21053.68 0.35 0.0 
21810.89 0.39 0.0 
21810.87 0.36 0.0 
21856.08 0.48 0.0 
24300.67 0.33 0.0 
24491.81 0.42 0.0 
24491.79 0.43 0.0 
25061.87 0.33 0.0 
25396.13 0.49 0.0 
25608.17 0.65 0.0 
26013.51 0.32 0.0 
26250.91 0.35 0.0 
27710.99 0.46 0.0 
28387.21 0.55 0.0 
28711.17 0.53 0.0 
28867.43 0.30 0.0 
29912.17 0.70 0.0 
29912.13 0.53 0.0 
29999.66 0.31 0.0 
30097.11 0.43 0.0 
30196.93 0.38 0.0 
30405.97 0.61 0.0 
30334.20 0.41 0.0 
30651.83 0.38 0.0 
30576.84 0.34 0.0 
30576.80 0.46 0.0 
30612.27 0.48 0.0 
31142.25 0.43 0.0 
31368.72 0.51 0.0 
31747.33 0.49 0.0 
32205.99 0.33 0.0 
32760.87 0.46 0.0 
33106.56 0.56 0.0 
33106.56 0.52 0.0 
33645.89 0.45 0.0 
33888.31 0.32 0.0 
34315.31 0.38 0.0 
34372.09 0.43 0.0 
34260.55 0.30 0.0 
35098.57 0.33 0.0 
35059.03 0.36 0.0 
36238.13 0.38 0.0 
36342.99 0.34 0.0 
36776.13 0.35 0.0 
36812.09 0.52 0.0 
36785.51 0.40 0.0 
37381.37 0.65 0.0 
37276.00 0.60 0.0 
37381.34 0.61 0.0 
38139.81 0.34 0.0 
38139.83 0.33 0.0 
38607.11 0.33 0.0 
38750.07 0.35 0.0 
39178.51 0.42 0.0 
39256.37 0.30 0.0 
39463.81 0.33 0.0 
39855.55 0.32 0.0 
39856.07 0.35 0.0 
40113.41 0.53 0.0 
40242.36 0.41 0.0 
40891.33 0.51 0.0 
41694.83 0.30 0.0 
42302.01 0.51 0.0 
42450.51 0.46 0.0 
42425.33 0.41 0.0 
42770.20 0.39 0.0 
42983.09 0.46 0.0 
43608.11 0.35 0.0 
43733.07 0.32 0.0 
44610.53 0.35 0.0 
44936.73 0.35 0.0 
44860.50 0.53 0.0 
45151.96 0.38 0.0 
45076.37 0.59 0.0 
45376.15 0.31 0.0 
45825.91 0.30 0.0 
45933.63 0.31 0.0 
46382.09 0.53 0.0 
46644.35 0.35 0.0 
47497.79 0.30 0.0 
48049.05 0.35 0.0 
48049.01 0.40 0.0 
48183.43 0.33 0.0 
48569.19 0.44 0.0 
48616.51 0.31 0.0 
49508.73 0.30 0.0 
49937.15 0.30 0.0 
50455.00 0.41 0.0 
50586.67 0.41 0.0 
51168.11 0.31 0.0 
51561.67 0.34 0.0 
51947.15 0.32 0.0 
52131.11 0.48 0.0 
52808.59 0.42 0.0 
52860.91 0.36 0.0 
52815.94 0.55 0.0 
52843.51 0.47 0.0 
52808.59 0.47 0.0 
52877.17 0.53 0.0 
52900.67 0.35 0.0 
52900.69 0.42 0.0 
52911.35 0.34 0.0 
52860.90 0.67 0.0 
52877.11 0.44 0.0 
53493.11 0.40 0.0 
53884.20 0.41 0.0 
54195.35 0.32 0.0 
55979.43 0.34 0.0 
56190.67 0.32 0.0 
56875.83 0.45 0.0 
56876.43 0.37 0.0 
57107.76 0.54 0.0 
57107.77 0.42 0.0 
57351.89 0.38 0.0 
57472.95 0.36 0.0 
58260.55 0.36 0.0 
58200.70 0.79 0.0 
58260.57 0.54 0.0 
58719.05 0.39 0.0 
58719.07 0.42 0.0 
59263.71 0.45 0.0 
59452.08 0.38 0.0 
59356.35 0.50 0.0 
59746.91 0.38 0.0 
59987.89 0.52 0.0 
60626.11 0.30 0.0 
61160.32 0.36 0.0 
61382.19 0.42 0.0 
61382.15 0.36 0.0 
61515.99 0.31 0.0 
61575.65 0.52 0.0 
61688.75 0.40 0.0 
62092.29 0.47 0.0 
62235.57 0.34 0.0 
62296.08 0.46 0.0 
62457.60 0.31 0.0 
62498.55 0.38 0.0 
62972.11 0.44 0.0 
63144.00 0.33 0.0 
63356.43 0.31 0.0 
63390.75 0.40 0.0 
63834.03 0.36 0.0 
63916.87 0.32 0.0 
64281.75 0.34 0.0 
65056.13 0.49 0.0 
65359.99 0.43 0.0 
65573.39 0.38 0.0 
65636.71 0.34 0.0 
65899.88 0.43 0.0 
66208.23 0.39 0.0 
66353.99 0.33 0.0 
66315.97 0.47 0.0 
66436.48 0.48 0.0 
66540.76 0.59 0.0 
66661.47 0.32 0.0 
67071.37 0.59 0.0 
67110.71 0.75 0.0 
67613.56 0.35 0.0 
67831.93 0.52 0.0 
68206.36 0.42 0.0 
68423.71 0.38 0.0 
68469.17 0.36 0.0 
68799.87 0.39 0.0 
68912.31 0.39 0.0 
69177.79 0.33 0.0 
69137.25 0.48 0.0 
69137.23 0.38 0.0 
69275.31 0.35 0.0 
69706.34 0.54 0.0 
69706.35 0.36 0.0 
69860.99 0.33 0.0 
69931.87 0.39 0.0 
69968.17 0.44 0.0 
71091.01 0.52 0.0 
71500.01 0.46 0.0 
71707.43 0.31 0.0 
71718.90 0.48 0.0 
71718.89 0.40 0.0 
71886.41 0.36 0.0 
72246.95 0.44 0.0 
72246.95 0.34 0.0 
72418.01 0.38 0.0 
72418.02 0.41 0.0 
72648.24 0.46 0.0 
72555.51 0.33 0.0 
73566.79 0.32 0.0 
73665.83 0.46 0.0 
74148.31 0.37 0.0 
74472.41 0.52 0.0 
74640.67 0.37 0.0 
75495.73 0.47 0.0 
75667.47 0.37 0.0 
75959.63 0.35 0.0 
76139.79 0.40 0.0 
80055.92 0.52 0.0 
80056.08 0.40 0.0 
80295.50 0.46 0.0 
81390.85 0.37 0.0 
81741.21 0.41 0.0 
81874.23 0.40 0.0 
82383.75 0.33 0.0 
82619.19 0.38 0.0 
82620.77 0.72 0.0 
82905.71 0.33 0.0 
84424.87 0.35 0.0 
84751.07 0.40 0.0 
84853.03 0.30 0.0 
85187.79 0.46 0.0 
85187.79 0.34 0.0 
