10491.92 0.75 0.0 
10491.92 0.63 0.0 
10585.21 0.37 0.0 
11082.72 0.39 0.0 
11068.65 0.59 0.0 
11375.17 0.41 0.0 
10915.91 0.40 0.0 
10677.16 0.32 0.0 
11805.49 0.98 0.0 
11832.07 0.80 0.0 
11805.48 0.97 0.0 
11832.10 0.81 0.0 
11652.48 0.30 0.0 
12174.00 0.98 0.0 
12173.99 0.98 0.0 
12516.00 0.96 0.0 
12634.08 0.80 0.0 
12515.99 0.95 0.0 
12229.63 0.94 0.0 
12634.08 0.75 0.0 
12229.64 0.92 0.0 
13051.60 0.80 0.0 
13223.55 0.31 0.0 
13212.79 0.98 0.0 
13544.57 0.33 0.0 
13514.47 0.37 0.0 
13198.98 0.97 0.0 
13212.79 0.97 0.0 
13051.56 0.77 0.0 
13198.98 0.95 0.0 
13997.85 0.40 0.0 
14204.39 0.78 0.0 
14573.84 0.64 0.0 
14161.07 0.38 0.0 
14500.55 0.46 0.0 
14722.92 0.30 0.0 
14417.41 0.47 0.0 
14573.85 0.50 0.0 
14722.89 0.45 0.0 
14410.51 0.79 0.0 
14645.05 0.96 0.0 
14645.05 0.97 0.0 
15445.32 0.44 0.0 
15614.12 0.78 0.0 
16716.83 0.49 0.0 
15825.48 0.51 0.0 
16705.20 0.97 0.0 
16716.67 0.37 0.0 
16705.18 0.97 0.0 
17418.37 0.59 0.0 
18218.66 0.78 0.0 
19269.69 0.53 0.0 
20650.17 0.46 0.0 
22468.51 0.41 0.0 
23049.00 0.31 0.0 
23147.93 0.50 0.0 
23860.47 0.33 0.0 
23774.33 0.54 0.0 
26214.41 0.31 0.0 
27662.17 0.34 0.0 
29702.88 0.91 0.0 
29711.25 0.58 0.0 
29702.89 0.91 0.0 
29711.19 0.33 0.0 
31244.05 0.31 0.0 
32404.28 0.98 0.0 
32404.27 0.97 0.0 
33269.04 0.70 0.0 
33269.00 0.77 0.0 
34228.57 0.46 0.0 
34980.09 0.97 0.0 
34904.14 0.96 0.0 
34980.08 0.97 0.0 
34678.89 0.48 0.0 
34792.43 0.97 0.0 
34792.43 0.97 0.0 
34904.13 0.36 0.0 
36243.12 0.32 0.0 
37136.62 0.75 0.0 
37595.40 0.54 0.0 
38653.84 0.79 0.0 
38653.85 0.89 0.0 
39921.42 0.85 0.0 
40662.35 0.37 0.0 
41426.54 0.96 0.0 
41426.55 0.89 0.0 
44531.33 0.33 0.0 
44512.87 0.38 0.0 
45761.08 0.52 0.0 
45672.61 0.38 0.0 
45761.11 0.46 0.0 
46329.89 0.30 0.0 
46990.42 0.98 0.0 
46990.40 0.97 0.0 
47053.44 0.36 0.0 
47532.96 0.92 0.0 
47532.95 0.95 0.0 
48748.71 0.57 0.0 
49194.80 0.50 0.0 
50024.33 0.36 0.0 
51087.59 0.63 0.0 
52733.89 0.47 0.0 
53590.79 0.46 0.0 
60270.85 0.57 0.0 
59493.05 0.42 0.0 
60270.84 0.77 0.0 
63987.51 0.70 0.0 
67829.13 0.48 0.0 
67829.15 0.87 0.0 
79750.63 0.32 0.0 
83351.63 0.31 0.0 
85783.72 0.46 0.0 
