9966.91 0.34 0.0 
10493.19 0.43 0.0 
10493.24 0.38 0.0 
11082.75 0.57 0.0 
11811.17 0.78 0.0 
11811.17 0.76 0.0 
12174.27 0.87 0.0 
12174.25 0.78 0.0 
12516.27 0.49 0.0 
12635.47 0.47 0.0 
12648.05 0.70 0.0 
12516.23 0.72 0.0 
12648.05 0.81 0.0 
12229.92 0.76 0.0 
12635.47 0.35 0.0 
12230.06 0.85 0.0 
13142.03 0.43 0.0 
13058.68 0.73 0.0 
13218.61 0.69 0.0 
13218.60 0.62 0.0 
13199.49 0.92 0.0 
13058.66 0.74 0.0 
13426.85 0.59 0.0 
13199.49 0.84 0.0 
14000.10 0.58 0.0 
14723.71 0.40 0.0 
14421.79 0.40 0.0 
14723.75 0.32 0.0 
14646.31 0.40 0.0 
14628.08 0.73 0.0 
14646.83 0.35 0.0 
15385.22 0.40 0.0 
15609.43 0.34 0.0 
15624.01 0.56 0.0 
15609.40 0.57 0.0 
16719.42 0.74 0.0 
16706.76 0.92 0.0 
16719.40 0.81 0.0 
16706.76 0.91 0.0 
17175.47 0.66 0.0 
29705.28 0.69 0.0 
29715.28 0.63 0.0 
29705.26 0.70 0.0 
29715.46 0.78 0.0 
32798.68 0.67 0.0 
32404.56 0.86 0.0 
32798.63 0.34 0.0 
32404.57 0.89 0.0 
33269.76 0.70 0.0 
33283.07 0.45 0.0 
33269.75 0.37 0.0 
34232.33 0.57 0.0 
34232.35 0.50 0.0 
34980.49 0.65 0.0 
34980.50 0.79 0.0 
34792.93 0.83 0.0 
34792.93 0.85 0.0 
35133.72 0.48 0.0 
36243.16 0.65 0.0 
39271.02 0.75 0.0 
38659.29 0.46 0.0 
39921.49 0.78 0.0 
40325.94 0.62 0.0 
40325.95 0.57 0.0 
41426.81 0.84 0.0 
41426.82 0.80 0.0 
41491.55 0.38 0.0 
43470.43 0.31 0.0 
44512.93 0.37 0.0 
46990.69 0.57 0.0 
46990.71 0.60 0.0 
47533.21 0.75 0.0 
48436.43 0.63 0.0 
50610.56 0.57 0.0 
53401.71 0.60 0.0 
53641.15 0.53 0.0 
54622.37 0.66 0.0 
54622.35 0.34 0.0 
55463.19 0.38 0.0 
60271.73 0.61 0.0 
68314.35 0.30 0.0 
78409.95 0.42 0.0 
79757.03 0.31 0.0 
80986.72 0.70 0.0 
83687.04 0.61 0.0 
85710.71 0.42 0.0 
85783.68 0.36 0.0 
86294.07 0.33 0.0 
86294.05 0.38 0.0 
