5425.64 0.95 0.0 
5425.64 0.94 0.0 
5618.51 0.48 0.0 
5630.46 0.79 0.0 
5630.46 0.79 0.0 
5618.45 0.49 0.0 
8498.88 0.46 0.0 
8499.03 0.31 0.0 
9423.55 0.93 0.0 
9423.56 0.92 0.0 
11055.61 0.89 0.0 
11055.60 0.75 0.0 
11504.15 0.39 0.0 
11504.26 0.40 0.0 
11857.43 0.44 0.0 
11584.82 0.79 0.0 
12225.92 0.74 0.0 
12237.06 0.83 0.0 
12225.94 0.88 0.0 
12237.06 0.80 0.0 
11830.63 0.55 0.0 
11817.01 0.36 0.0 
11830.63 0.32 0.0 
11956.84 0.51 0.0 
11817.04 0.82 0.0 
13076.69 0.53 0.0 
13076.65 0.46 0.0 
13778.01 0.40 0.0 
13772.07 0.33 0.0 
14409.22 0.84 0.0 
14409.22 0.80 0.0 
14109.01 0.33 0.0 
15047.13 0.45 0.0 
15603.15 0.33 0.0 
16693.95 0.55 0.0 
16693.97 0.74 0.0 
16848.40 0.47 0.0 
16980.93 0.34 0.0 
16991.17 0.70 0.0 
16991.17 0.67 0.0 
18511.80 0.65 0.0 
18511.82 0.79 0.0 
19859.11 0.34 0.0 
26986.04 0.71 0.0 
26986.04 0.52 0.0 
29725.07 0.34 0.0 
33267.45 0.37 0.0 
34217.15 0.43 0.0 
34594.59 0.47 0.0 
34935.81 0.33 0.0 
34627.21 0.71 0.0 
34627.22 0.68 0.0 
35115.81 0.52 0.0 
34594.57 0.39 0.0 
35111.97 0.75 0.0 
35111.98 0.73 0.0 
36956.91 0.54 0.0 
51328.65 0.54 0.0 
