1541.19 0.36 0.0 
3119.23 0.31 0.0 
5421.95 0.98 0.0 
5421.95 0.98 0.0 
5628.33 0.33 0.0 
5628.57 0.41 0.0 
6158.57 0.48 0.0 
5969.45 0.45 0.0 
8254.80 0.32 0.0 
8227.03 0.33 0.0 
8714.05 0.52 0.0 
9423.23 0.98 0.0 
9423.23 0.98 0.0 
10917.01 0.64 0.0 
10959.68 0.39 0.0 
11053.75 0.98 0.0 
11053.76 0.98 0.0 
11857.25 0.31 0.0 
11583.19 0.40 0.0 
12223.56 0.57 0.0 
11583.19 0.33 0.0 
12358.73 0.44 0.0 
12225.49 0.46 0.0 
11815.60 0.79 0.0 
11954.13 0.91 0.0 
11815.62 0.86 0.0 
11954.14 0.95 0.0 
13074.41 0.42 0.0 
13223.05 0.47 0.0 
13765.72 0.46 0.0 
13765.76 0.49 0.0 
14405.37 0.95 0.0 
14405.37 0.95 0.0 
13974.45 0.63 0.0 
13974.49 0.72 0.0 
14112.88 0.58 0.0 
14098.76 0.70 0.0 
14357.75 0.31 0.0 
15594.35 0.70 0.0 
15594.25 0.70 0.0 
15047.03 0.41 0.0 
15312.45 0.57 0.0 
15860.09 0.48 0.0 
16691.84 0.97 0.0 
16691.84 0.64 0.0 
16812.04 0.44 0.0 
17514.04 0.36 0.0 
16987.25 0.62 0.0 
16987.25 0.57 0.0 
17681.13 0.55 0.0 
18502.17 0.36 0.0 
19848.60 0.31 0.0 
19859.01 0.66 0.0 
22614.37 0.39 0.0 
23992.08 0.34 0.0 
23565.73 0.34 0.0 
25532.49 0.31 0.0 
25019.48 0.37 0.0 
26983.83 0.89 0.0 
26983.83 0.91 0.0 
27419.05 0.35 0.0 
27514.81 0.33 0.0 
28148.68 0.34 0.0 
28706.24 0.62 0.0 
28706.33 0.37 0.0 
29549.56 0.38 0.0 
29234.59 0.53 0.0 
29726.93 0.42 0.0 
29711.73 0.55 0.0 
29711.73 0.60 0.0 
34588.50 0.95 0.0 
34588.51 0.97 0.0 
34762.81 0.34 0.0 
35099.33 0.34 0.0 
35097.61 0.31 0.0 
36479.40 0.48 0.0 
35670.51 0.44 0.0 
36954.80 0.67 0.0 
36954.73 0.38 0.0 
38905.71 0.31 0.0 
38452.13 0.49 0.0 
41834.45 0.49 0.0 
42644.48 0.37 0.0 
42959.48 0.33 0.0 
43103.29 0.59 0.0 
44157.57 0.76 0.0 
44157.55 0.72 0.0 
45126.53 0.34 0.0 
47064.60 0.33 0.0 
48220.05 0.53 0.0 
49706.15 0.40 0.0 
49638.13 0.35 0.0 
49658.93 0.32 0.0 
49409.51 0.58 0.0 
50353.01 0.36 0.0 
51704.39 0.46 0.0 
52034.17 0.53 0.0 
53833.92 0.62 0.0 
55333.41 0.41 0.0 
56594.49 0.32 0.0 
58111.93 0.70 0.0 
60223.97 0.40 0.0 
67273.56 0.49 0.0 
77727.84 0.57 0.0 
78328.67 0.38 0.0 
80879.49 0.69 0.0 
85049.40 0.33 0.0 
84913.79 0.39 0.0 
