7123.40 0.30 0.0 
10002.08 0.35 0.0 
11819.08 0.47 0.0 
11774.17 0.40 0.0 
13226.57 0.40 0.0 
13121.29 0.59 0.0 
13552.05 0.45 0.0 
13840.72 0.85 0.0 
14707.24 0.86 0.0 
15414.36 0.89 0.0 
15414.36 0.95 0.0 
14707.24 0.76 0.0 
17994.99 0.50 0.0 
18043.78 0.32 0.0 
17607.56 0.31 0.0 
18231.19 0.34 0.0 
18231.27 0.39 0.0 
18492.95 0.30 0.0 
22137.75 0.68 0.0 
22497.88 0.33 0.0 
23952.63 0.33 0.0 
24237.40 0.66 0.0 
25827.64 0.40 0.0 
26951.65 0.41 0.0 
26744.05 0.31 0.0 
28616.37 0.50 0.0 
29710.97 0.70 0.0 
30112.88 0.44 0.0 
34206.72 0.96 0.0 
34206.73 0.96 0.0 
35532.16 0.43 0.0 
35520.31 0.69 0.0 
38159.03 0.74 0.0 
40948.44 0.31 0.0 
41607.08 0.70 0.0 
45038.72 0.42 0.0 
46053.59 0.47 0.0 
47023.48 0.32 0.0 
53484.35 0.30 0.0 
54421.48 0.59 0.0 
54479.89 0.34 0.0 
54853.49 0.31 0.0 
54421.48 0.39 0.0 
