719.97 0.34 0.0 
163.29 0.44 0.0 
1492.44 0.36 0.0 
2847.04 0.57 0.0 
2473.20 0.78 0.0 
2847.05 0.45 0.0 
4043.57 0.87 0.0 
4043.58 0.85 0.0 
4422.88 0.78 0.0 
4470.76 0.58 0.0 
5439.75 0.59 0.0 
5456.01 0.44 0.0 
4948.28 0.34 0.0 
5439.96 0.73 0.0 
6583.77 0.33 0.0 
9006.19 0.65 0.0 
9607.12 0.44 0.0 
9607.15 0.56 0.0 
11845.89 0.32 0.0 
11818.49 0.56 0.0 
11819.26 0.30 0.0 
11818.47 0.75 0.0 
11833.49 0.34 0.0 
13065.25 0.53 0.0 
13076.35 0.34 0.0 
13317.45 0.47 0.0 
13676.45 0.76 0.0 
13676.48 0.76 0.0 
13773.49 0.32 0.0 
13982.12 0.54 0.0 
14403.27 0.66 0.0 
14104.63 0.38 0.0 
13966.67 0.69 0.0 
14642.49 0.61 0.0 
14095.06 0.90 0.0 
13966.64 0.42 0.0 
13982.23 0.49 0.0 
14095.10 0.89 0.0 
14104.67 0.62 0.0 
14834.20 0.74 0.0 
14846.36 0.72 0.0 
14846.33 0.73 0.0 
14671.01 0.44 0.0 
14417.91 0.70 0.0 
15608.19 0.46 0.0 
14403.20 0.53 0.0 
14417.89 0.38 0.0 
14834.19 0.43 0.0 
15838.52 0.76 0.0 
15176.29 0.30 0.0 
15838.49 0.49 0.0 
15854.44 0.41 0.0 
14642.41 0.41 0.0 
15622.88 0.80 0.0 
16407.92 0.53 0.0 
15608.31 0.34 0.0 
15622.85 0.69 0.0 
16714.27 0.43 0.0 
16734.96 0.37 0.0 
17003.89 0.59 0.0 
17511.39 0.88 0.0 
17511.42 0.86 0.0 
16710.15 0.31 0.0 
16841.28 0.56 0.0 
17887.59 0.58 0.0 
18567.29 0.66 0.0 
18514.73 0.48 0.0 
18553.09 0.35 0.0 
19524.16 0.44 0.0 
19837.37 0.63 0.0 
19831.70 0.74 0.0 
19837.33 0.37 0.0 
20990.85 0.34 0.0 
20990.88 0.71 0.0 
20743.24 0.77 0.0 
24090.71 0.57 0.0 
24487.21 0.51 0.0 
23684.00 0.78 0.0 
25814.21 0.38 0.0 
26338.54 0.96 0.0 
26338.56 0.94 0.0 
26562.77 0.43 0.0 
26562.77 0.67 0.0 
28014.20 0.36 0.0 
29109.39 0.61 0.0 
29822.12 0.50 0.0 
29822.09 0.48 0.0 
31237.83 0.63 0.0 
31249.33 0.41 0.0 
31237.91 0.43 0.0 
32731.55 0.52 0.0 
33359.37 0.51 0.0 
33296.85 0.43 0.0 
33260.04 0.37 0.0 
33260.04 0.87 0.0 
34791.03 0.73 0.0 
34798.97 0.46 0.0 
34790.99 0.51 0.0 
34595.87 0.87 0.0 
34607.11 0.39 0.0 
34595.87 0.86 0.0 
35070.28 0.64 0.0 
36304.69 0.36 0.0 
36304.73 0.61 0.0 
39494.35 0.79 0.0 
42434.48 0.35 0.0 
43994.60 0.61 0.0 
45929.13 0.35 0.0 
47503.96 0.41 0.0 
50171.93 0.32 0.0 
54236.33 0.32 0.0 
54236.29 0.51 0.0 
73823.80 0.33 0.0 
79659.99 0.31 0.0 
