215.47 0.32 0.0 
5460.81 0.45 0.0 
5643.64 0.38 0.0 
8588.06 0.76 0.0 
8924.77 0.89 0.0 
8588.08 0.57 0.0 
8931.55 0.31 0.0 
8924.79 0.90 0.0 
9779.98 0.66 0.0 
9967.49 0.72 0.0 
9948.02 0.85 0.0 
9967.48 0.63 0.0 
9948.00 0.83 0.0 
11603.87 0.32 0.0 
10907.53 0.68 0.0 
11841.21 0.31 0.0 
11853.70 0.79 0.0 
11827.08 0.77 0.0 
11841.19 0.54 0.0 
11814.67 0.76 0.0 
10907.54 0.78 0.0 
11814.67 0.64 0.0 
11827.06 0.77 0.0 
12639.60 0.69 0.0 
12653.93 0.68 0.0 
13041.91 0.41 0.0 
13059.87 0.65 0.0 
12387.76 0.67 0.0 
12387.76 0.70 0.0 
11853.70 0.81 0.0 
13396.05 0.34 0.0 
12653.94 0.70 0.0 
13234.14 0.85 0.0 
12639.60 0.67 0.0 
12867.55 0.40 0.0 
13072.25 0.37 0.0 
13221.53 0.30 0.0 
13221.53 0.38 0.0 
13234.13 0.83 0.0 
13467.54 0.54 0.0 
13467.52 0.49 0.0 
14340.51 0.38 0.0 
14316.76 0.48 0.0 
14322.41 0.31 0.0 
14437.87 0.58 0.0 
14281.24 0.63 0.0 
14316.84 0.60 0.0 
14534.29 0.93 0.0 
14437.87 0.40 0.0 
14534.29 0.93 0.0 
14737.30 0.56 0.0 
16754.97 0.46 0.0 
18221.98 0.58 0.0 
17668.19 0.54 0.0 
17991.60 0.55 0.0 
18234.05 0.74 0.0 
17991.61 0.46 0.0 
18222.01 0.57 0.0 
18234.09 0.70 0.0 
21890.27 0.31 0.0 
23762.51 0.43 0.0 
26133.23 0.31 0.0 
27001.95 0.43 0.0 
28685.12 0.71 0.0 
28685.13 0.59 0.0 
29716.46 0.63 0.0 
29716.50 0.80 0.0 
31290.57 0.31 0.0 
32040.60 0.95 0.0 
32040.60 0.95 0.0 
34616.39 0.63 0.0 
34616.39 0.44 0.0 
35140.19 0.48 0.0 
40059.27 0.34 0.0 
48127.44 0.95 0.0 
48127.44 0.95 0.0 
50048.27 0.95 0.0 
50048.28 0.94 0.0 
52755.78 0.86 0.0 
52755.78 0.94 0.0 
54794.72 0.96 0.0 
54794.72 0.96 0.0 
57758.43 0.95 0.0 
57758.42 0.93 0.0 
61664.56 0.94 0.0 
61664.55 0.97 0.0 
71928.45 0.44 0.0 
