882.15 0.31 0.0 
1333.07 0.77 0.0 
1154.80 0.31 0.0 
1333.08 0.68 0.0 
2348.92 0.53 0.0 
2701.84 0.69 0.0 
3091.61 0.35 0.0 
2865.46 0.62 0.0 
2871.14 0.63 0.0 
3076.73 0.38 0.0 
3531.00 0.52 0.0 
5973.15 0.41 0.0 
5099.27 0.32 0.0 
8291.34 0.79 0.0 
8251.60 0.81 0.0 
8291.33 0.31 0.0 
8251.60 0.83 0.0 
9600.55 0.33 0.0 
9609.52 0.47 0.0 
11746.53 0.47 0.0 
13412.40 0.65 0.0 
14257.35 0.46 0.0 
14344.67 0.31 0.0 
14814.86 0.90 0.0 
14814.86 0.89 0.0 
16675.75 0.37 0.0 
16675.72 0.53 0.0 
17686.05 0.52 0.0 
18572.47 0.38 0.0 
17686.07 0.57 0.0 
19839.01 0.61 0.0 
19533.61 0.84 0.0 
19825.31 0.47 0.0 
19533.60 0.68 0.0 
19839.00 0.63 0.0 
22382.00 0.54 0.0 
23053.44 0.64 0.0 
23053.45 0.77 0.0 
24507.36 0.55 0.0 
24495.23 0.92 0.0 
24507.45 0.48 0.0 
28672.91 0.45 0.0 
28384.75 0.58 0.0 
30121.35 0.41 0.0 
31557.75 0.50 0.0 
31557.75 0.39 0.0 
32421.25 0.49 0.0 
32421.28 0.54 0.0 
33361.80 0.52 0.0 
35078.89 0.44 0.0 
38442.79 0.43 0.0 
50151.03 0.40 0.0 
50151.01 0.47 0.0 
55434.16 0.62 0.0 
55434.15 0.59 0.0 
58906.63 0.44 0.0 
67291.88 0.72 0.0 
66902.71 0.30 0.0 
69465.55 0.36 0.0 
71037.66 0.45 0.0 
84121.04 0.91 0.0 
84236.03 0.96 0.0 
84233.48 0.80 0.0 
84236.01 0.60 0.0 
84469.33 0.37 0.0 
85888.64 0.78 0.0 
85888.64 0.39 0.0 
