118.93 0.36 0.0 
837.93 0.48 0.0 
1079.01 0.32 0.0 
2700.53 0.59 0.0 
2868.88 0.87 0.0 
2473.21 0.45 0.0 
3239.32 0.69 0.0 
3528.76 0.70 0.0 
4274.33 0.52 0.0 
5099.22 0.50 0.0 
7174.56 0.33 0.0 
7197.41 0.40 0.0 
7174.59 0.31 0.0 
8287.80 0.61 0.0 
8248.23 0.70 0.0 
8248.25 0.94 0.0 
8384.03 0.66 0.0 
9387.53 0.45 0.0 
10002.01 0.62 0.0 
10273.05 0.55 0.0 
11840.45 0.84 0.0 
11840.41 0.39 0.0 
13411.85 0.41 0.0 
13186.40 0.38 0.0 
13662.11 0.43 0.0 
14662.72 0.33 0.0 
14366.77 0.46 0.0 
14812.52 0.98 0.0 
14812.52 0.98 0.0 
16673.18 0.97 0.0 
16673.18 0.98 0.0 
17684.63 0.92 0.0 
18254.51 0.31 0.0 
17684.63 0.98 0.0 
19320.12 0.81 0.0 
19439.56 0.45 0.0 
19825.23 0.57 0.0 
19533.08 0.71 0.0 
20182.67 0.50 0.0 
19533.08 0.54 0.0 
20863.80 0.35 0.0 
23051.05 0.45 0.0 
24495.22 0.30 0.0 
24489.97 0.60 0.0 
24502.20 0.57 0.0 
26429.31 0.70 0.0 
25377.91 0.86 0.0 
27749.49 0.48 0.0 
27178.63 0.66 0.0 
29249.03 0.71 0.0 
30029.53 0.49 0.0 
30446.48 0.43 0.0 
31555.31 0.80 0.0 
31562.21 0.41 0.0 
31555.31 0.81 0.0 
31562.17 0.44 0.0 
34220.83 0.53 0.0 
35065.68 0.66 0.0 
35711.83 0.33 0.0 
36224.19 0.35 0.0 
36929.49 0.54 0.0 
37349.56 0.51 0.0 
38442.68 0.53 0.0 
38442.69 0.37 0.0 
41266.36 0.59 0.0 
42042.81 0.54 0.0 
42388.32 0.52 0.0 
41579.21 0.55 0.0 
43303.68 0.89 0.0 
46027.61 0.31 0.0 
46810.64 0.90 0.0 
47356.28 0.68 0.0 
47360.89 0.48 0.0 
47219.19 0.43 0.0 
48673.08 0.31 0.0 
48551.56 0.43 0.0 
48673.05 0.68 0.0 
48926.60 0.42 0.0 
49917.84 0.68 0.0 
50148.68 0.36 0.0 
50148.68 0.52 0.0 
49983.68 0.73 0.0 
49983.72 0.42 0.0 
50264.17 0.32 0.0 
50624.05 0.53 0.0 
50833.84 0.81 0.0 
52979.41 0.40 0.0 
54869.40 0.53 0.0 
54676.17 0.30 0.0 
55432.32 0.73 0.0 
55437.81 0.51 0.0 
55432.33 0.80 0.0 
58408.52 0.46 0.0 
58874.56 0.36 0.0 
58134.96 0.60 0.0 
62064.58 0.59 0.0 
61424.43 0.47 0.0 
63883.15 0.58 0.0 
71032.96 0.33 0.0 
71049.69 0.65 0.0 
75613.85 0.38 0.0 
76348.00 0.44 0.0 
80969.44 0.56 0.0 
82317.72 0.63 0.0 
82678.29 0.33 0.0 
83564.33 0.30 0.0 
83752.24 0.38 0.0 
83752.25 0.74 0.0 
84231.12 0.58 0.0 
84233.46 0.91 0.0 
84231.11 0.98 0.0 
84447.52 0.33 0.0 
84944.44 0.45 0.0 
85679.28 0.77 0.0 
85918.96 0.61 0.0 
85949.33 0.34 0.0 
85887.80 0.89 0.0 
85018.89 0.33 0.0 
