883.96 0.63 0.0 
464.01 0.75 0.0 
614.51 0.53 0.0 
567.76 0.90 0.0 
2047.33 0.66 0.0 
4837.61 0.33 0.0 
6263.20 0.34 0.0 
6201.31 0.44 0.0 
6824.56 0.42 0.0 
6201.32 0.41 0.0 
8338.92 0.52 0.0 
8579.19 0.57 0.0 
8788.85 0.72 0.0 
9523.99 0.33 0.0 
10028.04 0.45 0.0 
11098.17 0.40 0.0 
11189.60 0.46 0.0 
10382.29 0.32 0.0 
13383.59 0.98 0.0 
12556.49 0.57 0.0 
13062.61 0.48 0.0 
14099.21 0.44 0.0 
13383.59 0.98 0.0 
15631.97 0.56 0.0 
15632.00 0.76 0.0 
15807.36 0.51 0.0 
20567.33 0.31 0.0 
20504.16 0.30 0.0 
22393.77 0.33 0.0 
22948.80 0.46 0.0 
24494.04 0.71 0.0 
25376.88 0.80 0.0 
24807.84 0.39 0.0 
27732.88 0.69 0.0 
26967.89 0.60 0.0 
28681.65 0.39 0.0 
28059.88 0.35 0.0 
27928.25 0.40 0.0 
28917.44 0.46 0.0 
29711.29 0.32 0.0 
29713.22 0.36 0.0 
29681.60 0.62 0.0 
29924.01 0.34 0.0 
30576.79 0.41 0.0 
29704.73 0.38 0.0 
29711.35 0.37 0.0 
30576.83 0.83 0.0 
31825.17 0.62 0.0 
31304.59 0.36 0.0 
33027.25 0.69 0.0 
33027.23 0.39 0.0 
33600.76 0.35 0.0 
33629.35 0.55 0.0 
33523.93 0.49 0.0 
34005.09 0.37 0.0 
34215.68 0.36 0.0 
34057.19 0.36 0.0 
34483.25 0.69 0.0 
34212.81 0.61 0.0 
34662.52 0.33 0.0 
36039.73 0.33 0.0 
35982.43 0.39 0.0 
36598.60 0.40 0.0 
42786.76 0.33 0.0 
43198.09 0.42 0.0 
43965.79 0.84 0.0 
43965.75 0.47 0.0 
44322.77 0.61 0.0 
45602.19 0.45 0.0 
45222.67 0.43 0.0 
45461.68 0.44 0.0 
44609.41 0.30 0.0 
45602.19 0.42 0.0 
45852.09 0.63 0.0 
46216.14 0.33 0.0 
46171.46 0.80 0.0 
47786.45 0.31 0.0 
47803.45 0.48 0.0 
48509.33 0.46 0.0 
48974.17 0.37 0.0 
48974.15 0.31 0.0 
49743.95 0.55 0.0 
49559.56 0.53 0.0 
50096.88 0.47 0.0 
50059.81 0.33 0.0 
49743.87 0.36 0.0 
50973.13 0.33 0.0 
51439.86 0.34 0.0 
51725.73 0.39 0.0 
51944.19 0.89 0.0 
52196.91 0.44 0.0 
52094.35 0.66 0.0 
52583.12 0.34 0.0 
52698.32 0.30 0.0 
53474.00 0.78 0.0 
52408.41 0.35 0.0 
53934.20 0.61 0.0 
52527.82 0.45 0.0 
53934.21 0.71 0.0 
53994.00 0.36 0.0 
54661.16 0.36 0.0 
55032.16 0.31 0.0 
55301.55 0.42 0.0 
54661.19 0.92 0.0 
55898.83 0.63 0.0 
57631.72 0.57 0.0 
59349.12 0.58 0.0 
59401.13 0.35 0.0 
59846.06 0.52 0.0 
60102.89 0.42 0.0 
60656.55 0.32 0.0 
59349.12 0.78 0.0 
60102.94 0.82 0.0 
60897.88 0.79 0.0 
59846.06 0.88 0.0 
61634.28 0.37 0.0 
60323.93 0.48 0.0 
63194.33 0.40 0.0 
65713.36 0.60 0.0 
65935.15 0.41 0.0 
66597.71 0.57 0.0 
68953.53 0.34 0.0 
69177.87 0.38 0.0 
69298.40 0.91 0.0 
69164.36 0.73 0.0 
70873.31 0.42 0.0 
70559.37 0.33 0.0 
71159.48 0.86 0.0 
71643.79 0.41 0.0 
71815.19 0.65 0.0 
71815.20 0.77 0.0 
71679.20 0.67 0.0 
71683.07 0.51 0.0 
71627.52 0.49 0.0 
71627.55 0.43 0.0 
71643.81 0.33 0.0 
72254.79 0.42 0.0 
72426.40 0.35 0.0 
71739.24 0.31 0.0 
72235.37 0.45 0.0 
72610.12 0.31 0.0 
72792.76 0.87 0.0 
72358.94 0.65 0.0 
71463.72 0.58 0.0 
71487.76 0.83 0.0 
72220.05 0.46 0.0 
72610.17 0.45 0.0 
71848.89 0.50 0.0 
72795.76 0.62 0.0 
73472.43 0.40 0.0 
72930.48 0.30 0.0 
72328.49 0.35 0.0 
73472.47 0.38 0.0 
73318.49 0.42 0.0 
72446.16 0.38 0.0 
73318.43 0.43 0.0 
75839.47 0.76 0.0 
75957.04 0.35 0.0 
75854.05 0.32 0.0 
77009.56 0.35 0.0 
77999.08 0.30 0.0 
78282.66 0.81 0.0 
79530.96 0.39 0.0 
80107.12 0.48 0.0 
82391.13 0.45 0.0 
82700.11 0.41 0.0 
84531.72 0.35 0.0 
84659.32 0.78 0.0 
84495.16 0.33 0.0 
84598.95 0.44 0.0 
85662.76 0.44 0.0 
