2191.79 0.44 0.0 
4951.75 0.33 0.0 
9889.59 0.39 0.0 
12654.00 0.56 0.0 
12654.01 0.66 0.0 
13384.32 0.85 0.0 
13470.65 0.60 0.0 
13063.27 0.54 0.0 
13076.75 0.38 0.0 
13384.30 0.86 0.0 
15637.61 0.77 0.0 
15637.62 0.82 0.0 
22179.07 0.35 0.0 
26477.12 0.32 0.0 
29682.41 0.32 0.0 
29713.25 0.41 0.0 
32041.25 0.32 0.0 
32039.19 0.45 0.0 
33601.45 0.38 0.0 
33907.83 0.50 0.0 
33867.39 0.31 0.0 
33907.83 0.51 0.0 
39176.94 0.71 0.0 
39176.94 0.86 0.0 
43968.96 0.54 0.0 
43968.98 0.51 0.0 
44780.67 0.34 0.0 
45604.20 0.67 0.0 
45467.63 0.62 0.0 
45467.62 0.76 0.0 
45604.19 0.57 0.0 
46216.20 0.73 0.0 
46216.18 0.50 0.0 
45918.69 0.53 0.0 
46171.45 0.43 0.0 
47430.84 0.71 0.0 
49006.57 0.32 0.0 
49749.57 0.71 0.0 
50059.88 0.44 0.0 
50059.89 0.69 0.0 
50014.12 0.53 0.0 
50014.15 0.31 0.0 
50251.16 0.66 0.0 
49749.59 0.38 0.0 
50973.75 0.82 0.0 
51394.23 0.40 0.0 
50973.76 0.51 0.0 
51727.99 0.36 0.0 
51888.91 0.33 0.0 
52081.63 0.46 0.0 
51440.44 0.91 0.0 
51727.99 0.34 0.0 
52476.15 0.38 0.0 
52065.96 0.73 0.0 
52187.75 0.31 0.0 
52158.39 0.59 0.0 
51440.44 0.73 0.0 
52859.31 0.43 0.0 
52527.93 0.53 0.0 
53465.18 0.56 0.0 
53130.84 0.60 0.0 
53138.24 0.59 0.0 
53138.24 0.67 0.0 
53936.46 0.36 0.0 
53801.95 0.71 0.0 
52527.97 0.53 0.0 
53801.92 0.74 0.0 
54751.15 0.33 0.0 
53465.16 0.47 0.0 
54577.40 0.37 0.0 
54692.05 0.42 0.0 
55803.51 0.73 0.0 
54665.19 0.55 0.0 
55396.38 0.35 0.0 
55875.81 0.39 0.0 
56755.54 0.45 0.0 
56755.55 0.76 0.0 
57076.80 0.45 0.0 
58203.71 0.31 0.0 
56957.27 0.39 0.0 
59405.15 0.54 0.0 
59416.64 0.55 0.0 
59288.13 0.55 0.0 
59405.15 0.37 0.0 
60102.98 0.58 0.0 
60602.28 0.39 0.0 
60900.76 0.37 0.0 
60317.01 0.48 0.0 
60323.97 0.44 0.0 
64848.43 0.32 0.0 
64997.87 0.49 0.0 
65829.73 0.54 0.0 
65528.92 0.35 0.0 
64997.88 0.74 0.0 
66092.23 0.30 0.0 
65340.99 0.34 0.0 
69164.33 0.36 0.0 
69179.17 0.68 0.0 
69601.72 0.62 0.0 
69838.51 0.32 0.0 
68950.01 0.31 0.0 
71280.90 0.49 0.0 
70760.22 0.40 0.0 
71424.26 0.37 0.0 
71522.39 0.47 0.0 
71826.38 0.73 0.0 
71799.29 0.50 0.0 
71917.87 0.45 0.0 
71610.48 0.47 0.0 
71522.39 0.58 0.0 
71484.15 0.32 0.0 
71646.71 0.36 0.0 
72285.98 0.51 0.0 
71852.98 0.31 0.0 
72240.48 0.60 0.0 
72364.65 0.53 0.0 
72261.41 0.39 0.0 
72610.20 0.41 0.0 
72630.73 0.51 0.0 
72254.78 0.41 0.0 
71465.86 0.49 0.0 
71484.16 0.53 0.0 
72347.33 0.36 0.0 
72364.61 0.54 0.0 
71834.17 0.49 0.0 
71941.52 0.35 0.0 
73606.14 0.36 0.0 
73477.04 0.56 0.0 
73477.03 0.42 0.0 
73323.51 0.37 0.0 
73756.55 0.44 0.0 
75841.64 0.35 0.0 
78282.72 0.30 0.0 
79531.56 0.89 0.0 
81126.85 0.34 0.0 
80107.12 0.36 0.0 
82391.60 0.85 0.0 
82700.66 0.86 0.0 
82700.66 0.65 0.0 
82391.60 0.67 0.0 
83220.76 0.86 0.0 
84598.93 0.49 0.0 
85711.21 0.54 0.0 
86010.50 0.89 0.0 
