507.43 0.47 0.0 
2606.73 0.42 0.0 
3299.55 0.35 0.0 
3084.76 0.65 0.0 
3944.27 0.54 0.0 
5497.56 0.66 0.0 
5912.55 0.48 0.0 
5820.43 0.50 0.0 
6643.45 0.45 0.0 
7004.29 0.37 0.0 
9374.37 0.58 0.0 
10592.56 0.85 0.0 
10334.37 0.32 0.0 
10539.67 0.87 0.0 
10539.65 0.51 0.0 
10970.00 0.56 0.0 
10970.01 0.39 0.0 
11730.43 0.30 0.0 
11858.83 0.97 0.0 
11858.83 0.95 0.0 
12760.12 0.95 0.0 
12760.13 0.97 0.0 
13104.99 0.79 0.0 
12677.63 0.89 0.0 
12677.63 0.90 0.0 
13337.36 0.93 0.0 
13104.97 0.70 0.0 
13065.55 0.34 0.0 
13066.53 0.45 0.0 
13337.36 0.80 0.0 
13265.91 0.94 0.0 
13066.57 0.71 0.0 
13171.67 0.46 0.0 
13599.48 0.60 0.0 
13599.47 0.61 0.0 
13265.92 0.95 0.0 
13561.99 0.36 0.0 
14765.81 0.57 0.0 
14776.53 0.47 0.0 
14363.03 0.63 0.0 
14776.57 0.54 0.0 
14629.45 0.34 0.0 
14718.19 0.66 0.0 
14718.20 0.72 0.0 
14729.59 0.60 0.0 
14765.84 0.52 0.0 
15443.81 0.36 0.0 
15443.89 0.34 0.0 
15873.56 0.49 0.0 
16094.17 0.55 0.0 
16649.51 0.48 0.0 
16765.97 0.38 0.0 
17559.69 0.44 0.0 
18265.89 0.80 0.0 
18088.57 0.54 0.0 
19774.53 0.32 0.0 
20099.11 0.36 0.0 
20002.03 0.32 0.0 
21274.21 0.36 0.0 
21314.46 0.32 0.0 
23322.79 0.32 0.0 
23275.68 0.48 0.0 
23275.68 0.43 0.0 
24643.76 0.69 0.0 
24613.64 0.42 0.0 
25469.56 0.42 0.0 
25055.56 0.32 0.0 
25055.59 0.51 0.0 
25066.99 0.50 0.0 
25066.89 0.36 0.0 
26964.51 0.53 0.0 
27236.80 0.33 0.0 
27254.52 0.58 0.0 
27329.48 0.58 0.0 
27493.20 0.52 0.0 
28124.39 0.33 0.0 
29754.90 0.97 0.0 
29754.91 0.97 0.0 
30635.99 0.53 0.0 
30635.95 0.39 0.0 
30933.29 0.33 0.0 
30944.31 0.40 0.0 
32234.58 0.36 0.0 
33144.04 0.33 0.0 
33144.12 0.38 0.0 
33144.64 0.36 0.0 
33391.35 0.32 0.0 
33328.79 0.45 0.0 
33328.80 0.42 0.0 
35202.15 0.46 0.0 
35170.40 0.38 0.0 
35268.97 0.42 0.0 
35268.93 0.49 0.0 
35601.85 0.57 0.0 
35601.83 0.32 0.0 
36050.49 0.42 0.0 
36075.13 0.35 0.0 
36868.80 0.43 0.0 
36916.73 0.36 0.0 
37251.59 0.41 0.0 
37199.12 0.31 0.0 
38181.40 0.39 0.0 
37621.77 0.50 0.0 
38282.79 0.31 0.0 
37934.47 0.40 0.0 
39463.64 0.44 0.0 
41009.53 0.34 0.0 
42513.15 0.36 0.0 
42359.07 0.38 0.0 
45285.52 0.34 0.0 
48299.32 0.30 0.0 
51914.50 0.50 0.0 
52296.60 0.47 0.0 
52296.56 0.34 0.0 
53953.71 0.80 0.0 
55649.59 0.54 0.0 
59324.35 0.39 0.0 
59384.47 0.32 0.0 
60209.27 0.32 0.0 
62999.52 0.53 0.0 
67589.56 0.38 0.0 
68294.56 0.34 0.0 
73724.45 0.47 0.0 
73873.52 0.43 0.0 
77114.25 0.66 0.0 
77998.07 0.40 0.0 
77997.97 0.40 0.0 
78763.00 0.45 0.0 
78763.05 0.70 0.0 
78674.15 0.59 0.0 
79001.75 0.70 0.0 
80954.13 0.58 0.0 
83954.43 0.33 0.0 
84043.45 0.56 0.0 
