3497.32 0.89 0.0 
3462.85 0.39 0.0 
3809.97 0.32 0.0 
4314.10 0.37 0.0 
5161.35 0.32 0.0 
5158.37 0.40 0.0 
5464.97 0.35 0.0 
5872.67 0.34 0.0 
5880.58 0.71 0.0 
5746.41 0.49 0.0 
6245.15 0.37 0.0 
5837.28 0.53 0.0 
6464.83 0.53 0.0 
7095.82 0.75 0.0 
8442.63 0.42 0.0 
8442.62 0.43 0.0 
9733.15 0.31 0.0 
9733.16 0.63 0.0 
10668.03 0.39 0.0 
10668.13 0.39 0.0 
11639.67 0.43 0.0 
11325.68 0.60 0.0 
11842.82 0.84 0.0 
11842.82 0.85 0.0 
11815.13 0.52 0.0 
11816.21 0.37 0.0 
12389.88 0.85 0.0 
12618.63 0.53 0.0 
12389.88 0.87 0.0 
12173.75 0.54 0.0 
11815.12 0.31 0.0 
11816.25 0.63 0.0 
12618.64 0.60 0.0 
12173.77 0.37 0.0 
13223.57 0.68 0.0 
13062.93 0.46 0.0 
13223.57 0.60 0.0 
13260.54 0.69 0.0 
14012.17 0.56 0.0 
13486.95 0.33 0.0 
14401.19 0.58 0.0 
14433.03 0.45 0.0 
14434.97 0.60 0.0 
14434.93 0.74 0.0 
15638.81 0.56 0.0 
15058.73 0.66 0.0 
15645.73 0.54 0.0 
16096.11 0.75 0.0 
15638.81 0.66 0.0 
16902.11 0.59 0.0 
17712.51 0.74 0.0 
17712.51 0.66 0.0 
18960.71 0.37 0.0 
18549.75 0.33 0.0 
19229.32 0.33 0.0 
19906.53 0.72 0.0 
20700.87 0.62 0.0 
20700.87 0.34 0.0 
21070.67 0.45 0.0 
22652.09 0.42 0.0 
22652.19 0.37 0.0 
23180.03 0.36 0.0 
24118.89 0.40 0.0 
23446.54 0.58 0.0 
27362.79 0.37 0.0 
27375.51 0.32 0.0 
28125.51 0.37 0.0 
27750.83 0.31 0.0 
29147.53 0.39 0.0 
29311.19 0.42 0.0 
30102.58 0.46 0.0 
29707.05 0.57 0.0 
29718.33 0.80 0.0 
29718.34 0.85 0.0 
29707.02 0.70 0.0 
29711.26 0.36 0.0 
29311.19 0.39 0.0 
30886.55 0.32 0.0 
32628.87 0.46 0.0 
33972.09 0.87 0.0 
33972.10 0.44 0.0 
34203.56 0.48 0.0 
34203.55 0.43 0.0 
34577.64 0.74 0.0 
35483.70 0.78 0.0 
35483.71 0.46 0.0 
37542.01 0.46 0.0 
37283.57 0.62 0.0 
37522.57 0.52 0.0 
37263.35 0.34 0.0 
37542.05 0.62 0.0 
37474.71 0.34 0.0 
38366.22 0.40 0.0 
38366.31 0.35 0.0 
38378.65 0.30 0.0 
38858.24 0.41 0.0 
38595.87 0.75 0.0 
38606.40 0.44 0.0 
38595.86 0.83 0.0 
38606.37 0.31 0.0 
39119.39 0.46 0.0 
38701.69 0.55 0.0 
38838.95 0.37 0.0 
38709.89 0.54 0.0 
39110.63 0.32 0.0 
39119.41 0.72 0.0 
39592.49 0.33 0.0 
39592.47 0.42 0.0 
39614.53 0.81 0.0 
39430.61 0.33 0.0 
39394.73 0.66 0.0 
41915.50 0.50 0.0 
42382.08 0.64 0.0 
42382.05 0.69 0.0 
43440.51 0.33 0.0 
43230.67 0.38 0.0 
43337.65 0.68 0.0 
43621.28 0.62 0.0 
43647.16 0.78 0.0 
43647.18 0.76 0.0 
44145.93 0.52 0.0 
43621.25 0.71 0.0 
43230.68 0.73 0.0 
44145.90 0.49 0.0 
45211.79 0.44 0.0 
45588.47 0.58 0.0 
45943.35 0.35 0.0 
45567.39 0.33 0.0 
45858.29 0.47 0.0 
46038.14 0.42 0.0 
46998.81 0.39 0.0 
47418.79 0.42 0.0 
47924.80 0.70 0.0 
47673.08 0.67 0.0 
48468.72 0.36 0.0 
48838.77 0.65 0.0 
48941.08 0.56 0.0 
48287.28 0.67 0.0 
48669.83 0.45 0.0 
48704.31 0.37 0.0 
48034.31 0.63 0.0 
49293.35 0.61 0.0 
48900.68 0.63 0.0 
48669.87 0.47 0.0 
48287.29 0.49 0.0 
49440.57 0.33 0.0 
49329.68 0.35 0.0 
49380.52 0.54 0.0 
49121.40 0.33 0.0 
50165.80 0.43 0.0 
49239.32 0.48 0.0 
50052.37 0.42 0.0 
50625.65 0.32 0.0 
50625.64 0.86 0.0 
51092.56 0.80 0.0 
50961.08 0.85 0.0 
50688.23 0.80 0.0 
50961.10 0.92 0.0 
51329.75 0.64 0.0 
50688.21 0.43 0.0 
51949.01 0.33 0.0 
51287.28 0.35 0.0 
51949.04 0.50 0.0 
52379.36 0.69 0.0 
52379.35 0.55 0.0 
56120.45 0.32 0.0 
56386.17 0.32 0.0 
56967.37 0.36 0.0 
57308.03 0.35 0.0 
56698.39 0.56 0.0 
62983.85 0.82 0.0 
64735.21 0.38 0.0 
65928.75 0.62 0.0 
65551.29 0.42 0.0 
65928.77 0.41 0.0 
67740.63 0.38 0.0 
70065.92 0.46 0.0 
70008.77 0.39 0.0 
70008.81 0.62 0.0 
70741.56 0.58 0.0 
71490.92 0.65 0.0 
72099.60 0.46 0.0 
72099.61 0.43 0.0 
71446.72 0.32 0.0 
72738.44 0.50 0.0 
72780.85 0.67 0.0 
75958.55 0.32 0.0 
75552.75 0.48 0.0 
75658.27 0.32 0.0 
75958.58 0.69 0.0 
76305.45 0.36 0.0 
77739.04 0.35 0.0 
80868.16 0.71 0.0 
80868.21 0.58 0.0 
81182.01 0.51 0.0 
81789.51 0.32 0.0 
81789.47 0.30 0.0 
82288.07 0.43 0.0 
81630.96 0.77 0.0 
82247.89 0.54 0.0 
82247.85 0.51 0.0 
84686.37 0.52 0.0 
