1813.09 0.60 0.0 
1871.96 0.56 0.0 
1167.27 0.52 0.0 
1871.97 0.56 0.0 
2951.65 0.37 0.0 
4079.08 0.38 0.0 
7348.41 0.36 0.0 
10490.16 0.36 0.0 
10920.44 0.42 0.0 
11578.53 0.65 0.0 
11501.31 0.83 0.0 
12072.91 0.70 0.0 
12626.29 0.47 0.0 
13217.33 0.68 0.0 
13056.64 0.80 0.0 
13513.21 0.33 0.0 
15162.04 0.33 0.0 
15647.37 0.60 0.0 
14726.92 0.66 0.0 
15647.41 0.49 0.0 
17518.62 0.81 0.0 
18017.91 0.43 0.0 
18329.37 0.55 0.0 
20264.09 0.35 0.0 
20504.45 0.32 0.0 
20832.13 0.35 0.0 
21028.85 0.34 0.0 
20863.00 0.33 0.0 
21359.28 0.55 0.0 
23531.59 0.67 0.0 
28348.32 0.98 0.0 
28348.32 0.93 0.0 
28738.05 0.73 0.0 
29146.61 0.49 0.0 
29937.64 0.59 0.0 
29705.61 0.35 0.0 
29705.85 0.37 0.0 
29719.63 0.36 0.0 
30599.04 0.80 0.0 
36258.59 0.32 0.0 
37690.48 0.50 0.0 
44875.73 0.31 0.0 
47338.00 0.48 0.0 
48047.80 0.45 0.0 
47744.48 0.81 0.0 
48793.79 0.48 0.0 
49019.32 0.41 0.0 
50069.60 0.63 0.0 
49799.56 0.64 0.0 
49902.41 0.42 0.0 
50292.65 0.51 0.0 
50380.10 0.42 0.0 
52872.61 0.30 0.0 
53668.97 0.41 0.0 
53803.92 0.40 0.0 
53803.95 0.58 0.0 
54551.33 0.47 0.0 
54751.88 0.59 0.0 
57266.11 0.71 0.0 
58019.01 0.82 0.0 
59399.05 0.57 0.0 
61318.64 0.31 0.0 
62037.68 0.49 0.0 
63155.12 0.46 0.0 
63102.33 0.39 0.0 
63524.19 0.48 0.0 
63223.00 0.59 0.0 
63583.48 0.59 0.0 
63686.56 0.69 0.0 
64997.77 0.33 0.0 
70664.42 0.56 0.0 
72184.09 0.80 0.0 
71968.69 0.34 0.0 
72184.05 0.35 0.0 
77133.37 0.37 0.0 
77378.13 0.31 0.0 
79800.80 0.35 0.0 
80058.43 0.38 0.0 
80536.67 0.46 0.0 
80563.52 0.36 0.0 
80908.93 0.35 0.0 
80608.69 0.77 0.0 
81869.57 0.44 0.0 
82018.87 0.49 0.0 
82202.04 0.55 0.0 
81946.99 0.44 0.0 
82152.91 0.34 0.0 
82040.28 0.35 0.0 
82040.29 0.64 0.0 
82047.99 0.69 0.0 
83091.55 0.47 0.0 
82804.37 0.61 0.0 
82797.48 0.78 0.0 
83091.52 0.31 0.0 
83407.91 0.52 0.0 
83444.00 0.81 0.0 
83444.05 0.45 0.0 
83891.01 0.69 0.0 
83833.57 0.43 0.0 
83746.13 0.47 0.0 
83852.57 0.40 0.0 
84606.77 0.44 0.0 
84217.52 0.32 0.0 
84522.52 0.32 0.0 
84851.44 0.50 0.0 
84217.51 0.47 0.0 
84629.80 0.46 0.0 
84961.44 0.42 0.0 
85545.81 0.41 0.0 
85541.88 0.79 0.0 
85541.87 0.86 0.0 
