235.60 0.38 0.0 
5638.63 0.34 0.0 
6491.40 0.63 0.0 
6491.42 0.91 0.0 
7112.63 0.30 0.0 
7160.11 0.45 0.0 
7160.09 0.69 0.0 
7815.83 0.55 0.0 
7815.82 0.85 0.0 
7621.87 0.47 0.0 
7625.11 0.33 0.0 
8199.64 0.49 0.0 
8199.63 0.43 0.0 
8397.93 0.43 0.0 
8812.81 0.35 0.0 
8812.77 0.52 0.0 
8950.57 0.33 0.0 
8950.53 0.52 0.0 
9485.79 0.41 0.0 
9325.75 0.46 0.0 
9531.27 0.30 0.0 
10217.79 0.43 0.0 
10386.09 0.56 0.0 
10495.51 0.75 0.0 
10386.05 0.67 0.0 
10507.97 0.65 0.0 
10495.52 0.84 0.0 
10507.94 0.49 0.0 
10924.06 0.77 0.0 
10924.06 0.79 0.0 
10869.55 0.32 0.0 
11393.81 0.34 0.0 
11827.64 0.55 0.0 
11815.19 0.50 0.0 
11827.68 0.49 0.0 
12249.39 0.53 0.0 
13061.32 0.63 0.0 
13074.15 0.43 0.0 
13221.65 0.86 0.0 
13074.17 0.66 0.0 
13221.64 0.85 0.0 
13234.98 0.90 0.0 
13125.96 0.78 0.0 
13234.96 0.90 0.0 
13125.96 0.77 0.0 
13305.99 0.51 0.0 
13061.33 0.59 0.0 
13580.12 0.73 0.0 
13790.49 0.44 0.0 
13548.36 0.63 0.0 
13612.67 0.35 0.0 
13790.49 0.44 0.0 
14022.45 0.49 0.0 
14730.71 0.56 0.0 
14717.86 0.78 0.0 
14717.88 0.83 0.0 
15275.53 0.74 0.0 
15275.49 0.49 0.0 
15649.23 0.38 0.0 
15657.65 0.38 0.0 
16667.93 0.51 0.0 
16589.67 0.36 0.0 
16445.59 0.42 0.0 
18220.96 0.47 0.0 
18232.40 0.34 0.0 
18301.61 0.34 0.0 
19158.91 0.36 0.0 
19158.87 0.61 0.0 
19497.07 0.40 0.0 
20535.36 0.46 0.0 
21351.51 0.31 0.0 
21392.61 0.59 0.0 
21392.61 0.47 0.0 
21735.57 0.69 0.0 
21735.52 0.77 0.0 
22304.91 0.31 0.0 
24504.91 0.40 0.0 
25941.37 0.31 0.0 
25998.81 0.38 0.0 
26380.20 0.41 0.0 
27615.72 0.55 0.0 
27749.83 0.33 0.0 
27920.36 0.47 0.0 
29087.41 0.38 0.0 
29087.41 0.38 0.0 
29643.97 0.36 0.0 
29660.31 0.32 0.0 
29710.15 0.47 0.0 
29724.33 0.48 0.0 
29710.13 0.58 0.0 
29724.33 0.44 0.0 
30087.94 0.73 0.0 
30587.29 0.77 0.0 
30598.83 0.52 0.0 
30087.95 0.90 0.0 
30600.39 0.51 0.0 
30587.33 0.73 0.0 
30598.93 0.75 0.0 
30551.09 0.35 0.0 
30690.15 0.73 0.0 
31751.21 0.39 0.0 
32747.84 0.34 0.0 
32351.23 0.35 0.0 
32351.25 0.40 0.0 
32478.99 0.33 0.0 
32479.00 0.48 0.0 
33139.63 0.40 0.0 
34636.89 0.59 0.0 
34636.88 0.56 0.0 
35158.41 0.69 0.0 
35812.22 0.46 0.0 
36168.71 0.35 0.0 
36811.99 0.37 0.0 
36948.88 0.42 0.0 
38204.61 0.45 0.0 
39074.45 0.33 0.0 
39551.21 0.53 0.0 
39551.19 0.39 0.0 
40689.55 0.63 0.0 
40751.21 0.42 0.0 
42217.02 0.71 0.0 
42122.37 0.76 0.0 
41951.19 0.39 0.0 
42122.35 0.36 0.0 
42203.23 0.38 0.0 
42506.79 0.43 0.0 
43129.79 0.35 0.0 
43136.50 0.56 0.0 
44139.61 0.50 0.0 
43948.67 0.49 0.0 
44250.97 0.48 0.0 
44250.05 0.63 0.0 
44851.08 0.65 0.0 
46416.31 0.36 0.0 
46416.31 0.42 0.0 
47165.85 0.35 0.0 
47951.15 0.33 0.0 
49689.75 0.52 0.0 
50116.29 0.48 0.0 
50351.19 0.46 0.0 
51064.75 0.46 0.0 
53123.07 0.55 0.0 
54695.73 0.60 0.0 
55151.21 0.42 0.0 
57891.99 0.34 0.0 
61526.27 0.42 0.0 
64418.93 0.33 0.0 
64830.89 0.56 0.0 
68349.66 0.50 0.0 
68727.03 0.31 0.0 
73656.85 0.44 0.0 
73705.21 0.64 0.0 
73589.95 0.43 0.0 
73614.05 0.32 0.0 
73630.11 0.32 0.0 
73643.12 0.36 0.0 
73931.04 0.68 0.0 
73931.08 0.77 0.0 
76151.23 0.30 0.0 
82151.23 0.41 0.0 
84303.07 0.32 0.0 
