680.20 0.56 0.0 
8790.81 0.55 0.0 
9784.75 0.35 0.0 
9784.73 0.40 0.0 
19236.81 0.34 0.0 
19080.71 0.33 0.0 
19204.57 0.62 0.0 
20644.61 0.59 0.0 
23779.79 0.39 0.0 
24930.61 0.55 0.0 
28561.41 0.53 0.0 
28685.19 0.34 0.0 
36110.17 0.48 0.0 
36110.13 0.40 0.0 
46531.52 0.49 0.0 
58055.63 0.36 0.0 
58816.35 0.35 0.0 
59177.87 0.31 0.0 
59177.89 0.75 0.0 
59300.67 0.36 0.0 
60511.51 0.33 0.0 
60076.41 0.36 0.0 
64628.53 0.37 0.0 
65083.37 0.49 0.0 
66135.93 0.51 0.0 
66647.15 0.47 0.0 
66827.76 0.50 0.0 
68988.75 0.50 0.0 
68988.79 0.50 0.0 
69420.45 0.40 0.0 
69827.03 0.31 0.0 
70337.38 0.66 0.0 
71944.39 0.32 0.0 
72423.27 0.41 0.0 
72769.59 0.31 0.0 
72676.09 0.41 0.0 
73725.08 0.61 0.0 
74971.79 0.44 0.0 
76170.72 0.44 0.0 
77457.27 0.31 0.0 
78175.67 0.41 0.0 
78175.65 0.58 0.0 
78712.72 0.42 0.0 
81552.39 0.33 0.0 
81948.16 0.48 0.0 
82306.57 0.38 0.0 
84556.63 0.44 0.0 
84556.64 0.80 0.0 
