6496.66 0.69 0.0 
9916.75 0.54 0.0 
15241.42 0.64 0.0 
18916.71 0.52 0.0 
29707.66 0.83 0.0 
29707.67 0.84 0.0 
54754.87 0.43 0.0 
54754.91 0.40 0.0 
82203.27 0.43 0.0 
81949.39 0.30 0.0 
82042.77 0.47 0.0 
82631.33 0.49 0.0 
82042.78 0.74 0.0 
83446.42 0.68 0.0 
82631.29 0.46 0.0 
83446.33 0.64 0.0 
83893.79 0.32 0.0 
83749.49 0.71 0.0 
83749.47 0.32 0.0 
84396.49 0.43 0.0 
83970.79 0.47 0.0 
84633.27 0.46 0.0 
84350.67 0.38 0.0 
83821.62 0.82 0.0 
84856.04 0.55 0.0 
84963.07 0.49 0.0 
84060.47 0.48 0.0 
84856.09 0.67 0.0 
84806.84 0.63 0.0 
85420.09 0.36 0.0 
85544.09 0.67 0.0 
