102.57 0.42 0.0 
239.35 0.38 0.0 
387.41 0.68 0.0 
404.01 0.31 0.0 
1090.05 0.54 0.0 
2004.88 0.50 0.0 
2186.85 0.35 0.0 
3130.77 0.63 0.0 
4648.52 0.49 0.0 
4856.77 0.62 0.0 
4856.61 0.42 0.0 
6148.41 0.42 0.0 
6506.31 0.43 0.0 
6808.23 0.63 0.0 
6958.32 0.59 0.0 
7078.12 0.35 0.0 
7962.92 0.68 0.0 
8756.53 0.50 0.0 
9072.41 0.74 0.0 
9775.81 0.37 0.0 
9549.40 0.69 0.0 
9783.27 0.75 0.0 
10302.52 0.46 0.0 
10558.23 0.71 0.0 
11713.80 0.54 0.0 
12242.20 0.48 0.0 
14593.61 0.47 0.0 
14784.89 0.31 0.0 
15419.04 0.33 0.0 
16527.29 0.63 0.0 
16317.17 0.30 0.0 
16599.49 0.54 0.0 
17171.01 0.45 0.0 
17637.85 0.47 0.0 
17759.23 0.43 0.0 
18207.41 0.33 0.0 
17891.44 0.60 0.0 
18776.65 0.54 0.0 
19316.77 0.49 0.0 
21387.44 0.41 0.0 
22915.32 0.52 0.0 
23203.97 0.40 0.0 
24721.59 0.42 0.0 
24907.07 0.34 0.0 
25730.53 0.35 0.0 
25198.19 0.67 0.0 
26397.64 0.70 0.0 
27659.42 0.33 0.0 
27974.40 0.50 0.0 
28150.72 0.30 0.0 
28409.45 0.45 0.0 
28660.17 0.32 0.0 
28930.80 0.34 0.0 
29068.21 0.35 0.0 
30494.51 0.53 0.0 
30838.55 0.43 0.0 
31677.05 0.59 0.0 
34225.23 0.36 0.0 
36103.05 0.40 0.0 
38712.52 0.62 0.0 
40001.68 0.42 0.0 
42717.33 0.52 0.0 
43374.32 0.33 0.0 
42760.77 0.39 0.0 
42972.07 0.41 0.0 
43629.29 0.39 0.0 
43629.33 0.75 0.0 
45441.51 0.52 0.0 
45342.24 0.53 0.0 
45852.76 0.39 0.0 
46711.40 0.32 0.0 
46959.81 0.60 0.0 
47226.97 0.36 0.0 
46959.85 0.41 0.0 
48109.88 0.37 0.0 
48958.53 0.69 0.0 
51539.09 0.34 0.0 
51357.68 0.41 0.0 
52072.56 0.54 0.0 
53514.41 0.32 0.0 
54765.44 0.55 0.0 
55483.36 0.33 0.0 
59993.35 0.84 0.0 
61029.76 0.54 0.0 
64122.53 0.30 0.0 
69539.42 0.34 0.0 
69264.72 0.37 0.0 
73724.11 0.71 0.0 
73826.41 0.35 0.0 
73724.13 0.72 0.0 
74181.80 0.54 0.0 
76002.32 0.44 0.0 
81477.34 0.71 0.0 
82776.38 0.39 0.0 
84863.56 0.37 0.0 
85912.17 0.37 0.0 
85913.72 0.54 0.0 
