1093.57 0.49 0.0 
8744.11 0.34 0.0 
9623.98 0.56 0.0 
10494.83 0.40 0.0 
10915.59 0.40 0.0 
10924.57 0.54 0.0 
11082.19 0.36 0.0 
11813.35 0.90 0.0 
11851.44 0.60 0.0 
11813.37 0.88 0.0 
12642.07 0.66 0.0 
12632.53 0.60 0.0 
13128.05 0.46 0.0 
13183.16 0.72 0.0 
13128.03 0.45 0.0 
13293.25 0.71 0.0 
13220.57 0.34 0.0 
13293.24 0.62 0.0 
13545.03 0.63 0.0 
13543.12 0.56 0.0 
14713.35 0.59 0.0 
14849.11 0.89 0.0 
15103.81 0.34 0.0 
15617.80 0.35 0.0 
15828.63 0.52 0.0 
15644.32 0.42 0.0 
16649.32 0.32 0.0 
17712.45 0.31 0.0 
18220.84 0.39 0.0 
23509.97 0.45 0.0 
23523.09 0.44 0.0 
24500.89 0.45 0.0 
29709.67 0.80 0.0 
29714.51 0.31 0.0 
29709.64 0.88 0.0 
30582.04 0.68 0.0 
30588.93 0.43 0.0 
30582.04 0.47 0.0 
31138.55 0.54 0.0 
34610.76 0.75 0.0 
34632.40 0.48 0.0 
35203.27 0.98 0.0 
35203.27 0.95 0.0 
36640.09 0.40 0.0 
40452.68 0.39 0.0 
45849.15 0.37 0.0 
46490.80 0.42 0.0 
47405.84 0.38 0.0 
48838.35 0.31 0.0 
49349.17 0.37 0.0 
50185.30 0.33 0.0 
53028.25 0.37 0.0 
53029.25 0.32 0.0 
53081.71 0.56 0.0 
53528.00 0.31 0.0 
54430.57 0.34 0.0 
54521.73 0.54 0.0 
54581.17 0.38 0.0 
54907.36 0.33 0.0 
55088.35 0.41 0.0 
54907.40 0.48 0.0 
55008.04 0.33 0.0 
55021.44 0.47 0.0 
55352.02 0.36 0.0 
55646.69 0.35 0.0 
55417.49 0.34 0.0 
55352.01 0.43 0.0 
55586.33 0.41 0.0 
55788.45 0.55 0.0 
57093.75 0.52 0.0 
57266.48 0.37 0.0 
57906.55 0.39 0.0 
57696.13 0.37 0.0 
57835.61 0.49 0.0 
57906.55 0.31 0.0 
58930.09 0.33 0.0 
58740.25 0.44 0.0 
61091.20 0.60 0.0 
62041.67 0.47 0.0 
62287.40 0.84 0.0 
62501.01 0.39 0.0 
62679.73 0.32 0.0 
62679.76 0.81 0.0 
64718.13 0.55 0.0 
65256.00 0.65 0.0 
66250.64 0.35 0.0 
66331.79 0.40 0.0 
66851.32 0.42 0.0 
67299.97 0.50 0.0 
67300.00 0.60 0.0 
68613.25 0.31 0.0 
69444.76 0.76 0.0 
69599.36 0.59 0.0 
70074.15 0.57 0.0 
71101.96 0.53 0.0 
71456.68 0.52 0.0 
71566.37 0.45 0.0 
71566.36 0.71 0.0 
72031.11 0.37 0.0 
72031.19 0.53 0.0 
71829.85 0.38 0.0 
72192.12 0.41 0.0 
73073.48 0.30 0.0 
72976.28 0.54 0.0 
73376.91 0.56 0.0 
74501.23 0.61 0.0 
74349.59 0.45 0.0 
74910.87 0.58 0.0 
74910.96 0.34 0.0 
75350.32 0.49 0.0 
75350.31 0.54 0.0 
75512.81 0.33 0.0 
76432.35 0.53 0.0 
76798.33 0.35 0.0 
76945.91 0.41 0.0 
78173.32 0.34 0.0 
78609.92 0.41 0.0 
78670.12 0.35 0.0 
80013.16 0.32 0.0 
81174.56 0.70 0.0 
81385.72 0.60 0.0 
81385.63 0.46 0.0 
81672.29 0.46 0.0 
82005.36 0.51 0.0 
84536.68 0.52 0.0 
84670.37 0.41 0.0 
85258.32 0.42 0.0 
85841.49 0.32 0.0 
86319.23 0.49 0.0 
