232.77 0.48 0.0 
232.77 0.88 0.0 
523.99 0.48 0.0 
884.13 0.43 0.0 
1587.09 0.51 0.0 
2066.61 0.62 0.0 
1928.27 0.35 0.0 
2532.43 0.72 0.0 
3240.55 0.40 0.0 
4813.71 0.48 0.0 
4859.51 0.38 0.0 
5080.17 0.49 0.0 
5080.16 0.43 0.0 
5638.28 0.73 0.0 
5234.44 0.37 0.0 
6059.33 0.33 0.0 
7068.08 0.39 0.0 
7068.12 0.68 0.0 
7157.15 0.41 0.0 
7157.17 0.78 0.0 
7815.48 0.39 0.0 
7815.44 0.85 0.0 
7621.35 0.62 0.0 
7423.69 0.57 0.0 
7621.36 0.34 0.0 
7621.89 0.37 0.0 
7637.43 0.35 0.0 
8351.49 0.40 0.0 
8744.20 0.78 0.0 
8981.48 0.46 0.0 
9485.79 0.37 0.0 
9642.24 0.41 0.0 
9316.33 0.48 0.0 
9973.05 0.45 0.0 
10439.53 0.41 0.0 
10327.13 0.42 0.0 
10383.73 0.39 0.0 
10493.32 0.91 0.0 
10366.79 0.43 0.0 
10383.68 0.59 0.0 
10394.35 0.83 0.0 
10493.32 0.92 0.0 
10499.65 0.35 0.0 
10694.56 0.89 0.0 
10923.12 0.83 0.0 
10769.39 0.32 0.0 
10923.11 0.91 0.0 
11389.27 0.35 0.0 
10904.30 0.83 0.0 
11337.12 0.40 0.0 
11813.03 0.97 0.0 
11712.64 0.47 0.0 
11813.03 0.96 0.0 
11825.48 0.44 0.0 
12247.88 0.80 0.0 
12194.09 0.59 0.0 
12373.69 0.45 0.0 
12629.95 0.40 0.0 
13059.12 0.88 0.0 
12945.60 0.43 0.0 
13124.41 0.61 0.0 
13019.53 0.37 0.0 
12699.96 0.56 0.0 
13220.10 0.96 0.0 
13220.10 0.97 0.0 
13232.12 0.42 0.0 
13124.45 0.34 0.0 
12823.29 0.68 0.0 
13232.13 0.34 0.0 
13125.55 0.49 0.0 
13132.37 0.32 0.0 
13059.11 0.91 0.0 
13580.12 0.73 0.0 
13577.33 0.45 0.0 
13561.32 0.30 0.0 
13291.52 0.54 0.0 
13962.21 0.31 0.0 
13836.79 0.36 0.0 
14184.69 0.35 0.0 
13999.71 0.77 0.0 
14128.84 0.65 0.0 
13999.68 0.58 0.0 
14668.87 0.31 0.0 
14716.49 0.73 0.0 
15043.87 0.52 0.0 
14716.52 0.76 0.0 
15274.73 0.60 0.0 
15625.19 0.42 0.0 
15827.65 0.54 0.0 
15728.57 0.32 0.0 
15958.72 0.54 0.0 
15661.38 0.32 0.0 
15661.39 0.60 0.0 
16227.84 0.33 0.0 
16233.76 0.31 0.0 
16666.85 0.34 0.0 
16587.48 0.54 0.0 
17682.16 0.33 0.0 
18229.05 0.62 0.0 
18229.07 0.46 0.0 
18342.20 0.39 0.0 
18884.16 0.56 0.0 
19158.01 0.31 0.0 
19158.04 0.55 0.0 
19698.01 0.40 0.0 
19632.59 0.67 0.0 
19882.75 0.45 0.0 
21349.71 0.92 0.0 
20957.28 0.77 0.0 
21133.21 0.60 0.0 
21389.43 0.41 0.0 
20957.27 0.80 0.0 
21389.45 0.51 0.0 
21349.72 0.91 0.0 
21647.76 0.39 0.0 
21647.77 0.67 0.0 
21704.51 0.37 0.0 
22257.75 0.87 0.0 
22166.00 0.50 0.0 
22794.93 0.54 0.0 
22183.05 0.36 0.0 
22303.71 0.42 0.0 
22748.68 0.31 0.0 
23041.73 0.40 0.0 
23008.73 0.51 0.0 
23248.99 0.33 0.0 
23508.59 0.39 0.0 
23713.92 0.38 0.0 
23939.60 0.65 0.0 
24156.76 0.38 0.0 
24299.51 0.40 0.0 
24502.81 0.46 0.0 
24643.12 0.63 0.0 
24554.01 0.49 0.0 
24868.21 0.31 0.0 
24673.37 0.65 0.0 
24794.41 0.33 0.0 
25468.61 0.45 0.0 
25724.12 0.75 0.0 
25734.92 0.49 0.0 
26789.57 0.32 0.0 
26378.91 0.83 0.0 
27272.37 0.37 0.0 
27272.37 0.70 0.0 
28451.79 0.57 0.0 
28452.61 0.44 0.0 
29086.63 0.38 0.0 
29659.11 0.57 0.0 
29684.25 0.51 0.0 
29864.96 0.66 0.0 
29788.99 0.76 0.0 
29594.48 0.44 0.0 
29708.64 0.71 0.0 
29708.67 0.84 0.0 
29845.64 0.73 0.0 
30585.28 0.93 0.0 
30595.33 0.43 0.0 
30493.81 0.33 0.0 
30586.33 0.44 0.0 
30595.33 0.61 0.0 
30667.61 0.45 0.0 
30686.36 0.85 0.0 
31604.51 0.58 0.0 
31616.31 0.76 0.0 
31718.11 0.36 0.0 
32154.96 0.74 0.0 
31873.96 0.88 0.0 
32412.88 0.84 0.0 
32477.24 0.72 0.0 
32474.49 0.43 0.0 
32807.40 0.42 0.0 
32477.23 0.96 0.0 
33285.64 0.34 0.0 
33764.28 0.80 0.0 
33929.46 0.81 0.0 
34408.37 0.36 0.0 
34630.85 0.75 0.0 
34610.39 0.31 0.0 
35094.85 0.45 0.0 
35204.03 0.77 0.0 
35398.45 0.31 0.0 
35094.84 0.35 0.0 
35653.87 0.31 0.0 
36386.55 0.47 0.0 
36205.25 0.38 0.0 
36621.87 0.33 0.0 
36811.94 0.44 0.0 
36658.64 0.32 0.0 
36789.80 0.71 0.0 
37168.40 0.84 0.0 
37389.04 0.39 0.0 
37302.91 0.49 0.0 
38204.62 0.93 0.0 
37965.04 0.62 0.0 
38637.48 0.63 0.0 
39116.01 0.45 0.0 
38709.40 0.35 0.0 
39031.00 0.34 0.0 
39520.33 0.45 0.0 
39836.06 0.76 0.0 
39652.61 0.87 0.0 
39652.60 0.64 0.0 
39974.31 0.86 0.0 
40033.72 0.35 0.0 
40511.40 0.47 0.0 
40688.40 0.35 0.0 
40841.48 0.50 0.0 
40873.64 0.32 0.0 
41578.48 0.61 0.0 
42028.25 0.36 0.0 
42212.38 0.87 0.0 
42207.76 0.37 0.0 
42497.51 0.39 0.0 
42497.53 0.45 0.0 
42329.57 0.67 0.0 
42884.59 0.49 0.0 
43129.73 0.71 0.0 
43129.71 0.54 0.0 
43919.56 0.68 0.0 
43708.76 0.44 0.0 
43948.67 0.81 0.0 
43904.10 0.87 0.0 
44129.35 0.36 0.0 
44234.56 0.46 0.0 
45036.79 0.33 0.0 
45006.76 0.34 0.0 
45207.49 0.36 0.0 
45449.36 0.37 0.0 
46415.35 0.38 0.0 
46544.39 0.38 0.0 
47052.13 0.34 0.0 
47021.73 0.49 0.0 
48011.33 0.36 0.0 
48121.29 0.42 0.0 
48599.31 0.92 0.0 
48749.17 0.38 0.0 
48794.47 0.76 0.0 
49049.41 0.70 0.0 
50398.31 0.37 0.0 
50502.43 0.53 0.0 
50989.23 0.32 0.0 
51058.88 0.36 0.0 
51282.95 0.35 0.0 
51312.68 0.48 0.0 
51509.65 0.74 0.0 
51929.19 0.59 0.0 
52874.08 0.94 0.0 
53129.40 0.31 0.0 
53669.41 0.58 0.0 
53939.36 0.87 0.0 
54695.08 0.50 0.0 
54694.99 0.35 0.0 
55911.44 0.58 0.0 
57059.33 0.68 0.0 
56983.72 0.36 0.0 
58049.59 0.37 0.0 
58454.44 0.38 0.0 
58679.33 0.72 0.0 
59606.93 0.73 0.0 
59606.91 0.44 0.0 
60397.04 0.75 0.0 
61364.33 0.64 0.0 
61844.48 0.49 0.0 
64300.58 0.32 0.0 
64414.49 0.39 0.0 
65954.08 0.52 0.0 
67692.72 0.39 0.0 
68054.12 0.45 0.0 
69718.96 0.32 0.0 
73553.92 0.36 0.0 
73675.00 0.34 0.0 
73582.35 0.48 0.0 
73634.48 0.52 0.0 
73928.48 0.52 0.0 
74098.61 0.37 0.0 
74249.24 0.83 0.0 
74502.77 0.48 0.0 
78418.96 0.32 0.0 
82037.29 0.31 0.0 
83575.80 0.45 0.0 
83712.39 0.63 0.0 
85047.49 0.48 0.0 
85453.64 0.30 0.0 
