517.20 0.82 0.0 
517.23 0.43 0.0 
2165.04 0.82 0.0 
2434.87 0.44 0.0 
3430.35 0.34 0.0 
4094.66 0.31 0.0 
4094.66 0.54 0.0 
5141.80 0.69 0.0 
5775.79 0.41 0.0 
5775.80 0.80 0.0 
6382.31 0.54 0.0 
6653.07 0.33 0.0 
6570.51 0.39 0.0 
8153.96 0.81 0.0 
8551.88 0.75 0.0 
8551.91 0.33 0.0 
9394.15 0.84 0.0 
9394.19 0.35 0.0 
9452.31 0.35 0.0 
10133.74 0.75 0.0 
10133.79 0.56 0.0 
10243.41 0.44 0.0 
10749.08 0.36 0.0 
11645.84 0.53 0.0 
13095.73 0.36 0.0 
13520.07 0.46 0.0 
14073.32 0.93 0.0 
14120.94 0.89 0.0 
14073.33 0.95 0.0 
14462.39 0.53 0.0 
14462.40 0.80 0.0 
15721.35 0.83 0.0 
16836.81 0.60 0.0 
17558.67 0.41 0.0 
18116.31 0.32 0.0 
19140.76 0.61 0.0 
19405.49 0.45 0.0 
21202.80 0.51 0.0 
21202.78 0.79 0.0 
25210.99 0.39 0.0 
26522.33 0.42 0.0 
26700.87 0.32 0.0 
28688.14 0.83 0.0 
34119.71 0.58 0.0 
35989.04 0.73 0.0 
35989.07 0.37 0.0 
36353.56 0.69 0.0 
36353.59 0.32 0.0 
36696.27 0.32 0.0 
36696.24 0.77 0.0 
37114.34 0.82 0.0 
39228.64 0.79 0.0 
39491.79 0.32 0.0 
39910.50 0.71 0.0 
40741.39 0.31 0.0 
44474.35 0.69 0.0 
46343.16 0.86 0.0 
47934.22 0.57 0.0 
48144.07 0.63 0.0 
48285.51 0.34 0.0 
48377.68 0.79 0.0 
51414.30 0.66 0.0 
51705.76 0.83 0.0 
51705.79 0.54 0.0 
52190.95 0.32 0.0 
52343.35 0.54 0.0 
53291.72 0.85 0.0 
54683.15 0.83 0.0 
78854.07 0.34 0.0 
83309.75 0.37 0.0 
83309.80 0.76 0.0 
83609.99 0.36 0.0 
84096.68 0.62 0.0 
86033.11 0.46 0.0 
