434.78 0.98 0.0 
1520.72 0.99 0.0 
1498.64 0.46 0.0 
1520.72 0.98 0.0 
14097.51 0.74 0.0 
15238.00 0.49 0.0 
18097.95 0.59 0.0 
18113.80 0.41 0.0 
25604.56 0.47 0.0 
25978.56 0.74 0.0 
26411.60 0.40 0.0 
26846.48 0.83 0.0 
26846.48 0.96 0.0 
27643.73 0.30 0.0 
31811.80 0.37 0.0 
33448.20 0.48 0.0 
37678.37 0.50 0.0 
38892.95 0.89 0.0 
38892.95 0.85 0.0 
42027.77 0.98 0.0 
42027.77 0.98 0.0 
50038.62 0.96 0.0 
50038.62 0.96 0.0 
53120.84 0.88 0.0 
53120.84 0.86 0.0 
69222.20 0.74 0.0 
73109.13 0.43 0.0 
75524.51 0.47 0.0 
77428.72 0.49 0.0 
79121.72 0.38 0.0 
82438.93 0.33 0.0 
83802.48 0.51 0.0 
83892.75 0.62 0.0 
85679.48 0.37 0.0 
86066.91 0.46 0.0 
86232.87 0.78 0.0 
