283.88 0.46 0.0 
1153.76 0.48 0.0 
1709.17 0.91 0.0 
1664.33 0.31 0.0 
1799.41 0.59 0.0 
2684.53 0.38 0.0 
3402.88 0.62 0.0 
3658.83 0.97 0.0 
4475.27 0.32 0.0 
4843.28 0.61 0.0 
6284.44 0.42 0.0 
7016.64 0.52 0.0 
7153.68 0.33 0.0 
11563.00 0.78 0.0 
12844.93 0.48 0.0 
12844.92 0.31 0.0 
13449.95 0.89 0.0 
13449.97 0.63 0.0 
13467.38 0.86 0.0 
13588.93 0.76 0.0 
14265.89 0.35 0.0 
14658.32 0.34 0.0 
14658.32 0.79 0.0 
15059.08 0.64 0.0 
17864.37 0.33 0.0 
18695.37 0.36 0.0 
23247.97 0.34 0.0 
23848.53 0.40 0.0 
23993.67 0.90 0.0 
26129.64 0.67 0.0 
26488.77 0.66 0.0 
26637.45 0.80 0.0 
26637.45 0.75 0.0 
27463.73 0.37 0.0 
27732.41 0.43 0.0 
28363.99 0.31 0.0 
28739.17 0.70 0.0 
29039.49 0.67 0.0 
29474.65 0.41 0.0 
29788.20 0.40 0.0 
29896.31 0.89 0.0 
29896.27 0.86 0.0 
31452.81 0.38 0.0 
34544.51 0.64 0.0 
34809.05 0.57 0.0 
34917.61 0.32 0.0 
34993.44 0.73 0.0 
35969.17 0.55 0.0 
36779.37 0.38 0.0 
38911.88 0.40 0.0 
40106.52 0.73 0.0 
40169.08 0.88 0.0 
40252.89 0.40 0.0 
40254.12 0.36 0.0 
40252.88 0.30 0.0 
40259.40 0.41 0.0 
40597.52 0.78 0.0 
40685.96 0.97 0.0 
40685.96 0.95 0.0 
40664.47 0.97 0.0 
40597.50 0.95 0.0 
40754.24 0.89 0.0 
41279.12 0.61 0.0 
41443.52 0.34 0.0 
41548.09 0.35 0.0 
42014.20 0.94 0.0 
42224.35 0.72 0.0 
42674.58 0.45 0.0 
43167.96 0.34 0.0 
43184.40 0.34 0.0 
43471.08 0.65 0.0 
43499.00 0.53 0.0 
43709.25 0.36 0.0 
43663.04 0.34 0.0 
44114.28 0.35 0.0 
44384.44 0.41 0.0 
45029.51 0.39 0.0 
45132.36 0.89 0.0 
45089.44 0.32 0.0 
45238.64 0.41 0.0 
48914.17 0.33 0.0 
49033.00 0.38 0.0 
52333.60 0.75 0.0 
52516.92 0.57 0.0 
57688.84 0.57 0.0 
58812.12 0.42 0.0 
61798.15 0.31 0.0 
63404.48 0.37 0.0 
65424.39 0.56 0.0 
65892.40 0.67 0.0 
71909.37 0.36 0.0 
72104.56 0.48 0.0 
73618.76 0.70 0.0 
78357.24 0.49 0.0 
78749.12 0.32 0.0 
79229.09 0.31 0.0 
81478.77 0.31 0.0 
82409.56 0.47 0.0 
82369.36 0.92 0.0 
82369.36 0.93 0.0 
82858.71 0.50 0.0 
83834.35 0.34 0.0 
84073.45 0.36 0.0 
