2526.16 0.31 0.0 
3900.73 0.38 0.0 
4476.99 0.38 0.0 
7105.03 0.57 0.0 
7009.31 0.38 0.0 
13467.38 0.83 0.0 
14661.15 0.39 0.0 
14661.17 0.38 0.0 
19444.01 0.35 0.0 
20085.68 0.53 0.0 
29899.16 0.85 0.0 
29899.18 0.90 0.0 
32280.77 0.50 0.0 
33630.75 0.34 0.0 
38912.60 0.47 0.0 
40113.14 0.79 0.0 
40159.81 0.33 0.0 
40113.12 0.76 0.0 
40259.40 0.60 0.0 
40259.45 0.45 0.0 
40692.49 0.70 0.0 
40692.52 0.67 0.0 
40700.67 0.38 0.0 
40700.64 0.69 0.0 
40604.70 0.73 0.0 
43471.47 0.36 0.0 
78758.91 0.40 0.0 
82374.23 0.37 0.0 
82374.21 0.81 0.0 
