165.73 0.36 0.0 
498.47 0.32 0.0 
891.12 0.33 0.0 
996.69 0.75 0.0 
996.64 0.60 0.0 
1086.15 0.39 0.0 
1306.67 0.30 0.0 
1306.67 0.37 0.0 
1396.07 0.33 0.0 
1553.05 0.41 0.0 
1553.08 0.47 0.0 
2271.12 0.35 0.0 
2611.03 0.35 0.0 
3264.31 0.45 0.0 
4710.76 0.49 0.0 
5463.05 0.57 0.0 
7050.57 0.42 0.0 
8625.96 0.47 0.0 
10098.58 0.43 0.0 
10465.89 0.33 0.0 
10493.33 0.30 0.0 
10518.53 0.39 0.0 
10996.07 0.36 0.0 
11218.03 0.30 0.0 
11798.21 0.57 0.0 
12274.43 0.41 0.0 
12378.65 0.45 0.0 
14163.87 0.35 0.0 
14169.93 0.74 0.0 
14163.95 0.32 0.0 
14169.94 0.70 0.0 
14436.95 0.37 0.0 
14797.37 0.31 0.0 
15158.71 0.31 0.0 
17001.53 0.39 0.0 
17492.07 0.42 0.0 
17693.11 0.45 0.0 
17693.07 0.41 0.0 
18146.99 0.34 0.0 
18257.15 0.44 0.0 
18923.20 0.37 0.0 
19109.28 0.43 0.0 
19291.66 0.42 0.0 
21482.09 0.38 0.0 
21526.71 0.35 0.0 
21733.23 0.38 0.0 
22451.90 0.32 0.0 
22452.15 0.33 0.0 
23180.69 0.31 0.0 
23180.67 0.36 0.0 
23780.80 0.37 0.0 
24114.13 0.58 0.0 
24182.89 0.31 0.0 
24420.87 0.30 0.0 
24614.21 0.40 0.0 
25649.84 0.36 0.0 
26002.39 0.32 0.0 
26464.27 0.32 0.0 
26607.99 0.34 0.0 
26681.27 0.38 0.0 
26702.15 0.39 0.0 
27187.31 0.36 0.0 
27382.01 0.30 0.0 
27381.99 0.31 0.0 
27738.84 0.48 0.0 
27738.87 0.74 0.0 
27766.49 0.59 0.0 
27773.55 0.52 0.0 
27962.83 0.32 0.0 
28146.09 0.44 0.0 
29025.81 0.48 0.0 
29340.47 0.69 0.0 
29461.19 0.30 0.0 
30226.55 0.43 0.0 
30712.58 0.31 0.0 
30841.04 0.72 0.0 
30841.01 0.60 0.0 
31036.15 0.37 0.0 
31398.27 0.32 0.0 
31703.59 0.51 0.0 
32307.23 0.35 0.0 
32434.11 0.38 0.0 
32505.41 0.35 0.0 
32790.81 0.52 0.0 
32700.86 0.51 0.0 
33031.75 0.35 0.0 
33031.80 0.47 0.0 
32971.55 0.42 0.0 
34288.75 0.38 0.0 
34712.79 0.31 0.0 
34712.75 0.44 0.0 
34758.93 0.46 0.0 
34781.85 0.62 0.0 
35461.91 0.36 0.0 
35461.89 0.47 0.0 
35861.59 0.40 0.0 
35861.57 0.38 0.0 
35986.08 0.55 0.0 
37654.11 0.36 0.0 
37654.11 0.38 0.0 
38271.89 0.31 0.0 
38705.87 0.37 0.0 
38895.81 0.45 0.0 
39012.79 0.46 0.0 
39012.75 0.37 0.0 
39150.97 0.47 0.0 
39626.48 0.44 0.0 
39676.68 0.38 0.0 
40081.63 0.58 0.0 
40081.67 0.31 0.0 
40424.44 0.31 0.0 
41097.97 0.33 0.0 
42190.57 0.55 0.0 
42468.79 0.35 0.0 
43757.15 0.37 0.0 
43859.95 0.38 0.0 
43968.96 0.33 0.0 
49229.83 0.34 0.0 
49908.97 0.30 0.0 
50044.41 0.39 0.0 
50135.54 0.76 0.0 
50161.58 0.83 0.0 
50135.51 0.53 0.0 
50161.57 0.77 0.0 
51978.21 0.53 0.0 
53637.71 0.31 0.0 
55425.51 0.34 0.0 
67515.51 0.35 0.0 
67534.87 0.30 0.0 
69255.51 0.30 0.0 
74011.47 0.35 0.0 
76650.51 0.37 0.0 
