101.44 0.53 0.0 
101.47 0.36 0.0 
406.61 0.53 0.0 
795.47 0.31 0.0 
939.23 0.39 0.0 
916.21 0.50 0.0 
1201.22 0.76 0.0 
1201.21 0.71 0.0 
1171.16 0.54 0.0 
1171.17 0.43 0.0 
1315.63 0.35 0.0 
1561.74 0.55 0.0 
1636.55 0.49 0.0 
1790.87 0.55 0.0 
1873.17 0.41 0.0 
2284.71 0.39 0.0 
2624.27 0.34 0.0 
2767.03 0.57 0.0 
3645.41 0.36 0.0 
3649.71 0.30 0.0 
3960.95 0.37 0.0 
3960.97 0.67 0.0 
3933.74 0.61 0.0 
3917.39 0.36 0.0 
3933.70 0.64 0.0 
4193.09 0.44 0.0 
4205.87 0.41 0.0 
4193.13 0.37 0.0 
4383.27 0.38 0.0 
4580.49 0.32 0.0 
4543.73 0.52 0.0 
4710.67 0.33 0.0 
4710.65 0.74 0.0 
4903.83 0.41 0.0 
5060.77 0.40 0.0 
5085.49 0.56 0.0 
5075.35 0.51 0.0 
5085.45 0.51 0.0 
5228.49 0.52 0.0 
5228.43 0.45 0.0 
5244.09 0.38 0.0 
5426.67 0.31 0.0 
5382.23 0.36 0.0 
5355.81 0.52 0.0 
5382.25 0.64 0.0 
5571.89 0.81 0.0 
5578.79 0.32 0.0 
5571.89 0.74 0.0 
5767.57 0.66 0.0 
5767.62 0.65 0.0 
5719.11 0.45 0.0 
5793.05 0.50 0.0 
5719.13 0.64 0.0 
5888.24 0.42 0.0 
5856.53 0.52 0.0 
5793.08 0.49 0.0 
5856.51 0.45 0.0 
6014.63 0.36 0.0 
6045.87 0.31 0.0 
6065.83 0.36 0.0 
6876.01 0.49 0.0 
6876.04 0.53 0.0 
6976.61 0.30 0.0 
7086.49 0.43 0.0 
7050.53 0.87 0.0 
7054.96 0.51 0.0 
7305.93 0.40 0.0 
7350.43 0.30 0.0 
7404.60 0.62 0.0 
8258.31 0.36 0.0 
8375.17 0.40 0.0 
9369.92 0.56 0.0 
9369.95 0.57 0.0 
9787.13 0.50 0.0 
9752.07 0.46 0.0 
10192.13 0.44 0.0 
10171.59 0.64 0.0 
10216.34 0.53 0.0 
10171.51 0.38 0.0 
11265.58 0.79 0.0 
11483.77 0.38 0.0 
11538.07 0.31 0.0 
11672.77 0.51 0.0 
12106.90 0.39 0.0 
12420.01 0.44 0.0 
13684.31 0.36 0.0 
13684.27 0.42 0.0 
13740.51 0.73 0.0 
14089.61 0.71 0.0 
14089.59 0.63 0.0 
14464.07 0.72 0.0 
14471.92 0.59 0.0 
14464.06 0.87 0.0 
15434.37 0.32 0.0 
15599.71 0.44 0.0 
15561.67 0.33 0.0 
15875.63 0.37 0.0 
15875.63 0.42 0.0 
15916.12 0.69 0.0 
16015.85 0.41 0.0 
16564.43 0.47 0.0 
16564.40 0.59 0.0 
17682.75 0.36 0.0 
17686.58 0.78 0.0 
18277.79 0.39 0.0 
18466.51 0.54 0.0 
18542.13 0.76 0.0 
19378.98 0.81 0.0 
19378.97 0.75 0.0 
19927.97 0.62 0.0 
19927.99 0.55 0.0 
19961.31 0.67 0.0 
20061.09 0.49 0.0 
19961.30 0.56 0.0 
20061.05 0.56 0.0 
20105.33 0.31 0.0 
20309.57 0.30 0.0 
20483.77 0.62 0.0 
20442.81 0.44 0.0 
20483.77 0.55 0.0 
20497.43 0.37 0.0 
20767.81 0.44 0.0 
20803.91 0.94 0.0 
20820.44 0.85 0.0 
20803.89 0.42 0.0 
21240.67 0.39 0.0 
21218.59 0.33 0.0 
21375.97 0.69 0.0 
21489.05 0.30 0.0 
21521.71 0.53 0.0 
21601.16 0.38 0.0 
21545.89 0.49 0.0 
21514.55 0.53 0.0 
21521.70 0.85 0.0 
21863.83 0.50 0.0 
21863.80 0.81 0.0 
22500.75 0.68 0.0 
22700.40 0.43 0.0 
22954.81 0.53 0.0 
22954.84 0.33 0.0 
23724.01 0.31 0.0 
24493.15 0.37 0.0 
24515.13 0.45 0.0 
24533.93 0.39 0.0 
24644.56 0.68 0.0 
24699.92 0.67 0.0 
24775.05 0.39 0.0 
24944.91 0.49 0.0 
25274.24 0.49 0.0 
26102.30 0.62 0.0 
26379.03 0.52 0.0 
27442.65 0.36 0.0 
27650.75 0.42 0.0 
27692.52 0.40 0.0 
27650.76 0.89 0.0 
27657.72 0.67 0.0 
27692.65 0.39 0.0 
27811.29 0.37 0.0 
27911.47 0.58 0.0 
27967.15 0.35 0.0 
28364.75 0.31 0.0 
28368.07 0.34 0.0 
28368.06 0.48 0.0 
28373.53 0.43 0.0 
29186.27 0.31 0.0 
29258.10 0.70 0.0 
29223.91 0.49 0.0 
29258.11 0.64 0.0 
29625.80 0.38 0.0 
30076.63 0.82 0.0 
30076.62 0.80 0.0 
30670.41 0.41 0.0 
30670.45 0.61 0.0 
30645.16 0.40 0.0 
30839.93 0.31 0.0 
31247.85 0.63 0.0 
31650.78 0.81 0.0 
32081.75 0.40 0.0 
32761.93 0.36 0.0 
32781.50 0.54 0.0 
32781.53 0.48 0.0 
33382.95 0.31 0.0 
33309.19 0.36 0.0 
34125.67 0.46 0.0 
34290.75 0.40 0.0 
34444.17 0.36 0.0 
34444.19 0.35 0.0 
34635.45 0.52 0.0 
35027.52 0.71 0.0 
35208.69 0.56 0.0 
35208.63 0.48 0.0 
35918.41 0.31 0.0 
35918.39 0.39 0.0 
36570.38 0.84 0.0 
36788.56 0.60 0.0 
36794.52 0.49 0.0 
36841.77 0.39 0.0 
36812.79 0.83 0.0 
38276.27 0.32 0.0 
38385.45 0.70 0.0 
38385.33 0.39 0.0 
38310.81 0.86 0.0 
38464.55 0.57 0.0 
38567.36 0.61 0.0 
38932.81 0.67 0.0 
38932.81 0.69 0.0 
40744.25 0.45 0.0 
40892.25 0.34 0.0 
40883.24 0.60 0.0 
40889.38 0.40 0.0 
40965.64 0.69 0.0 
41055.59 0.35 0.0 
41055.63 0.52 0.0 
43853.87 0.48 0.0 
43858.51 0.68 0.0 
43906.81 0.61 0.0 
43853.88 0.76 0.0 
43877.23 0.56 0.0 
45091.43 0.52 0.0 
45391.01 0.44 0.0 
45397.11 0.45 0.0 
47655.37 0.50 0.0 
48539.43 0.35 0.0 
48750.51 0.31 0.0 
49211.47 0.50 0.0 
49211.49 0.66 0.0 
49726.79 0.83 0.0 
49726.77 0.45 0.0 
50087.49 0.47 0.0 
50526.75 0.58 0.0 
51165.81 0.90 0.0 
52544.84 0.37 0.0 
52676.28 0.48 0.0 
52785.74 0.87 0.0 
53176.03 0.39 0.0 
53175.97 0.54 0.0 
53309.47 0.45 0.0 
53891.03 0.39 0.0 
53986.65 0.32 0.0 
54809.21 0.30 0.0 
54952.05 0.56 0.0 
54904.33 0.37 0.0 
55338.99 0.60 0.0 
56041.58 0.54 0.0 
56041.54 0.55 0.0 
56010.44 0.43 0.0 
55997.69 0.54 0.0 
56010.35 0.48 0.0 
56191.43 0.46 0.0 
56623.51 0.32 0.0 
58694.60 0.75 0.0 
59770.48 0.39 0.0 
61173.93 0.68 0.0 
61262.91 0.41 0.0 
62498.31 0.36 0.0 
62814.56 0.47 0.0 
63257.67 0.35 0.0 
63257.64 0.64 0.0 
63916.75 0.56 0.0 
63990.45 0.44 0.0 
64457.76 0.77 0.0 
64351.62 0.57 0.0 
64457.81 0.68 0.0 
64556.99 0.30 0.0 
64934.15 0.30 0.0 
65056.84 0.43 0.0 
65056.88 0.51 0.0 
65080.20 0.43 0.0 
65080.23 0.51 0.0 
65400.08 0.61 0.0 
65400.45 0.71 0.0 
65524.60 0.54 0.0 
65674.64 0.38 0.0 
65674.64 0.73 0.0 
65878.99 0.45 0.0 
65874.91 0.47 0.0 
65957.38 0.63 0.0 
66070.55 0.43 0.0 
66070.57 0.37 0.0 
66437.54 0.75 0.0 
66674.37 0.45 0.0 
67238.85 0.46 0.0 
67238.81 0.62 0.0 
67379.89 0.54 0.0 
67529.45 0.34 0.0 
67725.79 0.42 0.0 
67751.89 0.43 0.0 
67751.89 0.44 0.0 
73335.51 0.33 0.0 
73598.53 0.66 0.0 
73633.19 0.51 0.0 
73633.20 0.66 0.0 
73590.53 0.63 0.0 
73598.53 0.76 0.0 
85891.10 0.40 0.0 
85899.85 0.68 0.0 
85891.07 0.44 0.0 
85899.81 0.49 0.0 
