28.39 0.77 0.0 
28.39 0.38 0.0 
95.15 0.64 0.0 
95.16 0.52 0.0 
493.37 0.33 0.0 
584.92 0.32 0.0 
824.51 0.68 0.0 
933.04 0.41 0.0 
933.08 0.31 0.0 
1090.25 0.33 0.0 
1198.96 0.83 0.0 
1213.36 0.79 0.0 
1198.91 0.44 0.0 
1161.92 0.45 0.0 
1184.37 0.39 0.0 
1313.81 0.36 0.0 
1463.41 0.47 0.0 
1525.15 0.61 0.0 
1789.93 0.54 0.0 
1870.97 0.48 0.0 
1870.97 0.37 0.0 
2293.21 0.35 0.0 
2258.93 0.45 0.0 
3223.45 0.32 0.0 
3556.72 0.31 0.0 
3883.07 0.49 0.0 
3957.92 0.32 0.0 
3899.51 0.32 0.0 
4197.13 0.64 0.0 
4205.72 0.40 0.0 
4212.88 0.63 0.0 
4197.19 0.76 0.0 
4539.88 0.49 0.0 
4715.97 0.62 0.0 
4871.04 0.50 0.0 
4871.01 0.56 0.0 
4892.44 0.32 0.0 
4902.41 0.37 0.0 
5052.19 0.39 0.0 
5097.47 0.36 0.0 
5118.80 0.45 0.0 
5423.88 0.61 0.0 
5378.77 0.49 0.0 
5378.76 0.74 0.0 
5516.89 0.50 0.0 
5554.73 0.34 0.0 
5570.84 0.44 0.0 
5578.53 0.31 0.0 
5727.04 0.31 0.0 
5728.00 0.62 0.0 
5789.01 0.42 0.0 
5882.56 0.74 0.0 
6013.81 0.42 0.0 
5958.68 0.66 0.0 
5958.68 0.57 0.0 
5983.73 0.33 0.0 
6171.47 0.40 0.0 
6179.12 0.48 0.0 
6795.89 0.64 0.0 
6873.09 0.59 0.0 
6912.59 0.58 0.0 
6873.12 0.53 0.0 
6988.32 0.53 0.0 
7212.61 0.32 0.0 
7330.60 0.30 0.0 
7348.62 0.76 0.0 
7348.52 0.47 0.0 
7467.59 0.38 0.0 
7401.76 0.45 0.0 
7401.76 0.64 0.0 
7526.89 0.47 0.0 
7692.93 0.34 0.0 
7647.77 0.64 0.0 
7618.43 0.36 0.0 
7992.81 0.40 0.0 
8364.85 0.47 0.0 
8364.83 0.59 0.0 
8532.24 0.32 0.0 
8488.60 0.45 0.0 
8786.87 0.30 0.0 
8833.89 0.39 0.0 
8833.92 0.52 0.0 
8987.93 0.54 0.0 
8975.17 0.43 0.0 
9366.00 0.66 0.0 
9366.03 0.66 0.0 
9729.83 0.56 0.0 
9782.17 0.54 0.0 
9897.20 0.58 0.0 
10092.73 0.37 0.0 
10106.79 0.32 0.0 
10917.25 0.33 0.0 
10859.48 0.34 0.0 
11127.77 0.48 0.0 
11530.11 0.74 0.0 
11530.08 0.43 0.0 
11502.81 0.65 0.0 
12067.52 0.42 0.0 
12156.83 0.59 0.0 
12520.80 0.64 0.0 
12462.88 0.37 0.0 
13036.05 0.32 0.0 
14077.79 0.92 0.0 
14087.20 0.94 0.0 
14087.22 0.75 0.0 
14459.04 0.46 0.0 
14457.17 0.40 0.0 
14459.07 0.46 0.0 
14905.97 0.62 0.0 
15207.84 0.42 0.0 
15456.73 0.61 0.0 
15445.40 0.35 0.0 
15462.43 0.74 0.0 
16013.09 0.43 0.0 
16048.16 0.47 0.0 
16391.01 0.73 0.0 
16514.40 0.66 0.0 
16559.96 0.39 0.0 
17052.96 0.76 0.0 
17397.79 0.53 0.0 
17616.77 0.58 0.0 
17616.79 0.63 0.0 
17995.17 0.44 0.0 
18050.83 0.37 0.0 
18050.85 0.44 0.0 
18274.09 0.45 0.0 
19378.57 0.40 0.0 
19378.52 0.78 0.0 
19925.43 0.53 0.0 
19934.13 0.71 0.0 
19925.41 0.36 0.0 
19959.49 0.63 0.0 
20059.68 0.41 0.0 
19959.49 0.61 0.0 
20059.64 0.40 0.0 
20082.52 0.75 0.0 
20803.10 0.90 0.0 
21132.69 0.33 0.0 
21213.01 0.39 0.0 
21372.81 0.57 0.0 
21327.89 0.63 0.0 
21327.89 0.43 0.0 
21399.29 0.39 0.0 
21519.45 0.36 0.0 
21562.79 0.38 0.0 
21519.48 0.44 0.0 
21851.86 0.41 0.0 
21862.08 0.33 0.0 
21862.07 0.64 0.0 
22329.29 0.50 0.0 
22392.27 0.67 0.0 
22517.62 0.45 0.0 
22496.08 0.74 0.0 
22517.61 0.55 0.0 
22696.99 0.49 0.0 
22712.01 0.43 0.0 
22728.57 0.34 0.0 
22711.93 0.55 0.0 
22728.57 0.30 0.0 
22735.29 0.32 0.0 
22926.12 0.31 0.0 
22952.21 0.43 0.0 
23719.69 0.74 0.0 
23719.69 0.69 0.0 
23816.83 0.52 0.0 
23860.60 0.57 0.0 
24643.09 0.94 0.0 
24689.47 0.93 0.0 
24643.10 0.85 0.0 
24689.44 0.78 0.0 
24703.88 0.31 0.0 
25046.99 0.35 0.0 
25124.00 0.30 0.0 
25273.90 0.92 0.0 
25273.97 0.38 0.0 
26157.59 0.38 0.0 
26139.97 0.30 0.0 
26244.37 0.54 0.0 
26532.61 0.33 0.0 
26652.32 0.48 0.0 
27447.11 0.42 0.0 
27599.15 0.48 0.0 
27644.19 0.88 0.0 
27583.87 0.67 0.0 
27650.72 0.42 0.0 
27644.15 0.60 0.0 
27966.93 0.40 0.0 
27940.48 0.76 0.0 
28364.76 0.60 0.0 
28765.89 0.60 0.0 
28765.93 0.31 0.0 
29186.28 0.42 0.0 
29254.69 0.74 0.0 
29254.73 0.31 0.0 
29609.06 0.88 0.0 
29844.02 0.90 0.0 
29844.04 0.91 0.0 
30075.92 0.81 0.0 
30075.91 0.81 0.0 
30618.01 0.41 0.0 
30617.99 0.31 0.0 
30665.33 0.39 0.0 
30838.13 0.33 0.0 
30910.03 0.51 0.0 
30986.48 0.35 0.0 
31010.53 0.38 0.0 
31256.73 0.57 0.0 
31613.18 0.35 0.0 
31613.21 0.59 0.0 
32758.03 0.33 0.0 
32779.05 0.37 0.0 
33058.69 0.43 0.0 
33058.60 0.86 0.0 
33794.21 0.32 0.0 
34857.83 0.58 0.0 
35184.71 0.66 0.0 
35212.85 0.52 0.0 
35384.13 0.75 0.0 
35918.17 0.42 0.0 
36782.85 0.58 0.0 
36826.52 0.45 0.0 
36782.89 0.58 0.0 
38276.06 0.36 0.0 
38276.05 0.74 0.0 
38444.27 0.32 0.0 
38565.07 0.46 0.0 
38651.24 0.61 0.0 
38651.25 0.50 0.0 
40735.81 0.40 0.0 
40889.32 0.64 0.0 
40889.36 0.74 0.0 
41052.91 0.37 0.0 
43827.94 0.89 0.0 
43851.05 0.44 0.0 
43851.08 0.48 0.0 
43858.50 0.64 0.0 
45391.04 0.31 0.0 
46494.80 0.69 0.0 
47655.09 0.30 0.0 
47618.72 0.58 0.0 
47864.09 0.57 0.0 
48329.57 0.40 0.0 
48535.24 0.70 0.0 
48535.24 0.74 0.0 
48658.29 0.44 0.0 
48792.36 0.47 0.0 
48838.61 0.57 0.0 
48888.44 0.58 0.0 
49196.81 0.33 0.0 
49204.57 0.33 0.0 
49204.57 0.34 0.0 
49210.12 0.34 0.0 
49196.85 0.87 0.0 
49430.05 0.32 0.0 
49725.97 0.62 0.0 
51131.13 0.41 0.0 
51119.60 0.62 0.0 
52034.04 0.40 0.0 
52708.23 0.43 0.0 
52674.32 0.46 0.0 
52751.50 0.38 0.0 
53170.48 0.34 0.0 
53890.96 0.71 0.0 
54133.71 0.52 0.0 
54147.41 0.38 0.0 
54370.33 0.33 0.0 
54576.04 0.40 0.0 
54576.05 0.30 0.0 
54947.75 0.31 0.0 
54974.00 0.54 0.0 
55014.00 0.34 0.0 
56037.03 0.40 0.0 
56055.44 0.37 0.0 
56080.69 0.40 0.0 
56009.11 0.73 0.0 
56323.92 0.57 0.0 
56322.05 0.30 0.0 
56503.40 0.68 0.0 
56623.28 0.70 0.0 
58574.55 0.35 0.0 
58694.59 0.57 0.0 
59234.44 0.39 0.0 
59323.05 0.46 0.0 
59682.77 0.76 0.0 
60139.05 0.49 0.0 
60190.89 0.48 0.0 
60702.09 0.53 0.0 
60839.12 0.76 0.0 
60941.41 0.38 0.0 
60941.40 0.46 0.0 
61196.32 0.68 0.0 
61409.40 0.72 0.0 
61373.72 0.67 0.0 
62548.89 0.36 0.0 
62812.35 0.49 0.0 
63719.29 0.34 0.0 
63659.01 0.35 0.0 
63835.71 0.50 0.0 
64128.14 0.31 0.0 
64454.21 0.45 0.0 
64454.28 0.74 0.0 
64432.77 0.34 0.0 
64550.92 0.35 0.0 
64584.39 0.31 0.0 
64930.83 0.46 0.0 
64930.87 0.58 0.0 
65049.44 0.54 0.0 
64978.68 0.76 0.0 
65074.69 0.56 0.0 
65074.73 0.68 0.0 
65397.87 0.32 0.0 
65523.04 0.32 0.0 
65531.13 0.44 0.0 
65523.04 0.31 0.0 
65671.84 0.35 0.0 
65671.80 0.38 0.0 
65870.08 0.50 0.0 
65879.04 0.47 0.0 
66011.64 0.77 0.0 
66068.77 0.38 0.0 
66088.04 0.62 0.0 
66290.87 0.50 0.0 
67017.69 0.45 0.0 
67235.97 0.38 0.0 
67378.05 0.56 0.0 
67378.07 0.50 0.0 
67528.79 0.48 0.0 
67748.89 0.53 0.0 
67748.88 0.63 0.0 
68145.96 0.74 0.0 
68146.00 0.51 0.0 
72734.80 0.71 0.0 
73318.29 0.38 0.0 
73595.77 0.62 0.0 
73595.73 0.75 0.0 
73619.45 0.33 0.0 
85897.13 0.57 0.0 
85918.56 0.69 0.0 
85897.16 0.57 0.0 
86111.85 0.75 0.0 
