122.83 0.41 0.0 
622.32 0.43 0.0 
745.85 0.35 0.0 
1108.94 0.43 0.0 
1471.83 0.31 0.0 
1543.49 0.35 0.0 
1471.80 0.32 0.0 
1779.92 0.65 0.0 
2298.97 0.42 0.0 
3024.07 0.43 0.0 
5559.59 0.32 0.0 
6625.21 0.32 0.0 
7484.49 0.80 0.0 
7649.28 0.48 0.0 
8845.44 0.42 0.0 
9097.88 0.41 0.0 
9448.20 0.30 0.0 
13754.37 0.59 0.0 
14230.36 0.51 0.0 
14952.68 0.31 0.0 
15479.05 0.68 0.0 
15597.73 0.44 0.0 
16509.49 0.38 0.0 
17532.41 0.38 0.0 
18233.84 0.49 0.0 
19758.65 0.49 0.0 
20334.77 0.49 0.0 
26786.25 0.31 0.0 
29907.85 0.32 0.0 
30042.61 0.34 0.0 
31595.61 0.30 0.0 
31736.08 0.45 0.0 
32504.51 0.51 0.0 
32848.03 0.31 0.0 
34496.93 0.43 0.0 
35544.61 0.63 0.0 
36023.43 0.40 0.0 
39986.69 0.41 0.0 
40438.53 0.32 0.0 
41868.13 0.32 0.0 
42386.20 0.33 0.0 
43607.90 0.51 0.0 
46011.45 0.35 0.0 
46253.87 0.42 0.0 
46963.69 0.42 0.0 
47233.32 0.41 0.0 
47456.65 0.47 0.0 
48178.97 0.46 0.0 
49615.19 0.35 0.0 
50811.76 0.38 0.0 
51192.09 0.36 0.0 
53847.89 0.49 0.0 
54565.49 0.40 0.0 
54537.44 0.50 0.0 
54617.79 0.59 0.0 
56379.91 0.30 0.0 
56470.73 0.40 0.0 
56924.20 0.41 0.0 
57012.81 0.58 0.0 
57098.32 0.40 0.0 
57387.71 0.53 0.0 
58469.44 0.38 0.0 
58718.68 0.33 0.0 
59263.13 0.38 0.0 
59801.88 0.34 0.0 
60161.29 0.44 0.0 
60161.25 0.57 0.0 
60700.24 0.39 0.0 
61329.37 0.46 0.0 
61691.97 0.33 0.0 
61962.91 0.36 0.0 
62052.20 0.33 0.0 
62592.81 0.38 0.0 
64124.24 0.50 0.0 
64483.01 0.48 0.0 
64813.72 0.57 0.0 
66373.28 0.65 0.0 
66903.37 0.47 0.0 
67002.57 0.40 0.0 
70146.91 0.46 0.0 
70764.91 0.49 0.0 
70764.91 0.50 0.0 
71993.04 0.58 0.0 
72042.73 0.43 0.0 
72131.88 0.62 0.0 
72490.72 0.35 0.0 
73182.88 0.68 0.0 
73961.16 0.60 0.0 
74216.52 0.55 0.0 
75431.39 0.51 0.0 
77954.17 0.34 0.0 
79781.84 0.40 0.0 
80381.12 0.32 0.0 
82406.81 0.52 0.0 
84669.05 0.59 0.0 
84596.02 0.49 0.0 
84798.65 0.32 0.0 
84718.14 0.60 0.0 
85872.19 0.50 0.0 
85824.57 0.33 0.0 
86054.29 0.70 0.0 
