141.51 0.74 0.0 
70.05 0.39 0.0 
141.52 0.77 0.0 
599.50 0.88 0.0 
599.54 0.52 0.0 
996.03 0.35 0.0 
1394.71 0.33 0.0 
1595.35 0.67 0.0 
1595.35 0.85 0.0 
1712.80 0.32 0.0 
1936.41 0.52 0.0 
2132.79 0.83 0.0 
2125.99 0.33 0.0 
2665.47 0.31 0.0 
2740.95 0.35 0.0 
2741.11 0.44 0.0 
3330.88 0.31 0.0 
3710.75 0.63 0.0 
3710.72 0.48 0.0 
3717.91 0.41 0.0 
4001.37 0.31 0.0 
4709.91 0.47 0.0 
5294.83 0.41 0.0 
5196.00 0.53 0.0 
6045.48 0.81 0.0 
6069.36 0.45 0.0 
6069.35 0.52 0.0 
6169.36 0.31 0.0 
6257.75 0.39 0.0 
6365.59 0.53 0.0 
8033.55 0.35 0.0 
9076.67 0.59 0.0 
9737.43 0.39 0.0 
10580.03 0.34 0.0 
10679.33 0.48 0.0 
10596.15 0.36 0.0 
10921.36 0.37 0.0 
11023.84 0.39 0.0 
11090.92 0.83 0.0 
11090.93 0.70 0.0 
11264.80 0.37 0.0 
11696.40 0.83 0.0 
11749.14 0.80 0.0 
11749.12 0.49 0.0 
11696.40 0.54 0.0 
11796.19 0.40 0.0 
11896.62 0.77 0.0 
11896.64 0.81 0.0 
12014.07 0.33 0.0 
12014.15 0.34 0.0 
11948.36 0.53 0.0 
12524.46 0.34 0.0 
12783.91 0.38 0.0 
13652.56 0.85 0.0 
13781.91 0.43 0.0 
13781.95 0.61 0.0 
13848.13 0.36 0.0 
14131.99 0.31 0.0 
14568.29 0.30 0.0 
14872.52 0.70 0.0 
14872.53 0.51 0.0 
14864.73 0.49 0.0 
15198.88 0.41 0.0 
15396.05 0.30 0.0 
15887.79 0.39 0.0 
15887.80 0.35 0.0 
16349.59 0.52 0.0 
16349.57 0.44 0.0 
16769.51 0.32 0.0 
16873.93 0.33 0.0 
16901.46 0.60 0.0 
16901.47 0.30 0.0 
17426.34 0.71 0.0 
19067.31 0.46 0.0 
19469.67 0.56 0.0 
19586.63 0.77 0.0 
19586.63 0.67 0.0 
20308.59 0.33 0.0 
20618.19 0.33 0.0 
21255.51 0.56 0.0 
21278.11 0.32 0.0 
21614.75 0.59 0.0 
21839.95 0.32 0.0 
22372.42 0.32 0.0 
22372.35 0.36 0.0 
22621.95 0.44 0.0 
23030.08 0.64 0.0 
23030.07 0.62 0.0 
23145.77 0.41 0.0 
25125.55 0.72 0.0 
25584.56 0.47 0.0 
25584.53 0.30 0.0 
25958.11 0.48 0.0 
26150.71 0.39 0.0 
27665.75 0.32 0.0 
27665.77 0.45 0.0 
28157.07 0.50 0.0 
28452.55 0.41 0.0 
28583.57 0.47 0.0 
28583.55 0.39 0.0 
29042.03 0.42 0.0 
29042.09 0.54 0.0 
29882.27 0.43 0.0 
30540.03 0.61 0.0 
30516.27 0.39 0.0 
30649.42 0.74 0.0 
30993.49 0.56 0.0 
30993.48 0.60 0.0 
31687.67 0.37 0.0 
31787.63 0.50 0.0 
31821.69 0.49 0.0 
31757.91 0.68 0.0 
31766.69 0.34 0.0 
31966.03 0.36 0.0 
32063.81 0.67 0.0 
32063.80 0.68 0.0 
32086.51 0.44 0.0 
32134.63 0.44 0.0 
32844.79 0.48 0.0 
33134.32 0.67 0.0 
33799.24 0.35 0.0 
33799.23 0.52 0.0 
34187.77 0.40 0.0 
35068.65 0.39 0.0 
35074.60 0.59 0.0 
35417.43 0.38 0.0 
35873.40 0.62 0.0 
35895.19 0.39 0.0 
35873.40 0.40 0.0 
35995.50 0.44 0.0 
36197.91 0.55 0.0 
36646.17 0.47 0.0 
37449.15 0.30 0.0 
37449.19 0.34 0.0 
37724.69 0.41 0.0 
38271.79 0.72 0.0 
38271.79 0.85 0.0 
38247.28 0.31 0.0 
38637.97 0.56 0.0 
39176.12 0.68 0.0 
39176.12 0.64 0.0 
39389.87 0.59 0.0 
40240.31 0.52 0.0 
40240.31 0.38 0.0 
40414.23 0.47 0.0 
40532.83 0.30 0.0 
40694.43 0.35 0.0 
40596.03 0.35 0.0 
40747.19 0.33 0.0 
41768.27 0.46 0.0 
41780.02 0.69 0.0 
41719.78 0.58 0.0 
41780.05 0.71 0.0 
41719.83 0.34 0.0 
42065.35 0.37 0.0 
42284.73 0.55 0.0 
42519.95 0.38 0.0 
42689.16 0.65 0.0 
42797.73 0.48 0.0 
42797.70 0.52 0.0 
43308.36 0.68 0.0 
43526.43 0.33 0.0 
43578.11 0.38 0.0 
43941.03 0.38 0.0 
43959.23 0.31 0.0 
44834.63 0.58 0.0 
44834.59 0.35 0.0 
45973.11 0.54 0.0 
45973.15 0.67 0.0 
46180.36 0.50 0.0 
47219.79 0.31 0.0 
47238.59 0.36 0.0 
47327.35 0.31 0.0 
48214.17 0.55 0.0 
48214.11 0.33 0.0 
48305.16 0.34 0.0 
48305.16 0.66 0.0 
48844.84 0.53 0.0 
49111.26 0.65 0.0 
49188.08 0.49 0.0 
49111.30 0.75 0.0 
49289.47 0.35 0.0 
49677.15 0.36 0.0 
50088.15 0.35 0.0 
50088.28 0.40 0.0 
50814.44 0.37 0.0 
50814.45 0.60 0.0 
51100.35 0.38 0.0 
51209.33 0.61 0.0 
51176.83 0.32 0.0 
51209.31 0.47 0.0 
51539.71 0.32 0.0 
51637.50 0.86 0.0 
51637.48 0.79 0.0 
51967.99 0.38 0.0 
51968.01 0.40 0.0 
51959.15 0.37 0.0 
52249.01 0.33 0.0 
52284.87 0.49 0.0 
52248.97 0.55 0.0 
53268.67 0.37 0.0 
53745.71 0.49 0.0 
54287.63 0.30 0.0 
54585.37 0.69 0.0 
54722.87 0.33 0.0 
54734.21 0.36 0.0 
60502.57 0.40 0.0 
64762.91 0.37 0.0 
64762.86 0.41 0.0 
65339.85 0.51 0.0 
65667.66 0.32 0.0 
65689.95 0.31 0.0 
66078.14 0.91 0.0 
66078.14 0.92 0.0 
66529.49 0.33 0.0 
66557.60 0.34 0.0 
66868.29 0.46 0.0 
66856.64 0.69 0.0 
66898.83 0.37 0.0 
67238.88 0.51 0.0 
67257.25 0.48 0.0 
67375.95 0.52 0.0 
67387.09 0.79 0.0 
67392.65 0.37 0.0 
67427.87 0.45 0.0 
67442.45 0.58 0.0 
67442.45 0.69 0.0 
67460.08 0.58 0.0 
67415.73 0.59 0.0 
67427.87 0.35 0.0 
67387.11 0.52 0.0 
67359.29 0.60 0.0 
67375.98 0.37 0.0 
67460.16 0.58 0.0 
67466.15 0.48 0.0 
67407.51 0.35 0.0 
67415.65 0.46 0.0 
67485.63 0.67 0.0 
67489.97 0.42 0.0 
67503.21 0.76 0.0 
67514.59 0.65 0.0 
67572.13 0.87 0.0 
67572.15 0.48 0.0 
67503.20 0.87 0.0 
67514.55 0.50 0.0 
67485.73 0.54 0.0 
67586.71 0.49 0.0 
67527.71 0.32 0.0 
67665.39 0.35 0.0 
67688.28 0.74 0.0 
67688.26 0.77 0.0 
67698.81 0.70 0.0 
67707.85 0.48 0.0 
67698.79 0.54 0.0 
67707.89 0.43 0.0 
67716.35 0.37 0.0 
67727.59 0.40 0.0 
67733.31 0.31 0.0 
67773.65 0.72 0.0 
67746.69 0.43 0.0 
67716.31 0.44 0.0 
67727.56 0.71 0.0 
67733.27 0.35 0.0 
67816.76 0.66 0.0 
67773.62 0.75 0.0 
67845.81 0.57 0.0 
67845.77 0.38 0.0 
67882.49 0.61 0.0 
67973.85 0.34 0.0 
67973.83 0.34 0.0 
68525.11 0.48 0.0 
68838.20 0.65 0.0 
69979.16 0.63 0.0 
70030.80 0.49 0.0 
70030.77 0.50 0.0 
70115.01 0.42 0.0 
70136.27 0.30 0.0 
70198.93 0.43 0.0 
70222.31 0.42 0.0 
70110.51 0.68 0.0 
70115.17 0.49 0.0 
70233.86 0.53 0.0 
70239.41 0.53 0.0 
70312.15 0.64 0.0 
70317.49 0.56 0.0 
70329.78 0.32 0.0 
70329.80 0.62 0.0 
70345.29 0.59 0.0 
70300.71 0.43 0.0 
70312.21 0.72 0.0 
70317.48 0.70 0.0 
70266.09 0.44 0.0 
70233.87 0.51 0.0 
70239.43 0.49 0.0 
70358.29 0.77 0.0 
70300.69 0.64 0.0 
70369.72 0.81 0.0 
70389.57 0.55 0.0 
70437.37 0.57 0.0 
70414.84 0.48 0.0 
70421.47 0.67 0.0 
70437.34 0.64 0.0 
70389.56 0.78 0.0 
70402.87 0.45 0.0 
70358.23 0.35 0.0 
70363.77 0.73 0.0 
70369.72 0.86 0.0 
70477.33 0.54 0.0 
70402.87 0.74 0.0 
70414.80 0.47 0.0 
70421.47 0.60 0.0 
70496.36 0.49 0.0 
70497.22 0.41 0.0 
70509.45 0.42 0.0 
70553.77 0.50 0.0 
70563.13 0.65 0.0 
70563.13 0.74 0.0 
70577.45 0.45 0.0 
70533.57 0.44 0.0 
70539.14 0.82 0.0 
70553.75 0.50 0.0 
70471.35 0.62 0.0 
70477.38 0.55 0.0 
70490.81 0.58 0.0 
70496.35 0.45 0.0 
70497.27 0.37 0.0 
70577.46 0.47 0.0 
70600.05 0.35 0.0 
70605.51 0.65 0.0 
70612.45 0.67 0.0 
70666.43 0.43 0.0 
70701.65 0.69 0.0 
70666.46 0.70 0.0 
70600.05 0.38 0.0 
70612.41 0.64 0.0 
70701.65 0.68 0.0 
70717.51 0.39 0.0 
70717.51 0.40 0.0 
70724.73 0.49 0.0 
70762.61 0.48 0.0 
70942.05 0.30 0.0 
70935.87 0.58 0.0 
70936.53 0.40 0.0 
70942.05 0.58 0.0 
71414.50 0.63 0.0 
71429.03 0.47 0.0 
71419.64 0.39 0.0 
71429.00 0.54 0.0 
71476.05 0.35 0.0 
71567.51 0.54 0.0 
71796.03 0.31 0.0 
71951.35 0.44 0.0 
71955.44 0.70 0.0 
72163.87 0.45 0.0 
72333.20 0.75 0.0 
72333.15 0.63 0.0 
72599.91 0.32 0.0 
73333.35 0.48 0.0 
73510.71 0.34 0.0 
74949.99 0.36 0.0 
83660.21 0.51 0.0 
84764.68 0.70 0.0 
84764.68 0.41 0.0 
85647.43 0.44 0.0 
85937.73 0.41 0.0 
86333.27 0.42 0.0 
86339.95 0.51 0.0 
