131.29 0.60 0.0 
119.08 0.36 0.0 
68.00 0.35 0.0 
388.27 0.33 0.0 
298.43 0.44 0.0 
495.21 0.87 0.0 
595.31 0.77 0.0 
595.32 0.85 0.0 
599.51 0.36 0.0 
733.89 0.44 0.0 
1019.51 0.47 0.0 
1318.39 0.41 0.0 
1592.33 0.48 0.0 
1592.32 0.90 0.0 
1741.09 0.35 0.0 
1741.08 0.36 0.0 
1940.33 0.36 0.0 
2009.21 0.34 0.0 
2130.89 0.52 0.0 
2264.60 0.73 0.0 
2399.41 0.54 0.0 
2737.75 0.67 0.0 
2803.91 0.30 0.0 
2737.77 0.55 0.0 
2918.71 0.32 0.0 
3179.08 0.49 0.0 
3209.45 0.59 0.0 
3179.12 0.84 0.0 
3297.75 0.43 0.0 
3408.57 0.56 0.0 
3709.03 0.32 0.0 
3696.79 0.41 0.0 
3710.76 0.34 0.0 
3717.94 0.57 0.0 
4454.21 0.49 0.0 
4381.99 0.31 0.0 
4706.77 0.39 0.0 
4974.03 0.39 0.0 
5193.05 0.42 0.0 
5193.07 0.81 0.0 
5263.45 0.73 0.0 
5876.68 0.30 0.0 
6255.85 0.38 0.0 
6361.12 0.31 0.0 
6401.88 0.67 0.0 
6344.33 0.52 0.0 
6839.04 0.73 0.0 
7027.05 0.56 0.0 
7092.68 0.65 0.0 
7799.33 0.70 0.0 
7784.51 0.72 0.0 
7934.93 0.39 0.0 
8030.67 0.52 0.0 
8084.37 0.36 0.0 
8183.64 0.38 0.0 
8354.51 0.34 0.0 
8953.64 0.49 0.0 
9674.36 0.67 0.0 
10227.01 0.31 0.0 
10199.03 0.57 0.0 
10139.38 0.35 0.0 
10679.28 0.41 0.0 
10843.29 0.33 0.0 
11062.49 0.45 0.0 
11086.41 0.39 0.0 
11157.68 0.67 0.0 
11693.87 0.68 0.0 
11747.08 0.84 0.0 
11747.03 0.53 0.0 
11693.89 0.49 0.0 
11793.07 0.53 0.0 
11793.09 0.37 0.0 
12014.05 0.43 0.0 
12524.40 0.52 0.0 
13049.25 0.32 0.0 
13136.47 0.32 0.0 
13651.02 0.93 0.0 
13778.07 0.50 0.0 
13777.31 0.35 0.0 
13778.09 0.55 0.0 
14097.91 0.45 0.0 
14713.99 0.48 0.0 
14870.13 0.31 0.0 
14952.69 0.36 0.0 
15520.81 0.35 0.0 
15749.53 0.34 0.0 
15763.80 0.59 0.0 
15930.01 0.49 0.0 
16346.93 0.73 0.0 
16346.91 0.32 0.0 
16873.96 0.39 0.0 
16900.13 0.32 0.0 
16900.12 0.46 0.0 
17219.51 0.54 0.0 
17425.27 0.62 0.0 
17517.87 0.45 0.0 
17860.64 0.67 0.0 
17996.53 0.68 0.0 
19064.48 0.74 0.0 
19466.71 0.96 0.0 
19466.73 0.44 0.0 
19483.93 0.40 0.0 
19585.15 0.78 0.0 
19585.13 0.62 0.0 
19731.99 0.52 0.0 
19755.64 0.68 0.0 
20142.18 0.38 0.0 
20308.55 0.61 0.0 
20308.51 0.36 0.0 
20413.07 0.43 0.0 
20942.63 0.38 0.0 
21072.13 0.51 0.0 
21119.51 0.58 0.0 
21447.48 0.88 0.0 
21611.28 0.46 0.0 
21643.32 0.31 0.0 
21673.52 0.49 0.0 
21853.57 0.79 0.0 
22169.31 0.30 0.0 
22723.77 0.34 0.0 
23027.64 0.77 0.0 
23027.65 0.71 0.0 
23127.55 0.42 0.0 
23879.19 0.61 0.0 
24024.00 0.60 0.0 
24023.96 0.52 0.0 
24144.45 0.31 0.0 
24574.23 0.32 0.0 
24688.16 0.55 0.0 
24823.57 0.38 0.0 
24823.55 0.49 0.0 
25062.59 0.34 0.0 
25581.17 0.34 0.0 
25874.59 0.61 0.0 
25953.05 0.35 0.0 
25953.04 0.35 0.0 
26229.80 0.73 0.0 
26292.49 0.48 0.0 
26317.79 0.36 0.0 
26328.11 0.50 0.0 
26399.57 0.47 0.0 
26533.73 0.48 0.0 
26773.12 0.39 0.0 
26801.07 0.56 0.0 
26801.03 0.38 0.0 
26921.45 0.39 0.0 
27209.32 0.71 0.0 
27449.01 0.49 0.0 
27693.16 0.35 0.0 
28438.32 0.48 0.0 
28580.63 0.93 0.0 
28580.65 0.82 0.0 
28679.48 0.45 0.0 
28814.29 0.38 0.0 
29041.44 0.53 0.0 
29442.20 0.47 0.0 
29606.79 0.47 0.0 
29774.29 0.35 0.0 
29742.11 0.78 0.0 
30209.12 0.82 0.0 
30389.25 0.43 0.0 
30507.35 0.52 0.0 
30554.35 0.45 0.0 
30648.24 0.61 0.0 
30740.39 0.40 0.0 
30792.09 0.54 0.0 
30989.14 0.48 0.0 
31062.95 0.36 0.0 
31336.12 0.35 0.0 
31785.55 0.58 0.0 
31819.33 0.30 0.0 
31785.52 0.33 0.0 
31766.69 0.42 0.0 
31819.36 0.45 0.0 
31887.43 0.46 0.0 
31904.28 0.71 0.0 
32063.04 0.82 0.0 
32063.04 0.47 0.0 
32623.95 0.50 0.0 
32950.19 0.33 0.0 
33132.97 0.47 0.0 
33854.10 0.44 0.0 
33796.20 0.57 0.0 
34784.17 0.34 0.0 
35065.96 0.56 0.0 
35065.97 0.33 0.0 
35308.20 0.76 0.0 
35502.59 0.87 0.0 
35871.91 0.76 0.0 
35894.59 0.37 0.0 
35871.91 0.69 0.0 
35895.21 0.52 0.0 
36327.34 0.54 0.0 
36401.72 0.36 0.0 
36800.41 0.33 0.0 
37019.05 0.36 0.0 
37138.45 0.50 0.0 
37305.81 0.56 0.0 
37949.38 0.75 0.0 
37859.57 0.47 0.0 
37994.41 0.58 0.0 
38267.11 0.33 0.0 
38277.57 0.55 0.0 
38532.20 0.69 0.0 
38636.55 0.84 0.0 
38608.97 0.33 0.0 
38663.56 0.36 0.0 
38803.52 0.41 0.0 
38923.95 0.31 0.0 
39268.32 0.63 0.0 
39172.36 0.46 0.0 
39404.17 0.45 0.0 
39539.08 0.45 0.0 
40197.49 0.45 0.0 
40236.29 0.48 0.0 
40236.28 0.48 0.0 
40773.65 0.33 0.0 
40783.04 0.68 0.0 
40873.64 0.63 0.0 
40858.30 0.84 0.0 
41264.25 0.57 0.0 
41765.16 0.58 0.0 
41772.75 0.49 0.0 
41765.19 0.36 0.0 
41714.69 0.38 0.0 
41715.97 0.46 0.0 
42281.92 0.71 0.0 
42387.42 0.80 0.0 
42477.59 0.41 0.0 
42519.12 0.38 0.0 
42519.21 0.33 0.0 
42748.72 0.59 0.0 
42687.57 0.50 0.0 
42853.53 0.56 0.0 
42795.71 0.31 0.0 
43332.72 0.62 0.0 
43525.28 0.33 0.0 
43525.29 0.41 0.0 
43660.58 0.86 0.0 
43941.03 0.44 0.0 
43964.16 0.41 0.0 
44439.49 0.30 0.0 
44816.45 0.34 0.0 
44999.84 0.40 0.0 
44968.37 0.32 0.0 
44982.80 0.31 0.0 
45297.20 0.33 0.0 
45525.29 0.64 0.0 
45734.01 0.48 0.0 
45867.72 0.55 0.0 
45913.94 0.73 0.0 
45968.33 0.40 0.0 
45912.96 0.32 0.0 
46178.61 0.33 0.0 
46470.48 0.44 0.0 
46874.41 0.33 0.0 
47157.24 0.48 0.0 
47217.85 0.32 0.0 
47234.93 0.42 0.0 
47444.08 0.78 0.0 
47758.15 0.42 0.0 
47983.96 0.32 0.0 
48210.29 0.90 0.0 
48210.27 0.34 0.0 
49108.03 0.38 0.0 
49457.49 0.56 0.0 
49457.49 0.56 0.0 
50092.24 0.40 0.0 
50092.24 0.51 0.0 
50142.25 0.30 0.0 
50669.45 0.31 0.0 
50813.43 0.54 0.0 
51097.37 0.33 0.0 
51207.80 0.58 0.0 
51207.77 0.53 0.0 
51314.48 0.51 0.0 
51635.27 0.39 0.0 
51689.35 0.49 0.0 
51822.35 0.86 0.0 
51963.72 0.46 0.0 
51964.69 0.32 0.0 
51959.16 0.50 0.0 
51899.59 0.57 0.0 
52494.04 0.45 0.0 
53008.01 0.46 0.0 
53285.32 0.40 0.0 
53293.08 0.33 0.0 
54031.89 0.32 0.0 
54314.08 0.85 0.0 
54583.20 0.74 0.0 
54569.57 0.63 0.0 
54583.15 0.36 0.0 
54718.72 0.50 0.0 
54749.51 0.46 0.0 
54914.49 0.37 0.0 
55496.17 0.52 0.0 
55634.28 0.34 0.0 
58282.56 0.36 0.0 
59606.88 0.46 0.0 
60748.71 0.42 0.0 
64827.24 0.52 0.0 
65442.20 0.34 0.0 
65544.61 0.49 0.0 
65516.52 0.31 0.0 
65489.17 0.75 0.0 
65564.19 0.41 0.0 
65803.89 0.46 0.0 
65924.40 0.85 0.0 
66076.08 0.63 0.0 
66076.23 0.73 0.0 
66643.79 0.70 0.0 
66795.07 0.53 0.0 
66823.83 0.75 0.0 
67188.96 0.40 0.0 
67251.48 0.61 0.0 
67359.17 0.33 0.0 
67381.19 0.55 0.0 
67433.37 0.56 0.0 
67466.15 0.80 0.0 
67381.15 0.45 0.0 
67375.92 0.37 0.0 
67419.34 0.66 0.0 
67489.20 0.70 0.0 
67502.36 0.59 0.0 
67570.83 0.89 0.0 
67570.85 0.55 0.0 
67586.71 0.92 0.0 
67502.32 0.46 0.0 
67527.75 0.75 0.0 
67586.70 0.38 0.0 
67686.92 0.43 0.0 
67693.11 0.72 0.0 
67693.11 0.58 0.0 
67706.72 0.50 0.0 
67652.72 0.46 0.0 
67714.49 0.53 0.0 
67655.52 0.52 0.0 
67727.49 0.47 0.0 
67733.23 0.58 0.0 
67768.78 0.65 0.0 
67724.19 0.36 0.0 
67733.22 0.58 0.0 
67816.12 0.55 0.0 
67764.97 0.49 0.0 
67768.78 0.73 0.0 
67870.99 0.50 0.0 
67875.55 0.53 0.0 
67969.23 0.36 0.0 
68009.51 0.44 0.0 
67973.88 0.36 0.0 
68231.85 0.54 0.0 
68522.25 0.49 0.0 
68487.04 0.37 0.0 
68954.44 0.64 0.0 
69059.49 0.83 0.0 
69164.28 0.96 0.0 
69343.52 0.46 0.0 
69763.93 0.51 0.0 
69869.17 0.32 0.0 
69976.07 0.40 0.0 
70104.11 0.32 0.0 
70027.93 0.33 0.0 
70110.43 0.50 0.0 
70133.05 0.35 0.0 
70193.25 0.42 0.0 
70219.57 0.36 0.0 
70225.81 0.32 0.0 
70113.93 0.50 0.0 
70237.85 0.84 0.0 
70265.99 0.32 0.0 
70274.01 0.72 0.0 
70315.65 0.32 0.0 
70329.73 0.41 0.0 
70334.89 0.34 0.0 
70348.77 0.51 0.0 
70315.71 0.88 0.0 
70261.17 0.55 0.0 
70237.84 0.76 0.0 
70363.71 0.35 0.0 
70292.41 0.47 0.0 
70433.66 0.93 0.0 
70433.65 0.93 0.0 
70385.26 0.33 0.0 
70402.78 0.39 0.0 
70358.20 0.47 0.0 
70379.48 0.35 0.0 
70409.59 0.66 0.0 
70486.26 0.59 0.0 
70490.80 0.38 0.0 
70553.23 0.30 0.0 
70558.74 0.77 0.0 
70530.31 0.30 0.0 
70533.42 0.41 0.0 
70553.28 0.46 0.0 
70558.78 0.39 0.0 
70481.64 0.41 0.0 
70486.23 0.42 0.0 
70496.26 0.42 0.0 
70533.52 0.50 0.0 
70539.11 0.65 0.0 
70609.04 0.36 0.0 
70697.12 0.71 0.0 
70662.10 0.76 0.0 
70649.56 0.39 0.0 
70697.12 0.72 0.0 
70662.09 0.34 0.0 
70762.56 0.58 0.0 
70843.52 0.46 0.0 
70762.53 0.46 0.0 
70948.43 0.51 0.0 
70939.73 0.38 0.0 
70979.18 0.84 0.0 
71107.35 0.32 0.0 
71411.87 0.70 0.0 
71419.57 0.53 0.0 
71547.99 0.45 0.0 
71655.21 0.75 0.0 
71969.09 0.36 0.0 
72163.05 0.44 0.0 
72330.16 0.33 0.0 
72327.27 0.38 0.0 
72327.32 0.40 0.0 
72328.72 0.34 0.0 
72465.33 0.30 0.0 
72821.56 0.31 0.0 
73330.65 0.34 0.0 
75719.53 0.43 0.0 
75689.51 0.32 0.0 
75809.19 0.32 0.0 
83652.72 0.39 0.0 
83744.28 0.84 0.0 
83908.37 0.33 0.0 
84119.26 0.81 0.0 
84085.71 0.40 0.0 
84762.76 0.53 0.0 
84762.71 0.35 0.0 
84933.07 0.32 0.0 
85497.84 0.41 0.0 
85632.53 0.62 0.0 
85643.01 0.56 0.0 
85643.00 0.81 0.0 
