1662.72 0.33 0.0 
4288.53 0.37 0.0 
5066.84 0.37 0.0 
6622.93 0.65 0.0 
8004.85 0.35 0.0 
10827.73 0.41 0.0 
11458.95 0.35 0.0 
11698.95 0.54 0.0 
12449.24 0.37 0.0 
12524.03 0.35 0.0 
15194.43 0.55 0.0 
19483.85 0.50 0.0 
27702.84 0.37 0.0 
32744.35 0.33 0.0 
33494.19 0.63 0.0 
37361.44 0.42 0.0 
37558.92 0.50 0.0 
50092.92 0.55 0.0 
50060.67 0.37 0.0 
51628.48 0.45 0.0 
52619.27 0.52 0.0 
53133.36 0.32 0.0 
53098.35 0.51 0.0 
53967.91 0.42 0.0 
54179.17 0.64 0.0 
54560.09 0.34 0.0 
56188.63 0.59 0.0 
57539.43 0.38 0.0 
76620.89 0.41 0.0 
76744.84 0.31 0.0 
78178.20 0.62 0.0 
84652.45 0.36 0.0 
