87.77 0.48 0.0 
87.80 0.82 0.0 
192.91 0.93 0.0 
342.32 0.83 0.0 
342.23 0.37 0.0 
9163.79 0.76 0.0 
13906.97 0.46 0.0 
14094.48 0.46 0.0 
14608.28 0.66 0.0 
14608.31 0.91 0.0 
14834.32 0.55 0.0 
16787.72 0.48 0.0 
21393.91 0.48 0.0 
21359.01 0.68 0.0 
21643.16 0.70 0.0 
21599.49 0.81 0.0 
21679.57 0.34 0.0 
22618.72 0.42 0.0 
23459.27 0.86 0.0 
23413.56 0.93 0.0 
24973.96 0.33 0.0 
25335.16 0.30 0.0 
25454.08 0.35 0.0 
25787.28 0.73 0.0 
25979.12 0.52 0.0 
27569.28 0.58 0.0 
28094.35 0.86 0.0 
30792.08 0.45 0.0 
30830.13 0.88 0.0 
30830.13 0.79 0.0 
33181.49 0.45 0.0 
35381.80 0.75 0.0 
35381.80 0.64 0.0 
35652.40 0.40 0.0 
35845.60 0.69 0.0 
36556.53 0.58 0.0 
36571.20 0.71 0.0 
36596.45 0.68 0.0 
36771.69 0.36 0.0 
36854.48 0.34 0.0 
36941.68 0.72 0.0 
37286.73 0.47 0.0 
37286.75 0.83 0.0 
37904.81 0.61 0.0 
39025.59 0.86 0.0 
39119.16 0.42 0.0 
39483.59 0.41 0.0 
42512.97 0.43 0.0 
42583.13 0.34 0.0 
43795.25 0.40 0.0 
47324.77 0.41 0.0 
52112.16 0.53 0.0 
62683.89 0.40 0.0 
62668.48 0.31 0.0 
66794.13 0.44 0.0 
67424.45 0.42 0.0 
69543.66 0.48 0.0 
70776.65 0.32 0.0 
70767.25 0.77 0.0 
72149.19 0.85 0.0 
72689.40 0.39 0.0 
73695.40 0.65 0.0 
74858.09 0.64 0.0 
74902.99 0.94 0.0 
74872.76 0.75 0.0 
74879.49 0.44 0.0 
74943.89 0.38 0.0 
75253.81 0.87 0.0 
78129.16 0.32 0.0 
79532.29 0.52 0.0 
81058.89 0.34 0.0 
