128.85 0.38 0.0 
128.87 0.39 0.0 
765.86 0.63 0.0 
740.71 0.40 0.0 
1109.02 0.53 0.0 
1915.60 0.44 0.0 
1915.55 0.35 0.0 
4052.62 0.78 0.0 
6679.87 0.32 0.0 
6755.63 0.31 0.0 
8802.39 0.30 0.0 
8802.35 0.35 0.0 
8944.19 0.33 0.0 
9953.83 0.38 0.0 
11896.35 0.34 0.0 
13952.28 0.39 0.0 
16117.85 0.44 0.0 
18116.21 0.41 0.0 
18954.05 0.39 0.0 
21707.33 0.43 0.0 
23460.97 0.62 0.0 
24075.45 0.73 0.0 
29518.96 0.37 0.0 
29518.97 0.47 0.0 
40575.93 0.50 0.0 
43292.95 0.47 0.0 
46371.73 0.33 0.0 
46695.87 0.40 0.0 
47115.81 0.40 0.0 
48060.92 0.50 0.0 
48106.03 0.44 0.0 
48917.38 0.50 0.0 
49488.49 0.33 0.0 
49488.49 0.38 0.0 
49618.47 0.54 0.0 
49861.96 0.43 0.0 
52118.83 0.37 0.0 
53342.53 0.32 0.0 
53814.97 0.48 0.0 
54242.05 0.32 0.0 
54624.91 0.31 0.0 
55006.45 0.31 0.0 
55667.32 0.49 0.0 
56941.19 0.33 0.0 
57167.55 0.32 0.0 
57211.52 0.62 0.0 
57641.75 0.44 0.0 
57641.73 0.35 0.0 
58186.35 0.32 0.0 
59913.61 0.46 0.0 
60527.05 0.34 0.0 
60814.86 0.32 0.0 
61695.69 0.52 0.0 
61847.73 0.72 0.0 
61847.73 0.66 0.0 
62415.75 0.36 0.0 
62416.69 0.64 0.0 
62505.93 0.52 0.0 
62941.57 0.37 0.0 
64815.77 0.47 0.0 
65236.01 0.44 0.0 
65490.39 0.47 0.0 
66646.68 0.46 0.0 
66746.21 0.36 0.0 
67865.07 0.37 0.0 
68462.63 0.44 0.0 
68621.65 0.55 0.0 
68639.43 0.38 0.0 
70046.71 0.47 0.0 
70146.97 0.34 0.0 
70292.13 0.58 0.0 
70338.43 0.39 0.0 
70766.25 0.79 0.0 
70766.22 0.71 0.0 
70695.45 0.32 0.0 
71505.49 0.66 0.0 
72075.39 0.38 0.0 
72137.52 0.36 0.0 
72315.49 0.62 0.0 
72826.03 0.32 0.0 
75212.80 0.41 0.0 
75212.81 0.54 0.0 
75888.01 0.54 0.0 
76363.45 0.33 0.0 
76997.43 0.36 0.0 
77551.03 0.51 0.0 
78167.85 0.34 0.0 
78341.09 0.38 0.0 
78722.99 0.31 0.0 
79160.35 0.55 0.0 
79921.54 0.71 0.0 
80771.11 0.62 0.0 
80836.53 0.54 0.0 
81195.71 0.37 0.0 
81210.57 0.30 0.0 
81210.57 0.45 0.0 
81772.29 0.35 0.0 
81772.28 0.32 0.0 
82054.27 0.35 0.0 
82054.29 0.45 0.0 
83147.31 0.32 0.0 
84137.35 0.34 0.0 
84595.89 0.38 0.0 
85367.31 0.39 0.0 
