685.01 0.78 0.0 
685.01 0.38 0.0 
610.49 0.39 0.0 
1064.21 0.39 0.0 
4271.54 0.33 0.0 
4437.21 0.31 0.0 
4795.20 0.78 0.0 
4795.20 0.85 0.0 
8187.55 0.43 0.0 
8575.45 0.37 0.0 
8750.41 0.35 0.0 
10149.24 0.38 0.0 
10983.65 0.33 0.0 
10965.95 0.41 0.0 
10983.65 0.40 0.0 
11216.20 0.44 0.0 
11729.63 0.61 0.0 
11663.19 0.80 0.0 
11729.69 0.73 0.0 
11650.43 0.44 0.0 
12077.78 0.97 0.0 
12077.77 0.96 0.0 
12051.49 0.97 0.0 
12051.49 0.97 0.0 
12357.43 0.85 0.0 
12357.39 0.80 0.0 
12805.27 0.60 0.0 
14155.05 0.95 0.0 
14155.06 0.96 0.0 
14507.02 0.97 0.0 
14507.02 0.97 0.0 
14737.45 0.95 0.0 
14737.46 0.93 0.0 
15025.31 0.32 0.0 
15032.85 0.47 0.0 
16167.99 0.82 0.0 
16167.95 0.37 0.0 
16182.44 0.70 0.0 
16182.45 0.33 0.0 
18507.75 0.77 0.0 
18643.55 0.75 0.0 
19303.53 0.47 0.0 
20429.49 0.33 0.0 
21028.25 0.38 0.0 
21814.93 0.33 0.0 
22032.79 0.33 0.0 
22176.11 0.39 0.0 
22123.72 0.40 0.0 
23290.27 0.60 0.0 
25119.41 0.40 0.0 
25128.39 0.79 0.0 
25128.35 0.52 0.0 
25242.77 0.35 0.0 
25456.12 0.62 0.0 
25456.11 0.70 0.0 
25976.77 0.31 0.0 
26679.69 0.56 0.0 
26847.25 0.49 0.0 
26889.76 0.30 0.0 
26889.76 0.41 0.0 
27160.69 0.33 0.0 
27818.07 0.81 0.0 
27818.08 0.54 0.0 
27867.73 0.54 0.0 
27911.81 0.31 0.0 
28108.97 0.35 0.0 
29500.76 0.63 0.0 
30316.44 0.59 0.0 
30299.37 0.43 0.0 
30650.28 0.36 0.0 
30785.40 0.57 0.0 
30742.73 0.49 0.0 
30742.71 0.40 0.0 
30764.03 0.53 0.0 
30785.40 0.80 0.0 
31496.84 0.86 0.0 
31483.48 0.33 0.0 
31553.51 0.57 0.0 
31559.17 0.46 0.0 
31660.73 0.53 0.0 
31754.57 0.57 0.0 
32097.00 0.56 0.0 
32277.11 0.88 0.0 
32435.80 0.41 0.0 
32457.05 0.31 0.0 
32435.81 0.44 0.0 
32819.20 0.86 0.0 
33004.70 0.89 0.0 
33004.70 0.58 0.0 
33090.83 0.54 0.0 
33118.75 0.94 0.0 
33118.74 0.36 0.0 
33423.04 0.46 0.0 
33434.19 0.49 0.0 
33481.76 0.68 0.0 
33481.76 0.41 0.0 
34168.67 0.44 0.0 
34138.99 0.59 0.0 
34234.59 0.32 0.0 
34214.56 0.72 0.0 
34355.24 0.50 0.0 
34355.24 0.76 0.0 
34618.81 0.43 0.0 
35997.31 0.83 0.0 
40542.32 0.72 0.0 
41480.69 0.85 0.0 
41480.69 0.88 0.0 
42509.56 0.48 0.0 
43356.64 0.34 0.0 
46390.80 0.54 0.0 
48387.76 0.75 0.0 
52198.51 0.70 0.0 
52257.63 0.33 0.0 
55396.52 0.35 0.0 
78674.11 0.47 0.0 
79828.28 0.76 0.0 
82574.49 0.32 0.0 
83839.19 0.85 0.0 
83847.74 0.90 0.0 
83847.72 0.85 0.0 
83854.64 0.41 0.0 
83854.64 0.85 0.0 
84018.21 0.32 0.0 
84783.87 0.46 0.0 
85168.96 0.41 0.0 
85274.08 0.34 0.0 
85303.95 0.67 0.0 
85218.36 0.52 0.0 
85274.11 0.95 0.0 
85386.77 0.65 0.0 
85397.99 0.35 0.0 
85342.29 0.70 0.0 
85348.96 0.38 0.0 
85377.91 0.59 0.0 
85359.60 0.47 0.0 
85386.73 0.77 0.0 
85440.95 0.48 0.0 
85469.09 0.82 0.0 
85454.01 0.80 0.0 
85591.62 0.77 0.0 
85767.25 0.31 0.0 
86133.52 0.63 0.0 
