685.06 0.31 0.0 
1459.91 0.31 0.0 
4797.37 0.39 0.0 
6390.44 0.71 0.0 
6390.37 0.57 0.0 
6555.59 0.34 0.0 
8187.63 0.40 0.0 
8579.86 0.62 0.0 
10149.27 0.49 0.0 
10861.24 0.47 0.0 
10815.47 0.35 0.0 
11220.84 0.62 0.0 
11220.79 0.43 0.0 
11709.59 0.36 0.0 
12083.48 0.47 0.0 
12083.42 0.38 0.0 
12057.61 0.54 0.0 
12057.65 0.52 0.0 
12364.51 0.31 0.0 
12364.44 0.38 0.0 
12568.20 0.35 0.0 
12805.31 0.36 0.0 
14155.81 0.62 0.0 
14192.95 0.44 0.0 
14155.76 0.68 0.0 
14508.31 0.46 0.0 
14508.51 0.56 0.0 
14738.60 0.79 0.0 
14738.60 0.80 0.0 
14906.71 0.51 0.0 
14906.70 0.54 0.0 
15039.12 0.57 0.0 
15645.59 0.50 0.0 
16168.47 0.46 0.0 
16183.88 0.32 0.0 
16642.87 0.39 0.0 
22032.85 0.47 0.0 
22176.19 0.37 0.0 
22184.50 0.40 0.0 
24451.75 0.33 0.0 
25130.97 0.38 0.0 
25462.25 0.43 0.0 
25753.67 0.39 0.0 
25772.83 0.46 0.0 
27540.91 0.56 0.0 
27527.91 0.32 0.0 
28562.17 0.38 0.0 
28776.63 0.47 0.0 
28776.60 0.43 0.0 
29041.11 0.60 0.0 
29131.36 0.50 0.0 
29501.91 0.33 0.0 
29641.75 0.80 0.0 
30645.59 0.32 0.0 
30786.67 0.36 0.0 
30804.91 0.40 0.0 
30743.69 0.32 0.0 
30804.95 0.33 0.0 
30743.73 0.42 0.0 
30787.01 0.37 0.0 
32314.09 0.54 0.0 
32815.71 0.31 0.0 
33092.83 0.45 0.0 
33482.35 0.33 0.0 
33936.17 0.30 0.0 
34171.02 0.39 0.0 
34170.94 0.50 0.0 
34288.93 0.31 0.0 
34350.51 0.47 0.0 
35997.32 0.82 0.0 
36111.81 0.39 0.0 
37094.87 0.35 0.0 
37821.57 0.62 0.0 
39264.15 0.31 0.0 
39264.12 0.74 0.0 
39516.99 0.33 0.0 
39720.59 0.54 0.0 
39802.13 0.32 0.0 
40842.73 0.34 0.0 
41487.85 0.49 0.0 
41487.89 0.57 0.0 
46390.80 0.69 0.0 
51497.11 0.36 0.0 
51720.43 0.40 0.0 
53281.22 0.84 0.0 
53281.24 0.54 0.0 
54629.27 0.33 0.0 
75950.88 0.60 0.0 
83328.14 0.66 0.0 
83842.76 0.61 0.0 
84018.37 0.40 0.0 
84783.87 0.61 0.0 
85158.92 0.34 0.0 
85158.96 0.66 0.0 
85297.57 0.48 0.0 
85231.05 0.31 0.0 
85248.17 0.43 0.0 
85248.13 0.54 0.0 
85297.56 0.50 0.0 
85410.79 0.35 0.0 
85445.89 0.45 0.0 
85686.59 0.33 0.0 
86045.12 0.71 0.0 
