370.21 0.43 0.0 
1559.47 0.44 0.0 
1904.52 0.42 0.0 
9209.19 0.40 0.0 
11675.96 0.57 0.0 
11675.97 0.55 0.0 
12087.84 0.33 0.0 
12221.48 0.54 0.0 
12299.05 0.34 0.0 
12367.29 0.72 0.0 
12367.32 0.77 0.0 
15137.86 0.40 0.0 
16153.39 0.95 0.0 
22585.40 0.33 0.0 
23697.81 0.38 0.0 
24475.35 0.49 0.0 
24608.29 0.47 0.0 
25268.60 0.32 0.0 
25843.29 0.33 0.0 
26248.97 0.33 0.0 
26263.25 0.49 0.0 
28302.85 0.32 0.0 
28608.77 0.37 0.0 
31396.73 0.34 0.0 
31396.63 0.41 0.0 
32293.56 0.57 0.0 
34229.31 0.40 0.0 
34149.49 0.31 0.0 
34166.93 0.73 0.0 
34149.51 0.63 0.0 
34166.91 0.61 0.0 
34214.37 0.32 0.0 
34803.39 0.52 0.0 
35713.56 0.36 0.0 
36099.81 0.32 0.0 
36100.00 0.47 0.0 
37888.89 0.31 0.0 
37919.21 0.32 0.0 
41727.21 0.60 0.0 
41727.25 0.35 0.0 
42119.42 0.31 0.0 
47294.13 0.42 0.0 
49073.83 0.33 0.0 
49434.85 0.45 0.0 
52418.55 0.42 0.0 
52928.47 0.55 0.0 
55405.53 0.34 0.0 
57722.85 0.49 0.0 
58827.52 0.32 0.0 
61828.33 0.43 0.0 
64163.93 0.50 0.0 
66010.80 0.59 0.0 
67287.37 0.62 0.0 
69087.12 0.71 0.0 
69161.65 0.34 0.0 
69119.31 0.63 0.0 
70049.53 0.31 0.0 
77058.41 0.37 0.0 
83399.40 0.41 0.0 
83516.24 0.33 0.0 
84118.57 0.40 0.0 
84178.57 0.30 0.0 
84851.73 0.43 0.0 
85210.61 0.36 0.0 
