5219.37 0.91 0.0 
5245.05 0.37 0.0 
5245.05 0.50 0.0 
9165.71 0.51 0.0 
9428.00 0.49 0.0 
9427.91 0.50 0.0 
11672.03 0.93 0.0 
11672.04 0.89 0.0 
12232.36 0.35 0.0 
12242.96 0.46 0.0 
12242.97 0.69 0.0 
12493.72 0.51 0.0 
12646.08 0.36 0.0 
13512.72 0.58 0.0 
13748.16 0.97 0.0 
13748.17 0.97 0.0 
13865.44 0.82 0.0 
13865.44 0.41 0.0 
15014.48 0.85 0.0 
16167.19 0.89 0.0 
16167.23 0.73 0.0 
16763.48 0.38 0.0 
18776.71 0.72 0.0 
18776.67 0.39 0.0 
20853.93 0.41 0.0 
21821.08 0.41 0.0 
22295.45 0.36 0.0 
26293.61 0.39 0.0 
36135.73 0.37 0.0 
45133.20 0.38 0.0 
51583.60 0.50 0.0 
70157.27 0.30 0.0 
85469.39 0.83 0.0 
85602.71 0.44 0.0 
