10437.00 0.32 0.0 
12073.32 0.32 0.0 
12365.65 0.43 0.0 
12365.66 0.33 0.0 
13098.41 0.96 0.0 
13098.40 0.96 0.0 
13235.90 0.97 0.0 
13235.90 0.97 0.0 
13405.83 0.45 0.0 
13349.12 0.55 0.0 
13427.48 0.86 0.0 
13427.48 0.94 0.0 
13726.55 0.93 0.0 
13726.56 0.86 0.0 
15444.39 0.95 0.0 
15444.40 0.97 0.0 
16617.60 0.42 0.0 
19460.79 0.64 0.0 
19460.84 0.73 0.0 
20051.75 0.62 0.0 
26642.61 0.30 0.0 
28838.83 0.75 0.0 
30974.36 0.66 0.0 
31586.07 0.33 0.0 
32567.54 0.98 0.0 
32567.54 0.98 0.0 
34130.79 0.83 0.0 
34130.79 0.39 0.0 
35312.93 0.98 0.0 
35312.94 0.98 0.0 
37483.44 0.52 0.0 
37483.44 0.93 0.0 
41320.47 0.36 0.0 
43902.61 0.31 0.0 
44750.19 0.32 0.0 
47321.93 0.31 0.0 
49377.69 0.31 0.0 
52089.54 0.98 0.0 
52089.54 0.97 0.0 
55348.93 0.98 0.0 
55348.93 0.98 0.0 
55457.71 0.98 0.0 
55446.44 0.69 0.0 
55457.71 0.98 0.0 
57705.38 0.98 0.0 
57705.36 0.96 0.0 
58753.64 0.54 0.0 
59190.38 0.97 0.0 
59190.38 0.94 0.0 
62531.97 0.36 0.0 
68019.57 0.30 0.0 
68817.92 0.42 0.0 
69222.48 0.47 0.0 
74179.21 0.33 0.0 
75568.80 0.78 0.0 
76002.72 0.34 0.0 
76093.15 0.68 0.0 
79866.43 0.36 0.0 
79866.49 0.48 0.0 
86198.73 0.42 0.0 
