5233.31 0.39 0.0 
9168.01 0.40 0.0 
9168.02 0.82 0.0 
9428.58 0.51 0.0 
9442.54 0.59 0.0 
9428.60 0.56 0.0 
9442.52 0.55 0.0 
11673.42 0.87 0.0 
11673.42 0.88 0.0 
12091.66 0.86 0.0 
12107.03 0.34 0.0 
12091.68 0.40 0.0 
12233.95 0.69 0.0 
12233.95 0.72 0.0 
12246.16 0.53 0.0 
12246.18 0.64 0.0 
12371.35 0.62 0.0 
12371.35 0.52 0.0 
12647.69 0.59 0.0 
12647.65 0.65 0.0 
13513.59 0.32 0.0 
13513.63 0.41 0.0 
13749.60 0.90 0.0 
13749.58 0.92 0.0 
13850.98 0.84 0.0 
13851.01 0.63 0.0 
14602.99 0.45 0.0 
16767.55 0.32 0.0 
18666.59 0.43 0.0 
20857.63 0.31 0.0 
22740.75 0.42 0.0 
34052.70 0.85 0.0 
34071.15 0.51 0.0 
34071.12 0.48 0.0 
34052.69 0.78 0.0 
36139.32 0.52 0.0 
65448.39 0.39 0.0 
80745.56 0.42 0.0 
