613.60 0.53 0.0 
764.20 0.50 0.0 
2135.20 0.67 0.0 
3737.69 0.32 0.0 
3896.40 0.56 0.0 
4589.57 0.76 0.0 
5024.43 0.86 0.0 
5338.13 0.43 0.0 
5710.67 0.85 0.0 
6299.49 0.52 0.0 
6717.16 0.71 0.0 
7483.21 0.45 0.0 
9045.61 0.36 0.0 
9344.44 0.39 0.0 
10304.53 0.38 0.0 
10979.08 0.56 0.0 
12224.49 0.88 0.0 
12678.65 0.39 0.0 
12678.65 0.43 0.0 
12703.31 0.40 0.0 
13026.59 0.72 0.0 
13026.60 0.82 0.0 
13513.80 0.42 0.0 
13513.80 0.58 0.0 
14350.91 0.98 0.0 
14350.91 0.98 0.0 
15029.00 0.77 0.0 
15101.75 0.98 0.0 
15101.75 0.98 0.0 
15943.25 0.32 0.0 
16108.25 0.35 0.0 
16145.19 0.67 0.0 
16467.56 0.32 0.0 
16648.61 0.71 0.0 
17226.52 0.48 0.0 
21164.32 0.82 0.0 
22108.20 0.32 0.0 
34029.40 0.98 0.0 
34078.08 0.36 0.0 
34029.40 0.98 0.0 
37873.93 0.35 0.0 
40108.63 0.94 0.0 
40240.21 0.44 0.0 
40396.53 0.36 0.0 
40527.89 0.42 0.0 
41455.35 0.50 0.0 
42149.28 0.35 0.0 
42207.89 0.45 0.0 
42295.76 0.44 0.0 
42390.28 0.42 0.0 
48283.69 0.46 0.0 
48838.84 0.45 0.0 
50515.97 0.93 0.0 
50747.29 0.97 0.0 
50747.28 0.97 0.0 
56354.36 0.34 0.0 
56752.39 0.33 0.0 
56758.24 0.60 0.0 
57823.28 0.32 0.0 
58465.01 0.53 0.0 
58844.00 0.47 0.0 
62608.67 0.37 0.0 
68083.32 0.72 0.0 
73574.49 0.45 0.0 
80113.32 0.41 0.0 
80294.33 0.32 0.0 
81103.79 0.64 0.0 
81401.15 0.36 0.0 
82105.04 0.30 0.0 
82113.16 0.63 0.0 
82635.64 0.53 0.0 
82948.99 0.40 0.0 
84269.17 0.34 0.0 
84195.21 0.55 0.0 
84808.25 0.42 0.0 
85139.56 0.81 0.0 
