586.59 0.35 0.0 
2135.92 0.67 0.0 
5024.91 0.48 0.0 
12108.03 0.44 0.0 
12680.86 0.51 0.0 
13028.27 0.34 0.0 
13028.20 0.58 0.0 
13514.83 0.40 0.0 
14352.42 0.85 0.0 
14352.45 0.53 0.0 
15045.58 0.38 0.0 
15104.47 0.43 0.0 
15045.69 0.49 0.0 
15105.48 0.49 0.0 
15661.80 0.35 0.0 
17228.77 0.33 0.0 
23163.35 0.40 0.0 
23175.43 0.33 0.0 
23175.50 0.69 0.0 
25223.08 0.63 0.0 
33346.21 0.55 0.0 
34031.72 0.85 0.0 
34031.72 0.49 0.0 
38746.91 0.74 0.0 
50750.03 0.93 0.0 
50750.02 0.93 0.0 
55875.59 0.45 0.0 
58465.31 0.50 0.0 
58465.29 0.43 0.0 
81572.17 0.58 0.0 
82105.75 0.65 0.0 
82114.16 0.37 0.0 
82638.35 0.38 0.0 
83335.91 0.39 0.0 
