1168.96 0.44 0.0 
4469.56 0.40 0.0 
7870.96 0.98 0.0 
7870.96 0.98 0.0 
10198.87 0.47 0.0 
10489.41 0.52 0.0 
10420.91 0.39 0.0 
10452.88 0.52 0.0 
10543.05 0.69 0.0 
12087.43 0.66 0.0 
12569.15 0.84 0.0 
20414.56 0.36 0.0 
22676.20 0.41 0.0 
23789.44 0.84 0.0 
24382.56 0.92 0.0 
24387.54 0.51 0.0 
24382.55 0.96 0.0 
24450.51 0.54 0.0 
24915.64 0.48 0.0 
26827.88 0.49 0.0 
28341.01 0.50 0.0 
28341.04 0.63 0.0 
30148.05 0.31 0.0 
37723.40 0.44 0.0 
37723.40 0.70 0.0 
38143.63 0.36 0.0 
43798.37 0.36 0.0 
44938.80 0.32 0.0 
47354.19 0.33 0.0 
48102.76 0.63 0.0 
49422.64 0.51 0.0 
