0.95 0.31 0.0 
192.67 0.37 0.0 
192.69 0.69 0.0 
702.55 0.34 0.0 
4260.59 0.41 0.0 
4492.82 0.62 0.0 
5332.91 0.32 0.0 
6753.82 0.74 0.0 
8459.73 0.47 0.0 
8766.37 0.76 0.0 
9150.97 0.45 0.0 
12030.49 0.35 0.0 
13298.13 0.32 0.0 
13939.23 0.42 0.0 
16162.13 0.65 0.0 
16730.11 0.53 0.0 
16912.29 0.72 0.0 
19916.71 0.30 0.0 
25437.87 0.47 0.0 
25437.88 0.71 0.0 
29577.17 0.38 0.0 
29926.89 0.52 0.0 
30788.57 0.36 0.0 
33542.25 0.54 0.0 
41643.13 0.48 0.0 
41671.49 0.51 0.0 
44272.77 0.42 0.0 
44272.75 0.50 0.0 
45540.87 0.62 0.0 
47957.55 0.35 0.0 
48676.65 0.37 0.0 
48725.53 0.31 0.0 
52654.81 0.35 0.0 
53235.59 0.43 0.0 
53957.95 0.32 0.0 
54828.59 0.46 0.0 
56386.61 0.71 0.0 
56733.21 0.57 0.0 
57784.71 0.43 0.0 
60676.29 0.60 0.0 
61335.81 0.48 0.0 
61804.87 0.57 0.0 
61804.88 0.65 0.0 
63765.91 0.34 0.0 
65161.05 0.44 0.0 
65207.77 0.36 0.0 
66595.99 0.33 0.0 
67187.53 0.46 0.0 
69050.33 0.37 0.0 
70245.77 0.37 0.0 
72782.69 0.39 0.0 
73773.92 0.47 0.0 
73800.84 0.38 0.0 
74221.73 0.32 0.0 
74572.27 0.52 0.0 
76384.26 0.45 0.0 
76564.55 0.39 0.0 
78076.00 0.32 0.0 
80601.01 0.39 0.0 
80658.17 0.40 0.0 
82659.35 0.34 0.0 
82755.72 0.55 0.0 
83313.99 0.34 0.0 
84261.67 0.34 0.0 
85549.06 0.86 0.0 
85549.06 0.88 0.0 
85990.33 0.36 0.0 
