2044.75 0.41 0.0 
4175.69 0.45 0.0 
4186.05 0.45 0.0 
4801.59 0.36 0.0 
5237.84 0.51 0.0 
6451.48 0.52 0.0 
7178.69 0.58 0.0 
11344.23 0.33 0.0 
12069.69 0.32 0.0 
12263.65 0.46 0.0 
12496.65 0.38 0.0 
12733.01 0.36 0.0 
13931.07 0.37 0.0 
13866.49 0.52 0.0 
13931.03 0.42 0.0 
14598.51 0.41 0.0 
15026.68 0.68 0.0 
15040.09 0.67 0.0 
15026.64 0.71 0.0 
15040.09 0.67 0.0 
15496.55 0.48 0.0 
15722.75 0.33 0.0 
16186.44 0.32 0.0 
17250.90 0.58 0.0 
28277.11 0.49 0.0 
34066.05 0.75 0.0 
34186.49 0.75 0.0 
34186.48 0.81 0.0 
38316.44 0.51 0.0 
42005.19 0.39 0.0 
48124.35 0.45 0.0 
55498.67 0.38 0.0 
57541.35 0.33 0.0 
61321.21 0.33 0.0 
70761.47 0.46 0.0 
75594.79 0.39 0.0 
75934.73 0.32 0.0 
82935.71 0.38 0.0 
82935.73 0.53 0.0 
