698.45 0.46 0.0 
1047.45 0.32 0.0 
4486.08 0.34 0.0 
5215.61 0.41 0.0 
6852.37 0.50 0.0 
7048.64 0.58 0.0 
7048.60 0.41 0.0 
7064.41 0.37 0.0 
7207.28 0.30 0.0 
8453.75 0.92 0.0 
8453.76 0.65 0.0 
8724.23 0.44 0.0 
9777.29 0.35 0.0 
10768.60 0.31 0.0 
11217.13 0.31 0.0 
11504.25 0.69 0.0 
12102.03 0.48 0.0 
13196.17 0.44 0.0 
16161.37 0.35 0.0 
16797.88 0.34 0.0 
16899.01 0.90 0.0 
17024.56 0.40 0.0 
17605.05 0.35 0.0 
19909.61 0.31 0.0 
20546.72 0.36 0.0 
20803.05 0.78 0.0 
21464.33 0.42 0.0 
22375.96 0.57 0.0 
22375.93 0.72 0.0 
24898.33 0.46 0.0 
25428.95 0.40 0.0 
25437.85 0.31 0.0 
25428.92 0.32 0.0 
25753.12 0.30 0.0 
26304.05 0.61 0.0 
27597.64 0.31 0.0 
27621.41 0.34 0.0 
28255.21 0.32 0.0 
29299.76 0.31 0.0 
29522.01 0.34 0.0 
29567.21 0.48 0.0 
29567.13 0.38 0.0 
31767.68 0.38 0.0 
33102.47 0.32 0.0 
36220.73 0.32 0.0 
38563.28 0.32 0.0 
39104.51 0.43 0.0 
39910.53 0.30 0.0 
41068.55 0.59 0.0 
41459.45 0.62 0.0 
41558.91 0.82 0.0 
42328.11 0.40 0.0 
42868.20 0.33 0.0 
45234.57 0.31 0.0 
46663.22 0.52 0.0 
46991.57 0.46 0.0 
47352.87 0.60 0.0 
49033.36 0.35 0.0 
49633.40 0.35 0.0 
50263.73 0.69 0.0 
50834.00 0.68 0.0 
51555.41 0.32 0.0 
57133.93 0.49 0.0 
58864.08 0.76 0.0 
60613.93 0.36 0.0 
61961.65 0.36 0.0 
64843.44 0.34 0.0 
65474.52 0.33 0.0 
66176.60 0.50 0.0 
66550.56 0.50 0.0 
67138.09 0.59 0.0 
72716.21 0.38 0.0 
73228.67 0.36 0.0 
73797.13 0.38 0.0 
73797.69 0.34 0.0 
74803.49 0.67 0.0 
76363.00 0.64 0.0 
77338.03 0.60 0.0 
77923.85 0.37 0.0 
78792.37 0.32 0.0 
82106.56 0.39 0.0 
82451.55 0.45 0.0 
83327.36 0.32 0.0 
85182.21 0.54 0.0 
85886.00 0.58 0.0 
86053.64 0.47 0.0 
