37.21 0.38 0.0 
37.21 0.67 0.0 
300.89 0.32 0.0 
358.44 0.73 0.0 
3392.83 0.38 0.0 
4039.07 0.47 0.0 
4039.07 0.62 0.0 
4815.11 0.31 0.0 
5611.59 0.75 0.0 
5611.59 0.85 0.0 
5900.52 0.38 0.0 
7500.65 0.64 0.0 
7522.76 0.61 0.0 
7495.63 0.32 0.0 
7529.37 0.43 0.0 
8301.11 0.30 0.0 
10106.37 0.58 0.0 
10096.27 0.63 0.0 
10106.35 0.41 0.0 
10330.07 0.66 0.0 
10363.93 0.34 0.0 
10378.76 0.64 0.0 
10377.55 0.36 0.0 
10378.80 0.44 0.0 
10791.03 0.43 0.0 
10960.65 0.39 0.0 
10875.61 0.40 0.0 
11010.94 0.75 0.0 
11385.53 0.57 0.0 
11825.45 0.48 0.0 
11985.49 0.46 0.0 
12088.61 0.72 0.0 
12088.61 0.77 0.0 
12241.80 0.60 0.0 
12368.73 0.64 0.0 
12368.69 0.69 0.0 
12766.24 0.80 0.0 
12772.59 0.41 0.0 
13082.79 0.35 0.0 
13087.72 0.39 0.0 
13065.61 0.71 0.0 
13073.85 0.53 0.0 
13587.29 0.35 0.0 
13587.29 0.43 0.0 
13545.62 0.69 0.0 
13590.73 0.36 0.0 
13974.55 0.61 0.0 
13974.53 0.73 0.0 
14039.41 0.39 0.0 
14652.63 0.37 0.0 
14718.15 0.50 0.0 
14896.19 0.36 0.0 
17249.33 0.61 0.0 
17816.77 0.57 0.0 
17816.71 0.38 0.0 
18151.67 0.46 0.0 
18151.68 0.81 0.0 
18736.20 0.54 0.0 
19029.49 0.33 0.0 
19029.51 0.37 0.0 
20084.09 0.32 0.0 
20648.75 0.47 0.0 
20941.07 0.43 0.0 
21788.73 0.43 0.0 
23202.19 0.47 0.0 
23206.15 0.55 0.0 
23712.55 0.38 0.0 
24172.91 0.42 0.0 
24172.85 0.38 0.0 
24871.95 0.63 0.0 
25019.67 0.31 0.0 
25891.99 0.88 0.0 
25892.00 0.41 0.0 
26029.57 0.95 0.0 
26029.58 0.95 0.0 
26191.95 0.40 0.0 
26386.28 0.79 0.0 
26386.27 0.93 0.0 
26498.85 0.37 0.0 
27094.27 0.57 0.0 
27094.25 0.44 0.0 
27165.38 0.34 0.0 
27482.31 0.35 0.0 
27482.37 0.58 0.0 
28032.39 0.34 0.0 
28639.91 0.47 0.0 
29826.91 0.40 0.0 
29829.63 0.39 0.0 
30656.37 0.31 0.0 
30805.75 0.48 0.0 
31075.83 0.32 0.0 
31110.77 0.36 0.0 
32587.91 0.42 0.0 
32597.08 0.56 0.0 
33273.24 0.62 0.0 
33273.24 0.59 0.0 
33416.35 0.59 0.0 
33600.70 0.82 0.0 
33600.73 0.40 0.0 
34178.29 0.40 0.0 
34178.30 0.67 0.0 
35250.75 0.79 0.0 
35370.43 0.37 0.0 
36143.79 0.36 0.0 
36143.75 0.39 0.0 
36421.01 0.57 0.0 
37636.49 0.63 0.0 
40247.95 0.34 0.0 
40847.05 0.61 0.0 
40855.15 0.43 0.0 
41115.81 0.68 0.0 
41430.71 0.32 0.0 
41636.95 0.38 0.0 
41641.36 0.70 0.0 
41845.45 0.50 0.0 
41852.37 0.31 0.0 
42014.81 0.53 0.0 
42026.47 0.42 0.0 
42026.42 0.37 0.0 
42162.45 0.48 0.0 
42162.45 0.57 0.0 
42182.69 0.38 0.0 
42335.53 0.53 0.0 
42740.58 0.54 0.0 
42740.61 0.43 0.0 
42915.31 0.35 0.0 
42915.49 0.76 0.0 
43105.57 0.30 0.0 
43121.21 0.34 0.0 
43121.20 0.54 0.0 
43467.39 0.61 0.0 
43410.55 0.38 0.0 
43453.31 0.41 0.0 
43485.47 0.78 0.0 
43517.01 0.31 0.0 
43666.16 0.58 0.0 
43724.47 0.39 0.0 
43864.19 0.43 0.0 
44055.83 0.34 0.0 
44012.92 0.56 0.0 
44296.35 0.31 0.0 
44475.71 0.33 0.0 
44659.69 0.34 0.0 
44667.78 0.83 0.0 
44701.45 0.43 0.0 
44835.41 0.36 0.0 
45135.79 0.31 0.0 
45271.41 0.50 0.0 
45828.39 0.37 0.0 
45872.71 0.62 0.0 
49965.45 0.37 0.0 
49976.23 0.46 0.0 
49965.48 0.92 0.0 
49976.19 0.46 0.0 
50700.37 0.39 0.0 
54871.57 0.38 0.0 
56655.67 0.37 0.0 
57916.49 0.36 0.0 
59073.77 0.35 0.0 
62129.43 0.38 0.0 
62757.21 0.46 0.0 
62757.20 0.61 0.0 
64617.71 0.41 0.0 
64617.69 0.34 0.0 
65551.21 0.58 0.0 
66616.99 0.53 0.0 
66572.10 0.34 0.0 
68631.05 0.67 0.0 
69203.48 0.65 0.0 
69210.67 0.38 0.0 
71940.97 0.54 0.0 
72198.14 0.63 0.0 
73520.58 0.44 0.0 
73520.60 0.54 0.0 
74102.63 0.31 0.0 
75571.25 0.48 0.0 
78421.09 0.51 0.0 
80134.35 0.59 0.0 
80134.36 0.55 0.0 
80170.35 0.39 0.0 
82779.88 0.72 0.0 
82779.89 0.41 0.0 
83054.99 0.74 0.0 
83087.91 0.58 0.0 
83677.52 0.85 0.0 
83677.53 0.83 0.0 
83750.59 0.31 0.0 
83750.57 0.53 0.0 
83923.65 0.30 0.0 
83923.65 0.37 0.0 
84041.07 0.44 0.0 
83986.55 0.37 0.0 
83968.24 0.79 0.0 
83986.66 0.34 0.0 
84126.47 0.60 0.0 
84150.41 0.87 0.0 
84240.43 0.42 0.0 
84274.95 0.61 0.0 
84240.03 0.90 0.0 
84274.94 0.82 0.0 
84837.79 0.54 0.0 
84854.59 0.52 0.0 
85826.83 0.48 0.0 
85775.67 0.43 0.0 
85942.11 0.41 0.0 
85949.37 0.48 0.0 
85949.38 0.91 0.0 
85879.69 0.36 0.0 
85952.67 0.51 0.0 
85985.53 0.64 0.0 
86039.03 0.35 0.0 
86038.99 0.60 0.0 
86121.60 0.67 0.0 
86121.60 0.70 0.0 
