228.25 0.63 0.0 
228.23 0.35 0.0 
1559.07 0.45 0.0 
1664.31 0.40 0.0 
3132.08 0.41 0.0 
5624.51 0.34 0.0 
6102.82 0.47 0.0 
6314.29 0.62 0.0 
6914.14 0.31 0.0 
7304.15 0.52 0.0 
7858.97 0.58 0.0 
8089.73 0.52 0.0 
8739.93 0.44 0.0 
9644.45 0.52 0.0 
9853.68 0.30 0.0 
9884.48 0.87 0.0 
10110.09 0.62 0.0 
10097.41 0.50 0.0 
10107.77 0.58 0.0 
10097.42 0.35 0.0 
10110.04 0.61 0.0 
11443.99 0.45 0.0 
11488.81 0.54 0.0 
12074.38 0.91 0.0 
12074.39 0.81 0.0 
12100.63 0.77 0.0 
12100.65 0.68 0.0 
12278.75 0.36 0.0 
12263.57 0.52 0.0 
12380.31 0.93 0.0 
12380.32 0.77 0.0 
13139.19 0.33 0.0 
13139.23 0.48 0.0 
13367.75 0.59 0.0 
13527.87 0.83 0.0 
13602.97 0.49 0.0 
13931.92 0.95 0.0 
13931.93 0.97 0.0 
13948.27 0.46 0.0 
14016.45 0.35 0.0 
14331.39 0.91 0.0 
14331.32 0.47 0.0 
14459.15 0.35 0.0 
14619.15 0.59 0.0 
14619.15 0.48 0.0 
14677.79 0.61 0.0 
16093.37 0.63 0.0 
16196.72 0.37 0.0 
16901.25 0.41 0.0 
17009.37 0.53 0.0 
17503.87 0.30 0.0 
17624.33 0.52 0.0 
17684.45 0.37 0.0 
18399.07 0.39 0.0 
18613.41 0.31 0.0 
18869.15 0.51 0.0 
19931.91 0.41 0.0 
20441.71 0.36 0.0 
21057.35 0.39 0.0 
22962.00 0.77 0.0 
24433.85 0.67 0.0 
25975.24 0.73 0.0 
25975.24 0.45 0.0 
26679.92 0.47 0.0 
26738.33 0.58 0.0 
26779.88 0.37 0.0 
27134.60 0.69 0.0 
27204.01 0.33 0.0 
27359.19 0.45 0.0 
27972.60 0.54 0.0 
28888.27 0.80 0.0 
29803.03 0.54 0.0 
30611.43 0.54 0.0 
30696.07 0.33 0.0 
30979.57 0.46 0.0 
31331.88 0.70 0.0 
31604.45 0.43 0.0 
31664.39 0.37 0.0 
32714.03 0.65 0.0 
34194.16 0.64 0.0 
34175.52 0.59 0.0 
34194.16 0.72 0.0 
36166.28 0.60 0.0 
36720.64 0.66 0.0 
38293.08 0.48 0.0 
39010.51 0.47 0.0 
39089.48 0.40 0.0 
39280.04 0.46 0.0 
39764.31 0.42 0.0 
40723.23 0.34 0.0 
41264.03 0.50 0.0 
41533.99 0.33 0.0 
41727.23 0.46 0.0 
42358.27 0.33 0.0 
42719.13 0.32 0.0 
43169.07 0.36 0.0 
45658.99 0.53 0.0 
45644.08 0.47 0.0 
45704.37 0.42 0.0 
46604.21 0.38 0.0 
48342.85 0.43 0.0 
50038.91 0.33 0.0 
51058.39 0.38 0.0 
55751.03 0.43 0.0 
56563.24 0.49 0.0 
59790.73 0.34 0.0 
59742.93 0.44 0.0 
60254.31 0.53 0.0 
60325.61 0.42 0.0 
60914.45 0.64 0.0 
62624.03 0.44 0.0 
63854.03 0.34 0.0 
65708.80 0.36 0.0 
65682.60 0.31 0.0 
65744.51 0.35 0.0 
66234.55 0.39 0.0 
66730.16 0.39 0.0 
66730.13 0.40 0.0 
68143.04 0.47 0.0 
70033.25 0.46 0.0 
71125.75 0.40 0.0 
71698.23 0.65 0.0 
71698.19 0.36 0.0 
71983.27 0.42 0.0 
73394.21 0.46 0.0 
73724.09 0.40 0.0 
73724.13 0.71 0.0 
75150.75 0.41 0.0 
76198.19 0.64 0.0 
76423.99 0.31 0.0 
76948.37 0.67 0.0 
77334.73 0.68 0.0 
77334.72 0.39 0.0 
77668.23 0.30 0.0 
77829.83 0.32 0.0 
77721.70 0.74 0.0 
77909.43 0.66 0.0 
77989.04 0.45 0.0 
78010.86 0.43 0.0 
80245.59 0.36 0.0 
81343.35 0.37 0.0 
81929.57 0.35 0.0 
84329.19 0.46 0.0 
84389.29 0.44 0.0 
