2666.89 0.71 0.0 
2666.91 0.42 0.0 
2721.19 0.69 0.0 
2721.17 0.68 0.0 
3056.55 0.62 0.0 
3056.52 0.80 0.0 
4275.66 0.65 0.0 
4275.69 0.43 0.0 
4639.31 0.41 0.0 
5853.11 0.46 0.0 
6936.69 0.40 0.0 
8654.76 0.44 0.0 
8677.81 0.60 0.0 
10122.13 0.34 0.0 
10139.64 0.68 0.0 
10191.63 0.60 0.0 
10139.63 0.50 0.0 
10191.63 0.59 0.0 
10278.04 0.35 0.0 
10466.65 0.53 0.0 
10400.07 0.55 0.0 
10466.68 0.63 0.0 
10400.09 0.48 0.0 
10621.40 0.65 0.0 
11048.90 0.39 0.0 
10975.75 0.30 0.0 
11049.01 0.37 0.0 
11202.93 0.34 0.0 
11236.13 0.30 0.0 
11336.73 0.33 0.0 
12380.01 0.56 0.0 
17153.23 0.62 0.0 
17136.19 0.54 0.0 
17309.31 0.46 0.0 
24424.90 0.53 0.0 
24424.93 0.47 0.0 
30198.59 0.41 0.0 
30373.03 0.45 0.0 
30383.69 0.43 0.0 
30319.29 0.73 0.0 
30334.73 0.37 0.0 
30358.96 0.72 0.0 
30319.26 0.76 0.0 
30358.93 0.73 0.0 
30373.01 0.45 0.0 
30487.97 0.43 0.0 
30426.81 0.32 0.0 
30454.39 0.51 0.0 
30474.33 0.74 0.0 
30474.32 0.76 0.0 
30487.97 0.60 0.0 
30608.36 0.45 0.0 
30695.49 0.74 0.0 
30695.49 0.66 0.0 
30922.81 0.79 0.0 
30922.80 0.76 0.0 
31536.03 0.37 0.0 
31614.87 0.30 0.0 
31776.35 0.32 0.0 
31831.83 0.41 0.0 
31888.22 0.46 0.0 
32002.39 0.49 0.0 
32166.40 0.58 0.0 
32182.29 0.49 0.0 
32182.29 0.60 0.0 
32212.33 0.63 0.0 
32212.32 0.63 0.0 
32406.26 0.77 0.0 
32388.85 0.33 0.0 
32406.26 0.82 0.0 
32791.33 0.42 0.0 
32796.15 0.53 0.0 
32791.37 0.33 0.0 
32796.17 0.68 0.0 
32901.32 0.46 0.0 
32993.58 0.49 0.0 
33318.97 0.49 0.0 
33418.39 0.37 0.0 
33418.45 0.60 0.0 
33812.25 0.30 0.0 
34128.60 0.31 0.0 
34385.27 0.37 0.0 
34681.53 0.52 0.0 
34883.69 0.67 0.0 
34883.67 0.38 0.0 
35399.31 0.52 0.0 
35988.59 0.32 0.0 
36148.73 0.39 0.0 
36379.87 0.31 0.0 
36447.35 0.34 0.0 
36451.19 0.40 0.0 
36493.87 0.59 0.0 
37461.63 0.39 0.0 
37461.65 0.33 0.0 
37474.67 0.37 0.0 
37680.67 0.31 0.0 
38902.13 0.79 0.0 
38902.13 0.74 0.0 
38917.81 0.60 0.0 
38872.85 0.45 0.0 
38866.67 0.39 0.0 
38889.36 0.34 0.0 
38917.83 0.31 0.0 
39237.99 0.30 0.0 
39416.03 0.36 0.0 
39416.07 0.38 0.0 
40489.41 0.51 0.0 
40538.59 0.66 0.0 
41548.75 0.43 0.0 
41766.69 0.33 0.0 
42038.75 0.47 0.0 
42038.81 0.45 0.0 
42994.61 0.42 0.0 
43022.49 0.60 0.0 
43519.71 0.38 0.0 
43821.65 0.40 0.0 
43928.27 0.40 0.0 
44128.71 0.40 0.0 
44491.91 0.57 0.0 
44591.47 0.43 0.0 
44669.15 0.36 0.0 
45088.77 0.60 0.0 
45165.71 0.33 0.0 
45515.05 0.42 0.0 
45454.33 0.44 0.0 
45454.32 0.51 0.0 
45514.95 0.37 0.0 
45628.71 0.37 0.0 
45598.68 0.46 0.0 
45721.95 0.39 0.0 
45908.87 0.86 0.0 
45908.86 0.80 0.0 
46294.66 0.69 0.0 
46299.80 0.67 0.0 
46294.66 0.55 0.0 
46299.77 0.58 0.0 
46374.15 0.66 0.0 
46442.49 0.81 0.0 
46455.27 0.59 0.0 
46403.19 0.40 0.0 
46482.89 0.42 0.0 
46421.48 0.73 0.0 
46437.18 0.50 0.0 
46374.16 0.84 0.0 
46388.68 0.63 0.0 
46393.75 0.39 0.0 
46403.19 0.32 0.0 
46421.47 0.43 0.0 
46442.48 0.64 0.0 
46482.88 0.78 0.0 
46581.51 0.51 0.0 
46517.18 0.87 0.0 
46581.56 0.72 0.0 
46545.72 0.33 0.0 
46556.26 0.73 0.0 
46517.18 0.87 0.0 
46527.09 0.45 0.0 
46545.76 0.70 0.0 
46556.24 0.83 0.0 
46695.77 0.68 0.0 
46707.77 0.49 0.0 
46636.29 0.49 0.0 
46695.80 0.72 0.0 
46707.76 0.61 0.0 
46676.21 0.45 0.0 
46621.72 0.37 0.0 
46636.30 0.84 0.0 
46676.21 0.35 0.0 
46730.64 0.34 0.0 
46822.91 0.48 0.0 
46766.81 0.44 0.0 
46822.95 0.37 0.0 
46730.67 0.52 0.0 
46874.17 0.51 0.0 
47000.77 0.35 0.0 
47000.77 0.67 0.0 
47030.47 0.37 0.0 
47038.60 0.90 0.0 
47147.35 0.34 0.0 
47483.87 0.39 0.0 
48228.28 0.51 0.0 
48629.17 0.32 0.0 
48629.15 0.40 0.0 
48667.47 0.37 0.0 
48810.74 0.51 0.0 
49501.59 0.34 0.0 
50236.43 0.60 0.0 
50354.79 0.46 0.0 
50651.27 0.45 0.0 
50651.33 0.60 0.0 
50752.69 0.54 0.0 
50752.67 0.49 0.0 
51254.69 0.61 0.0 
51394.71 0.36 0.0 
51479.57 0.54 0.0 
51479.57 0.42 0.0 
51531.84 0.43 0.0 
51604.13 0.76 0.0 
51613.80 0.35 0.0 
51620.44 0.84 0.0 
51625.35 0.49 0.0 
51550.89 0.41 0.0 
51559.93 0.59 0.0 
51564.57 0.57 0.0 
51620.44 0.85 0.0 
51629.57 0.61 0.0 
51635.61 0.79 0.0 
51588.33 0.39 0.0 
51593.84 0.65 0.0 
51598.05 0.44 0.0 
51531.83 0.45 0.0 
51546.03 0.42 0.0 
51559.91 0.48 0.0 
51570.31 0.40 0.0 
51588.47 0.35 0.0 
51597.99 0.59 0.0 
51604.17 0.81 0.0 
51613.80 0.58 0.0 
51635.58 0.77 0.0 
51642.91 0.91 0.0 
51740.03 0.62 0.0 
51745.03 0.53 0.0 
51666.35 0.32 0.0 
51739.98 0.78 0.0 
51745.01 0.30 0.0 
51760.41 0.43 0.0 
51692.67 0.75 0.0 
51666.35 0.43 0.0 
51681.91 0.32 0.0 
51692.65 0.45 0.0 
51760.39 0.43 0.0 
51780.71 0.54 0.0 
51794.87 0.53 0.0 
51798.91 0.31 0.0 
51815.75 0.71 0.0 
51827.23 0.74 0.0 
51794.91 0.50 0.0 
51815.73 0.50 0.0 
51827.23 0.38 0.0 
51984.45 0.59 0.0 
51984.41 0.60 0.0 
51899.97 0.56 0.0 
51916.55 0.63 0.0 
52156.02 0.83 0.0 
52156.01 0.79 0.0 
52449.14 0.71 0.0 
52782.05 0.45 0.0 
52782.04 0.70 0.0 
52863.39 0.31 0.0 
52863.45 0.41 0.0 
54454.91 0.32 0.0 
55062.08 0.51 0.0 
55143.87 0.33 0.0 
55166.73 0.38 0.0 
55603.95 0.77 0.0 
55603.92 0.61 0.0 
55801.83 0.30 0.0 
55988.04 0.38 0.0 
56819.91 0.36 0.0 
57034.15 0.76 0.0 
57141.01 0.47 0.0 
57185.04 0.40 0.0 
57185.04 0.39 0.0 
57342.11 0.33 0.0 
57570.17 0.35 0.0 
57599.79 0.56 0.0 
57928.41 0.36 0.0 
57996.15 0.48 0.0 
58530.35 0.41 0.0 
58678.49 0.31 0.0 
59140.47 0.30 0.0 
59490.73 0.56 0.0 
59490.69 0.47 0.0 
59873.99 0.52 0.0 
60363.63 0.31 0.0 
60931.31 0.32 0.0 
61019.75 0.42 0.0 
61149.40 0.36 0.0 
61128.59 0.30 0.0 
61149.41 0.44 0.0 
61943.87 0.40 0.0 
62290.23 0.33 0.0 
62290.23 0.37 0.0 
62603.44 0.40 0.0 
62609.09 0.38 0.0 
63243.05 0.39 0.0 
63242.98 0.34 0.0 
63285.65 0.54 0.0 
63396.16 0.35 0.0 
63285.68 0.52 0.0 
63349.32 0.69 0.0 
63975.79 0.31 0.0 
63975.78 0.62 0.0 
64228.00 0.47 0.0 
64263.24 0.52 0.0 
64505.82 0.38 0.0 
64487.21 0.40 0.0 
64505.89 0.49 0.0 
64550.83 0.39 0.0 
64665.42 0.60 0.0 
65039.47 0.36 0.0 
65174.71 0.44 0.0 
65250.95 0.36 0.0 
65216.13 0.43 0.0 
65539.65 0.47 0.0 
65482.75 0.60 0.0 
65539.65 0.83 0.0 
65499.41 0.33 0.0 
65504.27 0.50 0.0 
65482.75 0.80 0.0 
65499.43 0.50 0.0 
65504.33 0.60 0.0 
65559.67 0.35 0.0 
65641.31 0.32 0.0 
65583.16 0.39 0.0 
65635.25 0.40 0.0 
65769.67 0.36 0.0 
65704.75 0.33 0.0 
65867.15 0.30 0.0 
66050.67 0.33 0.0 
66070.19 0.49 0.0 
66507.83 0.34 0.0 
66433.20 0.33 0.0 
66965.23 0.43 0.0 
67092.99 0.44 0.0 
67151.59 0.41 0.0 
67172.99 0.53 0.0 
67188.41 0.57 0.0 
67172.97 0.31 0.0 
67182.75 0.56 0.0 
67234.61 0.34 0.0 
67359.59 0.50 0.0 
67270.35 0.40 0.0 
67311.39 0.55 0.0 
67455.51 0.35 0.0 
67531.39 0.32 0.0 
67547.87 0.40 0.0 
67607.85 0.57 0.0 
67607.84 0.67 0.0 
68041.61 0.52 0.0 
68165.79 0.31 0.0 
68153.66 0.31 0.0 
68153.67 0.41 0.0 
68559.79 0.44 0.0 
68796.03 0.34 0.0 
68833.71 0.55 0.0 
68947.21 0.38 0.0 
69018.29 0.37 0.0 
68995.87 0.48 0.0 
69226.36 0.65 0.0 
69782.65 0.44 0.0 
69782.64 0.41 0.0 
69970.25 0.72 0.0 
69992.30 0.57 0.0 
69970.24 0.68 0.0 
69992.28 0.66 0.0 
70038.35 0.65 0.0 
70048.27 0.31 0.0 
70006.61 0.49 0.0 
70038.33 0.42 0.0 
70050.25 0.35 0.0 
70215.57 0.75 0.0 
70229.79 0.62 0.0 
70178.21 0.34 0.0 
70182.67 0.32 0.0 
70156.89 0.45 0.0 
70166.65 0.41 0.0 
70178.23 0.35 0.0 
70185.89 0.61 0.0 
70211.95 0.50 0.0 
70251.36 0.50 0.0 
70296.11 0.43 0.0 
70251.35 0.37 0.0 
70283.73 0.48 0.0 
70396.13 0.36 0.0 
70396.16 0.53 0.0 
70479.41 0.34 0.0 
70584.93 0.57 0.0 
70784.60 0.38 0.0 
70996.87 0.30 0.0 
71394.39 0.45 0.0 
72171.41 0.47 0.0 
72216.99 0.36 0.0 
72450.87 0.41 0.0 
72545.50 0.92 0.0 
72545.48 0.64 0.0 
73053.43 0.43 0.0 
73136.95 0.34 0.0 
73796.08 0.63 0.0 
73796.08 0.63 0.0 
74286.19 0.36 0.0 
74286.34 0.58 0.0 
74609.47 0.53 0.0 
74904.71 0.34 0.0 
74839.74 0.40 0.0 
74911.03 0.31 0.0 
75509.99 0.38 0.0 
75843.55 0.31 0.0 
75966.60 0.33 0.0 
76057.79 0.36 0.0 
76207.40 0.55 0.0 
76315.59 0.35 0.0 
76666.15 0.37 0.0 
76769.92 0.70 0.0 
76846.91 0.62 0.0 
76905.78 0.32 0.0 
77042.97 0.36 0.0 
77212.64 0.33 0.0 
77230.76 0.48 0.0 
77235.59 0.41 0.0 
77277.22 0.84 0.0 
77212.69 0.43 0.0 
77230.77 0.77 0.0 
77235.56 0.77 0.0 
77277.22 0.74 0.0 
77339.41 0.55 0.0 
77358.97 0.57 0.0 
77376.47 0.34 0.0 
77339.32 0.72 0.0 
77358.97 0.35 0.0 
77369.00 0.57 0.0 
77376.47 0.43 0.0 
77512.72 0.40 0.0 
77617.13 0.42 0.0 
77767.75 0.34 0.0 
77705.21 0.51 0.0 
77705.27 0.35 0.0 
77718.71 0.53 0.0 
77767.79 0.35 0.0 
77835.39 0.49 0.0 
78218.27 0.43 0.0 
78689.09 0.42 0.0 
79596.03 0.31 0.0 
79640.47 0.59 0.0 
80190.72 0.53 0.0 
80513.45 0.36 0.0 
80658.36 0.48 0.0 
80924.64 0.68 0.0 
81977.89 0.37 0.0 
82136.69 0.38 0.0 
82596.07 0.31 0.0 
82845.69 0.33 0.0 
83142.95 0.30 0.0 
83356.83 0.38 0.0 
83669.87 0.68 0.0 
84779.59 0.37 0.0 
84945.79 0.36 0.0 
85153.09 0.53 0.0 
85713.91 0.37 0.0 
85997.17 0.50 0.0 
85997.17 0.59 0.0 
86118.27 0.40 0.0 
