32.95 0.39 0.0 
32.91 0.63 0.0 
266.61 0.93 0.0 
185.62 0.68 0.0 
385.76 0.61 0.0 
402.48 0.65 0.0 
357.74 0.91 0.0 
357.75 0.92 0.0 
1242.45 0.36 0.0 
1624.08 0.33 0.0 
2048.98 0.37 0.0 
4127.33 0.30 0.0 
4814.93 0.61 0.0 
4861.91 0.37 0.0 
5625.72 0.90 0.0 
5609.61 0.35 0.0 
5621.40 0.52 0.0 
5818.77 0.54 0.0 
6522.55 0.70 0.0 
7454.59 0.31 0.0 
7529.06 0.78 0.0 
7604.42 0.31 0.0 
7528.97 0.40 0.0 
8300.93 0.36 0.0 
8909.45 0.30 0.0 
9166.45 0.69 0.0 
10105.67 0.42 0.0 
10078.11 0.35 0.0 
10029.45 0.78 0.0 
10078.07 0.48 0.0 
10363.96 0.47 0.0 
10330.02 0.76 0.0 
10377.59 0.86 0.0 
10377.53 0.41 0.0 
10707.45 0.54 0.0 
10960.45 0.42 0.0 
10960.42 0.33 0.0 
11006.27 0.32 0.0 
11306.15 0.48 0.0 
11367.33 0.63 0.0 
11390.96 0.56 0.0 
11765.85 0.32 0.0 
11937.25 0.36 0.0 
12080.45 0.72 0.0 
12080.44 0.61 0.0 
12208.98 0.48 0.0 
12360.40 0.71 0.0 
12516.09 0.45 0.0 
12516.04 0.71 0.0 
12770.24 0.44 0.0 
13051.83 0.38 0.0 
13205.25 0.35 0.0 
13459.63 0.47 0.0 
13459.67 0.72 0.0 
13471.37 0.43 0.0 
13579.84 0.36 0.0 
13946.80 0.90 0.0 
13946.84 0.49 0.0 
13960.69 0.43 0.0 
13968.69 0.49 0.0 
14069.17 0.73 0.0 
14039.23 0.93 0.0 
13968.69 0.61 0.0 
14022.56 0.31 0.0 
14039.15 0.64 0.0 
14650.01 0.89 0.0 
15318.25 0.40 0.0 
15318.20 0.61 0.0 
15686.36 0.71 0.0 
15930.73 0.35 0.0 
15930.73 0.44 0.0 
16822.45 0.35 0.0 
17247.28 0.38 0.0 
17337.04 0.42 0.0 
17500.64 0.58 0.0 
17663.37 0.45 0.0 
17709.92 0.75 0.0 
17709.90 0.81 0.0 
17816.44 0.79 0.0 
17816.54 0.56 0.0 
18039.96 0.30 0.0 
18008.41 0.38 0.0 
18507.24 0.51 0.0 
18473.53 0.43 0.0 
18473.50 0.38 0.0 
18761.49 0.46 0.0 
18845.37 0.38 0.0 
18911.25 0.42 0.0 
19029.33 0.58 0.0 
19122.47 0.34 0.0 
19029.33 0.70 0.0 
19709.45 0.34 0.0 
19842.21 0.49 0.0 
20068.09 0.38 0.0 
20083.79 0.87 0.0 
20083.89 0.41 0.0 
20141.56 0.66 0.0 
20237.23 0.41 0.0 
20293.09 0.34 0.0 
20648.49 0.40 0.0 
20648.45 0.67 0.0 
21211.63 0.41 0.0 
21211.65 0.32 0.0 
21788.50 0.62 0.0 
21788.46 0.78 0.0 
22944.65 0.61 0.0 
22944.63 0.80 0.0 
23177.85 0.33 0.0 
23199.15 0.86 0.0 
23571.28 0.31 0.0 
23712.57 0.65 0.0 
24172.49 0.90 0.0 
24172.53 0.60 0.0 
24416.49 0.35 0.0 
24824.11 0.47 0.0 
24824.05 0.87 0.0 
24974.11 0.52 0.0 
25075.43 0.53 0.0 
25182.59 0.36 0.0 
25858.62 0.42 0.0 
26027.78 0.97 0.0 
26027.79 0.97 0.0 
26191.69 0.76 0.0 
26191.72 0.38 0.0 
26385.33 0.80 0.0 
26498.82 0.32 0.0 
26631.65 0.40 0.0 
26729.60 0.73 0.0 
26729.62 0.77 0.0 
26894.57 0.64 0.0 
26894.54 0.91 0.0 
27161.38 0.76 0.0 
27093.68 0.51 0.0 
27165.25 0.52 0.0 
27482.11 0.67 0.0 
27482.14 0.78 0.0 
28032.09 0.36 0.0 
28032.09 0.76 0.0 
28639.73 0.51 0.0 
29258.08 0.84 0.0 
29258.06 0.86 0.0 
29826.63 0.92 0.0 
29826.62 0.94 0.0 
30444.00 0.69 0.0 
30443.99 0.54 0.0 
30655.25 0.36 0.0 
30739.91 0.53 0.0 
30744.41 0.32 0.0 
30645.88 0.59 0.0 
30804.80 0.43 0.0 
30809.24 0.77 0.0 
31108.52 0.33 0.0 
31054.05 0.76 0.0 
31073.95 0.32 0.0 
31079.28 0.77 0.0 
31054.07 0.74 0.0 
31094.51 0.75 0.0 
31643.60 0.64 0.0 
31643.60 0.62 0.0 
32228.32 0.33 0.0 
32228.29 0.48 0.0 
32870.60 0.67 0.0 
32870.60 0.63 0.0 
33269.24 0.52 0.0 
33416.10 0.51 0.0 
33605.80 0.54 0.0 
33600.66 0.40 0.0 
34011.51 0.53 0.0 
34011.49 0.39 0.0 
34183.93 0.62 0.0 
34994.48 0.50 0.0 
35366.65 0.55 0.0 
35633.20 0.42 0.0 
35801.16 0.82 0.0 
35801.16 0.69 0.0 
36375.08 0.46 0.0 
38038.83 0.90 0.0 
38139.25 0.33 0.0 
38748.86 0.39 0.0 
39296.85 0.84 0.0 
39296.83 0.49 0.0 
39897.60 0.62 0.0 
40034.00 0.85 0.0 
40289.33 0.49 0.0 
40298.85 0.35 0.0 
40617.43 0.51 0.0 
40649.21 0.33 0.0 
40885.33 0.37 0.0 
40845.09 0.32 0.0 
41071.40 0.31 0.0 
41172.79 0.39 0.0 
41634.16 0.31 0.0 
41635.85 0.37 0.0 
41792.40 0.31 0.0 
41849.17 0.56 0.0 
42010.27 0.39 0.0 
42159.88 0.36 0.0 
42373.25 0.49 0.0 
42549.65 0.34 0.0 
42549.69 0.34 0.0 
42725.08 0.36 0.0 
42736.88 0.50 0.0 
42736.87 0.40 0.0 
42697.17 0.30 0.0 
42838.93 0.95 0.0 
42838.94 0.85 0.0 
43286.36 0.32 0.0 
43462.13 0.54 0.0 
43437.77 0.57 0.0 
43424.63 0.70 0.0 
43453.26 0.37 0.0 
43949.49 0.38 0.0 
43848.25 0.35 0.0 
43871.36 0.37 0.0 
44046.53 0.32 0.0 
44000.96 0.87 0.0 
44059.37 0.54 0.0 
44074.13 0.44 0.0 
44083.73 0.39 0.0 
44000.97 0.70 0.0 
44045.41 0.34 0.0 
44074.08 0.36 0.0 
44158.96 0.41 0.0 
44308.72 0.79 0.0 
44293.17 0.44 0.0 
44450.64 0.41 0.0 
44665.35 0.69 0.0 
44667.75 0.68 0.0 
44655.59 0.36 0.0 
44665.36 0.91 0.0 
44714.12 0.40 0.0 
45014.58 0.66 0.0 
45132.89 0.31 0.0 
45148.93 0.42 0.0 
45132.89 0.46 0.0 
45226.01 0.58 0.0 
45225.97 0.35 0.0 
45314.12 0.32 0.0 
45828.21 0.34 0.0 
46451.41 0.42 0.0 
46451.39 0.93 0.0 
46788.28 0.37 0.0 
47678.37 0.54 0.0 
48280.14 0.55 0.0 
48673.92 0.44 0.0 
48881.86 0.76 0.0 
48881.89 0.38 0.0 
49446.49 0.32 0.0 
49446.48 0.41 0.0 
50073.65 0.51 0.0 
50073.61 0.59 0.0 
51865.21 0.32 0.0 
51865.25 0.42 0.0 
52478.20 0.32 0.0 
52478.21 0.44 0.0 
53082.88 0.93 0.0 
53082.89 0.52 0.0 
53639.19 0.93 0.0 
53639.20 0.70 0.0 
54247.86 0.43 0.0 
54247.81 0.55 0.0 
55425.90 0.46 0.0 
56076.49 0.41 0.0 
56653.33 0.68 0.0 
56653.34 0.87 0.0 
57267.77 0.83 0.0 
57267.80 0.38 0.0 
57871.00 0.69 0.0 
57871.01 0.55 0.0 
58482.50 0.78 0.0 
59073.59 0.35 0.0 
59644.07 0.40 0.0 
60223.31 0.62 0.0 
60223.29 0.89 0.0 
60807.48 0.85 0.0 
60807.50 0.43 0.0 
61443.44 0.88 0.0 
61443.44 0.91 0.0 
62129.20 0.95 0.0 
62129.24 0.60 0.0 
62755.36 0.85 0.0 
62755.40 0.47 0.0 
62936.31 0.45 0.0 
63397.20 0.44 0.0 
64017.45 0.81 0.0 
64617.28 0.82 0.0 
64617.32 0.65 0.0 
65241.53 0.54 0.0 
65241.59 0.34 0.0 
65901.40 0.47 0.0 
65901.40 0.58 0.0 
66572.06 0.31 0.0 
67214.81 0.41 0.0 
67856.61 0.40 0.0 
67856.61 0.49 0.0 
68510.14 0.36 0.0 
69161.72 0.53 0.0 
69201.04 0.48 0.0 
69805.96 0.82 0.0 
69806.05 0.42 0.0 
70513.73 0.45 0.0 
70604.05 0.35 0.0 
70513.67 0.89 0.0 
71213.16 0.62 0.0 
71213.16 0.60 0.0 
71893.56 0.73 0.0 
71893.56 0.91 0.0 
72343.25 0.39 0.0 
72585.03 0.39 0.0 
72630.12 0.50 0.0 
73295.41 0.36 0.0 
73295.32 0.55 0.0 
73518.11 0.32 0.0 
74768.98 0.39 0.0 
75461.13 0.34 0.0 
75734.09 0.35 0.0 
76182.05 0.39 0.0 
76925.48 0.45 0.0 
77681.56 0.74 0.0 
77681.56 0.53 0.0 
78374.60 0.75 0.0 
79167.35 0.86 0.0 
79167.37 0.34 0.0 
79931.77 0.52 0.0 
80677.61 0.48 0.0 
80677.64 0.39 0.0 
81398.07 0.48 0.0 
82135.15 0.65 0.0 
82135.13 0.43 0.0 
82748.53 0.45 0.0 
82930.24 0.53 0.0 
83082.48 0.37 0.0 
83399.51 0.90 0.0 
83399.47 0.66 0.0 
83673.21 0.94 0.0 
83673.21 0.94 0.0 
83750.54 0.66 0.0 
83749.89 0.45 0.0 
83750.49 0.39 0.0 
83920.03 0.63 0.0 
83923.62 0.60 0.0 
83919.99 0.40 0.0 
83968.23 0.88 0.0 
83983.13 0.70 0.0 
83983.15 0.52 0.0 
84150.32 0.82 0.0 
84238.16 0.66 0.0 
84238.15 0.86 0.0 
84404.41 0.66 0.0 
84359.50 0.94 0.0 
84837.03 0.88 0.0 
84837.05 0.85 0.0 
84853.53 0.39 0.0 
85826.79 0.84 0.0 
85824.52 0.50 0.0 
85775.49 0.54 0.0 
85942.02 0.41 0.0 
85949.33 0.44 0.0 
85879.64 0.82 0.0 
85942.10 0.89 0.0 
85879.64 0.62 0.0 
85978.75 0.58 0.0 
86051.49 0.35 0.0 
86032.15 0.72 0.0 
86032.11 0.46 0.0 
86116.33 0.34 0.0 
86384.37 0.93 0.0 
