191.79 0.51 0.0 
448.31 0.52 0.0 
808.37 0.56 0.0 
3048.49 0.76 0.0 
4265.99 0.64 0.0 
4637.55 0.64 0.0 
4910.55 0.50 0.0 
6929.37 0.35 0.0 
7543.70 0.36 0.0 
10135.33 0.35 0.0 
10220.21 0.41 0.0 
10189.41 0.50 0.0 
10135.31 0.69 0.0 
10153.64 0.60 0.0 
12296.08 0.32 0.0 
12377.03 0.36 0.0 
17037.35 0.60 0.0 
17019.95 0.52 0.0 
17132.52 0.87 0.0 
17132.51 0.91 0.0 
22709.19 0.33 0.0 
23428.39 0.64 0.0 
25109.37 0.39 0.0 
25754.07 0.38 0.0 
27823.37 0.64 0.0 
29789.17 0.47 0.0 
30028.31 0.58 0.0 
30032.27 0.88 0.0 
30403.36 0.76 0.0 
30354.77 0.60 0.0 
30354.76 0.78 0.0 
30483.47 0.38 0.0 
30451.07 0.38 0.0 
30466.28 0.35 0.0 
30483.45 0.39 0.0 
30485.03 0.36 0.0 
30536.86 0.49 0.0 
30605.53 0.48 0.0 
30690.47 0.51 0.0 
30916.92 0.70 0.0 
31184.51 0.36 0.0 
31581.05 0.33 0.0 
31530.33 0.54 0.0 
31880.48 0.31 0.0 
31998.59 0.31 0.0 
32204.51 0.51 0.0 
32166.53 0.37 0.0 
32204.45 0.45 0.0 
32402.10 0.35 0.0 
32401.69 0.41 0.0 
32533.39 0.60 0.0 
32680.60 0.42 0.0 
32924.54 0.57 0.0 
32990.49 0.39 0.0 
32990.49 0.59 0.0 
33192.20 0.39 0.0 
33414.55 0.90 0.0 
33414.56 0.65 0.0 
33428.16 0.72 0.0 
33434.12 0.55 0.0 
33460.49 0.41 0.0 
33492.36 0.39 0.0 
33809.95 0.31 0.0 
34109.26 0.51 0.0 
34133.25 0.34 0.0 
34128.54 0.45 0.0 
34385.23 0.30 0.0 
34881.07 0.37 0.0 
34889.04 0.66 0.0 
34881.08 0.48 0.0 
35429.60 0.34 0.0 
35394.31 0.62 0.0 
36147.53 0.36 0.0 
36290.09 0.34 0.0 
36493.11 0.41 0.0 
36634.44 0.71 0.0 
36762.93 0.31 0.0 
36958.73 0.45 0.0 
37302.67 0.37 0.0 
37456.16 0.57 0.0 
37540.96 0.32 0.0 
38143.85 0.62 0.0 
38354.26 0.39 0.0 
38607.48 0.36 0.0 
38789.09 0.41 0.0 
38899.52 0.71 0.0 
38899.55 0.77 0.0 
38914.23 0.31 0.0 
38865.22 0.42 0.0 
38893.44 0.45 0.0 
38956.49 0.40 0.0 
39265.47 0.33 0.0 
39412.85 0.34 0.0 
39412.85 0.42 0.0 
39456.97 0.37 0.0 
39776.87 0.65 0.0 
39838.77 0.42 0.0 
40349.01 0.53 0.0 
40487.33 0.37 0.0 
40487.23 0.72 0.0 
40536.91 0.47 0.0 
40753.55 0.36 0.0 
41188.04 0.36 0.0 
41352.80 0.32 0.0 
41545.86 0.72 0.0 
41545.88 0.31 0.0 
41772.94 0.38 0.0 
42080.12 0.43 0.0 
42209.49 0.66 0.0 
42525.52 0.30 0.0 
42718.45 0.70 0.0 
42704.28 0.80 0.0 
42823.63 0.85 0.0 
42893.11 0.42 0.0 
43393.65 0.43 0.0 
43634.57 0.37 0.0 
43828.55 0.63 0.0 
43846.29 0.51 0.0 
43889.31 0.35 0.0 
43877.45 0.78 0.0 
44456.61 0.51 0.0 
45088.80 0.54 0.0 
45087.64 0.59 0.0 
45513.49 0.36 0.0 
45628.71 0.34 0.0 
45598.70 0.91 0.0 
45736.24 0.39 0.0 
45774.37 0.43 0.0 
45863.49 0.44 0.0 
45863.53 0.48 0.0 
45906.45 0.75 0.0 
45906.41 0.33 0.0 
46298.71 0.38 0.0 
46298.75 0.30 0.0 
46367.86 0.46 0.0 
46379.51 0.71 0.0 
46482.85 0.39 0.0 
46437.22 0.37 0.0 
46367.85 0.64 0.0 
46386.05 0.59 0.0 
46392.15 0.35 0.0 
46421.40 0.49 0.0 
46437.19 0.77 0.0 
46492.52 0.57 0.0 
46513.32 0.89 0.0 
46527.04 0.63 0.0 
46492.52 0.34 0.0 
46551.07 0.42 0.0 
46692.12 0.35 0.0 
46703.52 0.73 0.0 
46636.32 0.36 0.0 
46703.52 0.54 0.0 
46679.65 0.62 0.0 
46728.93 0.37 0.0 
46874.12 0.52 0.0 
46995.96 0.40 0.0 
47038.58 0.76 0.0 
46995.91 0.43 0.0 
47034.65 0.78 0.0 
47141.36 0.37 0.0 
47481.92 0.40 0.0 
47481.88 0.79 0.0 
47503.85 0.59 0.0 
48089.28 0.85 0.0 
48227.88 0.30 0.0 
48298.49 0.39 0.0 
48538.79 0.82 0.0 
48628.09 0.54 0.0 
48664.16 0.32 0.0 
48664.20 0.67 0.0 
48810.71 0.63 0.0 
48793.96 0.67 0.0 
48806.71 0.85 0.0 
49122.25 0.52 0.0 
49298.71 0.35 0.0 
49558.20 0.37 0.0 
49662.89 0.51 0.0 
50188.22 0.59 0.0 
50232.27 0.48 0.0 
50501.69 0.40 0.0 
50639.39 0.44 0.0 
50748.76 0.30 0.0 
50758.94 0.55 0.0 
50748.75 0.49 0.0 
51118.87 0.38 0.0 
51253.52 0.60 0.0 
51372.73 0.41 0.0 
51411.31 0.35 0.0 
51609.33 0.42 0.0 
51611.11 0.39 0.0 
51619.27 0.31 0.0 
51624.71 0.36 0.0 
51629.55 0.90 0.0 
51562.93 0.44 0.0 
51564.50 0.33 0.0 
51625.36 0.61 0.0 
51642.89 0.87 0.0 
51586.39 0.33 0.0 
51597.98 0.45 0.0 
51529.51 0.36 0.0 
51564.50 0.35 0.0 
51586.40 0.45 0.0 
51593.79 0.74 0.0 
51609.37 0.42 0.0 
51611.12 0.55 0.0 
51640.77 0.32 0.0 
51651.65 0.86 0.0 
51749.28 0.39 0.0 
51664.82 0.54 0.0 
51736.89 0.39 0.0 
51651.65 0.42 0.0 
51664.75 0.41 0.0 
51692.56 0.32 0.0 
51704.11 0.61 0.0 
51752.12 0.49 0.0 
51811.82 0.38 0.0 
51824.91 0.69 0.0 
51815.74 0.36 0.0 
51980.16 0.52 0.0 
51980.16 0.44 0.0 
51974.41 0.50 0.0 
52152.07 0.86 0.0 
52778.96 0.36 0.0 
52778.97 0.88 0.0 
52949.24 0.32 0.0 
54163.07 0.83 0.0 
54163.03 0.46 0.0 
55602.12 0.70 0.0 
55983.29 0.85 0.0 
55983.29 0.57 0.0 
56503.92 0.77 0.0 
56683.72 0.66 0.0 
56635.90 0.89 0.0 
56635.88 0.48 0.0 
56809.72 0.67 0.0 
56809.71 0.60 0.0 
57031.84 0.45 0.0 
57584.20 0.38 0.0 
57749.36 0.72 0.0 
57674.52 0.42 0.0 
57793.73 0.38 0.0 
58003.13 0.61 0.0 
57942.91 0.37 0.0 
58227.72 0.53 0.0 
58349.51 0.39 0.0 
58274.37 0.48 0.0 
58484.01 0.50 0.0 
59399.19 0.82 0.0 
59669.32 0.52 0.0 
59819.04 0.60 0.0 
60071.18 0.92 0.0 
60231.12 0.31 0.0 
60402.36 0.53 0.0 
60287.24 0.32 0.0 
60500.59 0.37 0.0 
60509.16 0.39 0.0 
60448.13 0.37 0.0 
60688.84 0.33 0.0 
60733.82 0.31 0.0 
60898.28 0.53 0.0 
61148.40 0.42 0.0 
61148.41 0.62 0.0 
61753.61 0.30 0.0 
62194.09 0.39 0.0 
62536.00 0.48 0.0 
62547.45 0.70 0.0 
62535.99 0.68 0.0 
62609.03 0.38 0.0 
63253.61 0.38 0.0 
63299.27 0.51 0.0 
63389.93 0.44 0.0 
63403.39 0.74 0.0 
63644.85 0.33 0.0 
63703.01 0.40 0.0 
63989.48 0.73 0.0 
64064.51 0.63 0.0 
64153.41 0.34 0.0 
64302.57 0.31 0.0 
64739.31 0.50 0.0 
65292.88 0.66 0.0 
65367.84 0.37 0.0 
65438.57 0.49 0.0 
65383.57 0.86 0.0 
65438.56 0.46 0.0 
65559.69 0.57 0.0 
65499.34 0.46 0.0 
65476.69 0.32 0.0 
65499.34 0.43 0.0 
65558.25 0.42 0.0 
65583.08 0.35 0.0 
65596.33 0.60 0.0 
66253.95 0.52 0.0 
66419.51 0.40 0.0 
66446.68 0.30 0.0 
66657.20 0.47 0.0 
66779.19 0.33 0.0 
67109.19 0.52 0.0 
67091.29 0.48 0.0 
67182.73 0.37 0.0 
67172.93 0.44 0.0 
67186.76 0.34 0.0 
67188.31 0.31 0.0 
67350.56 0.34 0.0 
67363.63 0.42 0.0 
67268.41 0.34 0.0 
67309.66 0.34 0.0 
67423.92 0.58 0.0 
67423.94 0.64 0.0 
67513.77 0.45 0.0 
67723.27 0.38 0.0 
67605.28 0.57 0.0 
67977.48 0.46 0.0 
68039.97 0.52 0.0 
68085.87 0.34 0.0 
68831.13 0.78 0.0 
69013.96 0.54 0.0 
69089.28 0.79 0.0 
69386.20 0.85 0.0 
69386.19 0.49 0.0 
69403.52 0.51 0.0 
69867.56 0.34 0.0 
69967.02 0.33 0.0 
70173.55 0.60 0.0 
70155.09 0.36 0.0 
70173.47 0.56 0.0 
70249.65 0.60 0.0 
70249.68 0.73 0.0 
70280.85 0.35 0.0 
70529.45 0.30 0.0 
70582.65 0.50 0.0 
70929.71 0.74 0.0 
71305.65 0.42 0.0 
71777.29 0.33 0.0 
71878.85 0.44 0.0 
71954.49 0.48 0.0 
71958.65 0.47 0.0 
72509.53 0.31 0.0 
72544.91 0.43 0.0 
72749.15 0.79 0.0 
72702.88 0.38 0.0 
73053.39 0.31 0.0 
73135.01 0.33 0.0 
73386.76 0.36 0.0 
73795.27 0.80 0.0 
73795.24 0.81 0.0 
73963.96 0.39 0.0 
74199.12 0.32 0.0 
74264.60 0.33 0.0 
74606.84 0.41 0.0 
74900.32 0.37 0.0 
75088.25 0.42 0.0 
75269.12 0.44 0.0 
75239.16 0.90 0.0 
75554.10 0.68 0.0 
76055.65 0.45 0.0 
76055.68 0.85 0.0 
76228.31 0.34 0.0 
76225.24 0.42 0.0 
76152.35 0.77 0.0 
76313.17 0.79 0.0 
76313.15 0.88 0.0 
76483.05 0.54 0.0 
76709.20 0.72 0.0 
76768.61 0.56 0.0 
76754.57 0.54 0.0 
76885.73 0.35 0.0 
76845.12 0.42 0.0 
77057.53 0.35 0.0 
77008.91 0.56 0.0 
77204.21 0.32 0.0 
77159.01 0.80 0.0 
77274.99 0.85 0.0 
77228.45 0.58 0.0 
77239.40 0.62 0.0 
77275.00 0.85 0.0 
77333.12 0.38 0.0 
77354.40 0.80 0.0 
77368.96 0.41 0.0 
77333.13 0.56 0.0 
77354.42 0.90 0.0 
77609.40 0.37 0.0 
77833.85 0.32 0.0 
78164.04 0.44 0.0 
78193.48 0.32 0.0 
78223.77 0.72 0.0 
78329.04 0.87 0.0 
78462.09 0.42 0.0 
78764.12 0.33 0.0 
78809.48 0.39 0.0 
78899.09 0.34 0.0 
78964.85 0.39 0.0 
79390.55 0.67 0.0 
79423.69 0.57 0.0 
79639.52 0.41 0.0 
79634.43 0.54 0.0 
79753.64 0.71 0.0 
80047.00 0.65 0.0 
80186.21 0.67 0.0 
80177.49 0.59 0.0 
80620.96 0.39 0.0 
80920.40 0.61 0.0 
80922.72 0.48 0.0 
81283.61 0.39 0.0 
81524.33 0.52 0.0 
81581.95 0.54 0.0 
81657.77 0.38 0.0 
81718.05 0.58 0.0 
81718.05 0.52 0.0 
81975.43 0.89 0.0 
82121.34 0.61 0.0 
82257.43 0.47 0.0 
82407.40 0.56 0.0 
82499.03 0.93 0.0 
82559.11 0.30 0.0 
82787.07 0.31 0.0 
82901.80 0.48 0.0 
82976.36 0.52 0.0 
83038.23 0.34 0.0 
82976.33 0.61 0.0 
83138.16 0.30 0.0 
83273.89 0.38 0.0 
83453.11 0.49 0.0 
83453.16 0.61 0.0 
83968.75 0.43 0.0 
84537.91 0.41 0.0 
84583.56 0.39 0.0 
84674.12 0.75 0.0 
84732.71 0.33 0.0 
85424.43 0.89 0.0 
85713.87 0.45 0.0 
85798.55 0.46 0.0 
85919.49 0.36 0.0 
86142.21 0.49 0.0 
86293.16 0.40 0.0 
