678.48 0.42 0.0 
678.49 0.61 0.0 
1511.84 0.31 0.0 
1513.34 0.50 0.0 
1513.33 0.34 0.0 
1968.45 0.36 0.0 
1926.94 0.40 0.0 
1934.49 0.43 0.0 
3512.15 0.34 0.0 
5849.45 0.50 0.0 
6190.97 0.55 0.0 
7294.53 0.59 0.0 
8133.73 0.66 0.0 
8669.57 0.34 0.0 
9284.51 0.89 0.0 
10123.61 0.61 0.0 
10439.41 0.32 0.0 
11179.35 0.43 0.0 
11564.60 0.31 0.0 
11900.77 0.52 0.0 
13499.49 0.66 0.0 
13723.72 0.49 0.0 
14083.51 0.54 0.0 
14120.48 0.52 0.0 
14399.48 0.32 0.0 
15164.56 0.36 0.0 
15614.56 0.71 0.0 
15839.44 0.67 0.0 
15869.05 0.38 0.0 
16164.32 0.58 0.0 
16364.04 0.38 0.0 
16529.24 0.34 0.0 
16594.47 0.35 0.0 
16878.08 0.32 0.0 
18508.36 0.90 0.0 
20564.57 0.44 0.0 
22315.29 0.30 0.0 
23597.04 0.53 0.0 
24253.21 0.55 0.0 
25198.61 0.61 0.0 
25198.60 0.37 0.0 
25497.48 0.32 0.0 
25950.57 0.53 0.0 
25997.07 0.49 0.0 
26181.34 0.31 0.0 
26367.27 0.77 0.0 
27123.21 0.49 0.0 
27268.64 0.40 0.0 
28788.51 0.31 0.0 
28934.41 0.40 0.0 
30092.45 0.31 0.0 
31079.10 0.57 0.0 
32023.55 0.62 0.0 
32492.49 0.54 0.0 
33569.25 0.62 0.0 
33616.47 0.35 0.0 
33787.85 0.33 0.0 
33789.13 0.39 0.0 
33916.44 0.36 0.0 
36179.12 0.40 0.0 
37243.40 0.46 0.0 
37303.72 0.44 0.0 
37698.20 0.40 0.0 
38209.49 0.40 0.0 
38138.23 0.43 0.0 
39013.93 0.64 0.0 
39206.40 0.32 0.0 
39206.39 0.35 0.0 
39627.95 0.37 0.0 
40093.89 0.38 0.0 
41953.93 0.59 0.0 
41859.43 0.38 0.0 
42583.44 0.62 0.0 
42974.28 0.35 0.0 
43246.59 0.32 0.0 
44053.65 0.37 0.0 
45207.56 0.44 0.0 
45380.77 0.55 0.0 
45584.33 0.49 0.0 
45779.49 0.48 0.0 
48119.48 0.37 0.0 
48516.19 0.34 0.0 
48509.56 0.35 0.0 
48516.23 0.39 0.0 
49004.41 0.65 0.0 
50259.41 0.44 0.0 
51385.78 0.30 0.0 
52303.28 0.33 0.0 
52926.56 0.30 0.0 
53461.41 0.32 0.0 
54014.28 0.36 0.0 
54460.55 0.35 0.0 
54828.92 0.39 0.0 
55274.44 0.38 0.0 
56923.45 0.44 0.0 
60708.36 0.31 0.0 
62418.07 0.47 0.0 
63598.61 0.49 0.0 
63777.12 0.35 0.0 
64592.16 0.37 0.0 
64918.11 0.37 0.0 
64993.41 0.56 0.0 
65338.52 0.44 0.0 
65277.51 0.35 0.0 
66557.89 0.42 0.0 
67302.16 0.31 0.0 
67302.20 0.64 0.0 
67953.37 0.41 0.0 
68897.15 0.33 0.0 
68983.73 0.34 0.0 
69134.25 0.31 0.0 
69337.69 0.40 0.0 
69709.32 0.36 0.0 
69813.81 0.66 0.0 
70107.56 0.37 0.0 
70771.44 0.44 0.0 
71130.96 0.32 0.0 
71793.99 0.31 0.0 
72419.45 0.74 0.0 
72738.36 0.46 0.0 
73108.85 0.40 0.0 
73604.49 0.44 0.0 
73919.16 0.40 0.0 
74217.81 0.35 0.0 
76065.96 0.48 0.0 
76753.53 0.44 0.0 
76770.91 0.44 0.0 
76982.40 0.31 0.0 
78056.40 0.44 0.0 
79019.20 0.48 0.0 
79183.41 0.46 0.0 
79409.24 0.31 0.0 
79514.25 0.37 0.0 
81039.29 0.38 0.0 
81779.45 0.43 0.0 
81988.57 0.41 0.0 
82047.88 0.38 0.0 
82141.06 0.33 0.0 
82243.55 0.37 0.0 
82804.27 0.40 0.0 
83339.41 0.70 0.0 
83505.21 0.35 0.0 
83561.08 0.45 0.0 
83848.40 0.45 0.0 
83853.30 0.48 0.0 
