78.35 0.50 0.0 
78.35 0.39 0.0 
305.47 0.52 0.0 
756.88 0.82 0.0 
1786.36 0.83 0.0 
1786.35 0.33 0.0 
2204.96 0.67 0.0 
2491.91 0.48 0.0 
2491.86 0.76 0.0 
4055.11 0.47 0.0 
4055.04 0.85 0.0 
5046.56 0.75 0.0 
5046.56 0.59 0.0 
5985.86 0.81 0.0 
6350.85 0.67 0.0 
6650.54 0.68 0.0 
6602.19 0.46 0.0 
8141.79 0.69 0.0 
8591.35 0.50 0.0 
8591.34 0.72 0.0 
8866.12 0.65 0.0 
10742.50 0.83 0.0 
11194.59 0.47 0.0 
12557.82 0.54 0.0 
14463.16 0.80 0.0 
15013.95 0.30 0.0 
15640.07 0.83 0.0 
16323.56 0.63 0.0 
17527.16 0.51 0.0 
18556.68 0.86 0.0 
18556.68 0.56 0.0 
20902.63 0.41 0.0 
21142.84 0.69 0.0 
23040.51 0.51 0.0 
23349.11 0.32 0.0 
26836.07 0.45 0.0 
28242.79 0.57 0.0 
28242.78 0.40 0.0 
37069.67 0.59 0.0 
37399.31 0.56 0.0 
38070.76 0.80 0.0 
38070.79 0.42 0.0 
39234.63 0.53 0.0 
39545.27 0.44 0.0 
39545.30 0.66 0.0 
42651.66 0.74 0.0 
44523.61 0.55 0.0 
46323.91 0.36 0.0 
48207.42 0.84 0.0 
48207.39 0.42 0.0 
48361.82 0.80 0.0 
53317.42 0.86 0.0 
53317.42 0.65 0.0 
54660.96 0.79 0.0 
75683.75 0.54 0.0 
77090.53 0.36 0.0 
78275.08 0.76 0.0 
78275.11 0.39 0.0 
85366.11 0.47 0.0 
85457.67 0.43 0.0 
86234.19 0.40 0.0 
