494.25 0.87 0.0 
746.77 0.38 0.0 
1364.33 0.49 0.0 
3704.42 0.94 0.0 
4064.60 0.68 0.0 
5519.36 0.65 0.0 
6029.60 0.77 0.0 
6478.89 0.38 0.0 
6284.65 0.54 0.0 
6511.08 0.34 0.0 
7574.20 0.85 0.0 
11354.01 0.30 0.0 
12913.76 0.37 0.0 
13859.57 0.70 0.0 
14246.61 0.38 0.0 
15569.48 0.58 0.0 
18958.05 0.47 0.0 
20652.61 0.49 0.0 
21171.33 0.95 0.0 
21171.34 0.95 0.0 
22754.48 0.84 0.0 
22974.32 0.35 0.0 
22974.29 0.75 0.0 
27239.75 0.38 0.0 
27359.60 0.54 0.0 
27771.72 0.55 0.0 
27771.72 0.68 0.0 
28535.08 0.90 0.0 
28535.09 0.56 0.0 
30020.42 0.98 0.0 
30020.42 0.98 0.0 
30252.99 0.58 0.0 
33598.28 0.35 0.0 
34452.24 0.32 0.0 
35488.48 0.50 0.0 
35950.69 0.31 0.0 
36072.76 0.56 0.0 
36207.81 0.41 0.0 
36494.60 0.32 0.0 
37768.45 0.50 0.0 
38578.09 0.82 0.0 
41054.60 0.62 0.0 
42920.05 0.44 0.0 
43797.97 0.30 0.0 
43754.60 0.40 0.0 
43843.60 0.37 0.0 
43827.93 0.38 0.0 
45119.05 0.52 0.0 
45286.09 0.32 0.0 
46196.71 0.92 0.0 
46319.43 0.91 0.0 
46843.72 0.52 0.0 
47954.44 0.64 0.0 
48075.48 0.63 0.0 
48370.08 0.98 0.0 
48390.54 0.97 0.0 
48370.08 0.99 0.0 
48390.55 0.98 0.0 
48398.31 0.43 0.0 
49063.08 0.55 0.0 
52349.44 0.67 0.0 
55529.56 0.76 0.0 
57148.29 0.46 0.0 
57955.80 0.36 0.0 
58243.96 0.37 0.0 
58903.96 0.35 0.0 
59126.93 0.35 0.0 
59070.04 0.89 0.0 
59219.01 0.36 0.0 
59578.76 0.68 0.0 
60103.61 0.52 0.0 
62876.64 0.46 0.0 
69524.44 0.73 0.0 
69705.97 0.36 0.0 
69673.00 0.40 0.0 
73405.56 0.36 0.0 
74058.51 0.37 0.0 
75027.39 0.91 0.0 
75027.33 0.35 0.0 
76676.44 0.38 0.0 
78823.43 0.36 0.0 
83023.44 0.33 0.0 
83129.44 0.31 0.0 
83246.10 0.45 0.0 
83340.09 0.37 0.0 
83548.25 0.41 0.0 
84160.88 0.61 0.0 
84160.85 0.38 0.0 
84434.44 0.61 0.0 
84793.96 0.61 0.0 
85889.15 0.44 0.0 
86114.41 0.53 0.0 
