119.08 0.43 0.0 
73.64 0.31 0.0 
147.01 0.74 0.0 
368.77 0.37 0.0 
571.03 0.37 0.0 
584.57 0.33 0.0 
673.97 0.41 0.0 
1089.23 0.72 0.0 
1089.26 0.30 0.0 
1304.07 0.37 0.0 
1570.19 0.48 0.0 
1991.49 0.31 0.0 
2098.48 0.55 0.0 
2505.59 0.57 0.0 
2505.64 0.65 0.0 
2710.92 0.86 0.0 
2769.23 0.37 0.0 
2699.52 0.36 0.0 
2776.81 0.45 0.0 
3134.15 0.56 0.0 
3233.65 0.30 0.0 
3178.33 0.66 0.0 
3523.65 0.65 0.0 
3597.99 0.92 0.0 
3526.92 0.46 0.0 
3539.40 0.59 0.0 
3550.75 0.33 0.0 
3598.00 0.55 0.0 
3539.41 0.48 0.0 
4587.84 0.36 0.0 
4543.47 0.69 0.0 
4649.21 0.36 0.0 
5191.09 0.30 0.0 
5712.83 0.76 0.0 
5712.85 0.43 0.0 
5902.21 0.34 0.0 
5923.16 0.61 0.0 
5864.33 0.34 0.0 
5973.16 0.30 0.0 
5923.16 0.35 0.0 
6059.37 0.40 0.0 
6098.17 0.50 0.0 
6569.37 0.47 0.0 
6916.21 0.52 0.0 
7021.98 0.95 0.0 
7021.97 0.92 0.0 
7829.48 0.31 0.0 
7886.49 0.35 0.0 
8083.85 0.42 0.0 
8023.20 0.64 0.0 
8248.92 0.56 0.0 
8248.83 0.32 0.0 
8548.55 0.40 0.0 
13167.51 0.92 0.0 
13694.57 0.75 0.0 
14077.08 0.32 0.0 
14247.59 0.42 0.0 
16225.57 0.66 0.0 
16667.43 0.34 0.0 
16826.49 0.48 0.0 
17068.84 0.33 0.0 
16997.23 0.35 0.0 
17204.58 0.79 0.0 
17293.92 0.31 0.0 
17353.00 0.30 0.0 
17878.19 0.86 0.0 
18042.91 0.53 0.0 
18629.48 0.30 0.0 
18626.43 0.42 0.0 
18635.53 0.46 0.0 
18734.41 0.53 0.0 
18734.40 0.33 0.0 
18680.37 0.31 0.0 
18680.35 0.43 0.0 
19510.76 0.72 0.0 
19668.60 0.53 0.0 
20175.69 0.38 0.0 
21219.47 0.89 0.0 
21325.43 0.86 0.0 
22034.56 0.36 0.0 
23669.32 0.78 0.0 
23894.37 0.45 0.0 
24027.67 0.32 0.0 
24043.76 0.65 0.0 
24269.47 0.80 0.0 
27623.11 0.51 0.0 
28484.57 0.44 0.0 
29561.89 0.45 0.0 
29804.56 0.39 0.0 
29956.32 0.73 0.0 
30193.68 0.77 0.0 
30226.35 0.47 0.0 
30353.61 0.70 0.0 
30353.60 0.44 0.0 
31407.81 0.48 0.0 
31840.61 0.70 0.0 
31840.64 0.73 0.0 
32294.48 0.64 0.0 
32264.41 0.73 0.0 
32564.12 0.70 0.0 
32689.28 0.43 0.0 
33014.59 0.57 0.0 
32984.51 0.42 0.0 
33179.37 0.41 0.0 
33273.32 0.56 0.0 
33658.57 0.44 0.0 
33793.71 0.31 0.0 
34391.86 0.42 0.0 
34468.96 0.36 0.0 
34391.84 0.43 0.0 
34499.03 0.93 0.0 
34752.75 0.80 0.0 
35034.36 0.58 0.0 
35158.40 0.41 0.0 
35203.55 0.36 0.0 
35358.27 0.64 0.0 
35757.91 0.56 0.0 
36043.28 0.63 0.0 
36074.51 0.48 0.0 
36483.65 0.31 0.0 
36620.37 0.30 0.0 
36822.45 0.46 0.0 
36914.37 0.39 0.0 
37257.68 0.43 0.0 
37814.51 0.72 0.0 
37926.44 0.31 0.0 
38035.65 0.32 0.0 
39884.24 0.44 0.0 
40831.80 0.76 0.0 
40831.78 0.79 0.0 
40858.44 0.75 0.0 
41049.63 0.65 0.0 
41371.20 0.76 0.0 
41218.85 0.42 0.0 
41491.02 0.49 0.0 
41519.03 0.34 0.0 
42163.23 0.41 0.0 
42253.55 0.34 0.0 
42341.59 0.45 0.0 
42341.59 0.74 0.0 
42523.93 0.32 0.0 
42847.08 0.30 0.0 
44172.27 0.38 0.0 
44623.52 0.71 0.0 
46216.73 0.56 0.0 
46184.48 0.96 0.0 
46216.73 0.77 0.0 
46363.12 0.53 0.0 
46469.57 0.37 0.0 
46527.17 0.31 0.0 
46589.49 0.54 0.0 
46541.16 0.41 0.0 
46873.52 0.33 0.0 
47403.33 0.67 0.0 
47693.55 0.85 0.0 
47693.57 0.67 0.0 
47934.49 0.35 0.0 
48195.21 0.44 0.0 
48403.92 0.67 0.0 
48393.04 0.45 0.0 
49573.21 0.34 0.0 
49515.69 0.30 0.0 
49993.72 0.38 0.0 
50369.49 0.47 0.0 
50625.07 0.33 0.0 
50939.15 0.42 0.0 
51149.11 0.61 0.0 
51314.44 0.69 0.0 
51521.99 0.86 0.0 
51713.91 0.34 0.0 
51719.26 0.30 0.0 
51642.16 0.36 0.0 
51748.64 0.34 0.0 
51659.52 0.74 0.0 
51790.08 0.44 0.0 
51789.97 0.42 0.0 
52196.45 0.50 0.0 
52274.39 0.38 0.0 
52415.49 0.51 0.0 
52364.15 0.43 0.0 
52964.57 0.38 0.0 
54119.16 0.41 0.0 
54476.52 0.31 0.0 
54400.92 0.55 0.0 
54538.96 0.78 0.0 
54793.85 0.55 0.0 
55274.51 0.42 0.0 
55513.69 0.33 0.0 
55796.36 0.48 0.0 
56154.05 0.33 0.0 
56651.04 0.60 0.0 
56907.95 0.40 0.0 
56968.40 0.54 0.0 
57176.20 0.79 0.0 
57598.68 0.42 0.0 
58305.25 0.34 0.0 
58305.21 0.57 0.0 
58349.05 0.42 0.0 
59050.49 0.38 0.0 
59069.31 0.33 0.0 
59077.01 0.78 0.0 
59294.21 0.48 0.0 
59562.11 0.40 0.0 
59759.16 0.33 0.0 
60523.69 0.44 0.0 
61003.62 0.85 0.0 
61363.72 0.43 0.0 
61543.53 0.39 0.0 
61602.31 0.33 0.0 
61693.19 0.68 0.0 
61817.36 0.32 0.0 
62246.72 0.37 0.0 
62238.55 0.57 0.0 
62246.73 0.62 0.0 
62488.55 0.43 0.0 
63048.56 0.52 0.0 
63569.48 0.53 0.0 
63779.51 0.34 0.0 
64154.33 0.45 0.0 
64916.43 0.89 0.0 
65851.84 0.82 0.0 
66701.28 0.40 0.0 
67104.57 0.47 0.0 
67128.32 0.30 0.0 
67453.76 0.39 0.0 
67519.75 0.31 0.0 
67582.40 0.52 0.0 
67582.36 0.40 0.0 
67603.96 0.32 0.0 
67812.68 0.67 0.0 
69277.77 0.38 0.0 
69277.76 0.32 0.0 
69642.43 0.78 0.0 
69926.95 0.31 0.0 
70018.96 0.39 0.0 
70466.45 0.45 0.0 
70499.12 0.70 0.0 
70935.63 0.34 0.0 
71074.50 0.48 0.0 
71072.89 0.46 0.0 
71264.37 0.59 0.0 
71323.80 0.55 0.0 
71486.29 0.48 0.0 
71547.99 0.49 0.0 
71544.12 0.37 0.0 
71562.75 0.40 0.0 
71614.40 0.54 0.0 
71782.36 0.62 0.0 
71805.20 0.77 0.0 
71980.08 0.60 0.0 
71839.69 0.56 0.0 
71980.11 0.65 0.0 
72238.04 0.45 0.0 
72179.51 0.38 0.0 
72374.41 0.82 0.0 
72374.44 0.56 0.0 
72432.33 0.46 0.0 
72838.96 0.45 0.0 
72835.08 0.37 0.0 
72959.10 0.72 0.0 
73316.45 0.51 0.0 
73347.91 0.37 0.0 
74683.39 0.34 0.0 
74804.25 0.33 0.0 
74923.37 0.51 0.0 
75179.58 0.31 0.0 
75314.45 0.54 0.0 
76063.35 0.31 0.0 
76393.73 0.42 0.0 
76676.28 0.47 0.0 
76544.00 0.48 0.0 
76577.13 0.61 0.0 
76604.57 0.94 0.0 
77039.31 0.33 0.0 
76969.96 0.53 0.0 
76969.96 0.30 0.0 
77114.37 0.39 0.0 
77338.72 0.80 0.0 
77547.36 0.33 0.0 
77576.41 0.49 0.0 
77804.17 0.68 0.0 
78239.48 0.49 0.0 
78103.55 0.33 0.0 
78489.80 0.35 0.0 
78839.41 0.50 0.0 
79468.92 0.58 0.0 
79512.09 0.36 0.0 
79604.48 0.77 0.0 
79934.57 0.46 0.0 
79990.05 0.74 0.0 
80684.05 0.52 0.0 
80761.35 0.41 0.0 
80848.68 0.40 0.0 
81253.85 0.49 0.0 
81567.87 0.73 0.0 
81615.00 0.51 0.0 
81732.55 0.31 0.0 
81774.69 0.38 0.0 
82559.01 0.60 0.0 
82424.16 0.77 0.0 
82600.51 0.41 0.0 
82713.68 0.67 0.0 
83053.37 0.31 0.0 
83298.64 0.32 0.0 
83365.32 0.65 0.0 
83365.29 0.38 0.0 
83474.19 0.57 0.0 
84149.28 0.76 0.0 
84058.52 0.65 0.0 
84765.31 0.31 0.0 
84794.47 0.92 0.0 
85049.00 0.58 0.0 
85199.51 0.48 0.0 
85288.30 0.95 0.0 
85531.02 0.93 0.0 
85857.81 0.47 0.0 
86054.18 0.92 0.0 
86204.48 0.33 0.0 
86245.31 0.58 0.0 
86245.31 0.33 0.0 
86338.25 0.42 0.0 
86339.35 0.33 0.0 
