826.01 0.64 0.0 
2193.05 0.31 0.0 
2550.33 0.32 0.0 
4097.57 0.47 0.0 
5475.87 0.42 0.0 
6060.41 0.33 0.0 
6286.61 0.58 0.0 
6738.20 0.55 0.0 
9718.79 0.55 0.0 
9971.91 0.55 0.0 
10440.43 0.33 0.0 
10497.52 0.48 0.0 
10513.68 0.73 0.0 
12105.55 0.42 0.0 
16441.29 0.40 0.0 
18780.57 0.54 0.0 
23507.85 0.52 0.0 
23598.55 0.41 0.0 
24129.53 0.36 0.0 
25828.84 0.31 0.0 
29851.79 0.49 0.0 
35925.55 0.39 0.0 
38204.48 0.83 0.0 
38411.25 0.31 0.0 
39000.33 0.50 0.0 
39195.43 0.30 0.0 
41182.56 0.63 0.0 
41182.52 0.38 0.0 
42060.09 0.32 0.0 
43398.69 0.36 0.0 
47022.18 0.54 0.0 
47048.72 0.33 0.0 
47283.67 0.64 0.0 
47265.13 0.53 0.0 
48002.23 0.44 0.0 
48135.11 0.45 0.0 
48833.05 0.33 0.0 
48939.93 0.46 0.0 
48939.97 0.31 0.0 
49327.01 0.38 0.0 
49520.11 0.51 0.0 
49700.99 0.30 0.0 
49520.09 0.55 0.0 
49818.25 0.59 0.0 
49818.23 0.47 0.0 
49839.24 0.33 0.0 
49764.73 0.41 0.0 
49930.59 0.35 0.0 
49930.61 0.38 0.0 
50331.93 0.46 0.0 
50660.43 0.45 0.0 
50660.43 0.32 0.0 
51059.15 0.31 0.0 
51059.21 0.68 0.0 
51180.88 0.41 0.0 
51455.03 0.34 0.0 
51455.05 0.71 0.0 
55170.31 0.32 0.0 
55343.00 0.43 0.0 
55342.87 0.38 0.0 
55516.27 0.39 0.0 
59071.03 0.32 0.0 
70140.87 0.73 0.0 
70980.19 0.31 0.0 
72002.59 0.43 0.0 
73050.83 0.33 0.0 
73485.27 0.39 0.0 
74055.83 0.31 0.0 
74835.57 0.30 0.0 
77162.49 0.36 0.0 
77612.47 0.77 0.0 
78090.49 0.35 0.0 
80712.51 0.31 0.0 
83146.28 0.50 0.0 
84465.65 0.32 0.0 
86115.43 0.36 0.0 
