5074.45 0.44 0.0 
6733.53 0.33 0.0 
6775.73 0.52 0.0 
8598.92 0.44 0.0 
9869.51 0.78 0.0 
18914.17 0.53 0.0 
18948.11 0.38 0.0 
19303.95 0.85 0.0 
20398.21 0.30 0.0 
22869.64 0.42 0.0 
23337.97 0.53 0.0 
26777.49 0.40 0.0 
27764.48 0.84 0.0 
27691.44 0.38 0.0 
27929.65 0.54 0.0 
28148.68 0.53 0.0 
28720.53 0.40 0.0 
28769.51 0.65 0.0 
28887.55 0.62 0.0 
31231.23 0.36 0.0 
35615.84 0.43 0.0 
35615.84 0.51 0.0 
37339.15 0.43 0.0 
38204.33 0.54 0.0 
38612.23 0.37 0.0 
43346.52 0.70 0.0 
43308.61 0.75 0.0 
43318.96 0.85 0.0 
43308.59 0.72 0.0 
46139.36 0.67 0.0 
46364.27 0.56 0.0 
46585.87 0.32 0.0 
48613.80 0.61 0.0 
56864.21 0.47 0.0 
56983.57 0.39 0.0 
57074.48 0.42 0.0 
64341.21 0.61 0.0 
64302.89 0.66 0.0 
64423.25 0.31 0.0 
69587.28 0.57 0.0 
69447.18 0.50 0.0 
69587.24 0.57 0.0 
69613.67 0.44 0.0 
72967.01 0.38 0.0 
72988.16 0.41 0.0 
73600.37 0.46 0.0 
74092.56 0.46 0.0 
82269.63 0.32 0.0 
83222.80 0.37 0.0 
83915.41 0.37 0.0 
84281.19 0.36 0.0 
85018.53 0.45 0.0 
85213.76 0.37 0.0 
85724.19 0.80 0.0 
85529.28 0.34 0.0 
86261.29 0.63 0.0 
