66.47 0.34 0.0 
472.67 0.34 0.0 
472.61 0.76 0.0 
1471.11 0.33 0.0 
2483.25 0.46 0.0 
2568.55 0.44 0.0 
3076.47 0.47 0.0 
3076.44 0.65 0.0 
3442.31 0.46 0.0 
3785.48 0.38 0.0 
3748.79 0.37 0.0 
4026.30 0.69 0.0 
4154.89 0.52 0.0 
4502.31 0.39 0.0 
4999.86 0.61 0.0 
5539.60 0.48 0.0 
6205.24 0.67 0.0 
6943.15 0.42 0.0 
6943.19 0.46 0.0 
6969.47 0.32 0.0 
6969.45 0.59 0.0 
7006.63 0.56 0.0 
7197.31 0.34 0.0 
7872.43 0.45 0.0 
7902.39 0.36 0.0 
7872.43 0.46 0.0 
10156.86 0.63 0.0 
12633.75 0.50 0.0 
12726.25 0.35 0.0 
13022.31 0.34 0.0 
13845.80 0.40 0.0 
14626.61 0.60 0.0 
14723.93 0.43 0.0 
14723.89 0.40 0.0 
14754.97 0.59 0.0 
14758.67 0.53 0.0 
14686.32 0.42 0.0 
14954.92 0.73 0.0 
15531.33 0.63 0.0 
15537.34 0.90 0.0 
15586.88 0.82 0.0 
15531.37 0.47 0.0 
15980.93 0.49 0.0 
16191.83 0.84 0.0 
16191.84 0.69 0.0 
18770.49 0.30 0.0 
18880.63 0.40 0.0 
18880.67 0.47 0.0 
19067.95 0.34 0.0 
19499.19 0.42 0.0 
19677.23 0.39 0.0 
19677.17 0.38 0.0 
19900.30 0.36 0.0 
19831.59 0.40 0.0 
19926.61 0.40 0.0 
20076.55 0.39 0.0 
20067.25 0.32 0.0 
20227.96 0.77 0.0 
20461.53 0.47 0.0 
20895.39 0.62 0.0 
20939.88 0.39 0.0 
20939.89 0.82 0.0 
21089.95 0.44 0.0 
21083.55 0.51 0.0 
21089.93 0.53 0.0 
21172.99 0.76 0.0 
21165.40 0.47 0.0 
21172.99 0.58 0.0 
21333.00 0.40 0.0 
21981.75 0.46 0.0 
21964.27 0.34 0.0 
21981.80 0.67 0.0 
22118.04 0.76 0.0 
22412.20 0.47 0.0 
22770.16 0.65 0.0 
22860.81 0.71 0.0 
22857.28 0.38 0.0 
22945.23 0.46 0.0 
23055.96 0.62 0.0 
23240.51 0.38 0.0 
23198.11 0.47 0.0 
23599.40 0.64 0.0 
23599.38 0.81 0.0 
23669.91 0.37 0.0 
23948.13 0.58 0.0 
27571.75 0.38 0.0 
28018.23 0.36 0.0 
29072.39 0.35 0.0 
30946.51 0.47 0.0 
31682.57 0.36 0.0 
31881.91 0.42 0.0 
32123.60 0.42 0.0 
32397.07 0.30 0.0 
32491.39 0.54 0.0 
32579.87 0.37 0.0 
32677.63 0.36 0.0 
32777.57 0.54 0.0 
32765.31 0.52 0.0 
32777.63 0.37 0.0 
32949.49 0.36 0.0 
32917.47 0.34 0.0 
32971.35 0.34 0.0 
32949.57 0.37 0.0 
33359.79 0.37 0.0 
33470.20 0.58 0.0 
33582.79 0.37 0.0 
33531.73 0.50 0.0 
35214.03 0.32 0.0 
36543.56 0.63 0.0 
36632.78 0.76 0.0 
38329.61 0.31 0.0 
58789.75 0.37 0.0 
69060.89 0.32 0.0 
