4245.67 0.40 0.0 
8146.07 0.42 0.0 
9632.35 0.41 0.0 
9972.93 0.58 0.0 
10500.35 0.36 0.0 
12724.39 0.34 0.0 
17910.43 0.31 0.0 
17820.87 0.36 0.0 
20805.39 0.36 0.0 
22260.99 0.34 0.0 
23730.99 0.45 0.0 
29836.13 0.34 0.0 
33440.93 0.33 0.0 
38492.31 0.53 0.0 
38506.53 0.58 0.0 
39108.85 0.32 0.0 
40065.99 0.41 0.0 
43470.51 0.35 0.0 
47052.97 0.35 0.0 
49232.15 0.38 0.0 
49702.41 0.36 0.0 
49779.80 0.48 0.0 
49758.71 0.33 0.0 
49766.03 0.45 0.0 
50086.37 0.53 0.0 
50281.16 0.39 0.0 
50220.51 0.37 0.0 
51390.51 0.51 0.0 
51873.27 0.30 0.0 
53209.79 0.55 0.0 
57481.51 0.32 0.0 
59055.87 0.42 0.0 
59837.83 0.31 0.0 
72105.44 0.39 0.0 
76711.21 0.42 0.0 
76931.11 0.37 0.0 
84330.48 0.49 0.0 
84450.59 0.34 0.0 
