83.45 0.53 0.0 
478.69 0.59 0.0 
1389.81 0.53 0.0 
1913.52 0.36 0.0 
2788.25 0.31 0.0 
3341.15 0.45 0.0 
3472.33 0.34 0.0 
3940.37 0.31 0.0 
4390.44 0.38 0.0 
5233.49 0.38 0.0 
5293.19 0.45 0.0 
5609.42 0.85 0.0 
5711.26 0.65 0.0 
5711.29 0.77 0.0 
5769.41 0.61 0.0 
5769.37 0.47 0.0 
6891.00 0.32 0.0 
6891.01 0.32 0.0 
7104.47 0.53 0.0 
7377.04 0.59 0.0 
7237.08 0.45 0.0 
7377.03 0.47 0.0 
7492.17 0.41 0.0 
7528.72 0.97 0.0 
7528.74 0.51 0.0 
8324.45 0.40 0.0 
8697.29 0.46 0.0 
9058.81 0.35 0.0 
8920.21 0.51 0.0 
9183.96 0.36 0.0 
9311.89 0.49 0.0 
9311.95 0.58 0.0 
9416.25 0.31 0.0 
9386.84 0.38 0.0 
10230.78 0.88 0.0 
10228.21 0.45 0.0 
10614.04 0.32 0.0 
11105.67 0.78 0.0 
11105.73 0.39 0.0 
13394.21 0.36 0.0 
13491.67 0.44 0.0 
13741.68 0.60 0.0 
13741.68 0.68 0.0 
13768.76 0.44 0.0 
13771.28 0.71 0.0 
13870.73 0.80 0.0 
13870.73 0.67 0.0 
13771.28 0.73 0.0 
14129.32 0.50 0.0 
14523.33 0.72 0.0 
15307.91 0.32 0.0 
15260.64 0.69 0.0 
15307.86 0.49 0.0 
15415.35 0.31 0.0 
15418.48 0.85 0.0 
15260.60 0.31 0.0 
15317.25 0.48 0.0 
15415.40 0.55 0.0 
15555.68 0.46 0.0 
15597.41 0.73 0.0 
15924.89 0.43 0.0 
17127.61 0.55 0.0 
17202.40 0.61 0.0 
17254.11 0.40 0.0 
17767.56 0.36 0.0 
19179.57 0.31 0.0 
19453.27 0.91 0.0 
19750.25 0.40 0.0 
19679.44 0.48 0.0 
20012.70 0.49 0.0 
22034.43 0.52 0.0 
22037.43 0.51 0.0 
22152.55 0.34 0.0 
22077.32 0.35 0.0 
22078.40 0.54 0.0 
22078.39 0.84 0.0 
22543.80 0.31 0.0 
22748.15 0.45 0.0 
23347.12 0.43 0.0 
23363.04 0.48 0.0 
23569.16 0.31 0.0 
23537.94 0.42 0.0 
23539.29 0.45 0.0 
23759.08 0.54 0.0 
23759.10 0.92 0.0 
24323.53 0.34 0.0 
24809.15 0.76 0.0 
25437.33 0.49 0.0 
25751.12 0.64 0.0 
26054.04 0.70 0.0 
26618.64 0.47 0.0 
27043.32 0.52 0.0 
27461.88 0.35 0.0 
28658.39 0.84 0.0 
29348.61 0.40 0.0 
29667.93 0.60 0.0 
29684.37 0.62 0.0 
29968.00 0.37 0.0 
30177.43 0.51 0.0 
31896.49 0.34 0.0 
34228.80 0.58 0.0 
35511.67 0.47 0.0 
37038.93 0.55 0.0 
38005.25 0.52 0.0 
38143.83 0.54 0.0 
38337.85 0.32 0.0 
38352.65 0.30 0.0 
39640.49 0.79 0.0 
40928.05 0.37 0.0 
42102.36 0.59 0.0 
42442.33 0.38 0.0 
42875.36 0.44 0.0 
43001.63 0.81 0.0 
43154.49 0.47 0.0 
44998.41 0.35 0.0 
45115.97 0.64 0.0 
46000.07 0.43 0.0 
48118.69 0.55 0.0 
48494.28 0.44 0.0 
48927.13 0.39 0.0 
52049.33 0.44 0.0 
52795.79 0.54 0.0 
53844.39 0.44 0.0 
54253.73 0.71 0.0 
55281.65 0.40 0.0 
55647.29 0.50 0.0 
55884.56 0.74 0.0 
56483.21 0.42 0.0 
56608.73 0.43 0.0 
57653.88 0.34 0.0 
58375.21 0.41 0.0 
59724.09 0.30 0.0 
61431.76 0.31 0.0 
62422.99 0.32 0.0 
63394.09 0.39 0.0 
64136.97 0.48 0.0 
64378.88 0.38 0.0 
65399.48 0.74 0.0 
66593.17 0.57 0.0 
67911.05 0.34 0.0 
68822.76 0.61 0.0 
69304.95 0.34 0.0 
69445.25 0.45 0.0 
69771.48 0.31 0.0 
70094.16 0.32 0.0 
71214.16 0.37 0.0 
71249.07 0.33 0.0 
74878.96 0.40 0.0 
76980.84 0.47 0.0 
77095.74 0.40 0.0 
77517.08 0.36 0.0 
78193.16 0.35 0.0 
78728.08 0.70 0.0 
79261.76 0.40 0.0 
80476.61 0.50 0.0 
80999.23 0.32 0.0 
82899.89 0.41 0.0 
83777.92 0.47 0.0 
83875.40 0.41 0.0 
85046.95 0.52 0.0 
84958.53 0.34 0.0 
85284.36 0.39 0.0 
85223.92 0.31 0.0 
85419.47 0.81 0.0 
85544.12 0.59 0.0 
85931.75 0.31 0.0 
85931.77 0.60 0.0 
86118.70 0.50 0.0 
