544.08 0.80 0.0 
698.11 0.38 0.0 
669.11 0.47 0.0 
624.48 0.84 0.0 
610.81 0.54 0.0 
624.51 0.73 0.0 
1812.33 0.35 0.0 
1812.29 0.56 0.0 
3015.57 0.35 0.0 
3766.83 0.32 0.0 
4468.99 0.41 0.0 
4593.78 0.75 0.0 
4593.79 0.53 0.0 
5022.71 0.76 0.0 
5018.47 0.70 0.0 
5284.56 0.70 0.0 
5410.51 0.47 0.0 
5410.47 0.40 0.0 
7552.23 0.35 0.0 
8250.81 0.67 0.0 
8200.05 0.38 0.0 
9091.29 0.72 0.0 
9474.19 0.42 0.0 
9474.19 0.34 0.0 
9649.71 0.33 0.0 
10086.13 0.58 0.0 
10446.15 0.49 0.0 
12136.47 0.30 0.0 
12276.77 0.31 0.0 
12276.77 0.58 0.0 
12682.47 0.46 0.0 
12689.91 0.72 0.0 
13846.19 0.46 0.0 
14414.73 0.61 0.0 
14416.73 0.71 0.0 
14421.05 0.45 0.0 
15153.27 0.53 0.0 
17041.25 0.31 0.0 
18055.35 0.31 0.0 
18138.31 0.43 0.0 
18146.59 0.38 0.0 
18406.87 0.33 0.0 
18569.93 0.42 0.0 
18511.05 0.46 0.0 
18923.20 0.64 0.0 
19033.67 0.41 0.0 
19416.31 0.41 0.0 
19416.35 0.58 0.0 
19674.43 0.41 0.0 
19711.49 0.69 0.0 
20079.79 0.55 0.0 
21337.39 0.35 0.0 
21337.45 0.36 0.0 
22305.91 0.31 0.0 
22305.92 0.81 0.0 
22314.37 0.36 0.0 
22304.91 0.40 0.0 
22741.89 0.32 0.0 
23912.92 0.62 0.0 
24563.39 0.36 0.0 
24563.43 0.42 0.0 
26340.11 0.30 0.0 
28007.12 0.31 0.0 
30334.65 0.59 0.0 
30325.63 0.32 0.0 
30334.67 0.52 0.0 
32275.43 0.41 0.0 
32267.95 0.34 0.0 
32275.47 0.80 0.0 
32670.77 0.56 0.0 
33872.45 0.67 0.0 
33876.65 0.41 0.0 
34187.94 0.32 0.0 
38970.51 0.30 0.0 
38975.17 0.66 0.0 
38965.77 0.76 0.0 
38975.15 0.36 0.0 
39646.99 0.82 0.0 
39652.95 0.38 0.0 
41647.43 0.32 0.0 
42408.61 0.36 0.0 
42917.07 0.33 0.0 
43171.13 0.62 0.0 
43696.74 0.77 0.0 
43690.09 0.40 0.0 
43696.75 0.60 0.0 
43923.27 0.59 0.0 
43939.32 0.58 0.0 
43923.26 0.71 0.0 
43939.33 0.63 0.0 
43948.17 0.51 0.0 
43967.44 0.61 0.0 
43990.03 0.31 0.0 
43953.02 0.56 0.0 
43967.50 0.48 0.0 
44222.80 0.81 0.0 
44496.47 0.31 0.0 
44416.51 0.51 0.0 
44546.09 0.62 0.0 
44546.10 0.73 0.0 
48436.05 0.37 0.0 
50946.49 0.51 0.0 
50952.13 0.78 0.0 
50946.48 0.40 0.0 
50952.16 0.69 0.0 
50913.65 0.31 0.0 
51478.86 0.41 0.0 
51480.97 0.94 0.0 
54980.83 0.38 0.0 
59608.93 0.38 0.0 
60330.48 0.37 0.0 
60695.73 0.40 0.0 
67665.76 0.83 0.0 
69676.59 0.50 0.0 
70293.32 0.46 0.0 
70293.33 0.35 0.0 
71042.59 0.30 0.0 
72595.25 0.32 0.0 
72557.11 0.41 0.0 
72557.04 0.40 0.0 
73620.62 0.87 0.0 
77817.35 0.60 0.0 
77817.39 0.55 0.0 
86100.52 0.75 0.0 
86100.51 0.30 0.0 
86110.47 0.34 0.0 
86081.76 0.40 0.0 
