132.49 0.71 0.0 
544.02 0.32 0.0 
1810.27 0.38 0.0 
1810.25 0.45 0.0 
4458.00 0.35 0.0 
4457.99 0.35 0.0 
4469.00 0.84 0.0 
4593.36 0.84 0.0 
4593.36 0.65 0.0 
5018.46 0.89 0.0 
5017.97 0.46 0.0 
5022.69 0.92 0.0 
5281.37 0.66 0.0 
5394.76 0.47 0.0 
5394.76 0.48 0.0 
5407.56 0.95 0.0 
5309.33 0.34 0.0 
5407.57 0.95 0.0 
6398.09 0.48 0.0 
6388.96 0.47 0.0 
6398.09 0.43 0.0 
6658.55 0.41 0.0 
7048.01 0.37 0.0 
7182.39 0.94 0.0 
7552.08 0.66 0.0 
7552.08 0.34 0.0 
7593.81 0.44 0.0 
7589.51 0.50 0.0 
8200.02 0.38 0.0 
8217.80 0.42 0.0 
9647.61 0.40 0.0 
9833.35 0.58 0.0 
9795.29 0.42 0.0 
9647.64 0.52 0.0 
9795.25 0.61 0.0 
10722.88 0.47 0.0 
11764.93 0.41 0.0 
11865.09 0.50 0.0 
11827.93 0.33 0.0 
11764.92 0.41 0.0 
11827.97 0.44 0.0 
12274.77 0.60 0.0 
12387.85 0.40 0.0 
12686.69 0.84 0.0 
13776.27 0.35 0.0 
13776.20 0.68 0.0 
13901.48 0.82 0.0 
13965.19 0.64 0.0 
14016.40 0.63 0.0 
14170.56 0.47 0.0 
14260.68 0.42 0.0 
13965.22 0.38 0.0 
14170.56 0.36 0.0 
14406.33 0.37 0.0 
14296.05 0.34 0.0 
14503.13 0.50 0.0 
14622.25 0.75 0.0 
15086.69 0.54 0.0 
15001.60 0.37 0.0 
16109.81 0.46 0.0 
16977.72 0.51 0.0 
18055.13 0.61 0.0 
18145.84 0.31 0.0 
18179.05 0.35 0.0 
18388.97 0.64 0.0 
18565.70 0.85 0.0 
18793.33 0.36 0.0 
19033.36 0.76 0.0 
19414.55 0.70 0.0 
19414.55 0.69 0.0 
19710.77 0.56 0.0 
20079.57 0.65 0.0 
20079.60 0.46 0.0 
21283.64 0.85 0.0 
21337.24 0.59 0.0 
22302.85 0.36 0.0 
22309.55 0.44 0.0 
22302.83 0.86 0.0 
22693.17 0.33 0.0 
22589.43 0.66 0.0 
22589.43 0.91 0.0 
22725.80 0.69 0.0 
22725.80 0.64 0.0 
22737.61 0.35 0.0 
23063.25 0.34 0.0 
23834.13 0.31 0.0 
24563.16 0.76 0.0 
24563.17 0.55 0.0 
28006.95 0.86 0.0 
28006.94 0.84 0.0 
29779.31 0.49 0.0 
29779.36 0.79 0.0 
30889.02 0.31 0.0 
32022.75 0.70 0.0 
32272.77 0.51 0.0 
32273.40 0.49 0.0 
32274.17 0.32 0.0 
32632.17 0.50 0.0 
32632.22 0.48 0.0 
33866.05 0.30 0.0 
34187.78 0.59 0.0 
33870.27 0.94 0.0 
34187.73 0.53 0.0 
37037.12 0.74 0.0 
37037.13 0.46 0.0 
38598.56 0.37 0.0 
38598.57 0.44 0.0 
38969.31 0.92 0.0 
39633.04 0.49 0.0 
40633.36 0.61 0.0 
41647.27 0.52 0.0 
41647.28 0.46 0.0 
42416.88 0.45 0.0 
42869.09 0.35 0.0 
43132.49 0.59 0.0 
43683.27 0.48 0.0 
43798.40 0.52 0.0 
43694.09 0.34 0.0 
43920.89 0.34 0.0 
43920.87 0.47 0.0 
43938.22 0.36 0.0 
43944.88 0.34 0.0 
44220.16 0.69 0.0 
44378.51 0.33 0.0 
44204.00 0.71 0.0 
44219.20 0.52 0.0 
44322.91 0.65 0.0 
44353.49 0.43 0.0 
45595.54 0.81 0.0 
47055.97 0.43 0.0 
48544.17 0.39 0.0 
48544.09 0.59 0.0 
50126.01 0.34 0.0 
50951.05 0.53 0.0 
50951.09 0.47 0.0 
51475.35 0.49 0.0 
51281.56 0.71 0.0 
52529.12 0.49 0.0 
52379.25 0.43 0.0 
53443.37 0.85 0.0 
54333.93 0.30 0.0 
54977.37 0.42 0.0 
54977.41 0.48 0.0 
55113.81 0.49 0.0 
55113.86 0.41 0.0 
55904.05 0.31 0.0 
56756.32 0.67 0.0 
59608.69 0.86 0.0 
60312.99 0.35 0.0 
61088.63 0.83 0.0 
61088.66 0.84 0.0 
63120.49 0.49 0.0 
63120.50 0.33 0.0 
65412.13 0.31 0.0 
67626.65 0.56 0.0 
69638.45 0.32 0.0 
70290.87 0.39 0.0 
71035.99 0.47 0.0 
72284.21 0.42 0.0 
72552.32 0.45 0.0 
72552.35 0.73 0.0 
74264.01 0.31 0.0 
75798.49 0.39 0.0 
75798.57 0.43 0.0 
77817.17 0.49 0.0 
77817.13 0.54 0.0 
81519.98 0.47 0.0 
85093.69 0.81 0.0 
85348.48 0.61 0.0 
86081.78 0.89 0.0 
86081.84 0.33 0.0 
