2225.14 0.86 0.0 
2802.15 0.35 0.0 
3136.31 0.45 0.0 
3136.34 0.79 0.0 
3711.16 0.60 0.0 
4050.58 0.78 0.0 
5111.61 0.68 0.0 
5711.31 0.40 0.0 
5711.27 0.33 0.0 
6380.26 0.79 0.0 
6663.55 0.44 0.0 
7006.00 0.74 0.0 
8162.14 0.80 0.0 
8162.12 0.75 0.0 
10170.98 0.48 0.0 
10740.68 0.70 0.0 
12572.51 0.31 0.0 
14602.88 0.55 0.0 
15634.82 0.77 0.0 
16580.91 0.61 0.0 
17551.82 0.77 0.0 
18525.08 0.75 0.0 
18880.55 0.30 0.0 
20912.01 0.56 0.0 
21156.42 0.71 0.0 
21540.19 0.65 0.0 
23118.60 0.64 0.0 
24874.14 0.83 0.0 
24874.15 0.51 0.0 
25007.67 0.44 0.0 
25578.35 0.33 0.0 
25578.30 0.74 0.0 
25801.87 0.38 0.0 
28685.80 0.75 0.0 
32196.42 0.56 0.0 
32267.35 0.53 0.0 
32706.39 0.45 0.0 
33881.67 0.31 0.0 
36699.07 0.58 0.0 
36892.39 0.33 0.0 
37068.58 0.81 0.0 
37820.87 0.41 0.0 
39501.32 0.78 0.0 
40851.84 0.62 0.0 
45328.48 0.68 0.0 
46341.67 0.43 0.0 
47276.49 0.49 0.0 
48322.68 0.73 0.0 
48952.23 0.39 0.0 
52241.77 0.42 0.0 
53316.54 0.84 0.0 
54624.16 0.70 0.0 
54677.59 0.41 0.0 
78722.25 0.68 0.0 
83885.06 0.69 0.0 
83885.10 0.73 0.0 
86207.21 0.33 0.0 
86207.17 0.76 0.0 
