11042.64 0.38 0.0 
13272.65 0.37 0.0 
13272.65 0.47 0.0 
18982.88 0.31 0.0 
19318.73 0.39 0.0 
22723.64 0.41 0.0 
25556.55 0.72 0.0 
28454.91 0.33 0.0 
29659.49 0.31 0.0 
30165.33 0.40 0.0 
34887.60 0.46 0.0 
40153.67 0.36 0.0 
40283.40 0.38 0.0 
40636.37 0.43 0.0 
41997.00 0.38 0.0 
44320.64 0.41 0.0 
45479.47 0.33 0.0 
49800.51 0.47 0.0 
51599.04 0.43 0.0 
55960.35 0.50 0.0 
56759.40 0.37 0.0 
57333.95 0.33 0.0 
57334.00 0.34 0.0 
57839.44 0.58 0.0 
66240.67 0.31 0.0 
67483.72 0.30 0.0 
67903.25 0.30 0.0 
68082.21 0.55 0.0 
71964.11 0.34 0.0 
77874.47 0.34 0.0 
81897.85 0.33 0.0 
