2045.32 0.45 0.0 
2654.21 0.31 0.0 
2714.57 0.32 0.0 
3673.64 0.47 0.0 
3659.01 0.75 0.0 
5159.01 0.61 0.0 
5294.51 0.77 0.0 
5601.64 0.41 0.0 
5601.64 0.48 0.0 
6673.31 0.32 0.0 
6883.07 0.80 0.0 
7441.89 0.53 0.0 
7441.88 0.51 0.0 
7695.73 0.36 0.0 
7870.01 0.49 0.0 
8249.27 0.79 0.0 
8444.60 0.47 0.0 
9059.60 0.43 0.0 
9464.51 0.53 0.0 
9613.84 0.31 0.0 
10888.68 0.53 0.0 
11650.31 0.98 0.0 
11612.31 0.60 0.0 
11650.31 0.97 0.0 
12399.21 0.39 0.0 
13223.97 0.91 0.0 
13223.96 0.88 0.0 
13723.96 0.96 0.0 
14384.44 0.39 0.0 
14729.01 0.42 0.0 
15718.28 0.97 0.0 
15718.28 0.97 0.0 
22259.07 0.44 0.0 
23503.64 0.31 0.0 
25951.48 0.72 0.0 
28063.12 0.38 0.0 
30522.20 0.33 0.0 
30599.57 0.79 0.0 
34184.37 0.34 0.0 
37066.00 0.98 0.0 
37066.00 0.98 0.0 
38730.60 0.83 0.0 
39766.97 0.53 0.0 
40751.45 0.62 0.0 
41202.45 0.33 0.0 
43528.19 0.91 0.0 
54597.73 0.40 0.0 
54749.15 0.93 0.0 
59531.16 0.78 0.0 
61375.21 0.78 0.0 
62428.85 0.45 0.0 
62970.68 0.40 0.0 
64510.14 0.70 0.0 
65204.15 0.46 0.0 
67409.48 0.79 0.0 
67888.01 0.32 0.0 
71770.76 0.93 0.0 
71849.20 0.66 0.0 
72313.89 0.71 0.0 
72539.00 0.89 0.0 
72915.48 0.38 0.0 
72943.64 0.34 0.0 
72910.81 0.57 0.0 
73166.59 0.78 0.0 
74549.53 0.46 0.0 
75538.39 0.54 0.0 
77872.67 0.43 0.0 
79149.03 0.93 0.0 
79149.04 0.96 0.0 
84631.84 0.77 0.0 
84539.40 0.31 0.0 
84631.83 0.89 0.0 
85201.01 0.55 0.0 
86156.68 0.44 0.0 
86238.52 0.68 0.0 
86238.48 0.46 0.0 
