3162.55 0.36 0.0 
3760.83 0.54 0.0 
4047.81 0.30 0.0 
6209.48 0.34 0.0 
11637.89 0.43 0.0 
11703.69 0.74 0.0 
11703.68 0.36 0.0 
12055.61 0.39 0.0 
12072.48 0.78 0.0 
12626.44 0.33 0.0 
13271.92 0.38 0.0 
13272.92 0.31 0.0 
13244.51 0.71 0.0 
13500.33 0.34 0.0 
13732.93 0.33 0.0 
13722.85 0.39 0.0 
14173.96 0.37 0.0 
14185.52 0.47 0.0 
14319.28 0.37 0.0 
14319.31 0.78 0.0 
15042.29 0.57 0.0 
15042.27 0.86 0.0 
15329.05 0.83 0.0 
15451.28 0.44 0.0 
15521.68 0.65 0.0 
15521.69 0.59 0.0 
15745.16 0.64 0.0 
15955.21 0.30 0.0 
15976.30 0.41 0.0 
16203.36 0.94 0.0 
16203.35 0.96 0.0 
16278.83 0.43 0.0 
16490.52 0.56 0.0 
16717.22 0.71 0.0 
16720.72 0.54 0.0 
16717.20 0.85 0.0 
16943.21 0.51 0.0 
16943.17 0.55 0.0 
17024.53 0.44 0.0 
17627.99 0.50 0.0 
17599.00 0.87 0.0 
17593.83 0.31 0.0 
17627.95 0.63 0.0 
17598.97 0.70 0.0 
18979.85 0.69 0.0 
18979.81 0.44 0.0 
20069.25 0.49 0.0 
25304.16 0.77 0.0 
26441.00 0.32 0.0 
26440.99 0.57 0.0 
26862.81 0.63 0.0 
30043.40 0.62 0.0 
30598.47 0.45 0.0 
31027.75 0.87 0.0 
31153.84 0.51 0.0 
31212.88 0.43 0.0 
31965.16 0.30 0.0 
32104.89 0.32 0.0 
32294.28 0.41 0.0 
32606.07 0.67 0.0 
32893.05 0.59 0.0 
32769.48 0.31 0.0 
33206.36 0.66 0.0 
34111.67 0.34 0.0 
35606.76 0.62 0.0 
36447.27 0.39 0.0 
36867.08 0.35 0.0 
37907.04 0.56 0.0 
37907.03 0.86 0.0 
37978.55 0.46 0.0 
40718.03 0.36 0.0 
41418.09 0.50 0.0 
41907.68 0.35 0.0 
44091.51 0.34 0.0 
45674.13 0.37 0.0 
47352.71 0.46 0.0 
47458.78 0.39 0.0 
47902.65 0.33 0.0 
48977.43 0.38 0.0 
49654.79 0.49 0.0 
50714.35 0.57 0.0 
50761.57 0.43 0.0 
50906.23 0.45 0.0 
50983.36 0.57 0.0 
52708.84 0.41 0.0 
54175.00 0.47 0.0 
55379.48 0.54 0.0 
57088.05 0.66 0.0 
57179.11 0.42 0.0 
57794.92 0.40 0.0 
58122.80 0.75 0.0 
58482.83 0.59 0.0 
58727.31 0.40 0.0 
59081.31 0.38 0.0 
59492.27 0.58 0.0 
60184.57 0.40 0.0 
61813.24 0.35 0.0 
62045.36 0.48 0.0 
62160.48 0.56 0.0 
62374.80 0.59 0.0 
62735.48 0.44 0.0 
63073.27 0.48 0.0 
63073.28 0.57 0.0 
63345.68 0.34 0.0 
63989.11 0.32 0.0 
64475.53 0.51 0.0 
64976.13 0.74 0.0 
64976.13 0.33 0.0 
66106.15 0.32 0.0 
66193.08 0.33 0.0 
66827.16 0.44 0.0 
66827.17 0.66 0.0 
67013.19 0.34 0.0 
67136.45 0.41 0.0 
67279.27 0.33 0.0 
67279.23 0.34 0.0 
67286.52 0.48 0.0 
67604.57 0.51 0.0 
67751.63 0.35 0.0 
68207.48 0.35 0.0 
68771.73 0.30 0.0 
68913.61 0.36 0.0 
68916.63 0.41 0.0 
69244.20 0.47 0.0 
69807.07 0.42 0.0 
70341.92 0.34 0.0 
71148.70 0.42 0.0 
71148.72 0.65 0.0 
71282.16 0.46 0.0 
71369.17 0.40 0.0 
71282.17 0.32 0.0 
71564.53 0.31 0.0 
71714.27 0.33 0.0 
72089.35 0.37 0.0 
72792.55 0.30 0.0 
73574.11 0.55 0.0 
73797.32 0.54 0.0 
74275.24 0.34 0.0 
74300.53 0.40 0.0 
74300.51 0.76 0.0 
74379.36 0.58 0.0 
74864.09 0.30 0.0 
76046.20 0.37 0.0 
76453.89 0.32 0.0 
76738.79 0.51 0.0 
77177.68 0.33 0.0 
77442.60 0.61 0.0 
77677.59 0.33 0.0 
78418.24 0.84 0.0 
78584.00 0.33 0.0 
78774.95 0.35 0.0 
79181.43 0.36 0.0 
79814.05 0.32 0.0 
79707.39 0.74 0.0 
80841.45 0.51 0.0 
81989.37 0.32 0.0 
82403.41 0.39 0.0 
82403.41 0.39 0.0 
83678.55 0.32 0.0 
84102.67 0.34 0.0 
84716.56 0.56 0.0 
85725.57 0.30 0.0 
85725.53 0.45 0.0 
86009.40 0.61 0.0 
86004.44 0.33 0.0 
86369.11 0.55 0.0 
