1355.39 0.35 0.0 
1630.33 0.47 0.0 
2797.31 0.37 0.0 
2915.33 0.32 0.0 
4061.00 0.42 0.0 
4218.83 0.39 0.0 
4218.85 0.45 0.0 
4305.76 0.56 0.0 
4370.89 0.46 0.0 
4641.83 0.35 0.0 
4855.55 0.47 0.0 
4902.17 0.31 0.0 
4968.44 0.48 0.0 
5490.11 0.35 0.0 
6269.45 0.35 0.0 
6776.47 0.36 0.0 
6863.45 0.49 0.0 
7620.71 0.34 0.0 
7788.40 0.48 0.0 
8027.19 0.34 0.0 
8796.67 0.35 0.0 
8778.19 0.31 0.0 
8881.67 0.42 0.0 
8927.91 0.31 0.0 
9001.95 0.32 0.0 
9013.21 0.37 0.0 
9001.99 0.38 0.0 
9013.19 0.45 0.0 
9028.15 0.30 0.0 
9108.44 0.34 0.0 
9108.43 0.32 0.0 
9321.09 0.44 0.0 
9933.21 0.39 0.0 
10007.89 0.56 0.0 
10444.13 0.40 0.0 
10453.11 0.35 0.0 
10460.73 0.35 0.0 
10757.79 0.43 0.0 
11034.16 0.34 0.0 
11448.29 0.43 0.0 
11448.28 0.31 0.0 
11539.56 0.34 0.0 
11596.57 0.37 0.0 
12420.47 0.35 0.0 
12556.53 0.47 0.0 
12556.52 0.42 0.0 
12781.83 0.37 0.0 
13256.23 0.30 0.0 
13515.37 0.33 0.0 
14851.09 0.71 0.0 
15054.20 0.32 0.0 
15643.45 0.48 0.0 
15717.11 0.45 0.0 
15788.71 0.38 0.0 
15752.71 0.33 0.0 
15788.71 0.47 0.0 
16556.61 0.37 0.0 
17101.03 0.35 0.0 
17181.01 0.57 0.0 
17247.52 0.33 0.0 
17335.76 0.42 0.0 
17247.61 0.42 0.0 
17748.62 0.39 0.0 
17843.68 0.35 0.0 
18084.87 0.35 0.0 
18065.99 0.36 0.0 
18347.11 0.36 0.0 
18747.84 0.53 0.0 
19410.57 0.32 0.0 
19725.59 0.32 0.0 
20130.59 0.40 0.0 
20156.75 0.33 0.0 
20951.93 0.35 0.0 
21031.64 0.41 0.0 
20951.91 0.46 0.0 
21060.55 0.41 0.0 
22007.59 0.38 0.0 
22621.67 0.47 0.0 
23522.15 0.50 0.0 
23880.51 0.60 0.0 
23940.89 0.44 0.0 
24162.53 0.32 0.0 
24614.91 0.33 0.0 
25113.73 0.37 0.0 
25203.45 0.36 0.0 
25255.20 0.35 0.0 
25494.97 0.37 0.0 
25567.71 0.43 0.0 
25581.43 0.37 0.0 
26641.97 0.35 0.0 
26581.71 0.37 0.0 
26925.65 0.38 0.0 
27062.95 0.34 0.0 
27273.97 0.65 0.0 
27273.95 0.44 0.0 
27507.23 0.36 0.0 
27825.73 0.34 0.0 
28040.93 0.37 0.0 
28104.71 0.31 0.0 
30285.75 0.38 0.0 
30285.71 0.44 0.0 
30405.84 0.37 0.0 
30310.91 0.31 0.0 
30617.31 0.34 0.0 
30854.95 0.47 0.0 
30797.31 0.52 0.0 
30797.32 0.38 0.0 
31477.01 0.44 0.0 
31696.23 0.42 0.0 
33149.67 0.34 0.0 
33615.88 0.34 0.0 
34365.78 0.54 0.0 
34487.09 0.39 0.0 
35979.32 0.48 0.0 
36505.47 0.40 0.0 
36724.23 0.46 0.0 
36944.13 0.43 0.0 
37023.89 0.38 0.0 
37172.21 0.67 0.0 
37203.93 0.30 0.0 
37772.03 0.38 0.0 
37772.03 0.30 0.0 
38376.79 0.35 0.0 
39295.05 0.31 0.0 
39295.01 0.55 0.0 
39421.50 0.65 0.0 
39765.87 0.32 0.0 
39958.63 0.32 0.0 
40080.48 0.43 0.0 
40335.97 0.41 0.0 
41332.90 0.89 0.0 
41250.97 0.62 0.0 
41332.89 0.88 0.0 
41400.87 0.43 0.0 
41811.91 0.41 0.0 
42629.83 0.32 0.0 
42677.79 0.47 0.0 
42881.31 0.32 0.0 
44838.15 0.43 0.0 
44838.17 0.37 0.0 
45079.91 0.35 0.0 
46954.91 0.40 0.0 
47189.57 0.40 0.0 
47879.67 0.42 0.0 
48350.49 0.37 0.0 
48350.51 0.38 0.0 
48515.03 0.39 0.0 
49011.53 0.57 0.0 
49201.87 0.32 0.0 
49355.61 0.35 0.0 
49909.13 0.48 0.0 
50488.13 0.33 0.0 
50679.03 0.46 0.0 
50648.03 0.35 0.0 
50855.71 0.30 0.0 
51038.59 0.44 0.0 
51626.55 0.36 0.0 
51756.28 0.43 0.0 
52847.63 0.41 0.0 
52951.67 0.34 0.0 
53537.67 0.32 0.0 
53701.99 0.47 0.0 
54256.66 0.55 0.0 
54539.03 0.32 0.0 
55009.71 0.31 0.0 
55062.93 0.39 0.0 
55924.05 0.36 0.0 
56259.82 0.35 0.0 
56642.11 0.41 0.0 
57046.07 0.35 0.0 
58096.75 0.45 0.0 
58096.77 0.45 0.0 
58428.41 0.37 0.0 
58615.35 0.38 0.0 
59415.60 0.57 0.0 
59937.85 0.43 0.0 
59844.30 0.40 0.0 
59844.28 0.32 0.0 
60000.21 0.52 0.0 
60527.94 0.49 0.0 
61007.67 0.34 0.0 
62402.73 0.64 0.0 
63289.03 0.32 0.0 
65445.57 0.53 0.0 
65836.08 0.55 0.0 
66847.54 0.34 0.0 
67697.79 0.33 0.0 
67768.82 0.30 0.0 
68385.27 0.35 0.0 
68643.60 0.39 0.0 
69683.17 0.56 0.0 
70006.39 0.37 0.0 
70429.01 0.31 0.0 
70538.05 0.47 0.0 
70641.12 0.44 0.0 
71060.19 0.43 0.0 
71060.19 0.61 0.0 
73281.81 0.45 0.0 
73915.01 0.55 0.0 
74986.53 0.51 0.0 
75170.23 0.34 0.0 
75588.56 0.45 0.0 
75753.13 0.43 0.0 
76046.91 0.45 0.0 
76046.93 0.40 0.0 
77073.37 0.60 0.0 
77252.92 0.41 0.0 
77910.41 0.42 0.0 
77907.74 0.33 0.0 
77874.93 0.46 0.0 
77907.73 0.46 0.0 
78166.35 0.32 0.0 
78068.11 0.30 0.0 
78272.59 0.38 0.0 
78189.36 0.37 0.0 
78257.03 0.42 0.0 
78562.11 0.32 0.0 
78675.81 0.45 0.0 
78675.85 0.36 0.0 
78814.05 0.36 0.0 
79249.05 0.35 0.0 
79484.07 0.46 0.0 
79936.79 0.34 0.0 
80094.79 0.34 0.0 
80258.09 0.49 0.0 
80258.07 0.47 0.0 
80404.91 0.32 0.0 
80516.53 0.32 0.0 
80702.33 0.49 0.0 
80938.51 0.52 0.0 
80921.91 0.31 0.0 
81214.49 0.52 0.0 
81412.71 0.31 0.0 
81720.87 0.33 0.0 
81923.51 0.34 0.0 
81923.47 0.39 0.0 
82170.83 0.32 0.0 
82340.01 0.34 0.0 
82575.49 0.61 0.0 
82935.67 0.39 0.0 
83520.99 0.31 0.0 
83506.83 0.32 0.0 
83487.87 0.39 0.0 
84174.47 0.32 0.0 
84348.59 0.39 0.0 
85113.87 0.45 0.0 
