3900.79 0.31 0.0 
8326.69 0.33 0.0 
10220.63 0.32 0.0 
10652.00 0.55 0.0 
11708.89 0.45 0.0 
12091.47 0.51 0.0 
12004.87 0.32 0.0 
12177.80 0.62 0.0 
12177.83 0.32 0.0 
12121.77 0.46 0.0 
12437.47 0.44 0.0 
13140.99 0.32 0.0 
13272.88 0.42 0.0 
13219.59 0.53 0.0 
13276.03 0.51 0.0 
13526.69 0.42 0.0 
13548.12 0.38 0.0 
14226.63 0.50 0.0 
15455.80 0.43 0.0 
16023.52 0.40 0.0 
16023.55 0.58 0.0 
15976.95 0.41 0.0 
16207.23 0.57 0.0 
16282.09 0.35 0.0 
16727.04 0.37 0.0 
16720.81 0.60 0.0 
16956.59 0.54 0.0 
16948.03 0.65 0.0 
17631.53 0.43 0.0 
17602.07 0.33 0.0 
17602.07 0.40 0.0 
18986.75 0.45 0.0 
19720.43 0.30 0.0 
19720.45 0.41 0.0 
24581.07 0.33 0.0 
25596.78 0.74 0.0 
25596.75 0.46 0.0 
26493.71 0.30 0.0 
26762.01 0.34 0.0 
27908.41 0.41 0.0 
31027.76 0.81 0.0 
31747.22 0.43 0.0 
32113.00 0.65 0.0 
32113.01 0.45 0.0 
34114.63 0.66 0.0 
34114.67 0.57 0.0 
35348.80 0.57 0.0 
38480.83 0.64 0.0 
40861.61 0.52 0.0 
41788.87 0.44 0.0 
41788.88 0.45 0.0 
41912.29 0.52 0.0 
42980.13 0.32 0.0 
43819.75 0.37 0.0 
44279.31 0.48 0.0 
44545.59 0.47 0.0 
44808.47 0.35 0.0 
45087.17 0.42 0.0 
45680.55 0.38 0.0 
46286.07 0.30 0.0 
47894.59 0.56 0.0 
47894.55 0.48 0.0 
50506.05 0.50 0.0 
51256.53 0.35 0.0 
51966.95 0.36 0.0 
51973.63 0.30 0.0 
52294.95 0.37 0.0 
52562.87 0.43 0.0 
52940.19 0.54 0.0 
53748.39 0.48 0.0 
53908.79 0.30 0.0 
54179.43 0.34 0.0 
54257.75 0.55 0.0 
55307.59 0.66 0.0 
57338.39 0.34 0.0 
57255.51 0.52 0.0 
57338.40 0.43 0.0 
57594.71 0.45 0.0 
57798.48 0.66 0.0 
57798.47 0.46 0.0 
58268.49 0.44 0.0 
60158.67 0.35 0.0 
60184.47 0.58 0.0 
61827.87 0.42 0.0 
62171.75 0.75 0.0 
62171.77 0.35 0.0 
62737.91 0.36 0.0 
62817.37 0.36 0.0 
62780.43 0.31 0.0 
63080.01 0.30 0.0 
63256.87 0.30 0.0 
63707.18 0.49 0.0 
64058.33 0.49 0.0 
64300.47 0.44 0.0 
64472.07 0.50 0.0 
65480.83 0.33 0.0 
66482.83 0.34 0.0 
67127.87 0.67 0.0 
67127.86 0.76 0.0 
67102.71 0.76 0.0 
67291.87 0.37 0.0 
67279.29 0.31 0.0 
67610.93 0.32 0.0 
68776.87 0.44 0.0 
68867.65 0.32 0.0 
68916.59 0.37 0.0 
69250.69 0.47 0.0 
70347.59 0.41 0.0 
70857.19 0.37 0.0 
71155.03 0.63 0.0 
71155.01 0.67 0.0 
71274.05 0.40 0.0 
71680.95 0.73 0.0 
71680.98 0.82 0.0 
71985.23 0.35 0.0 
71981.87 0.31 0.0 
72259.53 0.33 0.0 
72353.17 0.44 0.0 
73007.07 0.34 0.0 
73318.95 0.38 0.0 
73277.43 0.42 0.0 
73799.31 0.58 0.0 
74733.83 0.46 0.0 
74733.83 0.32 0.0 
74761.67 0.61 0.0 
75212.40 0.81 0.0 
76213.63 0.46 0.0 
76966.99 0.50 0.0 
77808.71 0.36 0.0 
78016.35 0.37 0.0 
78293.59 0.48 0.0 
78428.95 0.37 0.0 
78599.45 0.39 0.0 
79398.27 0.33 0.0 
79937.07 0.69 0.0 
79927.99 0.38 0.0 
81420.73 0.32 0.0 
82770.51 0.51 0.0 
82876.87 0.61 0.0 
83680.95 0.37 0.0 
83681.03 0.41 0.0 
84812.51 0.34 0.0 
85354.99 0.49 0.0 
85565.63 0.44 0.0 
85565.64 0.64 0.0 
85729.99 0.40 0.0 
85738.71 0.32 0.0 
85729.99 0.65 0.0 
85999.87 0.37 0.0 
86009.39 0.44 0.0 
