1065.91 0.42 0.0 
2880.57 0.44 0.0 
5083.48 0.46 0.0 
9963.11 0.33 0.0 
10104.30 0.86 0.0 
10104.28 0.74 0.0 
10178.39 0.35 0.0 
10368.27 0.50 0.0 
10374.03 0.40 0.0 
10499.03 0.46 0.0 
10423.57 0.44 0.0 
10665.67 0.38 0.0 
10805.47 0.61 0.0 
10805.45 0.49 0.0 
12181.30 0.86 0.0 
12359.15 0.61 0.0 
13264.42 0.54 0.0 
13275.12 0.70 0.0 
13264.46 0.58 0.0 
13754.39 0.53 0.0 
14677.37 0.71 0.0 
14677.37 0.47 0.0 
14863.13 0.31 0.0 
15845.53 0.33 0.0 
16822.59 0.44 0.0 
20057.29 0.37 0.0 
20179.97 0.43 0.0 
23590.44 0.32 0.0 
23672.27 0.34 0.0 
25666.07 0.33 0.0 
26672.95 0.47 0.0 
26681.43 0.44 0.0 
26681.42 0.67 0.0 
28022.71 0.30 0.0 
31485.93 0.39 0.0 
32241.63 0.36 0.0 
34682.65 0.44 0.0 
36793.21 0.36 0.0 
44808.43 0.33 0.0 
45186.99 0.33 0.0 
47763.07 0.33 0.0 
47865.63 0.38 0.0 
48285.23 0.32 0.0 
49375.73 0.32 0.0 
49755.89 0.62 0.0 
49889.07 0.30 0.0 
49889.15 0.47 0.0 
49780.52 0.52 0.0 
56238.36 0.52 0.0 
56238.35 0.49 0.0 
56415.68 0.47 0.0 
56541.73 0.39 0.0 
56778.99 0.52 0.0 
57362.71 0.41 0.0 
59225.35 0.37 0.0 
61848.35 0.50 0.0 
64468.57 0.34 0.0 
66499.93 0.30 0.0 
66720.77 0.36 0.0 
67037.85 0.40 0.0 
67126.69 0.39 0.0 
68567.05 0.40 0.0 
69528.23 0.34 0.0 
70335.20 0.60 0.0 
70335.37 0.31 0.0 
70635.87 0.33 0.0 
70819.39 0.30 0.0 
70792.11 0.39 0.0 
71457.11 0.31 0.0 
77778.31 0.31 0.0 
77926.23 0.35 0.0 
78867.01 0.40 0.0 
78867.04 0.51 0.0 
80227.75 0.52 0.0 
80695.41 0.37 0.0 
81967.95 0.39 0.0 
82583.95 0.34 0.0 
83508.44 0.47 0.0 
84199.23 0.30 0.0 
86355.09 0.31 0.0 
