1681.83 0.57 0.0 
1931.43 0.33 0.0 
1838.95 0.31 0.0 
1931.45 0.56 0.0 
2154.02 0.79 0.0 
2795.33 0.43 0.0 
2795.35 0.41 0.0 
2953.28 0.61 0.0 
3543.05 0.69 0.0 
3570.48 0.62 0.0 
3543.05 0.67 0.0 
3825.40 0.61 0.0 
4257.33 0.32 0.0 
4257.31 0.39 0.0 
5099.83 0.78 0.0 
19479.03 0.41 0.0 
19788.67 0.37 0.0 
20407.58 0.50 0.0 
20541.39 0.65 0.0 
20937.91 0.46 0.0 
21136.69 0.56 0.0 
21846.29 0.74 0.0 
21846.27 0.37 0.0 
22276.77 0.70 0.0 
22290.13 0.69 0.0 
22440.17 0.33 0.0 
22486.30 0.89 0.0 
22486.29 0.40 0.0 
24249.87 0.32 0.0 
24576.71 0.40 0.0 
24576.75 0.32 0.0 
24896.91 0.62 0.0 
25809.05 0.60 0.0 
25761.32 0.80 0.0 
25761.32 0.81 0.0 
25809.04 0.65 0.0 
26176.23 0.59 0.0 
26399.83 0.32 0.0 
26432.63 0.57 0.0 
27016.61 0.63 0.0 
26939.91 0.35 0.0 
27061.99 0.58 0.0 
27062.03 0.52 0.0 
27210.67 0.58 0.0 
27852.55 0.42 0.0 
27852.59 0.41 0.0 
28172.40 0.63 0.0 
28715.11 0.33 0.0 
29376.68 0.64 0.0 
29463.15 0.54 0.0 
29504.84 0.36 0.0 
29719.79 0.36 0.0 
29719.79 0.48 0.0 
30016.90 0.52 0.0 
30205.87 0.52 0.0 
30171.00 0.54 0.0 
30489.93 0.35 0.0 
30502.92 0.33 0.0 
30489.95 0.46 0.0 
30740.55 0.41 0.0 
31046.77 0.58 0.0 
33091.32 0.52 0.0 
33690.80 0.55 0.0 
34064.65 0.44 0.0 
34208.79 0.36 0.0 
34214.76 0.53 0.0 
34365.81 0.65 0.0 
34365.83 0.66 0.0 
35030.71 0.34 0.0 
35030.76 0.54 0.0 
35089.58 0.69 0.0 
35089.61 0.65 0.0 
35653.03 0.32 0.0 
35938.25 0.31 0.0 
36078.88 0.70 0.0 
36517.43 0.33 0.0 
36524.91 0.39 0.0 
36647.11 0.43 0.0 
36752.17 0.59 0.0 
38494.57 0.43 0.0 
38637.23 0.34 0.0 
39142.13 0.62 0.0 
39095.95 0.42 0.0 
39210.43 0.48 0.0 
39390.47 0.49 0.0 
39658.87 0.47 0.0 
40118.97 0.50 0.0 
40206.07 0.39 0.0 
40111.79 0.35 0.0 
40118.97 0.40 0.0 
41145.89 0.68 0.0 
41145.81 0.54 0.0 
41499.40 0.57 0.0 
41499.41 0.70 0.0 
41590.47 0.37 0.0 
41741.61 0.37 0.0 
41741.51 0.35 0.0 
41795.37 0.43 0.0 
41919.35 0.34 0.0 
42113.51 0.33 0.0 
42326.33 0.60 0.0 
42326.37 0.60 0.0 
42576.56 0.65 0.0 
42708.47 0.87 0.0 
42708.46 0.87 0.0 
43660.79 0.38 0.0 
44134.23 0.81 0.0 
44491.47 0.44 0.0 
44778.31 0.32 0.0 
44778.27 0.31 0.0 
45074.95 0.37 0.0 
45085.85 0.46 0.0 
45085.85 0.71 0.0 
45479.83 0.35 0.0 
45479.76 0.73 0.0 
45823.08 0.38 0.0 
45918.80 0.44 0.0 
46294.97 0.32 0.0 
46464.25 0.36 0.0 
46758.83 0.43 0.0 
46997.79 0.57 0.0 
47164.29 0.32 0.0 
47189.86 0.73 0.0 
47189.85 0.57 0.0 
48326.07 0.42 0.0 
48484.44 0.64 0.0 
49145.99 0.33 0.0 
49419.79 0.37 0.0 
49419.83 0.34 0.0 
49877.96 0.66 0.0 
49877.95 0.38 0.0 
49889.14 0.89 0.0 
50194.81 0.53 0.0 
50194.83 0.33 0.0 
50370.27 0.41 0.0 
50742.43 0.37 0.0 
51224.25 0.53 0.0 
51224.25 0.45 0.0 
51436.48 0.48 0.0 
51585.59 0.34 0.0 
51645.51 0.37 0.0 
52322.35 0.36 0.0 
52596.03 0.36 0.0 
52864.41 0.60 0.0 
52864.41 0.41 0.0 
53037.72 0.77 0.0 
53196.31 0.56 0.0 
53195.47 0.33 0.0 
53196.31 0.36 0.0 
53399.08 0.33 0.0 
53399.03 0.32 0.0 
53484.71 0.50 0.0 
53457.27 0.41 0.0 
53595.40 0.68 0.0 
53595.45 0.73 0.0 
53668.48 0.55 0.0 
67526.02 0.70 0.0 
67526.00 0.31 0.0 
72537.31 0.65 0.0 
75605.21 0.33 0.0 
84817.45 0.44 0.0 
84946.86 0.30 0.0 
85953.23 0.59 0.0 
86015.89 0.47 0.0 
85953.21 0.75 0.0 
86122.59 0.49 0.0 
86079.87 0.49 0.0 
