60.49 0.55 0.0 
263.19 0.34 0.0 
930.45 0.78 0.0 
1234.01 0.51 0.0 
1290.87 0.49 0.0 
1234.04 0.60 0.0 
3171.11 0.57 0.0 
3171.09 0.36 0.0 
3479.94 0.76 0.0 
3978.52 0.82 0.0 
4566.63 0.58 0.0 
5239.11 0.42 0.0 
5643.53 0.48 0.0 
5643.53 0.63 0.0 
6414.03 0.42 0.0 
6734.09 0.61 0.0 
6744.97 0.40 0.0 
6760.50 0.60 0.0 
6719.97 0.36 0.0 
6760.50 0.56 0.0 
6891.79 0.33 0.0 
6954.15 0.33 0.0 
7055.37 0.35 0.0 
7070.76 0.61 0.0 
7205.59 0.34 0.0 
7291.43 0.43 0.0 
8237.93 0.53 0.0 
8237.93 0.70 0.0 
8596.57 0.31 0.0 
8896.27 0.58 0.0 
8896.28 0.81 0.0 
9151.23 0.34 0.0 
9382.20 0.36 0.0 
9712.51 0.44 0.0 
9712.48 0.43 0.0 
9797.81 0.40 0.0 
9771.20 0.57 0.0 
10104.80 0.76 0.0 
11090.67 0.31 0.0 
11091.63 0.32 0.0 
11252.59 0.59 0.0 
11270.01 0.35 0.0 
12403.36 0.35 0.0 
12403.35 0.45 0.0 
12695.07 0.37 0.0 
12701.27 0.39 0.0 
13084.39 0.35 0.0 
13065.71 0.55 0.0 
13317.12 0.42 0.0 
13552.08 0.47 0.0 
13738.39 0.31 0.0 
14517.43 0.47 0.0 
14703.28 0.48 0.0 
15235.03 0.49 0.0 
15271.65 0.34 0.0 
15281.05 0.62 0.0 
15271.64 0.83 0.0 
15281.07 0.48 0.0 
15415.55 0.39 0.0 
15415.56 0.73 0.0 
15576.60 0.47 0.0 
15576.62 0.83 0.0 
15940.77 0.64 0.0 
17996.61 0.41 0.0 
18016.91 0.64 0.0 
18306.21 0.63 0.0 
18306.21 0.45 0.0 
19542.03 0.47 0.0 
19542.07 0.72 0.0 
19510.89 0.34 0.0 
20120.16 0.81 0.0 
20120.17 0.81 0.0 
20257.43 0.31 0.0 
20312.41 0.47 0.0 
20512.73 0.47 0.0 
20589.39 0.32 0.0 
20761.58 0.55 0.0 
20770.63 0.37 0.0 
20758.21 0.79 0.0 
20758.19 0.72 0.0 
21048.91 0.37 0.0 
21388.41 0.43 0.0 
21396.83 0.43 0.0 
21692.29 0.79 0.0 
21692.26 0.80 0.0 
21790.88 0.48 0.0 
21790.89 0.55 0.0 
22234.55 0.36 0.0 
22502.88 0.61 0.0 
22899.85 0.57 0.0 
22899.81 0.56 0.0 
22951.41 0.57 0.0 
23287.17 0.50 0.0 
23293.85 0.32 0.0 
23307.29 0.53 0.0 
23213.29 0.38 0.0 
23307.29 0.51 0.0 
23287.18 0.80 0.0 
23343.81 0.70 0.0 
23337.51 0.52 0.0 
23343.81 0.68 0.0 
23337.55 0.37 0.0 
23807.28 0.76 0.0 
23815.89 0.54 0.0 
24361.51 0.63 0.0 
24355.78 0.80 0.0 
25187.03 0.43 0.0 
25184.28 0.53 0.0 
25187.07 0.44 0.0 
25575.87 0.40 0.0 
25575.83 0.32 0.0 
25590.91 0.57 0.0 
25590.90 0.68 0.0 
25786.20 0.92 0.0 
26250.85 0.48 0.0 
26601.15 0.32 0.0 
26602.75 0.35 0.0 
27778.69 0.37 0.0 
28446.12 0.48 0.0 
28479.68 0.44 0.0 
28426.73 0.44 0.0 
28446.11 0.38 0.0 
28479.67 0.34 0.0 
28648.59 0.35 0.0 
28783.56 0.82 0.0 
28783.51 0.44 0.0 
29225.39 0.41 0.0 
29525.89 0.63 0.0 
29850.47 0.39 0.0 
30949.91 0.35 0.0 
31200.57 0.46 0.0 
33142.67 0.37 0.0 
33941.53 0.42 0.0 
35428.23 0.45 0.0 
35438.13 0.63 0.0 
35442.73 0.37 0.0 
35438.13 0.65 0.0 
36663.86 0.73 0.0 
36663.89 0.54 0.0 
37825.79 0.31 0.0 
39359.67 0.48 0.0 
40426.51 0.32 0.0 
46005.41 0.58 0.0 
46607.55 0.31 0.0 
46612.93 0.64 0.0 
46618.51 0.43 0.0 
54420.62 0.63 0.0 
54616.30 0.48 0.0 
57571.63 0.38 0.0 
72365.53 0.31 0.0 
72437.60 0.39 0.0 
86288.84 0.59 0.0 
