317.81 0.58 0.0 
325.91 0.74 0.0 
317.81 0.38 0.0 
733.40 0.59 0.0 
1014.80 0.37 0.0 
1512.45 0.40 0.0 
2233.35 0.39 0.0 
2395.45 0.34 0.0 
2511.44 0.44 0.0 
3103.04 0.55 0.0 
5083.49 0.31 0.0 
5624.37 0.31 0.0 
6372.21 0.33 0.0 
6372.89 0.46 0.0 
6629.48 0.80 0.0 
6824.24 0.35 0.0 
7240.65 0.30 0.0 
7409.30 0.92 0.0 
7410.57 0.44 0.0 
7410.48 0.95 0.0 
8291.69 0.34 0.0 
9783.53 0.52 0.0 
9963.10 0.32 0.0 
10034.60 0.74 0.0 
10102.80 0.93 0.0 
10102.80 0.95 0.0 
10176.88 0.36 0.0 
10372.25 0.37 0.0 
10465.25 0.34 0.0 
10456.47 0.45 0.0 
10585.83 0.32 0.0 
10663.85 0.63 0.0 
10803.89 0.86 0.0 
10803.93 0.38 0.0 
10901.48 0.78 0.0 
10967.92 0.42 0.0 
10979.57 0.53 0.0 
10901.51 0.49 0.0 
11396.71 0.31 0.0 
12144.29 0.39 0.0 
12268.69 0.51 0.0 
12357.76 0.97 0.0 
13260.55 0.84 0.0 
13271.52 0.81 0.0 
13275.09 0.87 0.0 
13260.55 0.89 0.0 
13271.53 0.86 0.0 
13377.25 0.31 0.0 
13583.35 0.32 0.0 
13752.69 0.90 0.0 
13754.50 0.31 0.0 
13754.40 0.91 0.0 
14172.26 0.30 0.0 
14200.81 0.35 0.0 
14202.08 0.82 0.0 
14172.25 0.55 0.0 
14265.88 0.38 0.0 
14744.25 0.38 0.0 
15730.92 0.33 0.0 
16255.53 0.48 0.0 
16389.37 0.48 0.0 
17005.53 0.39 0.0 
17922.57 0.35 0.0 
17922.57 0.34 0.0 
18313.96 0.41 0.0 
18634.77 0.35 0.0 
19087.37 0.36 0.0 
22223.61 0.34 0.0 
22678.45 0.33 0.0 
22978.64 0.31 0.0 
23671.60 0.37 0.0 
23677.19 0.37 0.0 
24402.36 0.40 0.0 
24354.57 0.42 0.0 
24893.89 0.34 0.0 
25758.24 0.30 0.0 
25886.21 0.34 0.0 
26446.81 0.58 0.0 
26678.32 0.73 0.0 
26678.32 0.91 0.0 
26938.97 0.35 0.0 
27208.57 0.72 0.0 
29276.69 0.57 0.0 
30100.17 0.35 0.0 
30176.09 0.62 0.0 
31648.77 0.57 0.0 
32249.45 0.49 0.0 
32546.97 0.44 0.0 
37736.63 0.64 0.0 
39295.68 0.33 0.0 
41503.55 0.49 0.0 
42240.63 0.30 0.0 
42398.77 0.38 0.0 
43047.96 0.41 0.0 
42972.88 0.44 0.0 
43437.32 0.34 0.0 
43799.16 0.38 0.0 
46047.03 0.36 0.0 
46465.53 0.34 0.0 
46826.08 0.40 0.0 
47218.89 0.34 0.0 
47563.69 0.32 0.0 
49086.56 0.55 0.0 
49086.56 0.43 0.0 
49780.52 0.62 0.0 
50066.15 0.30 0.0 
52839.76 0.34 0.0 
53094.01 0.34 0.0 
53338.55 0.53 0.0 
53414.33 0.67 0.0 
54793.23 0.34 0.0 
55198.89 0.44 0.0 
57130.37 0.37 0.0 
59204.05 0.48 0.0 
61454.51 0.42 0.0 
62454.25 0.49 0.0 
63192.93 0.31 0.0 
64904.04 0.35 0.0 
65599.37 0.59 0.0 
65599.32 0.33 0.0 
65906.99 0.35 0.0 
69154.80 0.33 0.0 
71742.80 0.54 0.0 
71787.56 0.36 0.0 
72614.05 0.63 0.0 
75477.51 0.71 0.0 
76377.01 0.33 0.0 
77578.25 0.52 0.0 
77849.44 0.79 0.0 
77819.00 0.33 0.0 
78538.09 0.40 0.0 
78860.33 0.40 0.0 
80227.71 0.35 0.0 
81493.48 0.40 0.0 
81938.41 0.44 0.0 
81984.89 0.30 0.0 
82285.51 0.55 0.0 
82256.17 0.43 0.0 
82814.11 0.52 0.0 
83232.13 0.36 0.0 
84587.73 0.52 0.0 
85797.93 0.52 0.0 
86244.61 0.32 0.0 
86349.73 0.50 0.0 
