2320.08 0.36 0.0 
2322.11 0.35 0.0 
3042.34 0.64 0.0 
3201.88 0.70 0.0 
4046.92 0.53 0.0 
9042.87 0.74 0.0 
11971.87 0.43 0.0 
13626.73 0.60 0.0 
13626.71 0.51 0.0 
19019.48 0.77 0.0 
19482.81 0.47 0.0 
19788.82 0.39 0.0 
22129.09 0.36 0.0 
22226.87 0.68 0.0 
23248.89 0.35 0.0 
23788.05 0.77 0.0 
23744.51 0.85 0.0 
24226.91 0.62 0.0 
24253.56 0.40 0.0 
25186.53 0.59 0.0 
25186.51 0.48 0.0 
25204.57 0.39 0.0 
25821.75 0.30 0.0 
26022.16 0.33 0.0 
26336.08 0.34 0.0 
26954.48 0.32 0.0 
27479.45 0.47 0.0 
27584.25 0.33 0.0 
29578.31 0.90 0.0 
30743.02 0.88 0.0 
30743.04 0.61 0.0 
31799.21 0.32 0.0 
33239.49 0.32 0.0 
33850.93 0.41 0.0 
38620.71 0.56 0.0 
38620.73 0.75 0.0 
39478.69 0.62 0.0 
39492.77 0.33 0.0 
39493.64 0.33 0.0 
42056.80 0.57 0.0 
48193.19 0.54 0.0 
48298.00 0.34 0.0 
55469.45 0.42 0.0 
57719.00 0.31 0.0 
58694.49 0.35 0.0 
62687.97 0.35 0.0 
63148.04 0.69 0.0 
63087.52 0.66 0.0 
64949.26 0.43 0.0 
65758.67 0.35 0.0 
65877.68 0.48 0.0 
65986.57 0.58 0.0 
65984.36 0.47 0.0 
66045.60 0.70 0.0 
66134.47 0.70 0.0 
67664.52 0.86 0.0 
68036.16 0.62 0.0 
71035.37 0.42 0.0 
71563.56 0.40 0.0 
74016.06 0.31 0.0 
74472.25 0.50 0.0 
79273.80 0.64 0.0 
86338.64 0.41 0.0 
