2189.51 0.30 0.0 
4436.24 0.31 0.0 
4461.96 0.58 0.0 
4461.93 0.65 0.0 
4839.04 0.37 0.0 
4889.12 0.35 0.0 
6029.33 0.56 0.0 
6269.41 0.40 0.0 
9058.39 0.42 0.0 
10649.56 0.44 0.0 
12403.85 0.39 0.0 
12597.60 0.38 0.0 
13423.24 0.54 0.0 
15433.51 0.34 0.0 
16409.40 0.64 0.0 
16961.31 0.32 0.0 
17335.73 0.43 0.0 
18713.67 0.32 0.0 
20185.44 0.44 0.0 
20941.95 0.33 0.0 
22604.45 0.51 0.0 
22873.81 0.43 0.0 
23966.95 0.41 0.0 
25255.13 0.36 0.0 
25494.97 0.37 0.0 
25887.85 0.35 0.0 
26099.57 0.62 0.0 
26832.77 0.35 0.0 
26729.23 0.43 0.0 
28092.43 0.40 0.0 
28364.17 0.54 0.0 
28468.93 0.33 0.0 
31467.55 0.56 0.0 
31661.59 0.54 0.0 
32732.93 0.51 0.0 
32732.92 0.33 0.0 
34108.99 0.36 0.0 
36505.45 0.65 0.0 
36621.09 0.34 0.0 
36764.59 0.54 0.0 
41331.73 0.47 0.0 
41331.68 0.55 0.0 
43689.01 0.42 0.0 
43754.45 0.51 0.0 
45119.57 0.38 0.0 
48176.83 0.37 0.0 
48913.68 0.30 0.0 
50519.26 0.59 0.0 
50488.01 0.34 0.0 
50713.81 0.32 0.0 
50678.99 0.55 0.0 
51626.49 0.49 0.0 
52734.87 0.47 0.0 
53907.93 0.33 0.0 
54239.56 0.52 0.0 
54209.51 0.34 0.0 
55229.21 0.38 0.0 
57588.89 0.40 0.0 
58796.09 0.43 0.0 
59174.00 0.39 0.0 
60103.36 0.39 0.0 
60956.15 0.33 0.0 
64334.21 0.46 0.0 
64303.97 0.44 0.0 
68593.92 0.53 0.0 
69554.40 0.54 0.0 
69899.29 0.44 0.0 
73914.95 0.32 0.0 
74231.15 0.36 0.0 
75313.27 0.46 0.0 
75854.15 0.63 0.0 
76935.31 0.39 0.0 
77762.83 0.59 0.0 
79334.31 0.33 0.0 
80516.41 0.33 0.0 
81071.56 0.42 0.0 
81884.51 0.36 0.0 
83365.93 0.37 0.0 
83769.97 0.42 0.0 
84174.33 0.39 0.0 
84282.05 0.31 0.0 
84373.55 0.33 0.0 
84521.89 0.39 0.0 
85589.37 0.66 0.0 
85827.45 0.44 0.0 
