253.84 0.32 0.0 
551.20 0.67 0.0 
730.13 0.59 0.0 
806.77 0.35 0.0 
1139.12 0.66 0.0 
1599.73 0.75 0.0 
1599.79 0.42 0.0 
1873.80 0.54 0.0 
2143.93 0.31 0.0 
2594.33 0.39 0.0 
3265.85 0.34 0.0 
3220.83 0.33 0.0 
3167.83 0.72 0.0 
3167.81 0.51 0.0 
3325.37 0.45 0.0 
3477.83 0.83 0.0 
3516.83 0.45 0.0 
3477.86 0.88 0.0 
3493.35 0.85 0.0 
3624.87 0.60 0.0 
4562.13 0.42 0.0 
4829.04 0.46 0.0 
4916.23 0.42 0.0 
5289.90 0.31 0.0 
5642.62 0.91 0.0 
5642.61 0.96 0.0 
6043.59 0.70 0.0 
5937.11 0.49 0.0 
6412.45 0.51 0.0 
6412.41 0.36 0.0 
6743.53 0.61 0.0 
6758.97 0.44 0.0 
6759.01 0.57 0.0 
6770.28 0.60 0.0 
6927.77 0.38 0.0 
7083.73 0.40 0.0 
7061.25 0.40 0.0 
7061.28 0.67 0.0 
7197.01 0.66 0.0 
7454.33 0.37 0.0 
8210.68 0.32 0.0 
8219.48 0.39 0.0 
8470.51 0.43 0.0 
8591.95 0.82 0.0 
9339.57 0.30 0.0 
9379.24 0.49 0.0 
9404.01 0.39 0.0 
9709.81 0.32 0.0 
9764.01 0.30 0.0 
9709.79 0.31 0.0 
9768.92 0.40 0.0 
10123.79 0.82 0.0 
10167.88 0.74 0.0 
10675.67 0.46 0.0 
10619.54 0.87 0.0 
11087.91 0.44 0.0 
11087.89 0.44 0.0 
11250.95 0.55 0.0 
11250.97 0.32 0.0 
11232.56 0.40 0.0 
11519.05 0.33 0.0 
11593.93 0.63 0.0 
12401.16 0.85 0.0 
12401.17 0.50 0.0 
12538.89 0.31 0.0 
12692.03 0.33 0.0 
12698.41 0.36 0.0 
13083.01 0.70 0.0 
13083.01 0.70 0.0 
13317.05 0.40 0.0 
13548.21 0.34 0.0 
13548.20 0.51 0.0 
14342.33 0.57 0.0 
14514.08 0.39 0.0 
14678.44 0.75 0.0 
14799.20 0.45 0.0 
14678.44 0.78 0.0 
14753.12 0.36 0.0 
15232.45 0.64 0.0 
15224.57 0.31 0.0 
15277.87 0.64 0.0 
15298.76 0.32 0.0 
15277.84 0.52 0.0 
15298.69 0.76 0.0 
15433.24 0.77 0.0 
15573.33 0.48 0.0 
15573.33 0.52 0.0 
17994.71 0.44 0.0 
18015.87 0.92 0.0 
18303.92 0.74 0.0 
18303.08 0.58 0.0 
19289.16 0.70 0.0 
19537.68 0.34 0.0 
20117.17 0.80 0.0 
20117.19 0.84 0.0 
20110.97 0.63 0.0 
20376.49 0.38 0.0 
20376.44 0.43 0.0 
20563.25 0.46 0.0 
20586.79 0.42 0.0 
20586.79 0.58 0.0 
20563.21 0.35 0.0 
20765.41 0.31 0.0 
21388.43 0.95 0.0 
21432.91 0.69 0.0 
21690.90 0.76 0.0 
21690.90 0.91 0.0 
22195.59 0.44 0.0 
22199.33 0.52 0.0 
22370.84 0.40 0.0 
22895.87 0.36 0.0 
22903.69 0.55 0.0 
23290.97 0.30 0.0 
23306.61 0.33 0.0 
23306.68 0.47 0.0 
23290.84 0.53 0.0 
23341.57 0.88 0.0 
23364.89 0.44 0.0 
23341.55 0.85 0.0 
23335.23 0.35 0.0 
23804.51 0.90 0.0 
23825.07 0.34 0.0 
23805.16 0.82 0.0 
23811.37 0.49 0.0 
24352.25 0.65 0.0 
24359.51 0.76 0.0 
24372.91 0.49 0.0 
24741.69 0.49 0.0 
25574.33 0.43 0.0 
25781.70 0.36 0.0 
25888.77 0.38 0.0 
26052.89 0.48 0.0 
26233.04 0.69 0.0 
26456.95 0.46 0.0 
26594.31 0.33 0.0 
27403.37 0.81 0.0 
27270.77 0.53 0.0 
27494.48 0.34 0.0 
27599.56 0.42 0.0 
27879.41 0.49 0.0 
27881.28 0.39 0.0 
27778.72 0.32 0.0 
27879.39 0.37 0.0 
28331.70 0.71 0.0 
28443.99 0.32 0.0 
28478.09 0.75 0.0 
28478.11 0.74 0.0 
28646.73 0.81 0.0 
28646.73 0.41 0.0 
28782.49 0.40 0.0 
28788.01 0.59 0.0 
29523.56 0.35 0.0 
29847.01 0.58 0.0 
30025.51 0.66 0.0 
29969.33 0.34 0.0 
33713.65 0.61 0.0 
34349.52 0.45 0.0 
34976.17 0.44 0.0 
35425.16 0.56 0.0 
35425.09 0.55 0.0 
35435.35 0.92 0.0 
35435.35 0.83 0.0 
36660.84 0.55 0.0 
36658.67 0.84 0.0 
36658.68 0.67 0.0 
37769.19 0.41 0.0 
37841.76 0.48 0.0 
37841.73 0.58 0.0 
39356.85 0.39 0.0 
41127.83 0.30 0.0 
46605.65 0.42 0.0 
47527.53 0.51 0.0 
47533.94 0.69 0.0 
48883.87 0.62 0.0 
54084.61 0.50 0.0 
54745.75 0.61 0.0 
54745.75 0.45 0.0 
82304.45 0.42 0.0 
84206.29 0.45 0.0 
86286.56 0.63 0.0 
