746.45 0.39 0.0 
674.36 0.69 0.0 
850.89 0.32 0.0 
1766.63 0.69 0.0 
1926.79 0.74 0.0 
1926.81 0.53 0.0 
2023.60 0.87 0.0 
2145.21 0.34 0.0 
2291.96 0.59 0.0 
2443.69 0.32 0.0 
2800.77 0.70 0.0 
2953.30 0.63 0.0 
3207.77 0.37 0.0 
3238.93 0.42 0.0 
3540.09 0.51 0.0 
3777.59 0.40 0.0 
4034.45 0.61 0.0 
4254.37 0.34 0.0 
4254.37 0.53 0.0 
4604.10 0.76 0.0 
4498.39 0.32 0.0 
4706.04 0.42 0.0 
4766.35 0.31 0.0 
5098.12 0.78 0.0 
15209.04 0.45 0.0 
15238.39 0.31 0.0 
18029.35 0.30 0.0 
19478.97 0.61 0.0 
20022.72 0.65 0.0 
20339.51 0.47 0.0 
20407.55 0.77 0.0 
20937.87 0.72 0.0 
21844.29 0.42 0.0 
21806.44 0.82 0.0 
21882.73 0.36 0.0 
22284.60 0.47 0.0 
22439.37 0.50 0.0 
24112.93 0.44 0.0 
24416.91 0.38 0.0 
24417.02 0.74 0.0 
24669.00 0.43 0.0 
24895.21 0.36 0.0 
24895.23 0.73 0.0 
25678.68 0.73 0.0 
25758.24 0.90 0.0 
25758.27 0.89 0.0 
25844.40 0.57 0.0 
25804.29 0.37 0.0 
26022.76 0.32 0.0 
26175.53 0.48 0.0 
26296.00 0.41 0.0 
26321.53 0.33 0.0 
26324.04 0.41 0.0 
26669.59 0.84 0.0 
26613.59 0.33 0.0 
27061.00 0.59 0.0 
27060.97 0.37 0.0 
27850.77 0.31 0.0 
27839.57 0.34 0.0 
27850.76 0.44 0.0 
28025.22 0.38 0.0 
28033.23 0.51 0.0 
28170.84 0.38 0.0 
29003.81 0.39 0.0 
29247.81 0.70 0.0 
29371.44 0.55 0.0 
29502.59 0.73 0.0 
29652.73 0.63 0.0 
29807.35 0.36 0.0 
30204.69 0.48 0.0 
30209.56 0.81 0.0 
30167.04 0.48 0.0 
31039.16 0.33 0.0 
32003.09 0.77 0.0 
32003.07 0.50 0.0 
32442.25 0.45 0.0 
32789.40 0.31 0.0 
33328.20 0.39 0.0 
33997.09 0.43 0.0 
34275.21 0.35 0.0 
34603.72 0.37 0.0 
35647.29 0.47 0.0 
35652.98 0.35 0.0 
35767.37 0.30 0.0 
35926.17 0.55 0.0 
35938.23 0.34 0.0 
36014.65 0.41 0.0 
36077.79 0.39 0.0 
36614.56 0.66 0.0 
36891.61 0.47 0.0 
37213.97 0.49 0.0 
37259.61 0.35 0.0 
37259.55 0.98 0.0 
37824.36 0.83 0.0 
37754.36 0.47 0.0 
38190.15 0.56 0.0 
38484.71 0.37 0.0 
38642.65 0.84 0.0 
38642.64 0.60 0.0 
38729.41 0.45 0.0 
39141.52 0.53 0.0 
39088.79 0.36 0.0 
39194.28 0.41 0.0 
39342.67 0.33 0.0 
39744.19 0.33 0.0 
39656.37 0.81 0.0 
39928.92 0.49 0.0 
40124.09 0.48 0.0 
40201.03 0.40 0.0 
41142.05 0.43 0.0 
41519.01 0.44 0.0 
41498.04 0.48 0.0 
41472.46 0.86 0.0 
41997.99 0.38 0.0 
42137.99 0.64 0.0 
42148.64 0.49 0.0 
42138.00 0.46 0.0 
42320.37 0.59 0.0 
42320.39 0.78 0.0 
42449.42 0.37 0.0 
42707.45 0.31 0.0 
42719.45 0.30 0.0 
43437.97 0.45 0.0 
44818.45 0.37 0.0 
45085.87 0.42 0.0 
45376.10 0.40 0.0 
45476.71 0.43 0.0 
45704.44 0.46 0.0 
45868.21 0.38 0.0 
45984.93 0.49 0.0 
46443.39 0.31 0.0 
46454.12 0.61 0.0 
46859.00 0.60 0.0 
46859.00 0.91 0.0 
47022.89 0.68 0.0 
46993.20 0.35 0.0 
47188.02 0.95 0.0 
47188.01 0.90 0.0 
47233.92 0.78 0.0 
48039.01 0.38 0.0 
48481.97 0.86 0.0 
48725.82 0.34 0.0 
48815.92 0.51 0.0 
48990.21 0.31 0.0 
49241.63 0.31 0.0 
49338.37 0.60 0.0 
49338.35 0.80 0.0 
49416.44 0.69 0.0 
49416.41 0.80 0.0 
49722.37 0.37 0.0 
49876.15 0.73 0.0 
49889.14 0.79 0.0 
49876.16 0.78 0.0 
49883.87 0.33 0.0 
50099.00 0.40 0.0 
50194.78 0.67 0.0 
50457.75 0.37 0.0 
50624.57 0.57 0.0 
50577.41 0.31 0.0 
50726.73 0.46 0.0 
50862.88 0.42 0.0 
51239.19 0.75 0.0 
51402.20 0.40 0.0 
51906.17 0.33 0.0 
52605.60 0.69 0.0 
52923.49 0.31 0.0 
53008.64 0.91 0.0 
53037.72 0.41 0.0 
53008.65 0.39 0.0 
53309.44 0.69 0.0 
53192.21 0.41 0.0 
53668.48 0.59 0.0 
53591.09 0.41 0.0 
53609.47 0.31 0.0 
54643.92 0.30 0.0 
59788.92 0.62 0.0 
67516.96 0.86 0.0 
67516.96 0.35 0.0 
72537.27 0.71 0.0 
75030.84 0.35 0.0 
75602.25 0.50 0.0 
84860.61 0.64 0.0 
85123.07 0.31 0.0 
85276.39 0.31 0.0 
85492.56 0.70 0.0 
85844.09 0.53 0.0 
85738.87 0.55 0.0 
86053.65 0.38 0.0 
86119.57 0.35 0.0 
86128.45 0.69 0.0 
86292.91 0.48 0.0 
