294.70 0.73 0.0 
294.71 0.81 0.0 
308.29 0.54 0.0 
1868.79 0.48 0.0 
4107.71 0.33 0.0 
8562.81 0.54 0.0 
9515.50 0.80 0.0 
9515.48 0.71 0.0 
9525.82 0.75 0.0 
10112.17 0.42 0.0 
12116.13 0.50 0.0 
12116.17 0.54 0.0 
12440.51 0.34 0.0 
12440.51 0.65 0.0 
13562.83 0.32 0.0 
13562.87 0.30 0.0 
15668.01 0.62 0.0 
15653.75 0.58 0.0 
15667.96 0.51 0.0 
16230.49 0.78 0.0 
16230.32 0.78 0.0 
16833.22 0.84 0.0 
16833.23 0.56 0.0 
22872.55 0.36 0.0 
24137.97 0.34 0.0 
24282.73 0.43 0.0 
24282.72 0.39 0.0 
24615.51 0.34 0.0 
28809.03 0.36 0.0 
34830.48 0.63 0.0 
35094.92 0.59 0.0 
36021.73 0.58 0.0 
37341.33 0.37 0.0 
39232.30 0.77 0.0 
39232.35 0.35 0.0 
41538.46 0.61 0.0 
45843.29 0.32 0.0 
45870.79 0.52 0.0 
47301.27 0.34 0.0 
48394.58 0.58 0.0 
51316.21 0.64 0.0 
51798.75 0.38 0.0 
51798.72 0.70 0.0 
53314.47 0.56 0.0 
54581.51 0.40 0.0 
83365.54 0.58 0.0 
83365.50 0.75 0.0 
85996.40 0.67 0.0 
86250.63 0.52 0.0 
