293.64 0.76 0.0 
293.63 0.88 0.0 
822.41 0.45 0.0 
1481.12 0.38 0.0 
3215.64 0.78 0.0 
6173.36 0.36 0.0 
6388.49 0.45 0.0 
6987.52 0.31 0.0 
8143.33 0.45 0.0 
8488.37 0.85 0.0 
9296.41 0.39 0.0 
9513.83 0.62 0.0 
9513.80 0.70 0.0 
9642.36 0.35 0.0 
12028.28 0.41 0.0 
12109.23 0.94 0.0 
12109.23 0.93 0.0 
12439.64 0.67 0.0 
12439.67 0.80 0.0 
13562.12 0.35 0.0 
14585.48 0.44 0.0 
14585.48 0.31 0.0 
14964.31 0.73 0.0 
14964.33 0.31 0.0 
15463.25 0.35 0.0 
15403.72 0.42 0.0 
15652.72 0.64 0.0 
15652.71 0.78 0.0 
15674.23 0.36 0.0 
15717.09 0.79 0.0 
15927.56 0.40 0.0 
16032.81 0.42 0.0 
16229.12 0.97 0.0 
16229.12 0.98 0.0 
16434.25 0.44 0.0 
18552.47 0.45 0.0 
18552.51 0.83 0.0 
18763.76 0.74 0.0 
21207.69 0.36 0.0 
24073.01 0.35 0.0 
24609.63 0.62 0.0 
29920.92 0.47 0.0 
33838.33 0.71 0.0 
35094.87 0.45 0.0 
39612.63 0.43 0.0 
43231.97 0.61 0.0 
43231.98 0.41 0.0 
44803.96 0.32 0.0 
53314.43 0.43 0.0 
54581.48 0.70 0.0 
63955.17 0.41 0.0 
75507.52 0.34 0.0 
83362.61 0.35 0.0 
83651.83 0.57 0.0 
