6808.36 0.32 0.0 
7288.97 0.41 0.0 
8143.89 0.50 0.0 
8368.41 0.38 0.0 
8402.17 0.32 0.0 
9524.39 0.63 0.0 
9524.41 0.55 0.0 
11261.33 0.35 0.0 
11383.53 0.44 0.0 
12118.87 0.42 0.0 
14308.57 0.41 0.0 
15652.94 0.90 0.0 
15652.95 0.90 0.0 
16212.46 0.95 0.0 
16212.44 0.95 0.0 
16529.95 0.40 0.0 
17094.88 0.98 0.0 
17094.88 0.99 0.0 
17256.07 0.33 0.0 
17256.15 0.68 0.0 
18149.47 0.91 0.0 
18149.45 0.44 0.0 
18268.97 0.35 0.0 
18553.85 0.50 0.0 
18757.32 0.49 0.0 
19787.65 0.36 0.0 
19738.81 0.42 0.0 
20384.47 0.45 0.0 
20789.37 0.41 0.0 
21071.72 0.53 0.0 
23423.85 0.30 0.0 
25312.88 0.72 0.0 
25907.07 0.31 0.0 
26219.40 0.59 0.0 
29905.00 0.48 0.0 
32109.95 0.63 0.0 
32109.96 0.68 0.0 
33164.51 0.36 0.0 
34796.29 0.41 0.0 
34949.65 0.33 0.0 
35099.19 0.52 0.0 
36389.31 0.41 0.0 
39914.53 0.39 0.0 
44009.56 0.32 0.0 
51088.51 0.37 0.0 
60204.79 0.67 0.0 
63027.24 0.33 0.0 
68443.36 0.34 0.0 
69988.25 0.58 0.0 
73243.99 0.59 0.0 
