287.64 0.49 0.0 
1512.11 0.70 0.0 
2750.41 0.42 0.0 
5696.97 0.44 0.0 
7062.44 0.62 0.0 
8172.52 0.63 0.0 
8653.73 0.32 0.0 
9328.69 0.36 0.0 
9517.88 0.59 0.0 
9977.93 0.64 0.0 
11560.99 0.46 0.0 
11488.76 0.65 0.0 
12097.84 0.49 0.0 
18028.25 0.31 0.0 
21878.13 0.30 0.0 
23794.53 0.43 0.0 
23794.52 0.62 0.0 
25394.40 0.35 0.0 
26218.85 0.40 0.0 
26173.95 0.55 0.0 
29517.25 0.45 0.0 
29876.92 0.94 0.0 
30567.32 0.64 0.0 
30965.70 0.94 0.0 
30965.72 0.81 0.0 
34378.40 0.66 0.0 
37867.91 0.93 0.0 
37867.91 0.94 0.0 
38474.49 0.33 0.0 
51408.12 0.69 0.0 
51408.14 0.52 0.0 
65728.23 0.43 0.0 
67145.83 0.95 0.0 
67145.83 0.90 0.0 
83997.27 0.50 0.0 
