2406.92 0.49 0.0 
2406.88 0.34 0.0 
2804.56 0.71 0.0 
4933.21 0.43 0.0 
5817.60 0.45 0.0 
5938.28 0.32 0.0 
7889.45 0.32 0.0 
10559.51 0.63 0.0 
11038.72 0.59 0.0 
13494.72 0.32 0.0 
15461.72 0.33 0.0 
15640.86 0.96 0.0 
15640.86 0.97 0.0 
15802.37 0.63 0.0 
15802.44 0.72 0.0 
18754.67 0.72 0.0 
18768.33 0.35 0.0 
18768.33 0.41 0.0 
18754.67 0.72 0.0 
20758.01 0.31 0.0 
22856.12 0.88 0.0 
22856.16 0.67 0.0 
24273.27 0.81 0.0 
24273.28 0.96 0.0 
27119.48 0.30 0.0 
28498.85 0.58 0.0 
34612.04 0.76 0.0 
34630.28 0.39 0.0 
34612.04 0.69 0.0 
34630.36 0.65 0.0 
35070.21 0.37 0.0 
35070.20 0.82 0.0 
35083.52 0.66 0.0 
