222.52 0.62 0.0 
956.53 0.86 0.0 
870.83 0.68 0.0 
3306.89 0.36 0.0 
3673.21 0.41 0.0 
3795.60 0.58 0.0 
3795.60 0.82 0.0 
5341.28 0.69 0.0 
5583.04 0.76 0.0 
5583.08 0.47 0.0 
6014.36 0.78 0.0 
6072.81 0.83 0.0 
6224.12 0.60 0.0 
6823.32 0.32 0.0 
6953.03 0.98 0.0 
6953.03 0.98 0.0 
7109.33 0.51 0.0 
8444.49 0.64 0.0 
8605.65 0.34 0.0 
9314.04 0.42 0.0 
10529.52 0.32 0.0 
12839.57 0.50 0.0 
13396.28 0.97 0.0 
13396.28 0.97 0.0 
13560.84 0.31 0.0 
13996.19 0.36 0.0 
14127.57 0.50 0.0 
14698.71 0.50 0.0 
15253.80 0.37 0.0 
16288.68 0.71 0.0 
17338.17 0.33 0.0 
17610.07 0.66 0.0 
18761.60 0.40 0.0 
18778.97 0.31 0.0 
19015.88 0.36 0.0 
19015.86 0.48 0.0 
19019.43 0.64 0.0 
21236.08 0.32 0.0 
21643.53 0.49 0.0 
22886.83 0.53 0.0 
22871.37 0.49 0.0 
23354.40 0.56 0.0 
23803.64 0.79 0.0 
25679.21 0.46 0.0 
28367.56 0.88 0.0 
32068.44 0.78 0.0 
32068.49 0.44 0.0 
33192.96 0.73 0.0 
34590.42 0.97 0.0 
34590.40 0.97 0.0 
37769.51 0.44 0.0 
39158.64 0.31 0.0 
40199.48 0.32 0.0 
40407.41 0.50 0.0 
40637.13 0.49 0.0 
40618.88 0.88 0.0 
44953.75 0.32 0.0 
46783.27 0.62 0.0 
49229.21 0.42 0.0 
53653.69 0.43 0.0 
54539.45 0.41 0.0 
56035.91 0.39 0.0 
57464.03 0.52 0.0 
63148.29 0.51 0.0 
68333.57 0.30 0.0 
74999.75 0.41 0.0 
75344.53 0.54 0.0 
77054.19 0.34 0.0 
81959.14 0.82 0.0 
82873.84 0.35 0.0 
83053.44 0.34 0.0 
83180.68 0.62 0.0 
83640.32 0.75 0.0 
83594.05 0.45 0.0 
83654.58 0.46 0.0 
84044.08 0.52 0.0 
83953.84 0.90 0.0 
84133.64 0.35 0.0 
84599.44 0.66 0.0 
84854.44 0.34 0.0 
85105.28 0.69 0.0 
85136.08 0.32 0.0 
86144.01 0.30 0.0 
