5053.35 0.52 0.0 
10108.69 0.98 0.0 
10108.69 0.98 0.0 
12852.25 0.30 0.0 
15651.58 0.89 0.0 
15651.58 0.88 0.0 
16288.80 0.81 0.0 
21267.77 0.35 0.0 
28839.87 0.57 0.0 
29324.39 0.50 0.0 
29411.00 0.43 0.0 
29410.99 0.41 0.0 
30735.96 0.40 0.0 
33986.85 0.33 0.0 
34018.99 0.79 0.0 
38889.52 0.80 0.0 
38889.52 0.81 0.0 
47820.73 0.39 0.0 
77159.44 0.71 0.0 
77593.66 0.95 0.0 
77744.16 0.38 0.0 
78147.71 0.80 0.0 
78163.76 0.48 0.0 
78479.04 0.52 0.0 
80009.20 0.88 0.0 
82636.39 0.50 0.0 
85572.04 0.42 0.0 
