530.41 0.37 0.0 
1162.67 0.31 0.0 
1756.51 0.32 0.0 
3511.29 0.61 0.0 
5694.69 0.32 0.0 
6407.05 0.50 0.0 
6932.25 0.45 0.0 
7478.09 0.42 0.0 
9212.29 0.34 0.0 
10984.07 0.31 0.0 
11445.51 0.31 0.0 
13127.67 0.34 0.0 
14839.13 0.40 0.0 
16146.15 0.41 0.0 
16579.75 0.44 0.0 
16579.76 0.82 0.0 
18212.89 0.46 0.0 
19330.44 0.53 0.0 
25345.45 0.66 0.0 
25345.53 0.71 0.0 
29046.15 0.32 0.0 
31726.28 0.39 0.0 
38776.02 0.61 0.0 
41611.35 0.38 0.0 
43382.44 0.37 0.0 
44541.12 0.36 0.0 
44627.09 0.36 0.0 
50290.93 0.31 0.0 
52875.45 0.59 0.0 
52846.56 0.45 0.0 
54016.29 0.48 0.0 
54049.33 0.45 0.0 
56043.69 0.39 0.0 
57021.21 0.33 0.0 
57031.15 0.31 0.0 
58216.51 0.33 0.0 
59835.53 0.39 0.0 
60195.51 0.31 0.0 
60823.09 0.41 0.0 
61546.24 0.50 0.0 
61911.79 0.41 0.0 
65235.87 0.48 0.0 
70097.60 0.48 0.0 
73037.83 0.31 0.0 
73065.68 0.45 0.0 
73557.71 0.34 0.0 
74526.87 0.36 0.0 
74866.97 0.50 0.0 
75286.51 0.45 0.0 
76773.69 0.38 0.0 
77986.67 0.59 0.0 
78335.97 0.41 0.0 
79385.35 0.31 0.0 
80941.64 0.62 0.0 
80955.67 0.32 0.0 
82125.51 0.36 0.0 
82956.35 0.36 0.0 
83400.93 0.37 0.0 
83684.91 0.34 0.0 
83870.29 0.46 0.0 
84048.94 0.53 0.0 
85952.77 0.31 0.0 
