227.09 0.59 0.0 
199.81 0.37 0.0 
820.09 0.58 0.0 
1097.79 0.39 0.0 
1816.27 0.43 0.0 
1796.79 0.33 0.0 
2020.95 0.41 0.0 
2020.96 0.39 0.0 
2278.04 0.47 0.0 
2435.19 0.30 0.0 
2815.85 0.38 0.0 
2815.89 0.32 0.0 
2706.37 0.45 0.0 
3047.93 0.50 0.0 
3016.77 0.42 0.0 
3525.41 0.43 0.0 
4333.15 0.38 0.0 
4413.99 0.39 0.0 
4456.32 0.38 0.0 
4572.84 0.53 0.0 
4572.85 0.55 0.0 
4576.47 0.33 0.0 
6156.15 0.45 0.0 
6570.77 0.44 0.0 
6804.99 0.31 0.0 
6805.01 0.32 0.0 
7135.59 0.36 0.0 
7878.29 0.49 0.0 
7878.30 0.70 0.0 
8434.11 0.39 0.0 
9560.67 0.33 0.0 
9727.97 0.41 0.0 
10130.31 0.31 0.0 
10426.63 0.37 0.0 
10552.24 0.32 0.0 
11417.95 0.51 0.0 
11672.31 0.41 0.0 
11854.25 0.51 0.0 
11987.21 0.39 0.0 
12050.63 0.32 0.0 
12050.61 0.30 0.0 
11987.19 0.41 0.0 
12155.18 0.57 0.0 
12132.41 0.33 0.0 
12143.00 0.57 0.0 
12065.76 0.39 0.0 
12258.81 0.34 0.0 
12258.83 0.53 0.0 
12375.97 0.58 0.0 
12480.87 0.33 0.0 
12707.71 0.35 0.0 
12707.76 0.55 0.0 
12833.87 0.33 0.0 
12954.69 0.40 0.0 
13128.81 0.42 0.0 
13560.57 0.51 0.0 
13796.17 0.30 0.0 
14199.33 0.61 0.0 
14199.30 0.69 0.0 
14330.23 0.32 0.0 
14330.21 0.43 0.0 
14715.65 0.53 0.0 
14721.55 0.44 0.0 
15017.13 0.61 0.0 
15425.21 0.70 0.0 
15425.21 0.70 0.0 
15703.95 0.41 0.0 
16188.27 0.31 0.0 
16202.99 0.43 0.0 
16745.99 0.32 0.0 
16745.99 0.36 0.0 
17277.23 0.33 0.0 
17237.97 0.55 0.0 
17418.79 0.32 0.0 
17594.43 0.32 0.0 
18479.27 0.34 0.0 
18580.77 0.39 0.0 
18857.49 0.43 0.0 
19072.13 0.45 0.0 
19351.51 0.39 0.0 
19700.77 0.32 0.0 
20157.11 0.35 0.0 
20332.76 0.38 0.0 
20547.17 0.36 0.0 
20753.59 0.30 0.0 
21089.65 0.32 0.0 
21195.97 0.39 0.0 
21677.09 0.51 0.0 
21677.13 0.47 0.0 
21852.23 0.32 0.0 
21894.68 0.35 0.0 
21894.61 0.42 0.0 
22338.05 0.51 0.0 
22680.55 0.35 0.0 
22680.53 0.48 0.0 
22890.55 0.40 0.0 
22897.26 0.37 0.0 
22976.89 0.43 0.0 
22916.00 0.34 0.0 
23453.63 0.30 0.0 
23507.01 0.57 0.0 
23944.21 0.55 0.0 
23944.20 0.52 0.0 
24220.89 0.39 0.0 
24220.63 0.31 0.0 
24669.83 0.45 0.0 
25051.31 0.35 0.0 
25034.91 0.33 0.0 
25667.64 0.32 0.0 
25667.63 0.44 0.0 
25635.88 0.31 0.0 
26113.65 0.52 0.0 
26510.51 0.32 0.0 
26510.55 0.35 0.0 
27122.41 0.36 0.0 
27242.47 0.49 0.0 
27274.12 0.44 0.0 
27592.87 0.40 0.0 
27700.32 0.44 0.0 
28119.48 0.52 0.0 
28119.43 0.38 0.0 
28396.99 0.36 0.0 
29498.25 0.31 0.0 
29498.27 0.37 0.0 
29700.76 0.63 0.0 
29852.25 0.38 0.0 
29898.95 0.38 0.0 
30224.87 0.70 0.0 
30743.11 0.35 0.0 
30743.09 0.52 0.0 
31296.53 0.30 0.0 
31454.19 0.49 0.0 
32034.19 0.32 0.0 
32253.81 0.43 0.0 
32253.81 0.50 0.0 
32448.91 0.35 0.0 
33151.48 0.63 0.0 
33730.76 0.52 0.0 
34150.37 0.38 0.0 
34240.03 0.37 0.0 
34580.45 0.31 0.0 
35550.41 0.64 0.0 
35837.31 0.33 0.0 
36331.79 0.33 0.0 
36576.05 0.56 0.0 
36647.11 0.39 0.0 
36576.04 0.52 0.0 
36888.43 0.41 0.0 
37115.15 0.33 0.0 
37095.87 0.32 0.0 
37191.99 0.32 0.0 
37744.07 0.31 0.0 
38925.87 0.55 0.0 
39095.73 0.36 0.0 
39932.25 0.36 0.0 
40249.07 0.32 0.0 
40249.07 0.34 0.0 
41017.79 0.31 0.0 
41416.75 0.33 0.0 
41416.80 0.50 0.0 
42636.76 0.48 0.0 
42661.77 0.37 0.0 
42661.79 0.41 0.0 
43322.65 0.42 0.0 
44898.72 0.40 0.0 
46350.71 0.49 0.0 
46698.55 0.35 0.0 
49518.11 0.32 0.0 
50105.37 0.49 0.0 
50296.00 0.38 0.0 
51525.48 0.50 0.0 
52191.60 0.32 0.0 
52336.87 0.36 0.0 
52488.49 0.35 0.0 
52515.75 0.37 0.0 
52669.19 0.33 0.0 
52879.22 0.40 0.0 
53026.99 0.35 0.0 
54429.07 0.36 0.0 
55985.15 0.33 0.0 
56716.53 0.33 0.0 
58819.11 0.35 0.0 
58819.11 0.39 0.0 
59663.01 0.46 0.0 
59999.32 0.31 0.0 
60850.39 0.30 0.0 
61485.99 0.49 0.0 
61892.09 0.59 0.0 
62372.91 0.31 0.0 
62713.41 0.42 0.0 
62772.19 0.35 0.0 
62729.23 0.34 0.0 
63060.87 0.36 0.0 
63323.23 0.30 0.0 
63484.01 0.37 0.0 
63494.51 0.40 0.0 
63435.89 0.35 0.0 
64274.57 0.31 0.0 
64218.43 0.46 0.0 
64841.55 0.35 0.0 
64767.69 0.34 0.0 
64962.89 0.30 0.0 
66045.85 0.33 0.0 
66018.55 0.32 0.0 
66528.10 0.46 0.0 
66926.63 0.36 0.0 
67186.07 0.33 0.0 
69375.90 0.36 0.0 
70086.11 0.37 0.0 
70560.51 0.32 0.0 
73836.53 0.31 0.0 
73934.84 0.70 0.0 
75002.97 0.44 0.0 
75600.87 0.48 0.0 
76568.11 0.33 0.0 
77193.96 0.53 0.0 
79852.63 0.37 0.0 
79996.67 0.36 0.0 
82198.71 0.36 0.0 
82275.99 0.35 0.0 
82498.90 0.38 0.0 
82654.84 0.48 0.0 
82855.59 0.31 0.0 
82937.46 0.48 0.0 
82999.65 0.51 0.0 
83628.21 0.39 0.0 
85011.43 0.38 0.0 
85112.95 0.32 0.0 
