97.89 0.35 0.0 
285.27 0.36 0.0 
285.32 0.62 0.0 
637.65 0.37 0.0 
637.61 0.46 0.0 
812.85 0.31 0.0 
819.02 0.38 0.0 
1195.67 0.31 0.0 
1163.35 0.66 0.0 
1309.20 0.78 0.0 
1232.58 0.56 0.0 
1493.07 0.46 0.0 
1493.09 0.53 0.0 
1723.60 0.63 0.0 
1629.69 0.58 0.0 
1725.04 0.91 0.0 
1723.60 0.95 0.0 
1852.90 0.39 0.0 
2433.68 0.51 0.0 
2433.68 0.65 0.0 
3005.65 0.37 0.0 
3417.89 0.64 0.0 
3626.96 0.87 0.0 
3627.01 0.52 0.0 
3960.07 0.89 0.0 
4037.53 0.38 0.0 
4054.07 0.74 0.0 
4120.81 0.63 0.0 
4037.55 0.40 0.0 
4054.08 0.84 0.0 
4172.24 0.72 0.0 
4199.51 0.52 0.0 
4172.25 0.47 0.0 
4410.59 0.67 0.0 
4591.58 0.92 0.0 
4604.12 0.62 0.0 
4497.50 0.59 0.0 
4591.58 0.93 0.0 
4919.51 0.51 0.0 
5299.45 0.56 0.0 
5299.53 0.36 0.0 
5639.33 0.54 0.0 
5787.24 0.70 0.0 
5850.41 0.32 0.0 
5850.41 0.44 0.0 
6239.25 0.43 0.0 
6383.28 0.68 0.0 
6383.33 0.50 0.0 
6434.51 0.38 0.0 
6762.80 0.33 0.0 
7423.83 0.64 0.0 
7502.38 0.40 0.0 
7589.07 0.31 0.0 
7541.63 0.51 0.0 
7494.93 0.45 0.0 
7873.68 0.50 0.0 
8063.59 0.79 0.0 
7993.20 0.36 0.0 
8157.49 0.46 0.0 
8562.77 0.64 0.0 
8471.12 0.44 0.0 
8562.80 0.61 0.0 
8727.81 0.44 0.0 
8798.97 0.60 0.0 
9098.56 0.32 0.0 
9234.32 0.48 0.0 
9234.32 0.40 0.0 
9326.56 0.79 0.0 
9660.35 0.47 0.0 
9715.09 0.38 0.0 
9660.38 0.52 0.0 
10221.14 0.45 0.0 
10221.14 0.43 0.0 
10654.88 0.32 0.0 
10765.48 0.34 0.0 
10841.45 0.60 0.0 
10737.59 0.36 0.0 
10841.48 0.31 0.0 
11411.00 0.79 0.0 
11411.00 0.88 0.0 
11951.73 0.54 0.0 
11951.70 0.86 0.0 
12112.05 0.95 0.0 
12112.04 0.87 0.0 
12124.09 0.31 0.0 
12442.97 0.73 0.0 
12496.34 0.68 0.0 
12496.33 0.32 0.0 
12443.00 0.72 0.0 
12493.93 0.39 0.0 
12689.17 0.72 0.0 
12759.29 0.85 0.0 
12689.17 0.33 0.0 
12759.30 0.84 0.0 
12987.03 0.93 0.0 
12987.04 0.93 0.0 
13046.81 0.75 0.0 
13301.34 0.81 0.0 
13301.34 0.91 0.0 
13599.76 0.50 0.0 
13650.09 0.60 0.0 
13871.52 0.32 0.0 
14182.49 0.33 0.0 
14112.97 0.52 0.0 
14264.01 0.53 0.0 
14759.31 0.88 0.0 
15340.65 0.39 0.0 
15340.60 0.55 0.0 
15478.80 0.42 0.0 
15478.81 0.79 0.0 
15390.01 0.38 0.0 
15615.73 0.31 0.0 
15727.67 0.89 0.0 
15727.67 0.90 0.0 
15733.87 0.84 0.0 
15658.21 0.73 0.0 
15906.70 0.41 0.0 
15906.64 0.72 0.0 
16544.61 0.60 0.0 
16493.41 0.33 0.0 
17058.96 0.82 0.0 
17059.00 0.39 0.0 
17614.92 0.38 0.0 
17614.89 0.65 0.0 
18038.15 0.90 0.0 
18038.15 0.79 0.0 
18239.84 0.94 0.0 
18155.13 0.39 0.0 
18693.81 0.40 0.0 
18693.81 0.41 0.0 
19207.32 0.93 0.0 
19223.83 0.85 0.0 
19242.40 0.80 0.0 
19154.07 0.42 0.0 
19207.32 0.92 0.0 
19128.65 0.37 0.0 
19331.01 0.63 0.0 
19242.45 0.31 0.0 
19785.61 0.33 0.0 
19950.23 0.34 0.0 
19950.12 0.31 0.0 
20156.98 0.88 0.0 
20150.79 0.38 0.0 
20254.12 0.54 0.0 
20254.09 0.69 0.0 
20500.41 0.51 0.0 
20465.67 0.45 0.0 
20585.60 0.39 0.0 
20612.05 0.48 0.0 
20579.60 0.32 0.0 
20585.61 0.34 0.0 
20769.48 0.32 0.0 
20769.51 0.69 0.0 
20967.01 0.55 0.0 
21329.41 0.74 0.0 
21389.65 0.83 0.0 
21389.74 0.33 0.0 
21505.44 0.37 0.0 
21505.54 0.30 0.0 
21510.75 0.44 0.0 
21416.27 0.50 0.0 
21416.25 0.55 0.0 
21510.82 0.60 0.0 
21732.13 0.31 0.0 
22160.07 0.46 0.0 
22325.58 0.70 0.0 
22325.56 0.92 0.0 
22640.63 0.36 0.0 
23065.93 0.46 0.0 
23065.99 0.36 0.0 
23074.03 0.54 0.0 
23534.52 0.74 0.0 
23842.93 0.31 0.0 
24102.08 0.71 0.0 
24142.75 0.33 0.0 
24102.07 0.89 0.0 
24364.94 0.97 0.0 
24379.04 0.37 0.0 
24385.32 0.97 0.0 
24385.32 0.97 0.0 
24287.73 0.52 0.0 
24364.94 0.97 0.0 
24287.81 0.39 0.0 
24627.76 0.54 0.0 
24617.05 0.63 0.0 
24627.73 0.34 0.0 
24677.97 0.60 0.0 
24698.82 0.37 0.0 
24652.52 0.34 0.0 
25265.12 0.38 0.0 
25808.29 0.34 0.0 
26377.37 0.36 0.0 
26429.57 0.71 0.0 
26377.33 0.39 0.0 
26928.32 0.33 0.0 
27468.09 0.71 0.0 
27468.07 0.85 0.0 
28093.23 0.91 0.0 
28378.20 0.44 0.0 
28716.53 0.37 0.0 
28873.56 0.36 0.0 
28874.56 0.66 0.0 
29308.05 0.89 0.0 
29308.09 0.31 0.0 
29894.20 0.63 0.0 
29894.19 0.93 0.0 
30479.38 0.95 0.0 
30479.40 0.67 0.0 
30883.15 0.51 0.0 
31121.68 0.81 0.0 
31121.73 0.34 0.0 
31463.89 0.73 0.0 
31711.29 0.35 0.0 
31711.20 0.64 0.0 
32348.25 0.33 0.0 
32348.20 0.68 0.0 
32820.16 0.40 0.0 
33017.41 0.48 0.0 
33009.04 0.87 0.0 
33118.00 0.94 0.0 
33041.57 0.32 0.0 
33462.91 0.40 0.0 
34994.24 0.45 0.0 
34994.19 0.94 0.0 
36304.21 0.56 0.0 
36623.40 0.55 0.0 
36599.93 0.89 0.0 
36944.08 0.51 0.0 
36944.06 0.93 0.0 
37590.28 0.68 0.0 
38265.84 0.64 0.0 
38265.85 0.75 0.0 
38922.80 0.92 0.0 
38970.79 0.72 0.0 
38922.83 0.59 0.0 
39615.97 0.57 0.0 
39615.96 0.71 0.0 
39776.40 0.50 0.0 
40036.25 0.49 0.0 
40036.24 0.69 0.0 
40202.87 0.31 0.0 
41633.72 0.71 0.0 
41633.71 0.55 0.0 
42340.04 0.82 0.0 
43043.40 0.39 0.0 
43043.39 0.78 0.0 
43718.48 0.47 0.0 
44396.45 0.71 0.0 
45740.89 0.48 0.0 
45849.00 0.78 0.0 
45848.99 0.79 0.0 
46675.57 0.67 0.0 
46799.11 0.61 0.0 
47251.49 0.55 0.0 
47624.40 0.49 0.0 
47969.48 0.34 0.0 
49753.33 0.33 0.0 
49753.28 0.75 0.0 
49991.72 0.38 0.0 
50166.44 0.32 0.0 
50306.96 0.47 0.0 
50461.03 0.58 0.0 
50579.81 0.46 0.0 
50776.32 0.33 0.0 
50741.36 0.33 0.0 
50994.80 0.74 0.0 
51284.93 0.42 0.0 
51390.66 0.32 0.0 
52144.82 0.48 0.0 
52144.77 0.31 0.0 
52886.72 0.38 0.0 
53384.13 0.36 0.0 
53739.12 0.31 0.0 
54083.23 0.34 0.0 
54532.32 0.47 0.0 
56083.91 0.33 0.0 
56173.48 0.40 0.0 
56173.45 0.84 0.0 
56219.45 0.34 0.0 
56967.25 0.52 0.0 
56967.25 0.64 0.0 
57868.44 0.84 0.0 
57868.48 0.64 0.0 
59440.89 0.33 0.0 
59522.81 0.30 0.0 
60376.64 0.71 0.0 
61545.63 0.52 0.0 
62066.17 0.36 0.0 
62923.19 0.64 0.0 
63783.05 0.32 0.0 
64678.37 0.79 0.0 
65573.25 0.55 0.0 
66388.93 0.93 0.0 
66388.94 0.34 0.0 
67162.67 0.91 0.0 
67162.67 0.82 0.0 
67212.85 0.31 0.0 
67326.78 0.73 0.0 
68200.14 0.71 0.0 
69136.05 0.52 0.0 
69135.99 0.40 0.0 
70073.76 0.72 0.0 
70073.81 0.45 0.0 
70451.77 0.39 0.0 
70499.32 0.49 0.0 
71103.93 0.36 0.0 
71103.93 0.34 0.0 
72132.60 0.90 0.0 
72568.77 0.34 0.0 
72583.97 0.30 0.0 
73251.17 0.43 0.0 
73251.14 0.69 0.0 
73746.91 0.77 0.0 
73746.88 0.82 0.0 
73738.91 0.58 0.0 
74020.79 0.48 0.0 
74289.15 0.57 0.0 
74289.12 0.34 0.0 
75395.97 0.64 0.0 
75395.95 0.50 0.0 
76011.20 0.33 0.0 
76331.84 0.61 0.0 
76510.77 0.48 0.0 
76510.76 0.46 0.0 
76654.66 0.67 0.0 
76654.64 0.40 0.0 
78034.53 0.41 0.0 
79123.24 0.94 0.0 
79123.30 0.37 0.0 
80378.57 0.58 0.0 
80378.58 0.83 0.0 
81712.94 0.85 0.0 
81712.96 0.58 0.0 
82056.12 0.57 0.0 
82056.16 0.31 0.0 
82690.75 0.45 0.0 
83183.25 0.41 0.0 
83199.99 0.31 0.0 
83253.04 0.69 0.0 
83253.08 0.59 0.0 
83465.20 0.60 0.0 
83465.20 0.47 0.0 
83726.32 0.68 0.0 
83907.30 0.93 0.0 
83904.84 0.44 0.0 
83920.64 0.36 0.0 
83923.71 0.31 0.0 
83941.23 0.40 0.0 
83941.25 0.46 0.0 
84554.99 0.80 0.0 
