55.19 0.40 0.0 
55.77 0.44 0.0 
99.21 0.39 0.0 
385.49 0.35 0.0 
703.61 0.54 0.0 
1618.01 0.31 0.0 
1900.85 0.47 0.0 
1991.08 0.49 0.0 
2068.41 0.51 0.0 
3178.61 0.49 0.0 
3747.51 0.31 0.0 
5052.29 0.43 0.0 
5248.89 0.41 0.0 
5739.40 0.34 0.0 
6129.25 0.33 0.0 
6403.52 0.55 0.0 
8845.03 0.34 0.0 
9988.49 0.34 0.0 
10436.29 0.31 0.0 
11728.73 0.32 0.0 
11799.65 0.42 0.0 
13421.84 0.84 0.0 
13421.84 0.47 0.0 
15070.37 0.48 0.0 
15598.09 0.32 0.0 
16812.27 0.47 0.0 
17934.16 0.39 0.0 
19329.76 0.33 0.0 
19630.85 0.32 0.0 
21523.84 0.55 0.0 
21673.25 0.31 0.0 
22143.24 0.45 0.0 
22143.20 0.44 0.0 
22333.43 0.31 0.0 
23122.57 0.40 0.0 
23858.93 0.43 0.0 
25344.81 0.39 0.0 
25344.92 0.54 0.0 
25513.77 0.44 0.0 
26834.09 0.53 0.0 
27027.85 0.47 0.0 
27303.12 0.34 0.0 
28483.61 0.56 0.0 
29518.73 0.31 0.0 
30808.88 0.65 0.0 
30815.20 0.37 0.0 
31273.71 0.48 0.0 
32726.47 0.69 0.0 
33823.52 0.56 0.0 
37079.23 0.40 0.0 
37934.33 0.34 0.0 
41869.25 0.38 0.0 
42125.13 0.32 0.0 
43150.76 0.33 0.0 
44264.00 0.33 0.0 
47544.48 0.34 0.0 
47513.41 0.52 0.0 
47874.89 0.30 0.0 
48328.32 0.40 0.0 
48762.88 0.43 0.0 
48715.53 0.52 0.0 
50294.49 0.45 0.0 
50512.21 0.33 0.0 
52315.76 0.46 0.0 
52550.37 0.53 0.0 
52840.27 0.40 0.0 
53339.01 0.35 0.0 
53949.93 0.34 0.0 
55559.21 0.35 0.0 
56260.27 0.35 0.0 
56279.05 0.32 0.0 
56398.25 0.45 0.0 
57954.57 0.44 0.0 
59292.64 0.34 0.0 
59665.72 0.59 0.0 
60344.16 0.38 0.0 
61649.23 0.31 0.0 
61992.53 0.58 0.0 
63702.29 0.70 0.0 
63763.93 0.37 0.0 
64151.61 0.32 0.0 
64242.39 0.35 0.0 
64588.96 0.53 0.0 
65592.45 0.41 0.0 
65862.81 0.32 0.0 
65892.57 0.32 0.0 
66493.69 0.35 0.0 
67123.93 0.61 0.0 
67856.75 0.72 0.0 
68833.25 0.35 0.0 
71455.37 0.36 0.0 
73553.13 0.31 0.0 
74321.73 0.52 0.0 
74321.73 0.66 0.0 
75567.89 0.48 0.0 
76213.09 0.48 0.0 
77893.92 0.31 0.0 
78280.05 0.31 0.0 
79452.17 0.69 0.0 
79827.32 0.35 0.0 
80262.54 0.43 0.0 
80622.49 0.36 0.0 
81087.68 0.38 0.0 
81087.72 0.52 0.0 
81010.05 0.39 0.0 
81382.72 0.39 0.0 
81492.67 0.52 0.0 
82948.33 0.40 0.0 
83307.91 0.37 0.0 
83564.33 0.51 0.0 
84713.37 0.75 0.0 
