2655.05 0.31 0.0 
12056.39 0.50 0.0 
14191.43 0.44 0.0 
14195.57 0.85 0.0 
14195.60 0.68 0.0 
14536.77 0.54 0.0 
15678.31 0.64 0.0 
15678.33 0.59 0.0 
16255.67 0.53 0.0 
16255.67 0.42 0.0 
22868.24 0.65 0.0 
22881.80 0.73 0.0 
22868.24 0.49 0.0 
22881.82 0.74 0.0 
23351.21 0.43 0.0 
25715.85 0.40 0.0 
30260.51 0.32 0.0 
34627.07 0.83 0.0 
34655.60 0.49 0.0 
34791.80 0.58 0.0 
34932.72 0.64 0.0 
34932.74 0.72 0.0 
35514.38 0.55 0.0 
36360.51 0.44 0.0 
36675.87 0.37 0.0 
37009.87 0.49 0.0 
37740.59 0.34 0.0 
39092.09 0.42 0.0 
39166.11 0.34 0.0 
39778.09 0.42 0.0 
40164.31 0.33 0.0 
40771.33 0.49 0.0 
40845.55 0.39 0.0 
40859.73 0.47 0.0 
41400.59 0.36 0.0 
41526.10 0.55 0.0 
41996.51 0.34 0.0 
42481.39 0.30 0.0 
42481.41 0.40 0.0 
42927.67 0.36 0.0 
50847.23 0.38 0.0 
50935.25 0.35 0.0 
54300.68 0.64 0.0 
55524.67 0.44 0.0 
58590.72 0.32 0.0 
73522.13 0.34 0.0 
73936.87 0.50 0.0 
74357.41 0.39 0.0 
75641.81 0.35 0.0 
78450.51 0.42 0.0 
78763.79 0.46 0.0 
78763.81 0.40 0.0 
79141.21 0.61 0.0 
79200.63 0.33 0.0 
81072.71 0.55 0.0 
81571.51 0.32 0.0 
82276.73 0.31 0.0 
82817.03 0.31 0.0 
83015.63 0.33 0.0 
83102.19 0.33 0.0 
83366.03 0.34 0.0 
83629.67 0.36 0.0 
84234.47 0.38 0.0 
85250.28 0.57 0.0 
