283.65 0.43 0.0 
356.09 0.45 0.0 
1843.49 0.32 0.0 
2011.45 0.57 0.0 
4439.09 0.67 0.0 
4605.09 0.33 0.0 
5713.61 0.66 0.0 
7050.56 0.63 0.0 
7409.48 0.71 0.0 
8528.64 0.57 0.0 
8528.60 0.34 0.0 
9529.24 0.40 0.0 
9529.21 0.39 0.0 
9707.53 0.30 0.0 
10544.51 0.49 0.0 
11712.04 0.64 0.0 
12049.27 0.50 0.0 
12129.97 0.42 0.0 
12129.95 0.85 0.0 
12276.77 0.47 0.0 
12276.78 0.49 0.0 
12578.59 0.50 0.0 
13499.44 0.31 0.0 
13796.12 0.52 0.0 
13796.11 0.39 0.0 
14053.04 0.52 0.0 
14194.49 0.71 0.0 
14194.44 0.75 0.0 
15699.51 0.45 0.0 
15678.82 0.34 0.0 
15699.49 0.34 0.0 
15678.85 0.34 0.0 
15839.56 0.80 0.0 
15839.51 0.38 0.0 
15928.68 0.30 0.0 
16364.63 0.91 0.0 
17977.08 0.40 0.0 
18447.92 0.41 0.0 
18857.48 0.34 0.0 
19017.63 0.32 0.0 
19229.14 0.83 0.0 
19229.08 0.33 0.0 
19772.87 0.45 0.0 
20157.05 0.45 0.0 
20445.87 0.31 0.0 
22890.52 0.36 0.0 
24310.35 0.86 0.0 
24310.36 0.30 0.0 
24327.75 0.39 0.0 
24665.92 0.31 0.0 
24689.24 0.55 0.0 
25153.72 0.35 0.0 
27748.95 0.73 0.0 
27925.63 0.32 0.0 
28488.75 0.44 0.0 
29290.99 0.36 0.0 
30044.51 0.38 0.0 
30223.83 0.57 0.0 
31398.95 0.35 0.0 
32489.07 0.36 0.0 
32902.71 0.54 0.0 
33539.05 0.33 0.0 
34145.77 0.32 0.0 
34145.81 0.30 0.0 
34347.07 0.61 0.0 
34377.56 0.61 0.0 
34786.04 0.30 0.0 
35819.15 0.46 0.0 
37665.50 0.32 0.0 
38532.57 0.50 0.0 
39478.12 0.45 0.0 
39718.81 0.34 0.0 
40409.45 0.40 0.0 
41863.83 0.31 0.0 
42389.31 0.39 0.0 
43858.61 0.53 0.0 
49094.43 0.44 0.0 
55001.15 0.34 0.0 
60914.15 0.34 0.0 
61184.07 0.33 0.0 
62492.95 0.37 0.0 
62706.56 0.54 0.0 
62772.16 0.65 0.0 
63483.95 0.38 0.0 
63435.78 0.36 0.0 
63599.73 0.41 0.0 
63927.39 0.31 0.0 
63927.43 0.44 0.0 
64841.53 0.40 0.0 
65547.53 0.56 0.0 
65628.75 0.35 0.0 
66989.07 0.45 0.0 
66926.61 0.74 0.0 
67179.45 0.48 0.0 
67179.46 0.65 0.0 
68188.97 0.32 0.0 
68561.81 0.32 0.0 
71609.04 0.60 0.0 
71804.56 0.49 0.0 
72209.48 0.38 0.0 
73168.71 0.52 0.0 
73888.56 0.35 0.0 
75538.16 0.41 0.0 
75448.02 0.69 0.0 
76529.13 0.40 0.0 
77647.85 0.32 0.0 
79064.29 0.39 0.0 
79484.21 0.35 0.0 
79850.17 0.77 0.0 
79850.17 0.67 0.0 
82185.79 0.43 0.0 
83714.51 0.31 0.0 
84118.97 0.41 0.0 
84404.01 0.38 0.0 
84552.49 0.33 0.0 
85018.87 0.30 0.0 
85348.33 0.37 0.0 
85737.89 0.69 0.0 
86219.21 0.32 0.0 
