303.79 0.43 0.0 
601.19 0.43 0.0 
1941.25 0.37 0.0 
2004.07 0.38 0.0 
2004.07 0.78 0.0 
2879.43 0.49 0.0 
3212.63 0.33 0.0 
4036.75 0.35 0.0 
4268.93 0.33 0.0 
4349.75 0.53 0.0 
4268.95 0.57 0.0 
4550.04 0.53 0.0 
4924.89 0.37 0.0 
4933.63 0.30 0.0 
6496.91 0.55 0.0 
6636.55 0.39 0.0 
6608.59 0.45 0.0 
6530.43 0.37 0.0 
6645.87 0.40 0.0 
6645.88 0.50 0.0 
6850.35 0.53 0.0 
6977.19 0.32 0.0 
7259.25 0.48 0.0 
7259.21 0.40 0.0 
7537.75 0.39 0.0 
7577.19 0.36 0.0 
7769.91 0.62 0.0 
7792.55 0.75 0.0 
7792.54 0.86 0.0 
8203.63 0.30 0.0 
8295.71 0.53 0.0 
8295.71 0.72 0.0 
8485.52 0.30 0.0 
9219.71 0.40 0.0 
10033.88 0.42 0.0 
10937.46 0.83 0.0 
11090.71 0.32 0.0 
11214.29 0.35 0.0 
11310.76 0.58 0.0 
11918.81 0.34 0.0 
11964.93 0.52 0.0 
12034.23 0.32 0.0 
12014.91 0.53 0.0 
11918.51 0.31 0.0 
12131.75 0.55 0.0 
12034.23 0.32 0.0 
13049.83 0.81 0.0 
13065.24 0.35 0.0 
13476.15 0.43 0.0 
13511.81 0.32 0.0 
13617.36 0.75 0.0 
13617.33 0.78 0.0 
13944.63 0.33 0.0 
13944.64 0.58 0.0 
13978.06 0.56 0.0 
13978.09 0.64 0.0 
14146.92 0.63 0.0 
14146.99 0.34 0.0 
14099.45 0.37 0.0 
14191.04 0.52 0.0 
14859.08 0.89 0.0 
14909.79 0.49 0.0 
14913.01 0.58 0.0 
14859.07 0.82 0.0 
15043.19 0.49 0.0 
14913.05 0.67 0.0 
15167.19 0.43 0.0 
15180.26 0.60 0.0 
15301.35 0.38 0.0 
15329.31 0.46 0.0 
15316.53 0.55 0.0 
15329.33 0.45 0.0 
15684.07 0.60 0.0 
15684.05 0.75 0.0 
15827.79 0.38 0.0 
16242.60 0.33 0.0 
16914.15 0.31 0.0 
16965.51 0.64 0.0 
17363.39 0.62 0.0 
17729.91 0.57 0.0 
18076.48 0.34 0.0 
18977.43 0.48 0.0 
18977.42 0.65 0.0 
18954.47 0.57 0.0 
19074.71 0.84 0.0 
19124.85 0.31 0.0 
19207.79 0.39 0.0 
19214.75 0.49 0.0 
20553.27 0.45 0.0 
20855.91 0.49 0.0 
21387.24 0.44 0.0 
21524.47 0.34 0.0 
22871.77 0.74 0.0 
22871.76 0.82 0.0 
23141.11 0.67 0.0 
23141.11 0.31 0.0 
23087.16 0.32 0.0 
23307.87 0.41 0.0 
23307.93 0.35 0.0 
23420.43 0.32 0.0 
23801.39 0.36 0.0 
23749.81 0.48 0.0 
24635.89 0.38 0.0 
24743.43 0.45 0.0 
24694.68 0.48 0.0 
24635.91 0.43 0.0 
24869.91 0.37 0.0 
24994.83 0.35 0.0 
25199.77 0.45 0.0 
25319.43 0.46 0.0 
25394.13 0.35 0.0 
25365.56 0.85 0.0 
25543.87 0.32 0.0 
26301.05 0.32 0.0 
26467.45 0.49 0.0 
26504.08 0.55 0.0 
26536.23 0.64 0.0 
26536.21 0.56 0.0 
26753.43 0.31 0.0 
26753.45 0.51 0.0 
26926.15 0.32 0.0 
26939.33 0.45 0.0 
27013.04 0.45 0.0 
27062.13 0.63 0.0 
27093.11 0.36 0.0 
27142.23 0.44 0.0 
27093.17 0.46 0.0 
27062.09 0.65 0.0 
27038.71 0.58 0.0 
27637.75 0.37 0.0 
27996.15 0.47 0.0 
27918.49 0.41 0.0 
28263.01 0.49 0.0 
28286.23 0.47 0.0 
28775.40 0.31 0.0 
28847.11 0.37 0.0 
29232.71 0.58 0.0 
29232.75 0.44 0.0 
29442.20 0.37 0.0 
29621.64 0.44 0.0 
29869.60 0.64 0.0 
29915.06 0.48 0.0 
30261.15 0.69 0.0 
30675.55 0.42 0.0 
30675.55 0.55 0.0 
30856.75 0.34 0.0 
30865.87 0.36 0.0 
30865.87 0.47 0.0 
30966.87 0.46 0.0 
31385.23 0.40 0.0 
31490.17 0.57 0.0 
31490.11 0.36 0.0 
31975.27 0.34 0.0 
32356.03 0.44 0.0 
32584.08 0.45 0.0 
32590.39 0.31 0.0 
32767.53 0.76 0.0 
32795.13 0.56 0.0 
32767.53 0.48 0.0 
33485.35 0.33 0.0 
33706.79 0.30 0.0 
33706.31 0.45 0.0 
33797.82 0.54 0.0 
33797.79 0.34 0.0 
34446.21 0.36 0.0 
34566.69 0.54 0.0 
34542.03 0.52 0.0 
35030.07 0.62 0.0 
34998.53 0.38 0.0 
35030.10 0.69 0.0 
35246.91 0.34 0.0 
35668.19 0.48 0.0 
35569.77 0.31 0.0 
35978.85 0.30 0.0 
35992.13 0.33 0.0 
36170.33 0.65 0.0 
36170.35 0.49 0.0 
36332.19 0.35 0.0 
36332.18 0.68 0.0 
36291.74 0.70 0.0 
36291.75 0.74 0.0 
36407.15 0.36 0.0 
36707.59 0.37 0.0 
36915.71 0.64 0.0 
37517.80 0.69 0.0 
39038.45 0.39 0.0 
38935.47 0.40 0.0 
39038.41 0.41 0.0 
39254.44 0.37 0.0 
39434.35 0.37 0.0 
39876.67 0.32 0.0 
40060.89 0.32 0.0 
40113.99 0.53 0.0 
40113.99 0.57 0.0 
40768.67 0.41 0.0 
40836.35 0.58 0.0 
40768.61 0.48 0.0 
40836.33 0.68 0.0 
41189.67 0.44 0.0 
41354.87 0.76 0.0 
41354.91 0.42 0.0 
42215.99 0.39 0.0 
42216.01 0.34 0.0 
42778.87 0.62 0.0 
43040.76 0.56 0.0 
43040.76 0.60 0.0 
43290.56 0.55 0.0 
43527.15 0.37 0.0 
43701.47 0.48 0.0 
43636.84 0.59 0.0 
43817.51 0.53 0.0 
44003.37 0.38 0.0 
44003.03 0.45 0.0 
44125.79 0.38 0.0 
44509.55 0.37 0.0 
44556.22 0.60 0.0 
44796.11 0.53 0.0 
44975.88 0.33 0.0 
45124.33 0.38 0.0 
45133.45 0.33 0.0 
45572.89 0.31 0.0 
45539.57 0.30 0.0 
45824.25 0.47 0.0 
45824.21 0.35 0.0 
46072.95 0.51 0.0 
46482.07 0.65 0.0 
46482.06 0.81 0.0 
46937.13 0.45 0.0 
46989.21 0.58 0.0 
46989.24 0.30 0.0 
47229.25 0.54 0.0 
47239.73 0.73 0.0 
47297.31 0.34 0.0 
47239.73 0.52 0.0 
47256.11 0.33 0.0 
47210.40 0.55 0.0 
47229.23 0.37 0.0 
47210.43 0.37 0.0 
47343.39 0.43 0.0 
47559.76 0.76 0.0 
47559.77 0.76 0.0 
47984.59 0.54 0.0 
48155.35 0.32 0.0 
48330.51 0.44 0.0 
48354.16 0.77 0.0 
48394.84 0.80 0.0 
48354.17 0.59 0.0 
48394.84 0.72 0.0 
48986.55 0.30 0.0 
49209.09 0.40 0.0 
49209.07 0.67 0.0 
49306.99 0.32 0.0 
49705.02 0.70 0.0 
49712.21 0.31 0.0 
50686.47 0.36 0.0 
51181.96 0.31 0.0 
52807.59 0.33 0.0 
55292.39 0.35 0.0 
55573.21 0.32 0.0 
55573.23 0.33 0.0 
57445.35 0.36 0.0 
59838.23 0.64 0.0 
63468.29 0.57 0.0 
65494.87 0.65 0.0 
66086.84 0.59 0.0 
66103.03 0.48 0.0 
66120.52 0.61 0.0 
66126.16 0.33 0.0 
66139.58 0.60 0.0 
66139.61 0.78 0.0 
66086.83 0.38 0.0 
66108.91 0.31 0.0 
66114.45 0.36 0.0 
66126.21 0.33 0.0 
66031.44 0.77 0.0 
66047.69 0.56 0.0 
66212.01 0.36 0.0 
66219.03 0.61 0.0 
66232.30 0.45 0.0 
66219.03 0.32 0.0 
66232.27 0.41 0.0 
66285.44 0.83 0.0 
66285.40 0.63 0.0 
66443.55 0.51 0.0 
66467.90 0.73 0.0 
66487.53 0.57 0.0 
66408.87 0.31 0.0 
66467.89 0.58 0.0 
66408.89 0.72 0.0 
66546.44 0.40 0.0 
66565.93 0.39 0.0 
66634.48 0.38 0.0 
66565.92 0.58 0.0 
66546.40 0.52 0.0 
66666.09 0.39 0.0 
66677.87 0.42 0.0 
66736.20 0.40 0.0 
66677.86 0.31 0.0 
66666.13 0.50 0.0 
66634.45 0.40 0.0 
66797.53 0.71 0.0 
66858.09 0.74 0.0 
66797.53 0.74 0.0 
66761.75 0.34 0.0 
67324.63 0.40 0.0 
68235.47 0.76 0.0 
69444.71 0.35 0.0 
69444.70 0.67 0.0 
74182.25 0.53 0.0 
74182.26 0.63 0.0 
75827.95 0.46 0.0 
75751.23 0.37 0.0 
76737.39 0.40 0.0 
77584.56 0.48 0.0 
77596.36 0.61 0.0 
77584.59 0.36 0.0 
77672.11 0.40 0.0 
78691.35 0.70 0.0 
78635.93 0.66 0.0 
78809.44 0.52 0.0 
79608.31 0.35 0.0 
79838.19 0.33 0.0 
80546.77 0.48 0.0 
80642.99 0.33 0.0 
80700.95 0.65 0.0 
80884.02 0.62 0.0 
80883.99 0.40 0.0 
81350.98 0.76 0.0 
81397.59 0.33 0.0 
81329.07 0.35 0.0 
81350.98 0.74 0.0 
81742.96 0.79 0.0 
81742.94 0.83 0.0 
82036.53 0.50 0.0 
82158.91 0.37 0.0 
82492.55 0.36 0.0 
82749.31 0.58 0.0 
82749.33 0.57 0.0 
83165.95 0.31 0.0 
83165.96 0.81 0.0 
83393.19 0.73 0.0 
83393.16 0.72 0.0 
84616.55 0.38 0.0 
84616.59 0.76 0.0 
84787.10 0.63 0.0 
84835.91 0.53 0.0 
84994.01 0.42 0.0 
85080.43 0.30 0.0 
85038.00 0.71 0.0 
84994.03 0.55 0.0 
85185.14 0.65 0.0 
85193.93 0.59 0.0 
85220.95 0.53 0.0 
85220.96 0.71 0.0 
85174.27 0.70 0.0 
85193.96 0.74 0.0 
85120.99 0.61 0.0 
85449.15 0.58 0.0 
85373.04 0.44 0.0 
85373.09 0.39 0.0 
