98.07 0.38 0.0 
286.56 0.77 0.0 
286.57 0.70 0.0 
637.87 0.41 0.0 
802.35 0.52 0.0 
819.03 0.64 0.0 
802.35 0.36 0.0 
819.06 0.52 0.0 
827.45 0.59 0.0 
1165.35 0.32 0.0 
1312.68 0.56 0.0 
1232.75 0.34 0.0 
1368.44 0.34 0.0 
1504.23 0.38 0.0 
1537.30 0.52 0.0 
1725.08 0.82 0.0 
1853.07 0.35 0.0 
2433.87 0.30 0.0 
3435.92 0.43 0.0 
3435.87 0.61 0.0 
3962.67 0.40 0.0 
3967.47 0.37 0.0 
4039.19 0.38 0.0 
4056.47 0.51 0.0 
4122.44 0.32 0.0 
4039.19 0.68 0.0 
4056.74 0.52 0.0 
4173.87 0.47 0.0 
4173.87 0.42 0.0 
4335.58 0.70 0.0 
5299.67 0.42 0.0 
5731.15 0.69 0.0 
5790.48 0.92 0.0 
7727.63 0.32 0.0 
8032.07 0.30 0.0 
8446.53 0.56 0.0 
9236.60 0.46 0.0 
9240.47 0.36 0.0 
9236.59 0.38 0.0 
9604.11 0.38 0.0 
9526.00 0.53 0.0 
9660.55 0.42 0.0 
10221.31 0.41 0.0 
10221.27 0.36 0.0 
10841.71 0.31 0.0 
11671.21 0.51 0.0 
11951.91 0.35 0.0 
11951.91 0.32 0.0 
12062.29 0.53 0.0 
12118.33 0.66 0.0 
12120.44 0.81 0.0 
12120.33 0.77 0.0 
12444.97 0.60 0.0 
12445.00 0.58 0.0 
12760.51 0.33 0.0 
12988.94 0.74 0.0 
12988.93 0.77 0.0 
13322.47 0.66 0.0 
13322.47 0.35 0.0 
13825.11 0.32 0.0 
14182.63 0.35 0.0 
14263.97 0.55 0.0 
14260.79 0.38 0.0 
14192.25 0.56 0.0 
14659.23 0.45 0.0 
14956.09 0.75 0.0 
15481.67 0.38 0.0 
15730.05 0.75 0.0 
15675.57 0.50 0.0 
15658.31 0.40 0.0 
15730.05 0.70 0.0 
18155.35 0.32 0.0 
18249.15 0.38 0.0 
18155.31 0.51 0.0 
19242.79 0.44 0.0 
19130.43 0.57 0.0 
19188.67 0.66 0.0 
19209.11 0.34 0.0 
19130.45 0.47 0.0 
19136.41 0.52 0.0 
19952.10 0.79 0.0 
19952.09 0.64 0.0 
20156.97 0.37 0.0 
20259.56 0.71 0.0 
20259.55 0.48 0.0 
20581.67 0.31 0.0 
20588.41 0.39 0.0 
20593.09 0.47 0.0 
20612.81 0.43 0.0 
20593.04 0.46 0.0 
20963.01 0.31 0.0 
20971.08 0.86 0.0 
21001.60 0.76 0.0 
21009.43 0.34 0.0 
21015.69 0.52 0.0 
21510.84 0.48 0.0 
21510.85 0.35 0.0 
21513.35 0.35 0.0 
22160.07 0.34 0.0 
23069.73 0.69 0.0 
23069.71 0.49 0.0 
23074.81 0.74 0.0 
23126.91 0.30 0.0 
23089.08 0.62 0.0 
23074.84 0.73 0.0 
23537.15 0.47 0.0 
23703.93 0.37 0.0 
23846.60 0.31 0.0 
23852.47 0.50 0.0 
23846.59 0.53 0.0 
24365.53 0.79 0.0 
24381.05 0.50 0.0 
24386.28 0.87 0.0 
24381.04 0.46 0.0 
24386.26 0.88 0.0 
24365.53 0.83 0.0 
24596.51 0.35 0.0 
24619.73 0.53 0.0 
24723.21 0.48 0.0 
24655.74 0.67 0.0 
24706.11 0.41 0.0 
24655.75 0.37 0.0 
25265.31 0.34 0.0 
26377.51 0.33 0.0 
26557.81 0.41 0.0 
27468.32 0.48 0.0 
28093.51 0.36 0.0 
28907.63 0.46 0.0 
29308.23 0.32 0.0 
29894.45 0.48 0.0 
31121.93 0.40 0.0 
31172.55 0.35 0.0 
32401.95 0.66 0.0 
32630.95 0.33 0.0 
32822.58 0.75 0.0 
32822.59 0.48 0.0 
33050.59 0.38 0.0 
33050.60 0.71 0.0 
33240.55 0.51 0.0 
35087.09 0.64 0.0 
35715.66 0.90 0.0 
36048.36 0.57 0.0 
36720.87 0.30 0.0 
36991.97 0.31 0.0 
37786.66 0.58 0.0 
38973.45 0.71 0.0 
38984.02 0.39 0.0 
40038.82 0.57 0.0 
40038.85 0.40 0.0 
40798.61 0.54 0.0 
40798.59 0.36 0.0 
41032.11 0.34 0.0 
44442.85 0.37 0.0 
45742.09 0.46 0.0 
46264.75 0.33 0.0 
47415.67 0.43 0.0 
47521.75 0.41 0.0 
48331.99 0.54 0.0 
49282.99 0.62 0.0 
49801.24 0.74 0.0 
50372.83 0.30 0.0 
50579.92 0.34 0.0 
50625.73 0.86 0.0 
50703.99 0.39 0.0 
50783.81 0.53 0.0 
50783.80 0.58 0.0 
50996.99 0.31 0.0 
51100.83 0.38 0.0 
51288.80 0.68 0.0 
52071.41 0.58 0.0 
52337.32 0.58 0.0 
52935.62 0.88 0.0 
53989.07 0.34 0.0 
54084.09 0.34 0.0 
54245.77 0.31 0.0 
55382.95 0.31 0.0 
57868.63 0.32 0.0 
59522.95 0.31 0.0 
70510.39 0.41 0.0 
70516.42 0.76 0.0 
70510.35 0.44 0.0 
73751.91 0.39 0.0 
73751.92 0.55 0.0 
73906.03 0.35 0.0 
74118.55 0.30 0.0 
75396.15 0.41 0.0 
75396.11 0.39 0.0 
76379.40 0.46 0.0 
76654.83 0.32 0.0 
78225.91 0.55 0.0 
82696.81 0.62 0.0 
82696.81 0.75 0.0 
83907.33 0.89 0.0 
83943.16 0.57 0.0 
83929.43 0.59 0.0 
83943.17 0.52 0.0 
84555.43 0.31 0.0 
