209.05 0.38 0.0 
179.37 0.37 0.0 
330.28 0.55 0.0 
704.16 0.76 0.0 
823.89 0.87 0.0 
927.91 0.37 0.0 
1243.55 0.34 0.0 
1289.37 0.30 0.0 
1784.57 0.37 0.0 
1814.28 0.34 0.0 
1933.79 0.42 0.0 
1904.21 0.36 0.0 
1933.87 0.75 0.0 
2003.09 0.59 0.0 
2038.62 0.89 0.0 
2003.08 0.67 0.0 
2038.60 0.73 0.0 
2623.33 0.62 0.0 
2551.47 0.30 0.0 
2878.80 0.59 0.0 
3043.59 0.32 0.0 
3269.40 0.58 0.0 
4003.05 0.54 0.0 
4019.52 0.68 0.0 
4304.16 0.35 0.0 
4274.48 0.58 0.0 
4918.09 0.58 0.0 
4933.68 0.55 0.0 
5004.80 0.39 0.0 
5219.11 0.60 0.0 
5366.93 0.57 0.0 
5341.53 0.32 0.0 
5609.60 0.52 0.0 
5625.27 0.88 0.0 
5729.35 0.54 0.0 
6155.08 0.33 0.0 
6266.87 0.97 0.0 
6266.88 0.77 0.0 
6192.67 0.82 0.0 
6388.44 0.61 0.0 
6316.83 0.55 0.0 
6335.61 0.36 0.0 
6542.87 0.89 0.0 
6635.69 0.70 0.0 
6542.88 0.67 0.0 
6526.76 0.33 0.0 
6728.88 0.34 0.0 
6781.99 0.90 0.0 
6832.20 0.66 0.0 
6847.86 0.37 0.0 
6814.50 0.94 0.0 
6781.99 0.93 0.0 
6847.92 0.56 0.0 
6921.00 0.79 0.0 
6976.49 0.45 0.0 
6920.99 0.59 0.0 
6935.84 0.35 0.0 
7063.76 0.33 0.0 
7080.32 0.31 0.0 
7167.73 0.45 0.0 
7146.49 0.40 0.0 
7313.08 0.61 0.0 
7355.36 0.95 0.0 
7296.24 0.35 0.0 
7265.68 0.64 0.0 
7248.68 0.43 0.0 
7400.73 0.94 0.0 
7400.73 0.70 0.0 
7452.17 0.93 0.0 
7524.58 0.94 0.0 
7555.21 0.31 0.0 
7580.91 0.91 0.0 
7580.89 0.48 0.0 
7595.96 0.68 0.0 
7537.77 0.91 0.0 
7655.87 0.92 0.0 
7613.53 0.48 0.0 
7694.39 0.52 0.0 
7613.57 0.89 0.0 
7766.61 0.56 0.0 
7790.19 0.77 0.0 
7766.61 0.42 0.0 
7790.19 0.83 0.0 
7918.00 0.30 0.0 
7873.13 0.30 0.0 
8005.67 0.57 0.0 
8011.12 0.41 0.0 
8029.32 0.77 0.0 
8011.16 0.54 0.0 
8029.32 0.60 0.0 
8104.72 0.89 0.0 
8133.33 0.59 0.0 
8153.43 0.48 0.0 
8133.36 0.76 0.0 
8088.20 0.60 0.0 
8104.72 0.46 0.0 
8153.40 0.33 0.0 
8088.21 0.63 0.0 
8278.96 0.45 0.0 
8209.37 0.62 0.0 
8191.35 0.32 0.0 
8209.36 0.34 0.0 
8547.07 0.91 0.0 
8503.44 0.36 0.0 
8504.28 0.38 0.0 
8617.72 0.79 0.0 
8573.92 0.94 0.0 
8801.48 0.64 0.0 
8741.24 0.36 0.0 
8713.29 0.91 0.0 
8874.55 0.68 0.0 
8863.71 0.67 0.0 
9040.01 0.49 0.0 
8951.29 0.91 0.0 
8988.24 0.43 0.0 
8928.81 0.76 0.0 
9102.41 0.64 0.0 
9133.96 0.88 0.0 
9185.72 0.74 0.0 
9215.91 0.87 0.0 
9234.44 0.90 0.0 
9269.00 0.37 0.0 
9284.48 0.50 0.0 
9215.89 0.96 0.0 
9185.71 0.88 0.0 
9312.76 0.38 0.0 
9341.75 0.56 0.0 
9387.31 0.87 0.0 
9341.77 0.48 0.0 
9312.79 0.91 0.0 
9365.48 0.38 0.0 
9298.16 0.94 0.0 
9463.56 0.74 0.0 
9514.25 0.68 0.0 
9463.55 0.66 0.0 
9418.56 0.30 0.0 
9418.55 0.69 0.0 
9624.55 0.88 0.0 
9637.95 0.58 0.0 
9581.31 0.38 0.0 
9514.20 0.53 0.0 
9720.96 0.63 0.0 
9748.77 0.82 0.0 
9748.76 0.37 0.0 
9699.20 0.94 0.0 
9669.16 0.83 0.0 
9720.96 0.32 0.0 
9792.01 0.92 0.0 
9912.60 0.30 0.0 
10030.92 0.35 0.0 
10334.33 0.60 0.0 
11080.25 0.52 0.0 
10994.33 0.56 0.0 
11088.27 0.34 0.0 
11281.31 0.33 0.0 
11308.80 0.33 0.0 
11258.81 0.83 0.0 
11212.41 0.81 0.0 
11212.43 0.89 0.0 
11310.33 0.31 0.0 
11321.04 0.41 0.0 
11963.77 0.55 0.0 
11969.04 0.59 0.0 
11963.77 0.52 0.0 
11927.13 0.31 0.0 
12012.73 0.97 0.0 
12116.82 0.95 0.0 
12116.82 0.93 0.0 
12239.23 0.41 0.0 
12374.49 0.30 0.0 
12293.32 0.42 0.0 
12481.81 0.44 0.0 
12613.41 0.40 0.0 
13047.91 0.76 0.0 
13065.23 0.75 0.0 
13125.36 0.74 0.0 
13509.56 0.33 0.0 
13614.30 0.72 0.0 
13614.28 0.72 0.0 
13880.15 0.38 0.0 
13942.96 0.87 0.0 
13859.79 0.43 0.0 
14024.16 0.42 0.0 
13972.81 0.70 0.0 
13974.03 0.41 0.0 
14054.40 0.71 0.0 
13972.81 0.64 0.0 
14142.69 0.58 0.0 
14321.61 0.34 0.0 
14292.00 0.34 0.0 
14858.21 0.53 0.0 
14858.21 0.56 0.0 
15039.40 0.55 0.0 
15083.29 0.36 0.0 
15177.65 0.58 0.0 
15191.61 0.68 0.0 
15316.41 0.64 0.0 
15648.91 0.33 0.0 
15648.93 0.42 0.0 
15948.80 0.33 0.0 
16064.09 0.60 0.0 
16257.20 0.42 0.0 
16602.02 0.56 0.0 
16701.75 0.42 0.0 
16701.76 0.52 0.0 
16766.00 0.39 0.0 
16811.37 0.33 0.0 
16918.69 0.55 0.0 
16949.56 0.77 0.0 
16930.97 0.44 0.0 
17362.47 0.60 0.0 
17549.10 0.47 0.0 
17575.76 0.33 0.0 
17727.43 0.64 0.0 
17712.57 0.33 0.0 
17999.14 0.50 0.0 
18132.25 0.35 0.0 
18568.37 0.77 0.0 
18568.36 0.62 0.0 
18883.97 0.36 0.0 
18953.96 0.44 0.0 
18974.36 0.36 0.0 
18953.93 0.75 0.0 
18974.32 0.36 0.0 
19124.32 0.35 0.0 
19079.95 0.44 0.0 
19014.07 0.43 0.0 
19291.24 0.66 0.0 
19291.21 0.57 0.0 
19258.16 0.73 0.0 
19522.75 0.31 0.0 
19499.35 0.41 0.0 
19694.54 0.90 0.0 
19615.67 0.73 0.0 
19833.32 0.45 0.0 
20502.29 0.30 0.0 
20853.41 0.45 0.0 
21445.76 0.73 0.0 
21445.77 0.82 0.0 
21721.35 0.49 0.0 
22028.72 0.35 0.0 
22693.36 0.61 0.0 
22866.76 0.76 0.0 
22887.67 0.67 0.0 
22964.41 0.45 0.0 
22866.75 0.57 0.0 
23062.34 0.35 0.0 
23141.06 0.51 0.0 
23259.64 0.33 0.0 
23352.91 0.71 0.0 
23593.96 0.39 0.0 
23801.41 0.48 0.0 
23982.91 0.42 0.0 
23952.88 0.77 0.0 
23939.28 0.44 0.0 
24116.21 0.41 0.0 
24159.93 0.81 0.0 
24103.96 0.53 0.0 
24216.33 0.44 0.0 
24248.07 0.84 0.0 
24361.49 0.38 0.0 
24403.61 0.82 0.0 
24594.45 0.65 0.0 
24632.24 0.86 0.0 
24644.16 0.71 0.0 
24740.07 0.86 0.0 
24749.48 0.47 0.0 
24632.23 0.87 0.0 
24806.47 0.93 0.0 
24824.19 0.77 0.0 
24900.71 0.67 0.0 
24887.69 0.31 0.0 
25063.32 0.95 0.0 
24991.49 0.52 0.0 
25192.56 0.75 0.0 
25244.12 0.56 0.0 
25207.53 0.56 0.0 
25313.59 0.84 0.0 
25410.13 0.74 0.0 
25393.73 0.56 0.0 
25526.08 0.65 0.0 
25542.16 0.60 0.0 
25552.29 0.67 0.0 
26067.69 0.54 0.0 
26115.76 0.33 0.0 
26298.36 0.59 0.0 
26533.04 0.73 0.0 
26504.00 0.41 0.0 
26467.40 0.51 0.0 
26748.00 0.54 0.0 
26773.61 0.74 0.0 
26926.13 0.51 0.0 
27012.23 0.58 0.0 
26926.14 0.73 0.0 
27083.32 0.40 0.0 
27036.36 0.31 0.0 
27282.68 0.31 0.0 
27716.12 0.79 0.0 
27666.95 0.32 0.0 
27716.16 0.69 0.0 
27832.79 0.30 0.0 
27883.97 0.72 0.0 
27928.20 0.73 0.0 
27994.73 0.62 0.0 
28028.21 0.51 0.0 
28044.29 0.59 0.0 
27994.69 0.40 0.0 
28263.04 0.35 0.0 
28319.41 0.92 0.0 
28629.88 0.42 0.0 
28768.53 0.65 0.0 
28768.53 0.44 0.0 
28904.41 0.75 0.0 
28979.09 0.62 0.0 
29230.56 0.68 0.0 
29246.65 0.45 0.0 
29230.57 0.54 0.0 
29488.35 0.43 0.0 
29619.49 0.35 0.0 
29684.01 0.34 0.0 
29621.57 0.32 0.0 
29788.81 0.61 0.0 
29867.96 0.63 0.0 
29893.84 0.31 0.0 
30257.36 0.76 0.0 
30259.32 0.54 0.0 
30257.40 0.82 0.0 
30668.58 0.33 0.0 
30838.40 0.73 0.0 
30864.79 0.32 0.0 
31242.55 0.74 0.0 
31177.05 0.39 0.0 
31154.21 0.42 0.0 
31384.41 0.35 0.0 
31721.72 0.68 0.0 
31663.53 0.91 0.0 
31974.68 0.43 0.0 
32678.89 0.49 0.0 
32589.48 0.50 0.0 
32762.77 0.34 0.0 
32723.16 0.40 0.0 
33055.21 0.37 0.0 
33399.21 0.60 0.0 
33522.57 0.53 0.0 
33432.76 0.33 0.0 
33640.96 0.31 0.0 
33705.63 0.36 0.0 
33762.94 0.44 0.0 
33705.67 0.55 0.0 
33808.83 0.41 0.0 
33883.38 0.79 0.0 
34198.93 0.46 0.0 
34334.23 0.87 0.0 
34424.21 0.31 0.0 
34565.35 0.81 0.0 
34485.48 0.44 0.0 
34485.48 0.55 0.0 
34706.63 0.45 0.0 
34631.15 0.52 0.0 
34693.79 0.74 0.0 
35026.37 0.51 0.0 
35189.37 0.30 0.0 
35086.13 0.39 0.0 
35233.85 0.47 0.0 
35429.59 0.50 0.0 
35533.60 0.38 0.0 
35666.92 0.47 0.0 
35989.55 0.41 0.0 
35984.57 0.37 0.0 
35989.57 0.34 0.0 
36167.64 0.83 0.0 
36167.64 0.34 0.0 
36329.75 0.33 0.0 
36288.21 0.32 0.0 
36288.21 0.46 0.0 
37515.24 0.82 0.0 
39033.89 0.56 0.0 
38930.65 0.38 0.0 
39569.40 0.51 0.0 
40019.43 0.81 0.0 
40110.75 0.46 0.0 
40389.79 0.34 0.0 
40834.17 0.91 0.0 
40783.48 0.43 0.0 
40739.40 0.48 0.0 
40834.16 0.72 0.0 
41064.35 0.33 0.0 
41024.48 0.46 0.0 
41354.16 0.69 0.0 
41354.10 0.75 0.0 
41432.76 0.64 0.0 
41879.40 0.57 0.0 
41907.75 0.32 0.0 
42213.49 0.76 0.0 
42213.47 0.52 0.0 
42662.16 0.65 0.0 
43039.56 0.35 0.0 
43039.56 0.49 0.0 
43164.77 0.33 0.0 
43244.26 0.66 0.0 
43339.04 0.49 0.0 
43541.27 0.41 0.0 
43541.29 0.31 0.0 
43495.76 0.31 0.0 
43679.01 0.60 0.0 
43698.79 0.38 0.0 
43698.79 0.57 0.0 
43724.00 0.50 0.0 
43779.45 0.37 0.0 
44008.64 0.45 0.0 
44414.37 0.61 0.0 
44553.45 0.31 0.0 
44554.85 0.56 0.0 
44728.15 0.74 0.0 
44818.51 0.64 0.0 
44894.40 0.35 0.0 
45131.92 0.40 0.0 
45133.39 0.53 0.0 
45194.00 0.64 0.0 
45254.44 0.76 0.0 
45821.30 0.57 0.0 
45821.28 0.52 0.0 
46069.04 0.48 0.0 
46078.77 0.31 0.0 
46229.48 0.35 0.0 
46477.12 0.73 0.0 
46486.20 0.33 0.0 
46477.09 0.84 0.0 
46709.41 0.36 0.0 
46630.61 0.36 0.0 
46842.84 0.69 0.0 
47023.97 0.57 0.0 
46989.18 0.51 0.0 
47261.47 0.49 0.0 
47233.17 0.36 0.0 
47343.35 0.42 0.0 
47554.13 0.47 0.0 
47554.21 0.56 0.0 
47795.33 0.46 0.0 
47818.24 0.59 0.0 
48152.37 0.52 0.0 
48353.57 0.56 0.0 
48393.04 0.91 0.0 
48404.28 0.44 0.0 
48353.60 0.47 0.0 
48298.94 0.56 0.0 
48393.03 0.80 0.0 
48418.64 0.53 0.0 
48956.20 0.38 0.0 
49701.84 0.35 0.0 
49704.39 0.43 0.0 
49615.67 0.33 0.0 
50491.67 0.35 0.0 
50547.79 0.81 0.0 
50491.67 0.89 0.0 
51156.25 0.51 0.0 
51298.95 0.86 0.0 
52077.88 0.49 0.0 
52082.24 0.33 0.0 
52181.07 0.48 0.0 
52588.25 0.51 0.0 
52814.48 0.70 0.0 
53625.21 0.36 0.0 
56081.35 0.38 0.0 
59837.48 0.35 0.0 
59892.67 0.50 0.0 
59968.64 0.56 0.0 
66108.88 0.60 0.0 
66114.43 0.48 0.0 
66131.08 0.35 0.0 
66149.43 0.72 0.0 
66137.77 0.47 0.0 
66149.40 0.43 0.0 
66108.86 0.30 0.0 
66114.42 0.33 0.0 
66131.15 0.53 0.0 
66043.07 0.32 0.0 
66223.88 0.81 0.0 
66223.87 0.76 0.0 
66442.44 0.46 0.0 
66462.62 0.75 0.0 
66462.64 0.76 0.0 
66487.41 0.49 0.0 
66631.52 0.86 0.0 
66663.64 0.33 0.0 
66631.51 0.91 0.0 
66790.21 0.66 0.0 
66843.49 0.48 0.0 
66855.58 0.86 0.0 
67588.71 0.45 0.0 
67799.04 0.46 0.0 
69442.88 0.32 0.0 
69442.89 0.77 0.0 
74175.80 0.56 0.0 
75644.12 0.35 0.0 
76394.17 0.33 0.0 
76596.48 0.31 0.0 
77594.60 0.84 0.0 
77594.59 0.90 0.0 
77756.22 0.65 0.0 
77834.00 0.46 0.0 
78359.40 0.30 0.0 
78690.12 0.79 0.0 
78700.99 0.82 0.0 
78807.32 0.31 0.0 
79605.27 0.83 0.0 
80217.92 0.40 0.0 
80269.69 0.58 0.0 
80217.91 0.32 0.0 
80654.33 0.53 0.0 
81329.08 0.65 0.0 
81347.67 0.64 0.0 
81347.63 0.55 0.0 
81737.08 0.78 0.0 
81737.08 0.82 0.0 
82506.08 0.32 0.0 
82497.77 0.37 0.0 
82747.19 0.38 0.0 
82747.21 0.58 0.0 
83059.33 0.34 0.0 
83163.77 0.46 0.0 
83163.76 0.72 0.0 
83173.92 0.40 0.0 
83390.48 0.61 0.0 
83390.47 0.73 0.0 
83801.56 0.40 0.0 
84102.73 0.60 0.0 
84628.25 0.36 0.0 
84668.41 0.32 0.0 
84655.35 0.58 0.0 
84787.07 0.33 0.0 
84967.59 0.42 0.0 
84967.58 0.84 0.0 
85120.91 0.46 0.0 
85035.28 0.83 0.0 
85092.88 0.39 0.0 
85168.10 0.75 0.0 
85190.85 0.41 0.0 
85168.10 0.65 0.0 
85190.84 0.31 0.0 
85135.83 0.57 0.0 
85311.97 0.51 0.0 
85392.39 0.31 0.0 
85848.43 0.32 0.0 
