101.41 0.77 0.0 
591.92 0.31 0.0 
749.45 0.34 0.0 
996.09 0.30 0.0 
1219.16 0.47 0.0 
2751.41 0.77 0.0 
2751.40 0.38 0.0 
2909.16 0.89 0.0 
2953.66 0.84 0.0 
2893.52 0.39 0.0 
2999.19 0.52 0.0 
2999.23 0.52 0.0 
3492.84 0.39 0.0 
4359.71 0.40 0.0 
5219.31 0.38 0.0 
5684.64 0.63 0.0 
6036.92 0.52 0.0 
6296.93 0.53 0.0 
6432.76 0.61 0.0 
6374.44 0.48 0.0 
6500.79 0.38 0.0 
6548.27 0.39 0.0 
6554.48 0.39 0.0 
6432.76 0.54 0.0 
6560.10 0.86 0.0 
6583.32 0.56 0.0 
6560.05 0.54 0.0 
6801.16 0.31 0.0 
6991.19 0.51 0.0 
6906.73 0.56 0.0 
7115.68 0.46 0.0 
7094.44 0.64 0.0 
7197.91 0.45 0.0 
7246.99 0.45 0.0 
7178.41 0.53 0.0 
7438.29 0.59 0.0 
7503.83 0.44 0.0 
7658.52 0.30 0.0 
7737.48 0.68 0.0 
7658.52 0.54 0.0 
7717.35 0.60 0.0 
7836.31 0.42 0.0 
7814.60 0.50 0.0 
7836.33 0.39 0.0 
7767.41 0.46 0.0 
7994.48 0.41 0.0 
7934.48 0.94 0.0 
7904.11 0.91 0.0 
8069.01 0.50 0.0 
8054.48 0.49 0.0 
8147.08 0.39 0.0 
8129.48 0.32 0.0 
8563.37 0.46 0.0 
8654.10 0.76 0.0 
8744.73 0.33 0.0 
8953.85 0.53 0.0 
8954.37 0.41 0.0 
9118.64 0.66 0.0 
9131.19 0.48 0.0 
9171.03 0.42 0.0 
9178.51 0.95 0.0 
9131.23 0.79 0.0 
9266.76 0.52 0.0 
9373.61 0.49 0.0 
9367.22 0.34 0.0 
9373.63 0.85 0.0 
9489.56 0.33 0.0 
9497.29 0.54 0.0 
9677.24 0.59 0.0 
10168.49 0.38 0.0 
10289.19 0.54 0.0 
10513.85 0.57 0.0 
10873.42 0.97 0.0 
10873.38 0.80 0.0 
10887.60 0.32 0.0 
11202.72 0.49 0.0 
11202.72 0.95 0.0 
11262.12 0.76 0.0 
11343.75 0.33 0.0 
11579.11 0.41 0.0 
11627.29 0.50 0.0 
11653.69 0.57 0.0 
11624.11 0.88 0.0 
11852.84 0.63 0.0 
12043.67 0.42 0.0 
12189.19 0.74 0.0 
12189.15 0.44 0.0 
12756.25 0.32 0.0 
12762.82 0.38 0.0 
12907.53 0.41 0.0 
13014.51 0.32 0.0 
13603.25 0.45 0.0 
13603.28 0.86 0.0 
13708.97 0.31 0.0 
13949.57 0.43 0.0 
14143.66 0.49 0.0 
14308.00 0.32 0.0 
14714.13 0.31 0.0 
15238.52 0.32 0.0 
15558.29 0.56 0.0 
16243.71 0.50 0.0 
16572.97 0.61 0.0 
16623.54 0.42 0.0 
16785.25 0.37 0.0 
16949.42 0.53 0.0 
17175.80 0.52 0.0 
17204.09 0.83 0.0 
17115.36 0.39 0.0 
17237.87 0.38 0.0 
17429.23 0.31 0.0 
19389.88 0.43 0.0 
19391.04 0.77 0.0 
19451.57 0.39 0.0 
21538.48 0.58 0.0 
23667.89 0.51 0.0 
24294.28 0.46 0.0 
24905.75 0.45 0.0 
24905.71 0.55 0.0 
25153.35 0.49 0.0 
25878.53 0.39 0.0 
26369.31 0.47 0.0 
26908.47 0.54 0.0 
26908.45 0.64 0.0 
26980.72 0.30 0.0 
26980.73 0.49 0.0 
27400.51 0.34 0.0 
27977.56 0.38 0.0 
28487.43 0.31 0.0 
28573.17 0.58 0.0 
29082.84 0.39 0.0 
29132.39 0.71 0.0 
29132.36 0.35 0.0 
29345.87 0.56 0.0 
29345.88 0.79 0.0 
29928.31 0.41 0.0 
29968.97 0.40 0.0 
30947.08 0.43 0.0 
31533.29 0.36 0.0 
31649.33 0.72 0.0 
31773.83 0.33 0.0 
34917.41 0.33 0.0 
35092.56 0.30 0.0 
35008.39 0.32 0.0 
35134.05 0.33 0.0 
35534.13 0.59 0.0 
35611.59 0.57 0.0 
36348.84 0.43 0.0 
36628.39 0.88 0.0 
36687.91 0.57 0.0 
37728.52 0.54 0.0 
38327.77 0.74 0.0 
38608.84 0.81 0.0 
39023.16 0.47 0.0 
41275.97 0.56 0.0 
41333.15 0.42 0.0 
41333.17 0.38 0.0 
41238.45 0.49 0.0 
41324.33 0.51 0.0 
41590.45 0.31 0.0 
42168.59 0.31 0.0 
44109.47 0.73 0.0 
44517.48 0.40 0.0 
44549.51 0.57 0.0 
45434.32 0.43 0.0 
45434.25 0.48 0.0 
48563.69 0.58 0.0 
49842.41 0.73 0.0 
49948.76 0.69 0.0 
50474.30 0.59 0.0 
51427.97 0.39 0.0 
53577.60 0.41 0.0 
53577.55 0.47 0.0 
53698.15 0.66 0.0 
54072.49 0.63 0.0 
54288.27 0.39 0.0 
54747.81 0.31 0.0 
59338.79 0.82 0.0 
59384.60 0.35 0.0 
59637.39 0.58 0.0 
60163.77 0.44 0.0 
60313.32 0.67 0.0 
61667.08 0.41 0.0 
62114.19 0.50 0.0 
63164.03 0.49 0.0 
65756.68 0.46 0.0 
66507.40 0.50 0.0 
67052.87 0.47 0.0 
77009.51 0.39 0.0 
78858.54 0.34 0.0 
79109.48 0.69 0.0 
79798.48 0.60 0.0 
81013.64 0.35 0.0 
80963.71 0.39 0.0 
81372.04 0.49 0.0 
81674.09 0.77 0.0 
81852.85 0.33 0.0 
81870.51 0.42 0.0 
82150.33 0.81 0.0 
82100.05 0.32 0.0 
82192.53 0.59 0.0 
82230.78 0.40 0.0 
82268.03 0.71 0.0 
82160.67 0.38 0.0 
82170.84 0.33 0.0 
82150.31 0.87 0.0 
82160.71 0.87 0.0 
82268.01 0.68 0.0 
82407.59 0.42 0.0 
82856.97 0.83 0.0 
82772.71 0.36 0.0 
82916.05 0.62 0.0 
82916.08 0.81 0.0 
83308.01 0.74 0.0 
83352.61 0.42 0.0 
83307.96 0.48 0.0 
85484.48 0.42 0.0 
85577.88 0.50 0.0 
85577.84 0.34 0.0 
85799.25 0.55 0.0 
85769.48 0.43 0.0 
86108.71 0.31 0.0 
