1475.26 0.83 0.0 
1805.76 0.81 0.0 
1805.81 0.70 0.0 
2209.94 0.87 0.0 
2511.09 0.40 0.0 
3441.39 0.63 0.0 
3761.92 0.51 0.0 
4055.86 0.58 0.0 
4763.75 0.35 0.0 
5164.57 0.65 0.0 
5505.05 0.30 0.0 
5734.89 0.44 0.0 
6647.74 0.77 0.0 
6895.27 0.31 0.0 
8246.95 0.38 0.0 
8483.15 0.63 0.0 
9858.26 0.78 0.0 
10088.56 0.75 0.0 
10781.52 0.69 0.0 
11239.10 0.74 0.0 
11741.53 0.44 0.0 
12180.49 0.34 0.0 
12909.38 0.81 0.0 
13865.22 0.89 0.0 
14154.38 0.69 0.0 
14550.14 0.73 0.0 
15001.43 0.78 0.0 
15001.43 0.44 0.0 
15704.28 0.78 0.0 
16404.23 0.46 0.0 
17084.11 0.38 0.0 
17524.02 0.72 0.0 
18546.58 0.73 0.0 
18546.60 0.41 0.0 
18713.95 0.71 0.0 
18932.83 0.37 0.0 
18932.80 0.87 0.0 
21160.18 0.72 0.0 
21160.21 0.35 0.0 
21423.54 0.79 0.0 
21423.55 0.38 0.0 
22891.60 0.75 0.0 
23345.48 0.55 0.0 
24606.24 0.74 0.0 
24661.19 0.35 0.0 
24907.99 0.50 0.0 
25200.29 0.40 0.0 
25421.79 0.69 0.0 
25765.17 0.73 0.0 
25765.21 0.47 0.0 
26364.83 0.42 0.0 
26446.57 0.74 0.0 
26446.55 0.91 0.0 
26806.03 0.64 0.0 
26806.02 0.87 0.0 
28708.99 0.50 0.0 
28770.59 0.44 0.0 
29624.55 0.38 0.0 
32003.11 0.34 0.0 
32129.64 0.45 0.0 
33045.75 0.36 0.0 
34548.68 0.79 0.0 
35469.63 0.65 0.0 
35785.47 0.37 0.0 
35785.49 0.37 0.0 
35998.76 0.76 0.0 
36437.08 0.81 0.0 
36437.11 0.61 0.0 
36679.90 0.56 0.0 
37110.44 0.83 0.0 
37314.67 0.36 0.0 
37363.67 0.31 0.0 
37453.79 0.45 0.0 
37838.56 0.68 0.0 
37838.55 0.44 0.0 
39227.07 0.68 0.0 
39227.06 0.83 0.0 
39828.46 0.59 0.0 
39887.20 0.54 0.0 
40284.19 0.79 0.0 
40530.58 0.68 0.0 
40755.51 0.50 0.0 
41041.93 0.47 0.0 
41596.47 0.39 0.0 
44478.74 0.80 0.0 
44478.72 0.72 0.0 
46277.54 0.72 0.0 
47539.87 0.63 0.0 
47539.86 0.82 0.0 
48177.22 0.48 0.0 
48315.59 0.61 0.0 
48177.28 0.40 0.0 
48389.75 0.66 0.0 
48389.72 0.89 0.0 
49031.83 0.47 0.0 
49490.91 0.46 0.0 
50634.16 0.85 0.0 
51550.01 0.61 0.0 
51712.99 0.34 0.0 
51977.66 0.66 0.0 
52422.26 0.62 0.0 
53273.25 0.47 0.0 
54635.19 0.88 0.0 
56848.62 0.32 0.0 
57452.32 0.88 0.0 
62588.96 0.80 0.0 
63833.68 0.82 0.0 
71232.82 0.66 0.0 
79577.15 0.45 0.0 
79577.14 0.80 0.0 
83282.18 0.81 0.0 
83282.16 0.76 0.0 
83579.31 0.36 0.0 
83579.34 0.71 0.0 
83908.50 0.53 0.0 
83908.51 0.64 0.0 
84729.91 0.44 0.0 
84783.71 0.52 0.0 
84783.72 0.57 0.0 
85648.55 0.41 0.0 
86038.02 0.45 0.0 
86267.94 0.76 0.0 
86267.94 0.84 0.0 
