389.04 0.87 0.0 
389.07 0.39 0.0 
1475.27 0.55 0.0 
2209.91 0.74 0.0 
2741.33 0.39 0.0 
3761.87 0.74 0.0 
5500.69 0.42 0.0 
6939.52 0.46 0.0 
6941.09 0.50 0.0 
8286.51 0.55 0.0 
8246.95 0.84 0.0 
8286.60 0.64 0.0 
8483.11 0.78 0.0 
8953.73 0.49 0.0 
9358.55 0.80 0.0 
9358.51 0.48 0.0 
9921.85 0.35 0.0 
10088.51 0.82 0.0 
10306.43 0.40 0.0 
10781.51 0.75 0.0 
11938.15 0.32 0.0 
12909.39 0.47 0.0 
13865.23 0.88 0.0 
14154.35 0.86 0.0 
15704.24 0.67 0.0 
16404.23 0.79 0.0 
18541.24 0.42 0.0 
18546.53 0.40 0.0 
18713.96 0.80 0.0 
19767.93 0.53 0.0 
19767.96 0.53 0.0 
20858.96 0.49 0.0 
21131.41 0.42 0.0 
21491.01 0.38 0.0 
22552.67 0.39 0.0 
23136.91 0.62 0.0 
23413.81 0.40 0.0 
23413.80 0.49 0.0 
23979.41 0.35 0.0 
24606.24 0.76 0.0 
24711.93 0.31 0.0 
25421.71 0.53 0.0 
25553.63 0.56 0.0 
26486.08 0.30 0.0 
27762.83 0.69 0.0 
27762.83 0.71 0.0 
29619.20 0.43 0.0 
32129.60 0.52 0.0 
33963.60 0.32 0.0 
34588.24 0.40 0.0 
35378.60 0.48 0.0 
35469.55 0.57 0.0 
35998.74 0.90 0.0 
36477.20 0.37 0.0 
36726.97 0.56 0.0 
37901.28 0.60 0.0 
37901.24 0.35 0.0 
40284.15 0.85 0.0 
41498.61 0.53 0.0 
46542.15 0.51 0.0 
46805.37 0.58 0.0 
48177.16 0.31 0.0 
48177.23 0.31 0.0 
48757.69 0.49 0.0 
49490.89 0.71 0.0 
50634.12 0.76 0.0 
51456.60 0.42 0.0 
52422.27 0.63 0.0 
53273.16 0.69 0.0 
54635.16 0.88 0.0 
55358.77 0.37 0.0 
55396.28 0.42 0.0 
55838.93 0.33 0.0 
55976.01 0.34 0.0 
56848.55 0.55 0.0 
57452.32 0.35 0.0 
62629.13 0.41 0.0 
62588.94 0.66 0.0 
63833.67 0.87 0.0 
63874.64 0.35 0.0 
71232.79 0.93 0.0 
75433.83 0.39 0.0 
78778.64 0.87 0.0 
78778.65 0.49 0.0 
81745.12 0.47 0.0 
83579.36 0.39 0.0 
83908.46 0.33 0.0 
83920.29 0.30 0.0 
84280.89 0.39 0.0 
85648.56 0.55 0.0 
86038.05 0.30 0.0 
