3794.35 0.66 0.0 
4456.44 0.54 0.0 
5178.20 0.79 0.0 
5178.20 0.54 0.0 
5524.42 0.94 0.0 
5524.42 0.95 0.0 
6249.05 0.52 0.0 
6249.03 0.79 0.0 
7725.61 0.68 0.0 
8346.52 0.33 0.0 
8670.52 0.42 0.0 
8929.11 0.48 0.0 
11419.04 0.53 0.0 
12054.91 0.45 0.0 
13954.52 0.77 0.0 
19829.03 0.41 0.0 
21077.76 0.51 0.0 
21077.69 0.56 0.0 
21659.21 0.51 0.0 
22291.84 0.39 0.0 
26463.49 0.63 0.0 
26463.45 0.70 0.0 
27859.91 0.32 0.0 
29086.84 0.42 0.0 
29249.64 0.62 0.0 
30496.74 0.37 0.0 
32985.63 0.42 0.0 
37872.24 0.39 0.0 
43185.93 0.63 0.0 
43743.12 0.40 0.0 
43743.12 0.42 0.0 
46628.61 0.96 0.0 
46628.62 0.95 0.0 
51271.53 0.57 0.0 
56024.19 0.32 0.0 
60554.57 0.47 0.0 
61548.47 0.54 0.0 
61548.45 0.39 0.0 
63674.24 0.40 0.0 
65896.35 0.37 0.0 
66668.51 0.36 0.0 
73413.28 0.49 0.0 
73696.53 0.64 0.0 
84214.08 0.60 0.0 
84570.84 0.92 0.0 
85171.72 0.48 0.0 
86168.52 0.45 0.0 
