1290.27 0.35 0.0 
1290.43 0.41 0.0 
5146.95 0.43 0.0 
8081.35 0.31 0.0 
9481.92 0.55 0.0 
10605.51 0.47 0.0 
12641.13 0.40 0.0 
17193.40 0.56 0.0 
18200.93 0.68 0.0 
18200.92 0.82 0.0 
22307.44 0.56 0.0 
22816.59 0.51 0.0 
29720.09 0.63 0.0 
29720.06 0.64 0.0 
31668.33 0.75 0.0 
32327.65 0.33 0.0 
32581.99 0.45 0.0 
37035.47 0.31 0.0 
39705.87 0.37 0.0 
40681.03 0.47 0.0 
42735.52 0.42 0.0 
42706.51 0.44 0.0 
43352.49 0.39 0.0 
44865.55 0.33 0.0 
46950.43 0.38 0.0 
49172.89 0.45 0.0 
53520.97 0.52 0.0 
53475.53 0.66 0.0 
53520.97 0.36 0.0 
54501.15 0.49 0.0 
58006.88 0.46 0.0 
58230.77 0.43 0.0 
60544.57 0.81 0.0 
60544.59 0.45 0.0 
62971.57 0.37 0.0 
64411.99 0.41 0.0 
66645.81 0.32 0.0 
66571.89 0.35 0.0 
67011.91 0.54 0.0 
67011.87 0.55 0.0 
67087.74 0.33 0.0 
67668.07 0.43 0.0 
67668.15 0.45 0.0 
68672.21 0.41 0.0 
69196.77 0.34 0.0 
70335.97 0.47 0.0 
71687.55 0.49 0.0 
72435.87 0.34 0.0 
73371.69 0.67 0.0 
73371.66 0.72 0.0 
74835.72 0.61 0.0 
75035.03 0.64 0.0 
75661.13 0.50 0.0 
75672.87 0.48 0.0 
76180.69 0.52 0.0 
76816.37 0.57 0.0 
77101.18 0.54 0.0 
80183.73 0.39 0.0 
81046.79 0.38 0.0 
81596.97 0.31 0.0 
81947.69 0.30 0.0 
84663.69 0.37 0.0 
84858.81 0.31 0.0 
84960.47 0.53 0.0 
85175.09 0.40 0.0 
