22.95 0.32 0.0 
1859.45 0.42 0.0 
4034.65 0.57 0.0 
7469.13 0.35 0.0 
10607.00 0.75 0.0 
10607.03 0.38 0.0 
11024.49 0.55 0.0 
11170.76 0.59 0.0 
11173.87 0.33 0.0 
14249.02 0.67 0.0 
14519.13 0.36 0.0 
17845.65 0.42 0.0 
20847.67 0.35 0.0 
22993.12 0.35 0.0 
23128.19 0.44 0.0 
27779.53 0.38 0.0 
28857.63 0.47 0.0 
31063.52 0.45 0.0 
35059.92 0.56 0.0 
35059.92 0.38 0.0 
36342.85 0.33 0.0 
43499.35 0.37 0.0 
43908.61 0.50 0.0 
50069.48 0.46 0.0 
55509.87 0.37 0.0 
55844.31 0.32 0.0 
60599.51 0.43 0.0 
60809.49 0.32 0.0 
61198.99 0.32 0.0 
63028.19 0.52 0.0 
63180.44 0.30 0.0 
65819.03 0.48 0.0 
68366.09 0.42 0.0 
68878.48 0.34 0.0 
69897.25 0.37 0.0 
70076.03 0.33 0.0 
71429.29 0.33 0.0 
72224.39 0.33 0.0 
72806.81 0.33 0.0 
73754.48 0.40 0.0 
74274.84 0.44 0.0 
74710.15 0.32 0.0 
75749.37 0.33 0.0 
77768.07 0.31 0.0 
78251.87 0.43 0.0 
78474.91 0.31 0.0 
80664.53 0.35 0.0 
81041.89 0.43 0.0 
81185.59 0.40 0.0 
82613.48 0.36 0.0 
83054.19 0.49 0.0 
83878.03 0.47 0.0 
84881.72 0.38 0.0 
