44.36 0.40 0.0 
704.13 0.65 0.0 
973.80 0.78 0.0 
1094.04 0.35 0.0 
1258.47 0.38 0.0 
1698.13 0.39 0.0 
1619.17 0.44 0.0 
1829.64 0.57 0.0 
1784.01 0.63 0.0 
1844.49 0.48 0.0 
1979.56 0.31 0.0 
2022.64 0.52 0.0 
2653.09 0.33 0.0 
2937.36 0.30 0.0 
2939.35 0.34 0.0 
2939.39 0.40 0.0 
3338.96 0.31 0.0 
3380.80 0.30 0.0 
3689.03 0.54 0.0 
3797.72 0.47 0.0 
4182.73 0.36 0.0 
4154.52 0.34 0.0 
4455.49 0.42 0.0 
4589.29 0.40 0.0 
4693.77 0.32 0.0 
4514.12 0.63 0.0 
4603.64 0.69 0.0 
5081.87 0.50 0.0 
5099.56 0.64 0.0 
5597.31 0.60 0.0 
5849.41 0.75 0.0 
5864.53 0.32 0.0 
5810.03 0.43 0.0 
5832.52 0.59 0.0 
6250.68 0.81 0.0 
6809.43 0.53 0.0 
7766.88 0.53 0.0 
7700.67 0.31 0.0 
7714.63 0.85 0.0 
7714.64 0.83 0.0 
7784.23 0.95 0.0 
8127.68 0.46 0.0 
8531.57 0.38 0.0 
8522.88 0.42 0.0 
8586.69 0.86 0.0 
8586.67 0.74 0.0 
9118.93 0.54 0.0 
9058.49 0.57 0.0 
9316.49 0.33 0.0 
9730.17 0.42 0.0 
9674.09 0.81 0.0 
10264.61 0.38 0.0 
10264.64 0.70 0.0 
11222.19 0.59 0.0 
11113.92 0.77 0.0 
12929.35 0.88 0.0 
13948.29 0.32 0.0 
14443.96 0.71 0.0 
14819.28 0.36 0.0 
15029.45 0.31 0.0 
15477.64 0.40 0.0 
15640.56 0.43 0.0 
16024.39 0.39 0.0 
16214.48 0.77 0.0 
16024.36 0.36 0.0 
16183.75 0.64 0.0 
16255.96 0.59 0.0 
17397.96 0.35 0.0 
17818.87 0.57 0.0 
18014.33 0.31 0.0 
17832.68 0.47 0.0 
18712.93 0.57 0.0 
18777.93 0.32 0.0 
18974.41 0.45 0.0 
19288.85 0.58 0.0 
19364.27 0.86 0.0 
19799.01 0.39 0.0 
19889.03 0.37 0.0 
20039.09 0.44 0.0 
20573.49 0.53 0.0 
20577.52 0.32 0.0 
20573.52 0.76 0.0 
20683.09 0.75 0.0 
21142.36 0.48 0.0 
21174.72 0.33 0.0 
21493.71 0.53 0.0 
21496.23 0.45 0.0 
21669.17 0.51 0.0 
21869.15 0.76 0.0 
21942.56 0.43 0.0 
22040.17 0.34 0.0 
22138.16 0.56 0.0 
22230.43 0.30 0.0 
22495.76 0.52 0.0 
22495.77 0.42 0.0 
22632.88 0.43 0.0 
22771.59 0.36 0.0 
23136.85 0.34 0.0 
23142.81 0.58 0.0 
23293.53 0.34 0.0 
23248.87 0.56 0.0 
23325.23 0.49 0.0 
23432.30 0.52 0.0 
23440.88 0.81 0.0 
23440.88 0.64 0.0 
23497.28 0.78 0.0 
23504.13 0.48 0.0 
23802.88 0.41 0.0 
24449.37 0.41 0.0 
24584.39 0.82 0.0 
24682.87 0.40 0.0 
24869.37 0.59 0.0 
24767.29 0.50 0.0 
25186.39 0.33 0.0 
25242.43 0.49 0.0 
25409.56 0.39 0.0 
25542.82 0.32 0.0 
25808.63 0.30 0.0 
25947.79 0.39 0.0 
25949.49 0.39 0.0 
25978.97 0.78 0.0 
26208.14 0.38 0.0 
26383.37 0.55 0.0 
26488.05 0.31 0.0 
26772.81 0.36 0.0 
26779.91 0.34 0.0 
26784.26 0.31 0.0 
26831.84 0.40 0.0 
27368.55 0.31 0.0 
27580.70 0.64 0.0 
27580.67 0.77 0.0 
27823.23 0.75 0.0 
28083.81 0.32 0.0 
28033.72 0.54 0.0 
28330.22 0.97 0.0 
28330.23 0.89 0.0 
28409.08 0.60 0.0 
28438.05 0.72 0.0 
28455.85 0.43 0.0 
28409.69 0.30 0.0 
28528.99 0.39 0.0 
28738.52 0.34 0.0 
28964.49 0.31 0.0 
28904.15 0.66 0.0 
29024.40 0.37 0.0 
29199.03 0.47 0.0 
29204.29 0.75 0.0 
29394.85 0.65 0.0 
29571.33 0.47 0.0 
29639.05 0.55 0.0 
29876.25 0.66 0.0 
29939.01 0.33 0.0 
30648.32 0.32 0.0 
30853.93 0.91 0.0 
30864.64 0.30 0.0 
31084.03 0.31 0.0 
31196.88 0.42 0.0 
31154.01 0.39 0.0 
31284.93 0.48 0.0 
31409.05 0.36 0.0 
31667.63 0.38 0.0 
31692.59 0.77 0.0 
31677.53 0.38 0.0 
31658.75 0.44 0.0 
31984.68 0.39 0.0 
31994.16 0.59 0.0 
32309.35 0.41 0.0 
32510.89 0.36 0.0 
32510.87 0.49 0.0 
32475.27 0.35 0.0 
32594.14 0.63 0.0 
32819.59 0.63 0.0 
32843.73 0.56 0.0 
32923.15 0.42 0.0 
32923.15 0.66 0.0 
33176.60 0.43 0.0 
33482.81 0.41 0.0 
33860.61 0.45 0.0 
34117.80 0.35 0.0 
34117.84 0.52 0.0 
34457.44 0.33 0.0 
34392.21 0.43 0.0 
34798.28 0.31 0.0 
34784.33 0.37 0.0 
34838.85 0.31 0.0 
34888.48 0.36 0.0 
34872.83 0.73 0.0 
35117.75 0.50 0.0 
35459.12 0.91 0.0 
35584.45 0.46 0.0 
35584.45 0.34 0.0 
35594.17 0.33 0.0 
35834.12 0.52 0.0 
35923.23 0.59 0.0 
35937.41 0.41 0.0 
35999.08 0.47 0.0 
36347.53 0.34 0.0 
36312.49 0.46 0.0 
36491.63 0.37 0.0 
36507.25 0.69 0.0 
36522.40 0.42 0.0 
36732.65 0.86 0.0 
36838.64 0.75 0.0 
36861.97 0.41 0.0 
36967.23 0.51 0.0 
36989.65 0.39 0.0 
36992.33 0.43 0.0 
37169.36 0.61 0.0 
37363.76 0.43 0.0 
37407.11 0.53 0.0 
37723.99 0.47 0.0 
37959.85 0.32 0.0 
38100.68 0.35 0.0 
38159.44 0.70 0.0 
38100.68 0.74 0.0 
38175.21 0.51 0.0 
38324.32 0.52 0.0 
38423.18 0.65 0.0 
38443.39 0.61 0.0 
38533.86 0.94 0.0 
38457.92 0.58 0.0 
38834.05 0.42 0.0 
38843.82 0.66 0.0 
38862.71 0.70 0.0 
39043.00 0.43 0.0 
39191.64 0.34 0.0 
39277.67 0.53 0.0 
39385.33 0.51 0.0 
39376.99 0.36 0.0 
39508.35 0.42 0.0 
39456.97 0.64 0.0 
39572.45 0.54 0.0 
39644.05 0.38 0.0 
39572.44 0.46 0.0 
39658.32 0.30 0.0 
40165.03 0.53 0.0 
40203.01 0.32 0.0 
40282.85 0.55 0.0 
40433.39 0.71 0.0 
40484.57 0.40 0.0 
40514.24 0.63 0.0 
40619.07 0.35 0.0 
41263.60 0.34 0.0 
41254.01 0.31 0.0 
41263.59 0.44 0.0 
41837.59 0.60 0.0 
42182.52 0.62 0.0 
42182.51 0.67 0.0 
42597.84 0.56 0.0 
43099.63 0.76 0.0 
43109.16 0.36 0.0 
43109.17 0.66 0.0 
43213.57 0.68 0.0 
43543.21 0.73 0.0 
43619.43 0.40 0.0 
43784.39 0.32 0.0 
43989.07 0.43 0.0 
44013.48 0.38 0.0 
44234.28 0.75 0.0 
44835.60 0.34 0.0 
45250.99 0.45 0.0 
45302.89 0.35 0.0 
45342.48 0.38 0.0 
45479.15 0.36 0.0 
45571.28 0.46 0.0 
45808.69 0.55 0.0 
46678.87 0.71 0.0 
46749.01 0.39 0.0 
46749.00 0.32 0.0 
46821.19 0.44 0.0 
46821.15 0.31 0.0 
46846.44 0.73 0.0 
46950.21 0.30 0.0 
47082.81 0.36 0.0 
47187.47 0.48 0.0 
47324.21 0.38 0.0 
47459.05 0.37 0.0 
47460.73 0.48 0.0 
47489.40 0.34 0.0 
47804.56 0.71 0.0 
48266.79 0.75 0.0 
48668.84 0.56 0.0 
48839.19 0.33 0.0 
49243.69 0.44 0.0 
49248.83 0.39 0.0 
49409.58 0.43 0.0 
49664.05 0.33 0.0 
49787.06 0.82 0.0 
49787.11 0.36 0.0 
50188.31 0.82 0.0 
50249.30 0.42 0.0 
50637.60 0.86 0.0 
50585.19 0.74 0.0 
50834.12 0.60 0.0 
51734.01 0.34 0.0 
52258.85 0.46 0.0 
52798.84 0.30 0.0 
52847.97 0.52 0.0 
53052.72 0.32 0.0 
53005.26 0.61 0.0 
53025.00 0.61 0.0 
53038.80 0.55 0.0 
53469.75 0.33 0.0 
53634.65 0.49 0.0 
53612.93 0.61 0.0 
53634.72 0.44 0.0 
53817.15 0.43 0.0 
53849.33 0.71 0.0 
53939.37 0.31 0.0 
54046.45 0.69 0.0 
54269.44 0.71 0.0 
54343.34 0.45 0.0 
55067.51 0.36 0.0 
55647.93 0.42 0.0 
55857.12 0.51 0.0 
55993.85 0.43 0.0 
56324.48 0.32 0.0 
56367.44 0.74 0.0 
57088.05 0.41 0.0 
57088.71 0.48 0.0 
57399.62 0.30 0.0 
57494.51 0.79 0.0 
57584.27 0.83 0.0 
57989.37 0.52 0.0 
58171.73 0.70 0.0 
58632.47 0.35 0.0 
58754.35 0.48 0.0 
58883.29 0.36 0.0 
59044.12 0.33 0.0 
59009.59 0.65 0.0 
59248.20 0.35 0.0 
59651.44 0.52 0.0 
59697.98 0.45 0.0 
60509.04 0.32 0.0 
61138.69 0.31 0.0 
61558.52 0.39 0.0 
61649.25 0.82 0.0 
63312.64 0.34 0.0 
63792.71 0.34 0.0 
68099.40 0.46 0.0 
83756.77 0.39 0.0 
