854.21 0.40 0.0 
957.48 0.35 0.0 
1094.48 0.41 0.0 
1376.88 0.47 0.0 
1843.77 0.33 0.0 
2541.85 0.76 0.0 
3192.33 0.44 0.0 
3449.37 0.33 0.0 
3791.73 0.33 0.0 
3809.31 0.32 0.0 
3973.21 0.38 0.0 
4933.64 0.34 0.0 
5517.89 0.53 0.0 
5681.37 0.52 0.0 
6998.36 0.46 0.0 
7047.97 0.67 0.0 
7047.90 0.31 0.0 
7994.45 0.67 0.0 
8125.65 0.43 0.0 
9295.44 0.30 0.0 
9297.36 0.30 0.0 
9774.39 0.53 0.0 
10857.63 0.31 0.0 
11159.48 0.40 0.0 
11517.97 0.55 0.0 
12598.55 0.62 0.0 
12631.19 0.34 0.0 
15895.44 0.37 0.0 
16934.21 0.35 0.0 
17097.65 0.38 0.0 
17575.16 0.43 0.0 
17786.68 0.64 0.0 
18192.41 0.47 0.0 
18404.45 0.51 0.0 
18530.48 0.51 0.0 
20023.92 0.32 0.0 
20293.75 0.40 0.0 
21030.24 0.42 0.0 
21191.13 0.53 0.0 
21672.45 0.33 0.0 
22632.80 0.30 0.0 
23248.25 0.38 0.0 
23996.63 0.71 0.0 
24518.08 0.36 0.0 
28721.44 0.33 0.0 
30368.33 0.43 0.0 
32939.51 0.34 0.0 
34009.01 0.31 0.0 
34573.65 0.64 0.0 
37541.83 0.38 0.0 
37671.39 0.40 0.0 
37814.48 0.31 0.0 
37919.28 0.52 0.0 
38814.41 0.31 0.0 
38814.35 0.52 0.0 
39852.69 0.37 0.0 
41219.44 0.79 0.0 
42472.26 0.53 0.0 
43259.33 0.35 0.0 
43653.91 0.30 0.0 
44128.89 0.30 0.0 
44039.33 0.49 0.0 
44244.48 0.41 0.0 
44741.97 0.41 0.0 
45338.21 0.62 0.0 
45338.17 0.42 0.0 
46153.09 0.30 0.0 
47472.85 0.42 0.0 
47591.68 0.33 0.0 
49511.15 0.46 0.0 
50336.21 0.57 0.0 
50351.70 0.50 0.0 
50952.75 0.58 0.0 
51433.16 0.44 0.0 
51688.97 0.42 0.0 
52304.19 0.34 0.0 
52872.61 0.43 0.0 
53233.32 0.62 0.0 
53590.99 0.37 0.0 
54808.42 0.35 0.0 
55653.84 0.33 0.0 
56765.85 0.38 0.0 
57951.80 0.61 0.0 
57951.77 0.42 0.0 
58138.69 0.50 0.0 
58078.68 0.65 0.0 
59803.16 0.34 0.0 
60312.37 0.43 0.0 
61063.41 0.33 0.0 
62034.01 0.45 0.0 
62642.33 0.37 0.0 
62642.37 0.36 0.0 
64569.97 0.41 0.0 
67007.95 0.40 0.0 
67047.36 0.34 0.0 
67259.21 0.38 0.0 
67660.91 0.56 0.0 
69734.39 0.35 0.0 
70332.32 0.61 0.0 
70975.45 0.47 0.0 
71501.12 0.59 0.0 
72655.88 0.37 0.0 
72852.40 0.34 0.0 
73369.47 0.32 0.0 
75761.33 0.40 0.0 
76180.77 0.46 0.0 
76977.07 0.62 0.0 
77351.15 0.32 0.0 
80501.61 0.32 0.0 
80586.13 0.58 0.0 
80995.16 0.76 0.0 
80995.13 0.43 0.0 
83378.93 0.49 0.0 
83504.44 0.32 0.0 
83648.09 0.41 0.0 
84101.52 0.47 0.0 
85190.93 0.38 0.0 
85453.27 0.34 0.0 
85436.95 0.41 0.0 
86157.05 0.48 0.0 
86351.81 0.43 0.0 
