138.47 0.30 0.0 
948.59 0.34 0.0 
1700.79 0.36 0.0 
2106.87 0.84 0.0 
2106.84 0.31 0.0 
2198.19 0.31 0.0 
2496.35 0.45 0.0 
3081.85 0.33 0.0 
3157.03 0.32 0.0 
3376.36 0.58 0.0 
3741.47 0.44 0.0 
3798.24 0.60 0.0 
4154.49 0.38 0.0 
4281.84 0.31 0.0 
4504.84 0.38 0.0 
4455.57 0.41 0.0 
4661.27 0.33 0.0 
5082.87 0.82 0.0 
5222.79 0.34 0.0 
5598.60 0.33 0.0 
5810.56 0.42 0.0 
6118.77 0.45 0.0 
6253.61 0.58 0.0 
6827.67 0.31 0.0 
6809.51 0.45 0.0 
7163.41 0.35 0.0 
7701.71 0.36 0.0 
7717.94 0.82 0.0 
7717.92 0.75 0.0 
8043.53 0.30 0.0 
8221.83 0.72 0.0 
9467.64 0.44 0.0 
9443.04 0.31 0.0 
9329.91 0.36 0.0 
9687.59 0.33 0.0 
9755.75 0.44 0.0 
10265.64 0.35 0.0 
10265.64 0.69 0.0 
14508.59 0.32 0.0 
16489.69 0.39 0.0 
16489.67 0.34 0.0 
16987.63 0.39 0.0 
18045.44 0.59 0.0 
18559.75 0.32 0.0 
18750.44 0.55 0.0 
19079.95 0.51 0.0 
19169.28 0.48 0.0 
19543.52 0.47 0.0 
19789.53 0.37 0.0 
20085.88 0.36 0.0 
20577.57 0.35 0.0 
20807.11 0.47 0.0 
21494.93 0.45 0.0 
21429.15 0.34 0.0 
21497.29 0.32 0.0 
21410.51 0.40 0.0 
21696.79 0.34 0.0 
21943.15 0.35 0.0 
22041.23 0.48 0.0 
22041.24 0.90 0.0 
22319.21 0.37 0.0 
22230.47 0.40 0.0 
22634.78 0.86 0.0 
22634.78 0.82 0.0 
22773.44 0.84 0.0 
23136.93 0.42 0.0 
23327.95 0.63 0.0 
23432.34 0.33 0.0 
23432.38 0.68 0.0 
24106.54 0.71 0.0 
24235.25 0.36 0.0 
24618.87 0.34 0.0 
24690.95 0.34 0.0 
24768.63 0.49 0.0 
25187.91 0.42 0.0 
25192.63 0.38 0.0 
25192.63 0.30 0.0 
25927.33 0.47 0.0 
26058.88 0.42 0.0 
26298.44 0.53 0.0 
26304.19 0.43 0.0 
26298.44 0.86 0.0 
26362.11 0.46 0.0 
26472.19 0.32 0.0 
26561.65 0.36 0.0 
26671.47 0.31 0.0 
26784.87 0.55 0.0 
26833.87 0.45 0.0 
26987.90 0.76 0.0 
27155.19 0.30 0.0 
27824.75 0.63 0.0 
28333.18 0.84 0.0 
28333.15 0.48 0.0 
28409.71 0.33 0.0 
28578.56 0.38 0.0 
29200.79 0.36 0.0 
29206.80 0.41 0.0 
29622.35 0.40 0.0 
30106.55 0.34 0.0 
31084.40 0.48 0.0 
31084.43 0.84 0.0 
31132.35 0.31 0.0 
31276.43 0.31 0.0 
31425.91 0.40 0.0 
31678.80 0.87 0.0 
31694.87 0.56 0.0 
31678.80 0.49 0.0 
31642.15 0.34 0.0 
31834.55 0.37 0.0 
31988.57 0.50 0.0 
32296.89 0.33 0.0 
32296.95 0.30 0.0 
32385.77 0.62 0.0 
32930.11 0.36 0.0 
33116.61 0.51 0.0 
33378.13 0.53 0.0 
33586.24 0.37 0.0 
33632.03 0.35 0.0 
34081.20 0.44 0.0 
34121.81 0.53 0.0 
34121.85 0.30 0.0 
34159.01 0.38 0.0 
34661.10 0.35 0.0 
34830.47 0.39 0.0 
34830.51 0.36 0.0 
35588.61 0.51 0.0 
35588.60 0.47 0.0 
35795.89 0.45 0.0 
35946.99 0.33 0.0 
36022.91 0.31 0.0 
36786.31 0.41 0.0 
36804.83 0.39 0.0 
36967.21 0.36 0.0 
36889.59 0.39 0.0 
36994.37 0.49 0.0 
37409.77 0.48 0.0 
37905.71 0.56 0.0 
37962.68 0.52 0.0 
37996.55 0.39 0.0 
38010.89 0.51 0.0 
37996.57 0.58 0.0 
38178.27 0.41 0.0 
38178.29 0.56 0.0 
38191.36 0.41 0.0 
38191.45 0.42 0.0 
38423.25 0.60 0.0 
38423.25 0.34 0.0 
38791.03 0.56 0.0 
38847.89 0.37 0.0 
39044.59 0.41 0.0 
39141.21 0.42 0.0 
39191.75 0.45 0.0 
39191.77 0.40 0.0 
39548.99 0.49 0.0 
39564.61 0.33 0.0 
40061.15 0.34 0.0 
40025.03 0.36 0.0 
40136.76 0.36 0.0 
40284.19 0.62 0.0 
40391.31 0.32 0.0 
40465.95 0.42 0.0 
40685.19 0.33 0.0 
41116.03 0.39 0.0 
41256.27 0.34 0.0 
41875.71 0.35 0.0 
41844.47 0.66 0.0 
42116.85 0.41 0.0 
42229.43 0.30 0.0 
42157.81 0.62 0.0 
42273.93 0.51 0.0 
42406.60 0.46 0.0 
42406.57 0.53 0.0 
42548.05 0.32 0.0 
42827.55 0.50 0.0 
42801.79 0.35 0.0 
42801.80 0.41 0.0 
42965.71 0.56 0.0 
42965.72 0.44 0.0 
43101.59 0.73 0.0 
43018.23 0.35 0.0 
43114.59 0.31 0.0 
43498.32 0.38 0.0 
44025.51 0.33 0.0 
44025.53 0.56 0.0 
43991.25 0.59 0.0 
44020.13 0.63 0.0 
44374.91 0.34 0.0 
44434.91 0.51 0.0 
44476.51 0.31 0.0 
44770.83 0.39 0.0 
44835.55 0.48 0.0 
45017.65 0.31 0.0 
45017.73 0.41 0.0 
45057.11 0.36 0.0 
45057.13 0.34 0.0 
45153.83 0.31 0.0 
45153.81 0.36 0.0 
45213.57 0.68 0.0 
45213.56 0.50 0.0 
45786.83 0.35 0.0 
46010.03 0.30 0.0 
46009.97 0.32 0.0 
46129.05 0.49 0.0 
46129.01 0.43 0.0 
46779.15 0.40 0.0 
46827.13 0.55 0.0 
46951.85 0.44 0.0 
47248.51 0.35 0.0 
47356.61 0.51 0.0 
47463.53 0.39 0.0 
47700.01 0.38 0.0 
47835.47 0.51 0.0 
48135.87 0.35 0.0 
48076.00 0.39 0.0 
48187.15 0.34 0.0 
48226.97 0.51 0.0 
48779.76 0.47 0.0 
48985.27 0.44 0.0 
49311.81 0.49 0.0 
50236.81 0.42 0.0 
50588.59 0.43 0.0 
50588.56 0.57 0.0 
52424.41 0.38 0.0 
52546.79 0.35 0.0 
52850.71 0.31 0.0 
53025.91 0.50 0.0 
52983.27 0.46 0.0 
52998.23 0.39 0.0 
53634.69 0.33 0.0 
54887.15 0.30 0.0 
55008.35 0.73 0.0 
55429.77 0.36 0.0 
55429.81 0.35 0.0 
56226.46 0.42 0.0 
56368.09 0.33 0.0 
57077.12 0.54 0.0 
57195.67 0.39 0.0 
57487.00 0.40 0.0 
58000.47 0.31 0.0 
58172.77 0.62 0.0 
58640.39 0.45 0.0 
58640.35 0.30 0.0 
58938.27 0.34 0.0 
59527.66 0.37 0.0 
59527.63 0.43 0.0 
59779.75 0.36 0.0 
59943.67 0.41 0.0 
60682.53 0.56 0.0 
60874.55 0.36 0.0 
60888.11 0.37 0.0 
61050.79 0.39 0.0 
61963.91 0.30 0.0 
62097.88 0.53 0.0 
62465.35 0.35 0.0 
62523.11 0.34 0.0 
