1384.73 0.43 0.0 
1932.69 0.31 0.0 
2776.05 0.44 0.0 
2784.64 0.68 0.0 
2757.19 0.91 0.0 
2784.64 0.70 0.0 
2757.18 0.90 0.0 
3061.28 0.57 0.0 
3121.89 0.64 0.0 
3575.78 0.82 0.0 
3845.24 0.48 0.0 
4155.47 0.33 0.0 
4818.21 0.47 0.0 
5176.03 0.50 0.0 
5882.41 0.34 0.0 
6822.91 0.34 0.0 
6918.87 0.39 0.0 
7081.03 0.44 0.0 
7216.59 0.51 0.0 
7441.99 0.49 0.0 
7426.80 0.34 0.0 
7532.83 0.37 0.0 
7516.93 0.30 0.0 
7532.85 0.60 0.0 
8387.00 0.67 0.0 
8399.08 0.39 0.0 
8386.99 0.42 0.0 
9121.17 0.75 0.0 
9121.15 0.44 0.0 
9508.38 0.31 0.0 
9549.69 0.39 0.0 
9549.67 0.42 0.0 
9810.72 0.35 0.0 
10036.31 0.41 0.0 
10354.71 0.46 0.0 
11452.29 0.55 0.0 
11462.20 0.66 0.0 
11476.27 0.67 0.0 
11452.32 0.33 0.0 
11865.55 0.35 0.0 
11865.50 0.72 0.0 
12681.41 0.37 0.0 
12950.84 0.59 0.0 
12916.03 0.43 0.0 
12950.81 0.84 0.0 
13135.59 0.52 0.0 
13171.41 0.65 0.0 
13135.59 0.49 0.0 
13735.70 0.54 0.0 
13745.01 0.33 0.0 
13744.99 0.65 0.0 
14147.79 0.66 0.0 
14415.59 0.31 0.0 
14421.63 0.33 0.0 
14909.71 0.33 0.0 
15588.63 0.30 0.0 
15900.77 0.75 0.0 
15949.85 0.66 0.0 
15949.80 0.68 0.0 
18400.63 0.68 0.0 
18400.65 0.62 0.0 
18979.95 0.31 0.0 
18938.07 0.62 0.0 
18938.08 0.70 0.0 
19638.91 0.50 0.0 
20145.93 0.60 0.0 
21615.49 0.78 0.0 
21573.05 0.54 0.0 
22863.89 0.51 0.0 
23133.33 0.72 0.0 
23140.47 0.39 0.0 
23129.15 0.39 0.0 
23136.12 0.56 0.0 
23140.48 0.64 0.0 
23962.42 0.69 0.0 
24136.28 0.63 0.0 
24444.39 0.38 0.0 
24444.43 0.48 0.0 
24551.61 0.44 0.0 
24561.07 0.32 0.0 
24572.69 0.31 0.0 
24689.37 0.51 0.0 
24681.95 0.36 0.0 
24689.39 0.42 0.0 
25025.49 0.34 0.0 
25034.83 0.37 0.0 
25025.31 0.31 0.0 
25419.45 0.32 0.0 
25652.01 0.53 0.0 
25971.73 0.54 0.0 
25971.69 0.74 0.0 
26539.35 0.75 0.0 
26539.36 0.77 0.0 
26518.18 0.45 0.0 
26588.87 0.36 0.0 
27227.48 0.55 0.0 
27270.92 0.65 0.0 
27870.52 0.84 0.0 
28431.28 0.53 0.0 
28439.16 0.76 0.0 
31096.61 0.39 0.0 
32682.17 0.54 0.0 
32651.07 0.62 0.0 
32651.07 0.71 0.0 
33748.84 0.65 0.0 
33750.84 0.85 0.0 
35491.83 0.40 0.0 
43992.84 0.51 0.0 
43966.82 0.83 0.0 
43983.63 0.52 0.0 
43988.91 0.54 0.0 
43992.87 0.33 0.0 
44074.43 0.31 0.0 
55890.97 0.36 0.0 
85262.98 0.61 0.0 
85351.26 0.75 0.0 
