5459.19 0.37 0.0 
5605.88 0.44 0.0 
5605.88 0.57 0.0 
5954.42 0.87 0.0 
10033.77 0.50 0.0 
12261.56 0.32 0.0 
13183.37 0.33 0.0 
17772.24 0.44 0.0 
19753.04 0.49 0.0 
26814.16 0.61 0.0 
35426.33 0.30 0.0 
40258.67 0.78 0.0 
58452.48 0.43 0.0 
59803.04 0.46 0.0 
61060.56 0.56 0.0 
62972.56 0.76 0.0 
65804.23 0.32 0.0 
65896.53 0.39 0.0 
66262.12 0.37 0.0 
67180.13 0.30 0.0 
68270.48 0.54 0.0 
71800.20 0.36 0.0 
72671.01 0.42 0.0 
74942.13 0.40 0.0 
78000.55 0.34 0.0 
83601.33 0.41 0.0 
85992.71 0.48 0.0 
