946.55 0.67 0.0 
964.31 0.36 0.0 
1427.65 0.78 0.0 
1427.67 0.43 0.0 
1844.46 0.50 0.0 
2521.19 0.33 0.0 
2521.20 0.76 0.0 
4294.41 0.55 0.0 
5072.82 0.82 0.0 
5072.84 0.79 0.0 
6375.71 0.43 0.0 
8237.14 0.63 0.0 
8237.15 0.87 0.0 
8356.67 0.33 0.0 
8670.59 0.32 0.0 
9395.28 0.88 0.0 
9395.28 0.76 0.0 
11261.56 0.62 0.0 
12273.83 0.44 0.0 
12916.25 0.42 0.0 
12916.18 0.69 0.0 
13481.04 0.67 0.0 
13481.03 0.35 0.0 
13985.06 0.65 0.0 
14549.96 0.74 0.0 
16027.79 0.51 0.0 
16729.55 0.38 0.0 
18517.07 0.41 0.0 
18903.78 0.80 0.0 
19925.92 0.39 0.0 
20729.91 0.30 0.0 
21170.21 0.43 0.0 
23144.65 0.44 0.0 
24016.03 0.33 0.0 
25518.01 0.36 0.0 
25517.97 0.52 0.0 
26420.53 0.72 0.0 
26420.57 0.59 0.0 
27277.93 0.61 0.0 
27678.58 0.70 0.0 
28292.01 0.54 0.0 
29334.22 0.31 0.0 
29865.45 0.40 0.0 
31290.66 0.59 0.0 
32585.71 0.50 0.0 
33500.39 0.56 0.0 
34533.61 0.70 0.0 
34886.24 0.42 0.0 
35088.13 0.64 0.0 
35346.52 0.76 0.0 
35346.56 0.61 0.0 
36040.55 0.56 0.0 
37064.84 0.66 0.0 
39244.72 0.84 0.0 
39537.63 0.52 0.0 
39963.74 0.69 0.0 
40286.27 0.49 0.0 
40608.89 0.71 0.0 
40970.69 0.58 0.0 
40807.94 0.54 0.0 
41607.35 0.44 0.0 
41607.33 0.50 0.0 
41428.55 0.37 0.0 
44522.60 0.51 0.0 
45391.37 0.47 0.0 
47297.57 0.79 0.0 
48062.42 0.49 0.0 
48062.63 0.37 0.0 
48421.86 0.86 0.0 
48421.91 0.43 0.0 
48670.75 0.31 0.0 
49581.81 0.61 0.0 
50706.30 0.84 0.0 
50706.28 0.44 0.0 
51712.72 0.64 0.0 
52732.71 0.62 0.0 
52732.68 0.81 0.0 
53386.61 0.47 0.0 
54469.95 0.51 0.0 
54469.95 0.36 0.0 
54888.54 0.87 0.0 
55494.79 0.31 0.0 
55466.96 0.42 0.0 
55632.03 0.44 0.0 
55952.82 0.55 0.0 
57457.22 0.87 0.0 
58054.85 0.63 0.0 
58054.80 0.80 0.0 
58912.02 0.45 0.0 
58912.00 0.83 0.0 
60942.23 0.30 0.0 
62551.66 0.86 0.0 
62551.66 0.71 0.0 
62611.69 0.32 0.0 
63831.40 0.47 0.0 
63831.36 0.75 0.0 
65746.23 0.44 0.0 
66062.01 0.47 0.0 
78879.94 0.78 0.0 
78879.95 0.64 0.0 
79428.07 0.33 0.0 
80969.90 0.85 0.0 
81738.93 0.45 0.0 
81857.97 0.42 0.0 
83701.22 0.52 0.0 
83755.15 0.44 0.0 
83973.55 0.32 0.0 
84692.50 0.71 0.0 
85475.28 0.43 0.0 
85681.18 0.69 0.0 
86059.81 0.76 0.0 
86059.83 0.45 0.0 
86290.95 0.77 0.0 
