365.36 0.74 0.0 
523.07 0.55 0.0 
1844.43 0.77 0.0 
3203.99 0.54 0.0 
3203.97 0.42 0.0 
3299.16 0.36 0.0 
4123.60 0.69 0.0 
4123.61 0.60 0.0 
4363.19 0.44 0.0 
6440.85 0.49 0.0 
6440.80 0.44 0.0 
6512.93 0.42 0.0 
7226.81 0.32 0.0 
7621.32 0.49 0.0 
7621.33 0.42 0.0 
8144.24 0.88 0.0 
8348.61 0.38 0.0 
10383.65 0.43 0.0 
11261.43 0.41 0.0 
11288.76 0.37 0.0 
11291.60 0.43 0.0 
13480.08 0.37 0.0 
13480.12 0.31 0.0 
14247.44 0.47 0.0 
14544.33 0.64 0.0 
14892.11 0.83 0.0 
16314.84 0.69 0.0 
17352.91 0.32 0.0 
20314.60 0.44 0.0 
20314.61 0.32 0.0 
20724.41 0.35 0.0 
20737.52 0.71 0.0 
20785.05 0.38 0.0 
22422.19 0.47 0.0 
25515.17 0.44 0.0 
26801.35 0.30 0.0 
30935.01 0.55 0.0 
30934.97 0.54 0.0 
33996.93 0.32 0.0 
36040.51 0.77 0.0 
36503.27 0.62 0.0 
37899.21 0.63 0.0 
37899.16 0.44 0.0 
39537.61 0.34 0.0 
39820.59 0.53 0.0 
40286.23 0.38 0.0 
41490.85 0.40 0.0 
41428.52 0.62 0.0 
50706.32 0.38 0.0 
51184.67 0.41 0.0 
54888.55 0.45 0.0 
55494.81 0.37 0.0 
55632.12 0.39 0.0 
55466.95 0.84 0.0 
56818.89 0.33 0.0 
57457.22 0.88 0.0 
60937.45 0.46 0.0 
61412.45 0.44 0.0 
61412.41 0.51 0.0 
64245.27 0.45 0.0 
64285.79 0.31 0.0 
67467.24 0.39 0.0 
73074.17 0.62 0.0 
73103.51 0.33 0.0 
73103.55 0.31 0.0 
73724.01 0.34 0.0 
73753.85 0.39 0.0 
73753.76 0.35 0.0 
73724.05 0.34 0.0 
76375.76 0.59 0.0 
78876.08 0.59 0.0 
80963.40 0.45 0.0 
83353.23 0.84 0.0 
83277.17 0.35 0.0 
84493.28 0.33 0.0 
85681.15 0.36 0.0 
86290.92 0.94 0.0 
