208.20 0.43 0.0 
1408.32 0.31 0.0 
1837.15 0.36 0.0 
2039.48 0.33 0.0 
2517.73 0.38 0.0 
2532.13 0.33 0.0 
2517.77 0.52 0.0 
3539.47 0.48 0.0 
4703.77 0.62 0.0 
6058.55 0.46 0.0 
6241.47 0.34 0.0 
6886.16 0.68 0.0 
6886.15 0.59 0.0 
8015.92 0.31 0.0 
8015.93 0.46 0.0 
8578.33 0.35 0.0 
10870.17 0.63 0.0 
12275.13 0.30 0.0 
14219.48 0.37 0.0 
14510.27 0.47 0.0 
14510.31 0.59 0.0 
19574.49 0.62 0.0 
20715.21 0.70 0.0 
22858.52 0.34 0.0 
23502.33 0.61 0.0 
35984.31 0.43 0.0 
39624.57 0.44 0.0 
40330.28 0.32 0.0 
41577.24 0.30 0.0 
45553.16 0.39 0.0 
47607.64 0.40 0.0 
53083.31 0.34 0.0 
64139.40 0.55 0.0 
64499.29 0.58 0.0 
73073.12 0.70 0.0 
73073.08 0.49 0.0 
73112.25 0.68 0.0 
73762.37 0.58 0.0 
74153.63 0.32 0.0 
79754.12 0.65 0.0 
80394.87 0.33 0.0 
81970.29 0.40 0.0 
82018.57 0.40 0.0 
85768.59 0.41 0.0 
