5470.79 0.37 0.0 
5638.92 0.46 0.0 
12257.77 0.33 0.0 
12257.75 0.33 0.0 
12671.28 0.56 0.0 
12657.48 0.52 0.0 
14892.89 0.61 0.0 
19105.84 0.35 0.0 
21868.68 0.34 0.0 
23173.40 0.49 0.0 
24072.13 0.30 0.0 
25089.12 0.36 0.0 
25193.20 0.35 0.0 
25719.53 0.43 0.0 
26459.07 0.38 0.0 
29488.61 0.31 0.0 
31588.57 0.38 0.0 
31559.51 0.68 0.0 
31843.40 0.56 0.0 
40828.49 0.49 0.0 
41411.93 0.44 0.0 
41411.92 0.58 0.0 
42496.04 0.98 0.0 
42496.03 0.98 0.0 
44159.08 0.81 0.0 
45541.50 0.92 0.0 
45541.50 0.91 0.0 
47277.95 0.31 0.0 
58251.05 0.98 0.0 
58251.04 0.99 0.0 
59126.65 0.35 0.0 
61415.88 0.60 0.0 
61415.89 0.35 0.0 
70263.29 0.53 0.0 
70263.32 0.73 0.0 
73054.39 0.85 0.0 
73070.84 0.40 0.0 
73704.58 0.94 0.0 
73054.36 0.92 0.0 
73704.55 0.89 0.0 
73720.80 0.31 0.0 
79480.33 0.39 0.0 
81792.71 0.38 0.0 
81077.80 0.32 0.0 
82722.38 0.37 0.0 
84296.56 0.80 0.0 
84296.56 0.92 0.0 
85342.23 0.53 0.0 
