1305.39 0.74 0.0 
498.08 0.32 0.0 
1462.79 0.81 0.0 
1470.68 0.59 0.0 
2537.35 0.31 0.0 
7038.14 0.96 0.0 
7038.14 0.96 0.0 
7496.37 0.73 0.0 
7496.36 0.63 0.0 
15062.38 0.79 0.0 
15612.59 0.60 0.0 
15612.57 0.80 0.0 
19016.11 0.96 0.0 
19016.11 0.96 0.0 
19697.07 0.72 0.0 
22321.96 0.66 0.0 
23557.11 0.46 0.0 
30284.21 0.68 0.0 
30284.19 0.40 0.0 
35175.67 0.41 0.0 
37725.55 0.50 0.0 
41807.92 0.35 0.0 
41970.55 0.53 0.0 
46291.71 0.41 0.0 
54167.80 0.60 0.0 
56672.63 0.31 0.0 
65101.67 0.37 0.0 
76726.95 0.79 0.0 
76726.96 0.87 0.0 
79546.05 0.37 0.0 
82711.32 0.77 0.0 
83701.36 0.82 0.0 
83067.57 0.39 0.0 
83352.84 0.37 0.0 
