279.34 0.54 0.0 
279.33 0.45 0.0 
3511.45 0.64 0.0 
3796.16 0.38 0.0 
4833.49 0.35 0.0 
5421.47 0.31 0.0 
5421.44 0.55 0.0 
5924.04 0.60 0.0 
5934.65 0.34 0.0 
5924.05 0.58 0.0 
8655.81 0.43 0.0 
8655.73 0.52 0.0 
8896.25 0.30 0.0 
9432.67 0.31 0.0 
10521.05 0.33 0.0 
12561.13 0.44 0.0 
12871.35 0.36 0.0 
13383.15 0.36 0.0 
16126.73 0.39 0.0 
16113.53 0.50 0.0 
22935.49 0.74 0.0 
23657.05 0.46 0.0 
29255.40 0.56 0.0 
29255.45 0.62 0.0 
30555.54 0.70 0.0 
37457.19 0.33 0.0 
41860.49 0.30 0.0 
44835.60 0.60 0.0 
45287.69 0.56 0.0 
48886.09 0.46 0.0 
51208.97 0.38 0.0 
52890.87 0.32 0.0 
53138.47 0.37 0.0 
53926.05 0.38 0.0 
55174.77 0.55 0.0 
59161.44 0.66 0.0 
60693.17 0.31 0.0 
60619.97 0.50 0.0 
61050.44 0.43 0.0 
61773.24 0.54 0.0 
62133.97 0.37 0.0 
62940.79 0.34 0.0 
63212.16 0.43 0.0 
64022.43 0.38 0.0 
65282.21 0.52 0.0 
66902.01 0.58 0.0 
67816.59 0.31 0.0 
67982.31 0.50 0.0 
69784.15 0.35 0.0 
70560.75 0.37 0.0 
71551.41 0.60 0.0 
72482.15 0.49 0.0 
72750.49 0.44 0.0 
72978.37 0.34 0.0 
72952.61 0.69 0.0 
73106.73 0.48 0.0 
73112.95 0.47 0.0 
72978.36 0.69 0.0 
73106.77 0.52 0.0 
73756.77 0.55 0.0 
74282.21 0.82 0.0 
74672.28 0.49 0.0 
76892.15 0.46 0.0 
78213.33 0.35 0.0 
78457.51 0.32 0.0 
78843.79 0.55 0.0 
80626.16 0.65 0.0 
81465.93 0.43 0.0 
81497.87 0.32 0.0 
82144.89 0.36 0.0 
82697.73 0.36 0.0 
83091.35 0.31 0.0 
84065.35 0.50 0.0 
84065.39 0.40 0.0 
84810.92 0.50 0.0 
85216.21 0.36 0.0 
