2833.21 0.30 0.0 
7375.17 0.42 0.0 
8368.89 0.41 0.0 
11579.51 0.91 0.0 
12193.80 0.71 0.0 
12259.63 0.42 0.0 
12363.59 0.68 0.0 
12297.76 0.69 0.0 
12396.52 0.79 0.0 
12363.61 0.62 0.0 
12372.81 0.40 0.0 
12374.48 0.33 0.0 
12396.52 0.54 0.0 
12887.13 0.48 0.0 
13918.95 0.46 0.0 
14488.57 0.40 0.0 
14654.12 0.41 0.0 
14788.31 0.40 0.0 
14757.57 0.58 0.0 
14804.26 0.74 0.0 
14924.04 0.43 0.0 
15642.25 0.31 0.0 
15711.11 0.31 0.0 
15711.13 0.34 0.0 
15973.91 0.32 0.0 
16064.04 0.36 0.0 
16153.75 0.84 0.0 
16530.10 0.90 0.0 
16689.45 0.64 0.0 
16865.23 0.35 0.0 
17084.21 0.39 0.0 
17368.85 0.48 0.0 
17518.69 0.54 0.0 
18028.92 0.71 0.0 
18239.57 0.76 0.0 
18284.27 0.42 0.0 
18254.32 0.30 0.0 
18419.50 0.96 0.0 
18928.39 0.81 0.0 
19244.27 0.73 0.0 
19555.92 0.64 0.0 
19555.95 0.52 0.0 
19751.08 0.33 0.0 
19923.41 0.52 0.0 
20007.63 0.34 0.0 
20302.21 0.39 0.0 
20258.53 0.51 0.0 
20302.21 0.40 0.0 
20548.08 0.64 0.0 
20818.87 0.55 0.0 
20924.51 0.53 0.0 
20953.83 0.84 0.0 
21164.14 0.50 0.0 
21179.08 0.50 0.0 
21179.10 0.92 0.0 
21629.19 0.79 0.0 
21869.25 0.93 0.0 
21869.24 0.36 0.0 
21894.64 0.38 0.0 
22169.09 0.40 0.0 
22442.61 0.32 0.0 
22468.52 0.35 0.0 
22411.17 0.33 0.0 
22858.96 0.50 0.0 
23052.29 0.52 0.0 
23052.27 0.72 0.0 
23054.30 0.33 0.0 
23305.69 0.90 0.0 
23305.63 0.42 0.0 
23516.63 0.87 0.0 
24550.99 0.60 0.0 
24824.56 0.41 0.0 
25293.75 0.57 0.0 
25293.77 0.44 0.0 
25380.03 0.49 0.0 
25411.61 0.49 0.0 
25530.64 0.55 0.0 
25543.75 0.82 0.0 
25552.23 0.72 0.0 
25514.39 0.60 0.0 
25596.48 0.34 0.0 
25543.71 0.66 0.0 
25552.24 0.54 0.0 
25514.39 0.82 0.0 
25596.53 0.61 0.0 
25603.13 0.40 0.0 
25617.87 0.38 0.0 
25715.28 0.61 0.0 
25781.57 0.31 0.0 
25799.51 0.66 0.0 
25782.78 0.81 0.0 
25757.80 0.36 0.0 
25925.36 0.62 0.0 
25925.36 0.67 0.0 
25887.05 0.42 0.0 
26308.72 0.45 0.0 
26534.41 0.65 0.0 
26607.25 0.48 0.0 
27014.49 0.48 0.0 
27250.40 0.55 0.0 
27250.41 0.61 0.0 
27988.25 0.47 0.0 
27944.20 0.66 0.0 
27974.46 0.80 0.0 
28124.09 0.91 0.0 
28284.53 0.31 0.0 
28577.92 0.72 0.0 
28577.92 0.93 0.0 
28694.11 0.67 0.0 
29204.40 0.81 0.0 
29534.19 0.41 0.0 
29850.87 0.31 0.0 
31496.63 0.59 0.0 
34483.04 0.57 0.0 
34524.88 0.35 0.0 
34802.47 0.50 0.0 
37202.88 0.33 0.0 
37346.88 0.38 0.0 
37867.72 0.39 0.0 
37867.71 0.50 0.0 
38790.97 0.69 0.0 
39286.39 0.45 0.0 
39749.53 0.85 0.0 
40289.43 0.90 0.0 
40545.17 0.37 0.0 
41909.13 0.35 0.0 
42567.77 0.37 0.0 
42913.37 0.63 0.0 
43534.77 0.46 0.0 
43534.79 0.47 0.0 
43751.12 0.30 0.0 
44873.25 0.30 0.0 
45267.45 0.36 0.0 
45583.07 0.55 0.0 
45791.01 0.33 0.0 
47023.92 0.30 0.0 
47669.39 0.32 0.0 
47923.72 0.31 0.0 
47861.85 0.61 0.0 
48164.41 0.80 0.0 
49926.83 0.65 0.0 
50639.19 0.81 0.0 
53098.47 0.37 0.0 
53879.13 0.34 0.0 
56637.41 0.31 0.0 
56637.37 0.59 0.0 
58186.55 0.44 0.0 
59081.36 0.43 0.0 
60868.49 0.43 0.0 
60899.39 0.45 0.0 
62939.01 0.37 0.0 
62939.59 0.66 0.0 
64634.08 0.43 0.0 
64917.45 0.51 0.0 
64934.43 0.42 0.0 
65698.64 0.45 0.0 
66149.01 0.33 0.0 
67799.17 0.72 0.0 
70289.33 0.33 0.0 
70529.41 0.77 0.0 
70723.67 0.32 0.0 
70692.80 0.77 0.0 
72119.45 0.39 0.0 
73103.53 0.53 0.0 
73068.91 0.83 0.0 
73103.57 0.45 0.0 
73068.79 0.75 0.0 
73716.20 0.47 0.0 
73754.01 0.59 0.0 
73723.38 0.55 0.0 
73753.61 0.31 0.0 
75659.00 0.51 0.0 
77173.80 0.40 0.0 
77248.40 0.73 0.0 
80351.09 0.31 0.0 
80937.25 0.43 0.0 
81897.54 0.39 0.0 
82257.43 0.41 0.0 
82579.18 0.37 0.0 
82579.20 0.34 0.0 
84719.33 0.41 0.0 
84683.51 0.83 0.0 
84683.49 0.84 0.0 
85053.07 0.36 0.0 
