157.37 0.39 0.0 
680.89 0.71 0.0 
607.59 0.55 0.0 
1031.57 0.43 0.0 
1152.29 0.31 0.0 
2398.69 0.48 0.0 
2876.89 0.50 0.0 
3733.89 0.41 0.0 
3998.57 0.33 0.0 
4077.65 0.45 0.0 
4450.81 0.63 0.0 
4482.13 0.48 0.0 
5547.73 0.58 0.0 
6611.81 0.37 0.0 
7300.75 0.32 0.0 
7656.96 0.42 0.0 
8159.05 0.41 0.0 
8398.67 0.46 0.0 
8654.07 0.40 0.0 
8654.00 0.67 0.0 
8903.05 0.75 0.0 
9432.55 0.37 0.0 
11292.77 0.59 0.0 
12073.89 0.40 0.0 
14832.11 0.78 0.0 
15027.96 0.56 0.0 
16105.05 0.34 0.0 
19301.01 0.30 0.0 
19598.84 0.60 0.0 
19598.88 0.65 0.0 
21569.21 0.41 0.0 
21877.87 0.55 0.0 
22915.93 0.54 0.0 
23338.84 0.30 0.0 
26128.41 0.40 0.0 
28599.65 0.33 0.0 
29249.61 0.43 0.0 
29279.45 0.45 0.0 
30415.49 0.41 0.0 
33058.28 0.32 0.0 
34008.68 0.41 0.0 
34836.21 0.63 0.0 
35487.24 0.66 0.0 
37049.15 0.66 0.0 
37179.96 0.39 0.0 
38218.85 0.68 0.0 
39264.27 0.34 0.0 
39774.77 0.70 0.0 
41337.21 0.36 0.0 
41467.26 0.39 0.0 
41728.25 0.64 0.0 
42890.93 0.54 0.0 
42890.90 0.44 0.0 
43032.91 0.37 0.0 
43197.59 0.36 0.0 
44470.21 0.39 0.0 
44682.87 0.35 0.0 
45959.24 0.30 0.0 
45959.29 0.34 0.0 
46004.32 0.60 0.0 
46124.21 0.56 0.0 
46963.03 0.62 0.0 
47081.60 0.42 0.0 
47980.99 0.36 0.0 
48580.89 0.58 0.0 
50682.81 0.41 0.0 
51206.15 0.68 0.0 
51641.89 0.42 0.0 
51641.96 0.52 0.0 
51761.05 0.65 0.0 
52960.05 0.40 0.0 
53203.04 0.37 0.0 
53442.97 0.49 0.0 
54461.91 0.38 0.0 
54417.84 0.34 0.0 
55153.91 0.39 0.0 
58211.61 0.33 0.0 
58663.57 0.40 0.0 
59623.25 0.31 0.0 
61259.28 0.32 0.0 
61119.89 0.46 0.0 
61536.92 0.59 0.0 
61812.61 0.37 0.0 
64694.28 0.79 0.0 
64739.42 0.30 0.0 
65189.05 0.48 0.0 
65590.63 0.41 0.0 
65590.72 0.38 0.0 
66509.13 0.35 0.0 
66548.18 0.71 0.0 
66762.73 0.30 0.0 
67094.37 0.32 0.0 
68544.85 0.68 0.0 
69058.24 0.44 0.0 
72203.40 0.55 0.0 
72507.41 0.54 0.0 
73075.23 0.32 0.0 
73378.72 0.34 0.0 
73756.61 0.33 0.0 
75296.17 0.35 0.0 
78420.49 0.45 0.0 
78520.17 0.31 0.0 
79439.23 0.41 0.0 
82842.01 0.44 0.0 
83322.77 0.46 0.0 
83936.72 0.38 0.0 
