689.44 0.69 0.0 
5204.51 0.56 0.0 
6269.01 0.51 0.0 
6061.21 0.42 0.0 
6206.76 0.34 0.0 
6433.80 0.36 0.0 
7198.67 0.32 0.0 
7620.85 0.32 0.0 
8248.33 0.51 0.0 
9437.92 0.49 0.0 
12256.08 0.45 0.0 
12259.17 0.56 0.0 
12333.72 0.49 0.0 
15117.85 0.75 0.0 
17309.51 0.57 0.0 
19247.72 0.67 0.0 
23547.13 0.31 0.0 
23805.29 0.36 0.0 
24153.56 0.34 0.0 
24374.56 0.59 0.0 
25569.69 0.47 0.0 
25736.63 0.55 0.0 
26392.52 0.39 0.0 
28240.47 0.36 0.0 
29398.93 0.63 0.0 
31829.65 0.32 0.0 
32428.64 0.30 0.0 
34334.57 0.44 0.0 
34423.71 0.47 0.0 
35098.76 0.43 0.0 
35548.05 0.60 0.0 
35679.91 0.93 0.0 
35679.93 0.79 0.0 
35582.69 0.72 0.0 
35753.77 0.41 0.0 
35770.91 0.38 0.0 
35924.51 0.34 0.0 
41938.25 0.45 0.0 
45007.09 0.71 0.0 
44879.56 0.50 0.0 
45007.10 0.32 0.0 
45089.46 0.97 0.0 
45359.00 0.41 0.0 
45823.96 0.93 0.0 
48206.16 0.66 0.0 
49558.92 0.93 0.0 
50060.56 0.47 0.0 
50623.37 0.53 0.0 
52069.79 0.36 0.0 
59204.00 0.63 0.0 
59569.55 0.36 0.0 
59758.29 0.30 0.0 
60163.52 0.69 0.0 
60343.05 0.70 0.0 
60809.45 0.56 0.0 
61141.80 0.73 0.0 
61406.01 0.46 0.0 
62534.57 0.83 0.0 
62725.89 0.37 0.0 
63104.17 0.53 0.0 
63665.57 0.33 0.0 
63463.13 0.68 0.0 
63665.49 0.44 0.0 
65941.68 0.44 0.0 
65906.49 0.36 0.0 
65941.64 0.71 0.0 
65998.95 0.71 0.0 
66235.60 0.71 0.0 
66743.43 0.36 0.0 
66569.51 0.86 0.0 
66569.49 0.31 0.0 
67113.77 0.45 0.0 
67763.79 0.32 0.0 
68248.53 0.69 0.0 
68381.79 0.35 0.0 
70302.84 0.36 0.0 
70498.44 0.82 0.0 
70697.04 0.37 0.0 
70674.33 0.32 0.0 
73098.49 0.54 0.0 
73098.49 0.42 0.0 
73070.41 0.55 0.0 
73086.29 0.39 0.0 
73070.45 0.72 0.0 
73720.44 0.48 0.0 
73748.13 0.59 0.0 
73720.44 0.62 0.0 
73748.16 0.45 0.0 
75722.61 0.58 0.0 
76217.20 0.38 0.0 
76589.17 0.68 0.0 
77189.49 0.52 0.0 
77608.32 0.65 0.0 
77652.76 0.50 0.0 
79664.24 0.59 0.0 
80547.56 0.90 0.0 
80563.64 0.37 0.0 
80746.75 0.44 0.0 
80924.01 0.59 0.0 
80967.61 0.38 0.0 
82468.15 0.58 0.0 
83999.17 0.55 0.0 
84209.25 0.37 0.0 
86005.96 0.46 0.0 
86381.37 0.66 0.0 
