4723.87 0.31 0.0 
4784.12 0.48 0.0 
4967.03 0.41 0.0 
4910.64 0.31 0.0 
5216.83 0.35 0.0 
9869.31 0.79 0.0 
10078.45 0.38 0.0 
11924.39 0.56 0.0 
11984.59 0.63 0.0 
12315.32 0.71 0.0 
12745.99 0.35 0.0 
13765.44 0.57 0.0 
15707.73 0.53 0.0 
16483.75 0.40 0.0 
16648.21 0.66 0.0 
19034.53 0.54 0.0 
21718.95 0.36 0.0 
22129.63 0.36 0.0 
22394.44 0.38 0.0 
22949.29 0.43 0.0 
23159.03 0.43 0.0 
27012.85 0.40 0.0 
28312.97 0.39 0.0 
36254.21 0.55 0.0 
37109.31 0.34 0.0 
40244.07 0.34 0.0 
44930.64 0.62 0.0 
44942.67 0.80 0.0 
44992.78 0.96 0.0 
44992.77 0.87 0.0 
47459.29 0.44 0.0 
47474.59 0.40 0.0 
47414.32 0.45 0.0 
47924.51 0.44 0.0 
54700.35 0.45 0.0 
54764.51 0.41 0.0 
56459.32 0.31 0.0 
57657.03 0.45 0.0 
61947.71 0.52 0.0 
63823.95 0.41 0.0 
64409.49 0.55 0.0 
68189.29 0.43 0.0 
69207.69 0.46 0.0 
70769.40 0.34 0.0 
71054.11 0.40 0.0 
72344.31 0.61 0.0 
73124.73 0.78 0.0 
73127.96 0.37 0.0 
73124.51 0.31 0.0 
73156.00 0.75 0.0 
73156.04 0.76 0.0 
73806.25 0.52 0.0 
73778.14 0.35 0.0 
73778.15 0.75 0.0 
73806.20 0.63 0.0 
76214.49 0.67 0.0 
78020.35 0.32 0.0 
79168.41 0.36 0.0 
79889.45 0.65 0.0 
80249.58 0.58 0.0 
81057.85 0.50 0.0 
83384.51 0.31 0.0 
83444.51 0.45 0.0 
84962.16 0.44 0.0 
85012.65 0.33 0.0 
84926.23 0.88 0.0 
84962.15 0.45 0.0 
