5042.66 0.67 0.0 
9749.83 0.31 0.0 
9465.96 0.70 0.0 
11267.25 0.48 0.0 
11267.23 0.49 0.0 
12557.82 0.61 0.0 
13286.33 0.39 0.0 
13848.48 0.84 0.0 
14155.51 0.51 0.0 
14597.17 0.42 0.0 
21099.86 0.76 0.0 
21547.71 0.39 0.0 
21933.31 0.49 0.0 
22201.85 0.31 0.0 
22892.00 0.82 0.0 
23342.83 0.70 0.0 
24991.87 0.36 0.0 
24940.68 0.56 0.0 
25854.20 0.71 0.0 
28685.07 0.71 0.0 
32882.94 0.76 0.0 
32882.96 0.74 0.0 
34546.69 0.75 0.0 
36038.43 0.62 0.0 
39217.26 0.79 0.0 
39897.47 0.47 0.0 
40273.48 0.30 0.0 
40634.51 0.45 0.0 
41644.67 0.50 0.0 
46328.75 0.49 0.0 
47262.84 0.40 0.0 
47262.80 0.33 0.0 
52385.28 0.53 0.0 
53280.24 0.61 0.0 
53560.01 0.40 0.0 
54730.23 0.40 0.0 
55358.20 0.72 0.0 
55358.19 0.47 0.0 
78368.57 0.37 0.0 
81053.43 0.57 0.0 
83685.52 0.84 0.0 
83273.14 0.44 0.0 
83273.15 0.61 0.0 
83341.54 0.60 0.0 
83685.52 0.35 0.0 
83964.59 0.31 0.0 
83964.60 0.41 0.0 
84746.93 0.50 0.0 
85706.99 0.60 0.0 
