43.15 0.71 0.0 
3871.68 0.73 0.0 
8911.39 0.48 0.0 
16954.76 0.78 0.0 
23911.41 0.79 0.0 
24547.81 0.33 0.0 
24849.06 0.41 0.0 
28994.75 0.62 0.0 
29821.51 0.49 0.0 
30241.08 0.63 0.0 
34038.64 0.72 0.0 
38597.39 0.51 0.0 
43920.40 0.70 0.0 
45508.95 0.32 0.0 
46020.99 0.52 0.0 
46020.97 0.38 0.0 
46110.59 0.46 0.0 
47012.35 0.46 0.0 
49507.84 0.65 0.0 
49507.85 0.47 0.0 
50241.55 0.41 0.0 
51115.48 0.48 0.0 
51503.63 0.70 0.0 
51503.61 0.48 0.0 
54959.24 0.36 0.0 
57701.65 0.41 0.0 
58382.29 0.36 0.0 
59235.80 0.92 0.0 
59235.80 0.65 0.0 
58907.03 0.60 0.0 
60893.88 0.36 0.0 
60893.88 0.68 0.0 
61387.32 0.84 0.0 
61387.28 0.43 0.0 
61841.58 0.36 0.0 
62465.25 0.38 0.0 
63887.44 0.67 0.0 
63887.46 0.48 0.0 
66150.56 0.32 0.0 
66150.61 0.81 0.0 
69599.73 0.44 0.0 
70060.67 0.44 0.0 
70060.69 0.49 0.0 
72405.24 0.44 0.0 
72912.23 0.57 0.0 
73163.55 0.61 0.0 
73163.56 0.67 0.0 
73356.72 0.79 0.0 
74039.19 0.67 0.0 
74833.50 0.47 0.0 
76705.32 0.53 0.0 
77817.12 0.73 0.0 
77745.40 0.40 0.0 
79439.93 0.31 0.0 
80782.56 0.48 0.0 
82510.23 0.44 0.0 
85578.72 0.82 0.0 
85309.23 0.62 0.0 
85578.69 0.86 0.0 
85309.20 0.75 0.0 
86268.44 0.51 0.0 
