42.71 0.39 0.0 
13604.23 0.62 0.0 
14533.32 0.84 0.0 
16952.91 0.64 0.0 
20053.72 0.43 0.0 
23008.88 0.83 0.0 
23864.00 0.61 0.0 
23968.32 0.37 0.0 
24074.35 0.46 0.0 
24615.76 0.30 0.0 
24848.99 0.52 0.0 
27643.20 0.86 0.0 
28062.84 0.56 0.0 
30104.44 0.72 0.0 
30241.02 0.33 0.0 
31649.37 0.68 0.0 
35998.99 0.65 0.0 
36014.40 0.88 0.0 
36839.12 0.63 0.0 
36974.07 0.31 0.0 
38535.16 0.35 0.0 
38595.72 0.85 0.0 
39130.41 0.30 0.0 
41428.88 0.43 0.0 
45508.92 0.96 0.0 
45508.90 0.31 0.0 
46170.16 0.84 0.0 
45899.11 0.45 0.0 
47037.79 0.40 0.0 
49505.91 0.61 0.0 
49506.33 0.33 0.0 
50458.99 0.48 0.0 
51502.97 0.44 0.0 
51673.79 0.46 0.0 
52574.12 0.86 0.0 
53038.72 0.41 0.0 
54914.23 0.40 0.0 
56264.12 0.36 0.0 
56233.62 0.79 0.0 
57701.62 0.80 0.0 
57701.60 0.50 0.0 
58382.22 0.71 0.0 
58382.24 0.82 0.0 
59923.64 0.41 0.0 
60009.65 0.58 0.0 
61708.89 0.31 0.0 
62593.03 0.41 0.0 
66238.69 0.51 0.0 
66728.48 0.42 0.0 
67323.52 0.41 0.0 
66728.48 0.63 0.0 
67844.39 0.97 0.0 
69599.69 0.47 0.0 
69254.41 0.33 0.0 
70060.59 0.32 0.0 
72402.87 0.62 0.0 
72553.29 0.57 0.0 
73353.09 0.32 0.0 
74039.18 0.88 0.0 
74038.60 0.50 0.0 
74833.48 0.44 0.0 
75825.21 0.65 0.0 
76705.30 0.78 0.0 
76454.47 0.69 0.0 
76934.36 0.32 0.0 
77788.95 0.37 0.0 
77775.67 0.49 0.0 
80142.68 0.48 0.0 
83024.43 0.93 0.0 
82799.06 0.84 0.0 
83129.99 0.82 0.0 
83264.12 0.36 0.0 
85308.55 0.41 0.0 
85308.52 0.67 0.0 
85498.68 0.52 0.0 
