435.53 0.32 0.0 
2461.19 0.34 0.0 
2944.07 0.31 0.0 
4776.44 0.42 0.0 
5377.61 0.38 0.0 
7381.79 0.53 0.0 
13569.71 0.36 0.0 
21257.32 0.39 0.0 
24390.56 0.45 0.0 
24390.56 0.91 0.0 
27195.55 0.35 0.0 
27495.70 0.71 0.0 
42150.48 0.52 0.0 
42450.45 0.30 0.0 
43666.21 0.36 0.0 
46216.61 0.60 0.0 
46325.09 0.33 0.0 
48345.45 0.52 0.0 
48735.87 0.31 0.0 
49455.83 0.50 0.0 
50793.51 0.38 0.0 
50793.61 0.54 0.0 
52426.19 0.31 0.0 
53859.55 0.36 0.0 
53859.51 0.33 0.0 
54827.33 0.30 0.0 
55787.69 0.36 0.0 
55952.79 0.38 0.0 
56192.51 0.33 0.0 
56192.47 0.49 0.0 
56437.81 0.39 0.0 
57765.65 0.62 0.0 
57422.32 0.66 0.0 
59641.73 0.30 0.0 
60932.95 0.45 0.0 
61277.89 0.36 0.0 
62806.99 0.47 0.0 
62897.21 0.33 0.0 
63166.81 0.44 0.0 
63287.95 0.48 0.0 
63432.15 0.34 0.0 
63361.52 0.47 0.0 
63432.10 0.40 0.0 
64245.87 0.35 0.0 
64172.63 0.43 0.0 
64623.65 0.46 0.0 
65056.45 0.78 0.0 
65149.39 0.43 0.0 
65506.41 0.38 0.0 
65518.21 0.38 0.0 
66480.95 0.66 0.0 
67096.61 0.43 0.0 
67245.99 0.41 0.0 
72721.09 0.35 0.0 
72696.79 0.30 0.0 
73696.32 0.51 0.0 
76126.25 0.38 0.0 
77220.87 0.32 0.0 
77656.25 0.44 0.0 
78203.95 0.34 0.0 
78203.99 0.52 0.0 
81738.43 0.50 0.0 
83732.81 0.39 0.0 
83883.59 0.45 0.0 
83748.77 0.32 0.0 
