2.81 0.41 0.0 
305.05 0.36 0.0 
242.73 0.62 0.0 
305.02 0.37 0.0 
537.33 0.47 0.0 
600.67 0.38 0.0 
871.55 0.32 0.0 
1047.81 0.50 0.0 
1047.79 0.66 0.0 
1488.61 0.51 0.0 
1681.67 0.32 0.0 
2479.99 0.30 0.0 
2551.19 0.33 0.0 
2740.72 0.45 0.0 
3369.29 0.41 0.0 
3602.20 0.36 0.0 
4522.77 0.39 0.0 
4689.26 0.52 0.0 
5027.25 0.45 0.0 
4953.88 0.36 0.0 
5247.23 0.41 0.0 
5247.21 0.54 0.0 
5306.57 0.35 0.0 
5331.65 0.52 0.0 
5738.49 0.43 0.0 
5738.49 0.47 0.0 
6318.02 0.42 0.0 
6422.49 0.55 0.0 
7059.44 0.56 0.0 
7544.67 0.48 0.0 
7790.61 0.46 0.0 
9665.52 0.40 0.0 
10622.07 0.31 0.0 
11381.41 0.47 0.0 
11381.36 0.50 0.0 
11515.35 0.37 0.0 
11778.43 0.41 0.0 
11778.44 0.44 0.0 
12917.89 0.55 0.0 
13516.43 0.43 0.0 
15121.43 0.48 0.0 
16996.75 0.37 0.0 
17956.63 0.37 0.0 
17972.66 0.48 0.0 
19032.13 0.47 0.0 
20207.26 0.53 0.0 
22669.12 0.57 0.0 
22736.51 0.34 0.0 
22922.57 0.34 0.0 
23809.60 0.69 0.0 
23809.59 0.40 0.0 
24305.67 0.32 0.0 
25126.41 0.51 0.0 
25426.83 0.38 0.0 
25341.95 0.35 0.0 
25341.99 0.33 0.0 
25876.65 0.47 0.0 
25832.21 0.41 0.0 
26355.77 0.59 0.0 
26310.43 0.79 0.0 
26565.87 0.37 0.0 
26636.75 0.30 0.0 
27329.04 0.54 0.0 
27740.09 0.43 0.0 
27892.85 0.37 0.0 
28197.61 0.34 0.0 
29270.39 0.37 0.0 
29614.51 0.34 0.0 
30421.85 0.48 0.0 
30626.91 0.55 0.0 
30626.93 0.52 0.0 
31270.95 0.48 0.0 
31270.97 0.49 0.0 
31202.86 0.67 0.0 
31338.44 0.45 0.0 
31704.81 0.42 0.0 
31847.03 0.42 0.0 
31847.05 0.39 0.0 
32155.29 0.40 0.0 
32568.29 0.35 0.0 
32905.29 0.58 0.0 
32898.43 0.33 0.0 
32905.25 0.48 0.0 
33573.85 0.54 0.0 
33573.79 0.41 0.0 
33878.07 0.34 0.0 
34385.07 0.31 0.0 
34430.27 0.37 0.0 
34872.72 0.43 0.0 
34872.73 0.55 0.0 
34920.47 0.52 0.0 
35567.63 0.32 0.0 
36137.49 0.43 0.0 
36276.21 0.65 0.0 
36276.19 0.56 0.0 
36547.34 0.59 0.0 
37917.59 0.42 0.0 
38096.80 0.61 0.0 
38457.21 0.54 0.0 
38417.15 0.36 0.0 
38988.08 0.57 0.0 
39065.55 0.32 0.0 
39047.09 0.45 0.0 
39122.19 0.32 0.0 
39325.99 0.55 0.0 
39794.92 0.51 0.0 
40025.37 0.56 0.0 
40162.23 0.40 0.0 
40162.22 0.83 0.0 
40835.77 0.51 0.0 
40835.75 0.32 0.0 
41111.59 0.36 0.0 
41207.47 0.32 0.0 
41207.47 0.41 0.0 
41521.61 0.62 0.0 
41933.71 0.50 0.0 
41959.87 0.39 0.0 
42114.23 0.50 0.0 
42151.67 0.34 0.0 
42240.75 0.42 0.0 
43333.33 0.43 0.0 
43354.39 0.46 0.0 
43581.47 0.55 0.0 
43782.71 0.49 0.0 
43782.69 0.45 0.0 
44222.63 0.38 0.0 
44241.09 0.65 0.0 
44241.09 0.59 0.0 
44397.89 0.46 0.0 
44419.60 0.56 0.0 
45289.55 0.42 0.0 
45507.69 0.48 0.0 
45583.07 0.40 0.0 
45880.79 0.35 0.0 
46669.89 0.47 0.0 
46564.39 0.57 0.0 
46606.67 0.32 0.0 
47130.79 0.37 0.0 
47071.64 0.44 0.0 
47088.57 0.43 0.0 
47088.58 0.55 0.0 
47147.49 0.55 0.0 
47296.19 0.46 0.0 
47498.39 0.47 0.0 
47457.61 0.65 0.0 
47551.33 0.41 0.0 
48278.68 0.53 0.0 
48329.09 0.31 0.0 
49020.87 0.32 0.0 
49425.65 0.46 0.0 
49336.21 0.44 0.0 
49634.15 0.50 0.0 
49714.73 0.46 0.0 
49865.05 0.45 0.0 
50282.80 0.40 0.0 
51220.08 0.60 0.0 
51406.52 0.44 0.0 
51616.00 0.35 0.0 
51797.40 0.60 0.0 
51797.40 0.70 0.0 
52399.99 0.32 0.0 
52467.85 0.44 0.0 
52675.68 0.48 0.0 
52783.85 0.32 0.0 
52802.01 0.55 0.0 
52783.87 0.41 0.0 
52801.94 0.60 0.0 
52907.23 0.43 0.0 
53214.68 0.68 0.0 
53214.67 0.50 0.0 
53288.13 0.46 0.0 
53237.41 0.63 0.0 
53387.16 0.46 0.0 
53586.40 0.66 0.0 
53532.43 0.37 0.0 
53619.17 0.49 0.0 
54246.39 0.41 0.0 
54636.02 0.75 0.0 
54923.97 0.53 0.0 
55178.91 0.33 0.0 
55248.71 0.36 0.0 
55103.65 0.43 0.0 
55377.03 0.40 0.0 
55377.05 0.37 0.0 
55336.43 0.31 0.0 
55614.11 0.43 0.0 
55614.15 0.31 0.0 
55767.45 0.36 0.0 
56119.93 0.33 0.0 
56119.89 0.63 0.0 
56208.55 0.35 0.0 
56213.71 0.39 0.0 
56208.43 0.44 0.0 
56172.15 0.39 0.0 
56759.36 0.32 0.0 
56824.01 0.51 0.0 
56908.71 0.34 0.0 
57225.23 0.34 0.0 
57505.97 0.46 0.0 
57632.67 0.35 0.0 
57830.35 0.32 0.0 
58057.69 0.51 0.0 
58057.63 0.33 0.0 
58093.23 0.33 0.0 
58146.97 0.31 0.0 
58786.19 0.45 0.0 
59071.35 0.30 0.0 
59284.73 0.38 0.0 
59572.57 0.49 0.0 
59572.55 0.35 0.0 
60197.95 0.41 0.0 
60434.93 0.39 0.0 
60546.65 0.41 0.0 
60651.41 0.67 0.0 
60651.43 0.42 0.0 
60656.89 0.37 0.0 
60496.19 0.50 0.0 
60961.65 0.47 0.0 
61368.53 0.46 0.0 
61827.69 0.51 0.0 
62073.95 0.40 0.0 
62297.95 0.35 0.0 
62550.51 0.59 0.0 
62542.03 0.46 0.0 
62542.05 0.61 0.0 
63072.59 0.39 0.0 
63142.63 0.30 0.0 
63328.43 0.37 0.0 
63391.63 0.30 0.0 
64137.39 0.37 0.0 
63986.27 0.31 0.0 
64194.01 0.36 0.0 
64383.99 0.35 0.0 
64608.87 0.32 0.0 
64727.55 0.40 0.0 
65341.87 0.60 0.0 
65586.04 0.46 0.0 
65771.98 0.51 0.0 
65779.27 0.31 0.0 
66373.83 0.32 0.0 
66532.38 0.70 0.0 
66649.05 0.60 0.0 
66792.32 0.51 0.0 
66782.23 0.33 0.0 
67267.03 0.47 0.0 
67267.05 0.66 0.0 
67380.49 0.32 0.0 
67996.68 0.32 0.0 
68246.39 0.33 0.0 
68246.41 0.65 0.0 
68379.25 0.51 0.0 
68435.85 0.52 0.0 
68867.65 0.53 0.0 
68777.25 0.71 0.0 
69046.41 0.44 0.0 
69561.15 0.39 0.0 
69756.35 0.40 0.0 
69626.23 0.40 0.0 
70022.39 0.34 0.0 
70036.65 0.49 0.0 
70100.11 0.38 0.0 
70143.43 0.30 0.0 
70100.11 0.32 0.0 
70368.29 0.65 0.0 
70260.63 0.37 0.0 
70658.69 0.54 0.0 
70915.79 0.31 0.0 
71026.29 0.70 0.0 
71026.33 0.59 0.0 
71166.67 0.30 0.0 
71551.55 0.51 0.0 
71793.30 0.45 0.0 
71644.07 0.32 0.0 
71863.79 0.37 0.0 
71821.55 0.33 0.0 
71955.67 0.30 0.0 
72298.09 0.30 0.0 
72370.13 0.36 0.0 
72511.96 0.43 0.0 
72450.51 0.39 0.0 
72956.37 0.46 0.0 
73182.53 0.42 0.0 
73290.95 0.43 0.0 
73290.94 0.64 0.0 
73627.16 0.69 0.0 
74448.41 0.41 0.0 
76427.33 0.33 0.0 
76917.95 0.43 0.0 
76892.79 0.33 0.0 
76918.01 0.62 0.0 
77137.43 0.38 0.0 
77137.40 0.55 0.0 
77934.89 0.60 0.0 
77983.03 0.32 0.0 
78110.33 0.42 0.0 
78577.12 0.37 0.0 
78971.97 0.33 0.0 
79212.85 0.32 0.0 
79533.93 0.52 0.0 
79533.80 0.53 0.0 
79757.63 0.42 0.0 
79771.15 0.31 0.0 
79757.75 0.33 0.0 
79908.80 0.55 0.0 
79926.81 0.32 0.0 
80014.75 0.33 0.0 
80332.27 0.31 0.0 
80332.27 0.34 0.0 
80910.51 0.36 0.0 
80955.90 0.39 0.0 
81057.53 0.59 0.0 
81119.45 0.43 0.0 
81317.47 0.39 0.0 
81606.23 0.33 0.0 
81606.23 0.33 0.0 
82036.55 0.32 0.0 
81976.56 0.46 0.0 
81976.61 0.52 0.0 
83136.80 0.50 0.0 
83136.81 0.62 0.0 
83329.01 0.38 0.0 
83459.53 0.30 0.0 
83866.43 0.32 0.0 
83912.64 0.51 0.0 
84106.55 0.32 0.0 
84502.45 0.55 0.0 
84716.60 0.44 0.0 
85009.15 0.36 0.0 
85009.15 0.35 0.0 
85175.35 0.34 0.0 
85317.45 0.42 0.0 
85897.19 0.32 0.0 
86203.17 0.34 0.0 
