219.99 0.35 0.0 
301.85 0.46 0.0 
280.75 0.52 0.0 
459.49 0.61 0.0 
608.85 0.32 0.0 
608.85 0.35 0.0 
1867.21 0.33 0.0 
2476.25 0.31 0.0 
2964.35 0.46 0.0 
3358.49 0.39 0.0 
3264.36 0.51 0.0 
3336.65 0.31 0.0 
3358.47 0.32 0.0 
3397.32 0.85 0.0 
3687.73 0.34 0.0 
4689.23 0.33 0.0 
4758.87 0.68 0.0 
4758.88 0.51 0.0 
4864.16 0.40 0.0 
5242.45 0.42 0.0 
5242.49 0.31 0.0 
5725.80 0.63 0.0 
5725.88 0.75 0.0 
6140.99 0.50 0.0 
6141.03 0.33 0.0 
6269.63 0.32 0.0 
6521.56 0.34 0.0 
6656.95 0.43 0.0 
7420.84 0.53 0.0 
8511.56 0.59 0.0 
9190.71 0.38 0.0 
10000.17 0.34 0.0 
11290.59 0.56 0.0 
11213.63 0.54 0.0 
11372.09 0.32 0.0 
11510.60 0.35 0.0 
11773.60 0.57 0.0 
14517.13 0.31 0.0 
15479.28 0.88 0.0 
17268.04 0.32 0.0 
19704.05 0.36 0.0 
19847.65 0.39 0.0 
20489.51 0.49 0.0 
20729.33 0.37 0.0 
20758.85 0.40 0.0 
20906.41 0.34 0.0 
21138.68 0.59 0.0 
21138.69 0.37 0.0 
22227.65 0.41 0.0 
22749.58 0.32 0.0 
22888.69 0.46 0.0 
22729.04 0.38 0.0 
24745.51 0.52 0.0 
25337.01 0.47 0.0 
25337.08 0.41 0.0 
25590.67 0.40 0.0 
26381.03 0.31 0.0 
26623.24 0.72 0.0 
27130.59 0.38 0.0 
27188.49 0.48 0.0 
27505.37 0.36 0.0 
27735.79 0.47 0.0 
28074.85 0.43 0.0 
28430.53 0.69 0.0 
28430.55 0.78 0.0 
28572.87 0.38 0.0 
28482.05 0.45 0.0 
28844.07 0.33 0.0 
28984.96 0.32 0.0 
29513.63 0.70 0.0 
29513.59 0.74 0.0 
29611.65 0.79 0.0 
29611.65 0.77 0.0 
30192.25 0.57 0.0 
30275.21 0.40 0.0 
31034.00 0.31 0.0 
31263.01 0.56 0.0 
31262.96 0.49 0.0 
31632.32 0.33 0.0 
32071.16 0.46 0.0 
32071.21 0.49 0.0 
32859.21 0.35 0.0 
32902.39 0.73 0.0 
32902.36 0.48 0.0 
33106.56 0.37 0.0 
33106.61 0.37 0.0 
33583.33 0.59 0.0 
33583.35 0.91 0.0 
33878.03 0.33 0.0 
34037.17 0.48 0.0 
34423.47 0.93 0.0 
34423.46 0.92 0.0 
34635.16 0.36 0.0 
34661.77 0.40 0.0 
34863.65 0.52 0.0 
34863.64 0.44 0.0 
35404.40 0.62 0.0 
35507.31 0.34 0.0 
35860.77 0.30 0.0 
35860.81 0.40 0.0 
36900.13 0.31 0.0 
37915.36 0.45 0.0 
38014.09 0.50 0.0 
38453.59 0.64 0.0 
38761.49 0.44 0.0 
38985.57 0.35 0.0 
39142.89 0.47 0.0 
39329.57 0.34 0.0 
39719.26 0.46 0.0 
39791.24 0.71 0.0 
39791.24 0.48 0.0 
40074.96 0.62 0.0 
39999.71 0.61 0.0 
41154.65 0.38 0.0 
41885.37 0.31 0.0 
41997.37 0.62 0.0 
42759.53 0.39 0.0 
43049.13 0.43 0.0 
43275.09 0.38 0.0 
43738.83 0.39 0.0 
44073.80 0.30 0.0 
44229.60 0.73 0.0 
44229.60 0.42 0.0 
44393.49 0.54 0.0 
45383.01 0.37 0.0 
45376.19 0.49 0.0 
45504.37 0.36 0.0 
45878.95 0.48 0.0 
46106.49 0.36 0.0 
46220.75 0.36 0.0 
46557.07 0.48 0.0 
46675.01 0.56 0.0 
47141.31 0.47 0.0 
47288.45 0.51 0.0 
47455.35 0.48 0.0 
47725.72 0.55 0.0 
47725.72 0.49 0.0 
48083.27 0.34 0.0 
48127.23 0.31 0.0 
48409.16 0.32 0.0 
48777.93 0.48 0.0 
49719.99 0.63 0.0 
49720.01 0.75 0.0 
49871.21 0.52 0.0 
50119.44 0.35 0.0 
50253.00 0.39 0.0 
50397.32 0.61 0.0 
50958.69 0.48 0.0 
50958.68 0.62 0.0 
50975.29 0.39 0.0 
50922.88 0.38 0.0 
51260.32 0.42 0.0 
51260.33 0.55 0.0 
51432.45 0.49 0.0 
51388.13 0.41 0.0 
52157.17 0.45 0.0 
52796.73 0.55 0.0 
52778.48 0.34 0.0 
53582.83 0.34 0.0 
53606.20 0.39 0.0 
53606.20 0.74 0.0 
54007.88 0.59 0.0 
54007.89 0.40 0.0 
54028.15 0.42 0.0 
54664.19 0.35 0.0 
54628.44 0.36 0.0 
55103.67 0.39 0.0 
55607.89 0.66 0.0 
55607.89 0.45 0.0 
55717.17 0.41 0.0 
56211.91 0.50 0.0 
56213.45 0.32 0.0 
56289.17 0.69 0.0 
56899.57 0.31 0.0 
57212.12 0.50 0.0 
57218.51 0.47 0.0 
57140.07 0.37 0.0 
57278.71 0.32 0.0 
57499.65 0.32 0.0 
57785.29 0.37 0.0 
58180.12 0.50 0.0 
58391.04 0.77 0.0 
58755.71 0.43 0.0 
58931.45 0.73 0.0 
59365.95 0.35 0.0 
60423.23 0.56 0.0 
60543.12 0.43 0.0 
60646.85 0.35 0.0 
60741.86 0.32 0.0 
61024.75 0.40 0.0 
61081.49 0.34 0.0 
61223.99 0.46 0.0 
61437.20 0.53 0.0 
61862.47 0.35 0.0 
62158.99 0.42 0.0 
62853.53 0.71 0.0 
63098.45 0.31 0.0 
63138.08 0.32 0.0 
63146.51 0.45 0.0 
63933.36 0.50 0.0 
63933.37 0.36 0.0 
64266.19 0.36 0.0 
64930.99 0.49 0.0 
64930.95 0.33 0.0 
65275.45 0.33 0.0 
65762.40 0.35 0.0 
65905.40 0.66 0.0 
66405.65 0.33 0.0 
66454.48 0.42 0.0 
66526.63 0.54 0.0 
66454.47 0.30 0.0 
66526.64 0.50 0.0 
66641.84 0.41 0.0 
66787.68 0.43 0.0 
67260.80 0.52 0.0 
67617.24 0.43 0.0 
67461.91 0.62 0.0 
68384.24 0.31 0.0 
68819.17 0.54 0.0 
69695.09 0.48 0.0 
69622.12 0.38 0.0 
70029.71 0.51 0.0 
70029.63 0.44 0.0 
70254.93 0.69 0.0 
70254.87 0.69 0.0 
70303.77 0.38 0.0 
72366.85 0.39 0.0 
72496.19 0.49 0.0 
72948.08 0.33 0.0 
73344.61 0.45 0.0 
73622.97 0.43 0.0 
74321.08 0.41 0.0 
74831.37 0.30 0.0 
75402.76 0.51 0.0 
76414.49 0.54 0.0 
76414.49 0.31 0.0 
76940.15 0.76 0.0 
76940.11 0.44 0.0 
77489.05 0.51 0.0 
77546.95 0.51 0.0 
77930.53 0.38 0.0 
77929.76 0.39 0.0 
78100.41 0.33 0.0 
78570.91 0.59 0.0 
78570.87 0.36 0.0 
78968.53 0.40 0.0 
78968.48 0.47 0.0 
79196.81 0.34 0.0 
79363.05 0.31 0.0 
80648.56 0.32 0.0 
80636.17 0.33 0.0 
81053.24 0.51 0.0 
81117.84 0.35 0.0 
81973.25 0.35 0.0 
82606.21 0.37 0.0 
82628.44 0.53 0.0 
82967.45 0.34 0.0 
83131.16 0.48 0.0 
83131.15 0.41 0.0 
83323.71 0.36 0.0 
83077.59 0.30 0.0 
83340.41 0.31 0.0 
83176.37 0.40 0.0 
83556.69 0.56 0.0 
83677.69 0.49 0.0 
83782.17 0.36 0.0 
84892.07 0.41 0.0 
