37.33 0.39 0.0 
248.43 0.48 0.0 
248.52 0.44 0.0 
268.97 0.37 0.0 
342.88 0.37 0.0 
447.48 0.33 0.0 
1044.31 0.45 0.0 
1032.19 0.62 0.0 
1258.95 0.59 0.0 
1470.12 0.68 0.0 
5737.29 0.45 0.0 
11551.92 0.50 0.0 
11551.92 0.70 0.0 
21241.92 0.41 0.0 
24299.24 0.75 0.0 
24778.25 0.47 0.0 
25305.72 0.70 0.0 
26948.60 0.37 0.0 
27914.52 0.37 0.0 
32939.79 0.33 0.0 
33707.47 0.32 0.0 
35439.48 0.45 0.0 
35578.75 0.30 0.0 
36554.28 0.43 0.0 
36965.81 0.37 0.0 
36965.80 0.64 0.0 
37151.15 0.39 0.0 
37240.25 0.55 0.0 
37302.11 0.54 0.0 
37634.36 0.58 0.0 
38683.53 0.31 0.0 
38579.08 0.87 0.0 
38877.01 0.44 0.0 
38834.48 0.35 0.0 
39012.80 0.55 0.0 
39328.89 0.31 0.0 
39837.28 0.42 0.0 
40219.32 0.39 0.0 
40628.52 0.31 0.0 
41202.88 0.55 0.0 
40994.00 0.62 0.0 
41261.31 0.33 0.0 
41114.65 0.31 0.0 
41849.01 0.76 0.0 
41879.43 0.69 0.0 
41889.03 0.38 0.0 
42125.97 0.35 0.0 
42125.93 0.47 0.0 
42644.47 0.50 0.0 
43061.85 0.41 0.0 
43424.56 0.30 0.0 
43913.39 0.52 0.0 
44039.33 0.72 0.0 
44264.19 0.71 0.0 
44478.01 0.39 0.0 
44610.97 0.67 0.0 
44803.87 0.77 0.0 
44772.88 0.42 0.0 
45644.15 0.57 0.0 
45417.20 0.48 0.0 
46031.40 0.73 0.0 
46572.03 0.32 0.0 
47159.37 0.55 0.0 
47384.53 0.33 0.0 
47459.51 0.37 0.0 
47534.51 0.83 0.0 
48149.47 0.56 0.0 
48371.60 0.42 0.0 
48806.55 0.45 0.0 
48778.91 0.62 0.0 
49288.42 0.41 0.0 
49701.41 0.53 0.0 
50281.67 0.31 0.0 
50282.21 0.44 0.0 
50610.77 0.38 0.0 
51208.09 0.37 0.0 
51779.44 0.72 0.0 
51896.72 0.39 0.0 
52183.84 0.40 0.0 
52079.28 0.42 0.0 
52995.91 0.42 0.0 
53261.77 0.57 0.0 
53384.12 0.61 0.0 
53206.51 0.33 0.0 
53466.97 0.44 0.0 
53807.28 0.37 0.0 
54224.40 0.52 0.0 
54093.67 0.42 0.0 
55154.44 0.37 0.0 
55308.88 0.40 0.0 
55424.44 0.46 0.0 
55528.84 0.59 0.0 
55391.92 0.34 0.0 
55754.49 0.54 0.0 
56129.51 0.35 0.0 
56653.69 0.35 0.0 
56756.04 0.37 0.0 
57179.05 0.51 0.0 
57119.23 0.42 0.0 
57446.61 0.31 0.0 
57776.79 0.50 0.0 
58858.98 0.38 0.0 
59564.45 0.40 0.0 
60704.51 0.35 0.0 
60878.89 0.39 0.0 
61662.58 0.88 0.0 
62084.52 0.67 0.0 
62564.38 0.87 0.0 
62564.36 0.37 0.0 
62696.62 0.81 0.0 
62952.35 0.37 0.0 
63160.31 0.41 0.0 
64035.92 0.81 0.0 
64737.51 0.38 0.0 
66644.45 0.30 0.0 
67799.64 0.65 0.0 
69551.56 0.38 0.0 
69719.51 0.44 0.0 
69897.61 0.48 0.0 
70910.67 0.65 0.0 
71489.01 0.34 0.0 
71878.83 0.38 0.0 
72148.57 0.33 0.0 
72806.19 0.33 0.0 
73391.04 0.44 0.0 
73711.27 0.36 0.0 
73932.73 0.35 0.0 
74069.60 0.66 0.0 
74766.33 0.50 0.0 
76259.51 0.37 0.0 
76529.09 0.59 0.0 
79739.03 0.60 0.0 
80204.51 0.52 0.0 
80174.03 0.33 0.0 
80211.72 0.43 0.0 
80154.78 0.37 0.0 
81567.53 0.45 0.0 
81551.19 0.34 0.0 
82406.48 0.56 0.0 
83104.04 0.72 0.0 
83354.39 0.80 0.0 
85420.68 0.43 0.0 
85345.07 0.41 0.0 
85544.45 0.44 0.0 
86237.81 0.33 0.0 
