802.89 0.43 0.0 
619.09 0.68 0.0 
849.55 0.34 0.0 
802.95 0.37 0.0 
638.28 0.53 0.0 
766.39 0.54 0.0 
1020.59 0.37 0.0 
766.37 0.69 0.0 
1187.18 0.77 0.0 
964.20 0.33 0.0 
3750.40 0.94 0.0 
4544.39 0.32 0.0 
5357.92 0.37 0.0 
5158.61 0.41 0.0 
5526.54 0.59 0.0 
5417.83 0.48 0.0 
5425.27 0.54 0.0 
5417.89 0.39 0.0 
5575.25 0.48 0.0 
5526.55 0.69 0.0 
5683.36 0.31 0.0 
6740.58 0.74 0.0 
6740.61 0.40 0.0 
7331.49 0.32 0.0 
9840.82 0.73 0.0 
9691.25 0.45 0.0 
9840.80 0.82 0.0 
10860.56 0.90 0.0 
11249.38 0.91 0.0 
11210.25 0.64 0.0 
11210.22 0.74 0.0 
11822.16 0.71 0.0 
11657.63 0.88 0.0 
11645.31 0.49 0.0 
11657.60 0.79 0.0 
11976.79 0.59 0.0 
11896.83 0.30 0.0 
12088.21 0.39 0.0 
12015.51 0.56 0.0 
12031.03 0.33 0.0 
11976.75 0.56 0.0 
11984.17 0.71 0.0 
12269.81 0.44 0.0 
12461.81 0.35 0.0 
12980.59 0.34 0.0 
13623.53 0.44 0.0 
13651.13 0.53 0.0 
13656.22 0.68 0.0 
14105.23 0.34 0.0 
14148.95 0.41 0.0 
14163.49 0.41 0.0 
13925.67 0.55 0.0 
14089.29 0.60 0.0 
14089.27 0.35 0.0 
14105.20 0.36 0.0 
14316.48 0.35 0.0 
14508.29 0.58 0.0 
14596.05 0.50 0.0 
14775.89 0.38 0.0 
15011.52 0.68 0.0 
15060.47 0.40 0.0 
15078.11 0.86 0.0 
14899.38 0.91 0.0 
14920.01 0.54 0.0 
15078.11 0.84 0.0 
14899.39 0.89 0.0 
15209.79 0.46 0.0 
15230.27 0.40 0.0 
15030.55 0.33 0.0 
15888.61 0.42 0.0 
16155.79 0.49 0.0 
16333.67 0.36 0.0 
16297.62 0.57 0.0 
17479.99 0.62 0.0 
17479.96 0.79 0.0 
17836.95 0.31 0.0 
18262.53 0.46 0.0 
18495.48 0.74 0.0 
18495.45 0.67 0.0 
19131.73 0.37 0.0 
19320.78 0.62 0.0 
19946.09 0.74 0.0 
19946.08 0.30 0.0 
21187.05 0.39 0.0 
21566.69 0.36 0.0 
21590.69 0.52 0.0 
21897.09 0.37 0.0 
22267.54 0.54 0.0 
22267.55 0.54 0.0 
24320.23 0.35 0.0 
24271.43 0.37 0.0 
25082.11 0.30 0.0 
25231.93 0.64 0.0 
26295.59 0.61 0.0 
26314.43 0.41 0.0 
26333.87 0.36 0.0 
27271.45 0.44 0.0 
27370.75 0.31 0.0 
27828.76 0.76 0.0 
29715.65 0.46 0.0 
29611.67 0.32 0.0 
29992.39 0.35 0.0 
30198.63 0.37 0.0 
30345.53 0.45 0.0 
30178.81 0.44 0.0 
30403.05 0.64 0.0 
30403.03 0.62 0.0 
31006.35 0.31 0.0 
31268.19 0.65 0.0 
31952.11 0.61 0.0 
31952.10 0.86 0.0 
31973.97 0.33 0.0 
32164.11 0.31 0.0 
32372.44 0.38 0.0 
32671.47 0.33 0.0 
32798.75 0.42 0.0 
33039.52 0.48 0.0 
33861.47 0.38 0.0 
37605.39 0.44 0.0 
41540.23 0.31 0.0 
43159.86 0.54 0.0 
43159.88 0.45 0.0 
43624.35 0.36 0.0 
43446.64 0.41 0.0 
44763.75 0.31 0.0 
44856.47 0.36 0.0 
45184.69 0.70 0.0 
47194.58 0.51 0.0 
48241.49 0.64 0.0 
48677.39 0.53 0.0 
48677.35 0.39 0.0 
49661.15 0.35 0.0 
49877.74 0.83 0.0 
49661.11 0.35 0.0 
49984.07 0.33 0.0 
50039.85 0.41 0.0 
50240.75 0.47 0.0 
50013.08 0.47 0.0 
50542.97 0.59 0.0 
50988.08 0.91 0.0 
50988.05 0.37 0.0 
52748.79 0.47 0.0 
57256.07 0.47 0.0 
59648.11 0.30 0.0 
59748.83 0.35 0.0 
59754.38 0.46 0.0 
59869.25 0.44 0.0 
60086.24 0.63 0.0 
60086.23 0.53 0.0 
60181.68 0.57 0.0 
60181.65 0.38 0.0 
60407.09 0.41 0.0 
60407.07 0.34 0.0 
60702.39 0.32 0.0 
61060.51 0.31 0.0 
61514.03 0.30 0.0 
62313.21 0.42 0.0 
62595.93 0.65 0.0 
63405.56 0.67 0.0 
64306.73 0.63 0.0 
65192.87 0.31 0.0 
65314.57 0.57 0.0 
65872.56 0.33 0.0 
66354.05 0.53 0.0 
66354.03 0.32 0.0 
66920.39 0.36 0.0 
66870.49 0.62 0.0 
67550.83 0.40 0.0 
67550.85 0.32 0.0 
67775.79 0.40 0.0 
68075.15 0.47 0.0 
68900.19 0.34 0.0 
69980.16 0.49 0.0 
70097.09 0.37 0.0 
70127.60 0.77 0.0 
70486.91 0.35 0.0 
70486.89 0.42 0.0 
70634.91 0.45 0.0 
76419.67 0.32 0.0 
76847.11 0.31 0.0 
81094.27 0.38 0.0 
81484.43 0.32 0.0 
82472.63 0.51 0.0 
83851.52 0.31 0.0 
