4769.56 0.35 0.0 
4948.28 0.43 0.0 
5637.02 0.43 0.0 
5547.00 0.37 0.0 
6239.51 0.69 0.0 
7124.19 0.84 0.0 
8554.48 0.38 0.0 
8308.33 0.40 0.0 
8445.61 0.33 0.0 
8523.93 0.50 0.0 
8554.48 0.52 0.0 
8967.67 0.77 0.0 
9689.57 0.79 0.0 
11894.47 0.86 0.0 
15639.05 0.70 0.0 
15973.07 0.63 0.0 
15934.05 0.62 0.0 
15999.35 0.66 0.0 
15918.76 0.31 0.0 
16052.25 0.86 0.0 
16052.25 0.84 0.0 
16362.97 0.30 0.0 
17113.45 0.94 0.0 
17923.37 0.51 0.0 
18159.25 0.36 0.0 
21014.12 0.37 0.0 
21163.87 0.52 0.0 
21072.72 0.34 0.0 
21342.81 0.74 0.0 
21298.20 0.79 0.0 
22318.93 0.37 0.0 
22228.21 0.70 0.0 
22597.23 0.73 0.0 
23161.39 0.45 0.0 
23158.59 0.56 0.0 
23097.20 0.41 0.0 
23519.57 0.51 0.0 
23448.43 0.48 0.0 
23427.08 0.94 0.0 
23448.45 0.80 0.0 
24358.84 0.32 0.0 
24430.37 0.62 0.0 
24554.51 0.73 0.0 
25721.93 0.32 0.0 
26099.48 0.33 0.0 
26356.67 0.42 0.0 
27344.45 0.58 0.0 
30734.41 0.37 0.0 
30715.65 0.62 0.0 
30535.16 0.67 0.0 
30869.49 0.59 0.0 
31333.57 0.73 0.0 
31814.57 0.38 0.0 
32563.69 0.36 0.0 
32944.77 0.61 0.0 
32944.65 0.50 0.0 
33614.49 0.49 0.0 
34079.50 0.94 0.0 
34019.43 0.73 0.0 
35443.60 0.73 0.0 
35489.09 0.30 0.0 
36404.31 0.89 0.0 
36770.13 0.40 0.0 
37450.84 0.69 0.0 
37362.24 0.44 0.0 
37769.51 0.39 0.0 
38108.36 0.59 0.0 
38770.28 0.61 0.0 
38872.73 0.34 0.0 
38808.99 0.51 0.0 
39315.57 0.48 0.0 
39321.20 0.61 0.0 
40199.21 0.71 0.0 
40163.80 0.83 0.0 
40139.05 0.34 0.0 
40812.89 0.45 0.0 
40923.85 0.46 0.0 
40963.42 0.95 0.0 
40923.81 0.47 0.0 
45485.22 0.60 0.0 
45352.33 0.31 0.0 
45827.93 0.57 0.0 
45425.00 0.40 0.0 
45485.17 0.62 0.0 
45392.39 0.47 0.0 
45414.79 0.50 0.0 
45978.31 0.35 0.0 
45978.37 0.34 0.0 
46959.93 0.35 0.0 
46825.65 0.46 0.0 
47652.81 0.54 0.0 
47563.29 0.41 0.0 
47217.91 0.67 0.0 
47468.25 0.42 0.0 
47489.52 0.87 0.0 
47607.44 0.71 0.0 
47845.12 0.75 0.0 
48913.89 0.46 0.0 
50077.76 0.39 0.0 
50022.97 0.43 0.0 
49859.57 0.70 0.0 
50186.19 0.42 0.0 
50308.05 0.68 0.0 
51299.49 0.46 0.0 
52108.80 0.37 0.0 
52599.85 0.70 0.0 
53668.97 0.55 0.0 
54643.69 0.47 0.0 
54741.70 0.95 0.0 
54741.68 0.65 0.0 
55546.03 0.37 0.0 
55548.19 0.30 0.0 
55229.17 0.69 0.0 
55577.05 0.69 0.0 
55600.73 0.48 0.0 
55513.08 0.81 0.0 
55513.04 0.76 0.0 
55577.08 0.70 0.0 
55588.71 0.69 0.0 
55978.88 0.92 0.0 
58334.04 0.83 0.0 
58199.52 0.90 0.0 
59879.09 0.74 0.0 
60404.12 0.31 0.0 
60571.43 0.40 0.0 
60883.76 0.80 0.0 
61002.36 0.33 0.0 
60986.28 0.35 0.0 
61934.48 0.37 0.0 
61843.04 0.78 0.0 
61871.65 0.43 0.0 
61904.56 0.78 0.0 
61967.04 0.63 0.0 
61888.85 0.44 0.0 
65743.99 0.91 0.0 
65729.29 0.35 0.0 
66717.57 0.41 0.0 
68293.69 0.37 0.0 
68653.05 0.41 0.0 
70574.25 0.88 0.0 
71369.09 0.74 0.0 
74892.65 0.68 0.0 
74995.85 0.72 0.0 
74845.03 0.45 0.0 
74953.80 0.52 0.0 
75459.76 0.34 0.0 
75416.52 0.56 0.0 
75416.52 0.66 0.0 
76029.11 0.56 0.0 
79307.21 0.62 0.0 
79413.27 0.64 0.0 
79413.28 0.55 0.0 
79930.99 0.36 0.0 
80293.81 0.65 0.0 
80071.53 0.41 0.0 
80190.98 0.70 0.0 
82525.37 0.36 0.0 
82871.24 0.45 0.0 
82825.44 0.38 0.0 
83159.49 0.35 0.0 
83112.61 0.66 0.0 
83833.99 0.87 0.0 
84501.69 0.30 0.0 
84388.40 0.47 0.0 
84599.37 0.58 0.0 
84501.73 0.76 0.0 
