301.89 0.37 0.0 
895.29 0.81 0.0 
1385.49 0.42 0.0 
4024.43 0.33 0.0 
5765.17 0.36 0.0 
6909.56 0.38 0.0 
7454.45 0.45 0.0 
8102.37 0.43 0.0 
7974.68 0.49 0.0 
8102.32 0.81 0.0 
9670.35 0.30 0.0 
9772.69 0.41 0.0 
10105.38 0.33 0.0 
10314.77 0.73 0.0 
11098.48 0.36 0.0 
11484.13 0.46 0.0 
11484.17 0.49 0.0 
11698.85 0.84 0.0 
11984.25 0.60 0.0 
11878.05 0.40 0.0 
12101.57 0.32 0.0 
12243.53 0.36 0.0 
12912.77 0.67 0.0 
12912.81 0.54 0.0 
13432.65 0.48 0.0 
14607.97 0.42 0.0 
16170.87 0.38 0.0 
16555.65 0.35 0.0 
16694.13 0.39 0.0 
17857.64 0.48 0.0 
18119.45 0.43 0.0 
18932.60 0.41 0.0 
19543.68 0.69 0.0 
20714.19 0.42 0.0 
20714.24 0.40 0.0 
22127.97 0.33 0.0 
22939.13 0.36 0.0 
23066.87 0.31 0.0 
23818.04 0.30 0.0 
23848.17 0.30 0.0 
24389.15 0.34 0.0 
28012.60 0.35 0.0 
30026.01 0.77 0.0 
31782.13 0.50 0.0 
32037.79 0.47 0.0 
32427.56 0.33 0.0 
33728.37 0.40 0.0 
33732.28 0.46 0.0 
35548.60 0.43 0.0 
35684.45 0.36 0.0 
36778.40 0.31 0.0 
38353.29 0.49 0.0 
39845.36 0.41 0.0 
40142.17 0.38 0.0 
40451.92 0.47 0.0 
40619.16 0.44 0.0 
41083.69 0.42 0.0 
42310.58 0.43 0.0 
42442.04 0.34 0.0 
45573.60 0.65 0.0 
45939.60 0.34 0.0 
47019.57 0.50 0.0 
47619.87 0.42 0.0 
48764.17 0.38 0.0 
49179.43 0.31 0.0 
49378.19 0.44 0.0 
50379.69 0.57 0.0 
50785.65 0.47 0.0 
50774.57 0.36 0.0 
51373.14 0.33 0.0 
51703.48 0.49 0.0 
51942.17 0.65 0.0 
52301.85 0.47 0.0 
52422.45 0.48 0.0 
52422.53 0.32 0.0 
52660.24 0.38 0.0 
53982.33 0.61 0.0 
54041.45 0.34 0.0 
56602.41 0.60 0.0 
58763.55 0.57 0.0 
59566.33 0.35 0.0 
59566.29 0.84 0.0 
60557.32 0.57 0.0 
61274.61 0.43 0.0 
63472.56 0.32 0.0 
64945.13 0.47 0.0 
66146.67 0.31 0.0 
67633.25 0.38 0.0 
68318.23 0.33 0.0 
68951.39 0.37 0.0 
70630.53 0.38 0.0 
71536.46 0.35 0.0 
71369.19 0.30 0.0 
72934.73 0.52 0.0 
73528.87 0.31 0.0 
73915.65 0.45 0.0 
73963.28 0.67 0.0 
73768.48 0.30 0.0 
76349.58 0.31 0.0 
78200.45 0.63 0.0 
78740.85 0.50 0.0 
78740.89 0.57 0.0 
78937.69 0.56 0.0 
79794.83 0.47 0.0 
81191.89 0.68 0.0 
82786.64 0.44 0.0 
83364.37 0.57 0.0 
83877.63 0.34 0.0 
84264.53 0.64 0.0 
85079.16 0.64 0.0 
85948.64 0.35 0.0 
