721.15 0.43 0.0 
721.12 0.86 0.0 
1841.71 0.35 0.0 
2174.18 0.34 0.0 
2174.20 0.74 0.0 
3140.29 0.62 0.0 
3140.31 0.35 0.0 
3472.39 0.44 0.0 
3472.40 0.79 0.0 
7935.68 0.71 0.0 
8225.57 0.35 0.0 
8225.52 0.84 0.0 
8529.16 0.84 0.0 
8716.87 0.31 0.0 
8944.31 0.56 0.0 
8944.27 0.52 0.0 
8956.95 0.45 0.0 
10066.33 0.65 0.0 
10066.30 0.84 0.0 
11628.77 0.74 0.0 
12505.00 0.42 0.0 
12617.91 0.55 0.0 
12617.87 0.59 0.0 
12631.56 0.60 0.0 
13843.35 0.45 0.0 
14205.83 0.33 0.0 
14537.40 0.71 0.0 
15663.83 0.37 0.0 
15663.78 0.81 0.0 
19445.39 0.56 0.0 
21244.90 0.55 0.0 
22431.63 0.52 0.0 
22431.60 0.67 0.0 
24851.36 0.71 0.0 
24851.36 0.72 0.0 
25250.06 0.56 0.0 
25742.49 0.44 0.0 
27340.71 0.38 0.0 
28335.67 0.31 0.0 
28685.69 0.56 0.0 
29883.78 0.69 0.0 
32983.06 0.38 0.0 
34179.74 0.51 0.0 
35392.70 0.84 0.0 
36377.24 0.79 0.0 
36377.23 0.45 0.0 
36665.12 0.62 0.0 
37620.51 0.33 0.0 
37706.01 0.30 0.0 
37877.43 0.38 0.0 
39244.64 0.70 0.0 
39552.69 0.35 0.0 
39552.75 0.37 0.0 
39901.92 0.73 0.0 
40743.63 0.35 0.0 
40832.09 0.43 0.0 
41410.78 0.49 0.0 
41410.80 0.71 0.0 
43441.13 0.50 0.0 
45343.43 0.34 0.0 
46330.49 0.64 0.0 
47232.87 0.55 0.0 
48525.47 0.57 0.0 
48604.24 0.31 0.0 
51319.79 0.38 0.0 
51319.81 0.44 0.0 
51732.63 0.49 0.0 
51732.67 0.33 0.0 
52189.42 0.78 0.0 
53381.32 0.80 0.0 
53433.11 0.31 0.0 
54705.79 0.40 0.0 
54705.75 0.78 0.0 
83948.31 0.50 0.0 
86053.11 0.42 0.0 
86298.64 0.74 0.0 
86298.65 0.73 0.0 
