1310.65 0.50 0.0 
1692.61 0.44 0.0 
3508.67 0.51 0.0 
3864.57 0.48 0.0 
7814.47 0.32 0.0 
7908.01 0.96 0.0 
7908.01 0.97 0.0 
8929.33 0.97 0.0 
8929.34 0.97 0.0 
10213.47 0.37 0.0 
10291.15 0.41 0.0 
10291.47 0.55 0.0 
10729.22 0.85 0.0 
10729.19 0.80 0.0 
10912.44 0.33 0.0 
11594.36 0.41 0.0 
11698.84 0.68 0.0 
11978.93 0.40 0.0 
12328.89 0.33 0.0 
13387.40 0.30 0.0 
15988.01 0.43 0.0 
17306.11 0.72 0.0 
18224.56 0.52 0.0 
18869.20 0.49 0.0 
20489.57 0.51 0.0 
23725.29 0.34 0.0 
24971.49 0.50 0.0 
26022.29 0.49 0.0 
31437.40 0.49 0.0 
33459.07 0.55 0.0 
33459.08 0.34 0.0 
33973.16 0.46 0.0 
33959.05 0.58 0.0 
35054.40 0.47 0.0 
35234.17 0.34 0.0 
35412.20 0.51 0.0 
41533.96 0.58 0.0 
43297.60 0.52 0.0 
43711.04 0.30 0.0 
48688.08 0.51 0.0 
50714.27 0.49 0.0 
51464.21 0.71 0.0 
53571.79 0.31 0.0 
57120.69 0.32 0.0 
57199.93 0.31 0.0 
60419.48 0.36 0.0 
61045.92 0.40 0.0 
63864.73 0.38 0.0 
63864.77 0.35 0.0 
69446.65 0.34 0.0 
73334.05 0.60 0.0 
79784.56 0.50 0.0 
83819.51 0.44 0.0 
84463.37 0.35 0.0 
