132.36 0.33 0.0 
239.24 0.39 0.0 
480.60 0.59 0.0 
886.33 0.40 0.0 
924.21 0.49 0.0 
1568.40 0.70 0.0 
1568.40 0.85 0.0 
2095.64 0.77 0.0 
2591.29 0.36 0.0 
2715.09 0.46 0.0 
4139.05 0.33 0.0 
4393.52 0.39 0.0 
5954.37 0.51 0.0 
6059.59 0.70 0.0 
6640.16 0.44 0.0 
8142.89 0.34 0.0 
8233.85 0.54 0.0 
9507.32 0.63 0.0 
10137.91 0.34 0.0 
10787.01 0.33 0.0 
10995.96 0.33 0.0 
11384.45 0.55 0.0 
12297.83 0.35 0.0 
13067.93 0.74 0.0 
13942.44 0.79 0.0 
13942.39 0.72 0.0 
15461.77 0.39 0.0 
15480.34 0.42 0.0 
18012.44 0.79 0.0 
18553.96 0.42 0.0 
19512.96 0.70 0.0 
19568.44 0.83 0.0 
19512.96 0.61 0.0 
19587.84 0.66 0.0 
19587.84 0.38 0.0 
20065.03 0.96 0.0 
20065.02 0.98 0.0 
20414.48 0.34 0.0 
21298.75 0.36 0.0 
21402.73 0.31 0.0 
21597.04 0.45 0.0 
27087.01 0.63 0.0 
27959.33 0.39 0.0 
27898.96 0.32 0.0 
30211.17 0.35 0.0 
31622.52 0.33 0.0 
33327.55 0.81 0.0 
36223.84 0.35 0.0 
37709.12 0.62 0.0 
38894.01 0.42 0.0 
39014.56 0.66 0.0 
39104.03 0.62 0.0 
40257.68 0.59 0.0 
40719.13 0.43 0.0 
41092.63 0.58 0.0 
41127.82 0.90 0.0 
41409.16 0.34 0.0 
41429.36 0.92 0.0 
41684.44 0.51 0.0 
41954.48 0.54 0.0 
42012.84 0.51 0.0 
41939.58 0.83 0.0 
42004.84 0.34 0.0 
42005.43 0.30 0.0 
42584.56 0.65 0.0 
43034.25 0.76 0.0 
43134.80 0.40 0.0 
43886.28 0.31 0.0 
45089.21 0.50 0.0 
47258.17 0.30 0.0 
47294.03 0.85 0.0 
48027.04 0.39 0.0 
48027.00 0.76 0.0 
49079.29 0.95 0.0 
49079.32 0.62 0.0 
50009.28 0.57 0.0 
50249.68 0.73 0.0 
50249.60 0.72 0.0 
51640.51 0.90 0.0 
51640.53 0.64 0.0 
52011.28 0.44 0.0 
52619.56 0.36 0.0 
54072.89 0.59 0.0 
56232.55 0.63 0.0 
56177.53 0.56 0.0 
57581.93 0.51 0.0 
59286.47 0.61 0.0 
61919.51 0.62 0.0 
63764.55 0.46 0.0 
67960.11 0.37 0.0 
68144.01 0.44 0.0 
74608.73 0.41 0.0 
75929.98 0.97 0.0 
80474.25 0.68 0.0 
80502.28 0.46 0.0 
82559.01 0.82 0.0 
82949.49 0.42 0.0 
83283.93 0.46 0.0 
84440.92 0.39 0.0 
85558.32 0.72 0.0 
85857.97 0.39 0.0 
85978.05 0.50 0.0 
86219.31 0.47 0.0 
86249.57 0.92 0.0 
86338.69 0.48 0.0 
