391.17 0.46 0.0 
481.04 0.75 0.0 
1467.72 0.36 0.0 
1568.79 0.84 0.0 
1568.80 0.82 0.0 
1800.99 0.30 0.0 
3631.65 0.32 0.0 
5834.91 0.35 0.0 
8146.19 0.73 0.0 
10328.39 0.34 0.0 
10788.62 0.48 0.0 
11612.83 0.59 0.0 
13944.00 0.53 0.0 
13944.05 0.48 0.0 
15480.40 0.42 0.0 
19570.16 0.54 0.0 
19588.63 0.34 0.0 
19725.63 0.36 0.0 
20069.06 0.94 0.0 
20069.07 0.94 0.0 
20971.21 0.67 0.0 
24406.15 0.48 0.0 
25102.27 0.35 0.0 
25696.73 0.58 0.0 
33363.03 0.62 0.0 
38145.87 0.68 0.0 
41258.59 0.32 0.0 
42006.11 0.60 0.0 
42455.99 0.32 0.0 
48029.63 0.40 0.0 
49079.93 0.40 0.0 
49079.88 0.55 0.0 
51707.09 0.34 0.0 
54074.51 0.42 0.0 
56178.08 0.65 0.0 
71989.19 0.32 0.0 
75932.76 0.91 0.0 
75932.75 0.93 0.0 
80450.27 0.40 0.0 
83285.36 0.54 0.0 
