1344.35 0.45 0.0 
1427.70 0.36 0.0 
1616.88 0.42 0.0 
1543.82 0.95 0.0 
2037.89 0.43 0.0 
2474.33 0.37 0.0 
5774.48 0.30 0.0 
6118.16 0.79 0.0 
6763.69 0.34 0.0 
8905.00 0.32 0.0 
8909.57 0.43 0.0 
16378.57 0.56 0.0 
16378.49 0.69 0.0 
16453.22 0.31 0.0 
17429.28 0.52 0.0 
17713.12 0.33 0.0 
18344.33 0.54 0.0 
18582.01 0.52 0.0 
19229.48 0.84 0.0 
23054.56 0.61 0.0 
23308.12 0.46 0.0 
24808.32 0.37 0.0 
25363.69 0.42 0.0 
25989.52 0.33 0.0 
27237.65 0.35 0.0 
29218.73 0.70 0.0 
30332.25 0.49 0.0 
33078.61 0.36 0.0 
33253.99 0.80 0.0 
34247.23 0.38 0.0 
36478.84 0.54 0.0 
42658.80 0.82 0.0 
48119.57 0.64 0.0 
48718.53 0.32 0.0 
49094.05 0.32 0.0 
53069.25 0.47 0.0 
53504.33 0.49 0.0 
54154.25 0.38 0.0 
65727.61 0.50 0.0 
66236.95 0.47 0.0 
66732.25 0.44 0.0 
67005.36 0.31 0.0 
67074.87 0.31 0.0 
67292.72 0.40 0.0 
68353.91 0.65 0.0 
68455.40 0.39 0.0 
69014.17 0.32 0.0 
69302.72 0.31 0.0 
71774.43 0.44 0.0 
72794.17 0.41 0.0 
72974.58 0.61 0.0 
73063.37 0.58 0.0 
74744.53 0.40 0.0 
74860.08 0.36 0.0 
75043.20 0.71 0.0 
75102.64 0.53 0.0 
76003.80 0.69 0.0 
76097.21 0.57 0.0 
76499.37 0.32 0.0 
76904.52 0.71 0.0 
77072.63 0.41 0.0 
77958.72 0.68 0.0 
81073.85 0.84 0.0 
82634.33 0.69 0.0 
82897.13 0.37 0.0 
83009.44 0.73 0.0 
83202.57 0.33 0.0 
83903.77 0.61 0.0 
83903.85 0.35 0.0 
83969.44 0.31 0.0 
85135.56 0.61 0.0 
85243.64 0.37 0.0 
85408.41 0.79 0.0 
85499.51 0.31 0.0 
86083.53 0.47 0.0 
86024.21 0.67 0.0 
86353.41 0.76 0.0 
