447.59 0.30 0.0 
447.61 0.55 0.0 
1427.84 0.49 0.0 
1395.57 0.66 0.0 
1546.69 0.51 0.0 
2479.13 0.51 0.0 
2762.83 0.32 0.0 
4087.23 0.34 0.0 
4621.21 0.54 0.0 
6680.81 0.55 0.0 
6680.81 0.60 0.0 
7738.48 0.49 0.0 
8884.85 0.44 0.0 
9065.79 0.36 0.0 
9333.95 0.31 0.0 
9664.19 0.33 0.0 
9785.39 0.33 0.0 
10050.99 0.34 0.0 
10272.65 0.46 0.0 
10430.79 0.33 0.0 
10446.45 0.46 0.0 
10446.44 0.59 0.0 
10577.60 0.32 0.0 
12632.15 0.44 0.0 
12746.79 0.36 0.0 
13100.99 0.40 0.0 
13196.15 0.46 0.0 
13196.17 0.39 0.0 
14468.19 0.36 0.0 
14625.53 0.80 0.0 
14624.49 0.41 0.0 
14791.59 0.46 0.0 
15045.77 0.48 0.0 
15092.83 0.33 0.0 
15257.60 0.53 0.0 
15257.55 0.31 0.0 
15607.59 0.58 0.0 
15788.17 0.50 0.0 
15826.18 0.70 0.0 
15826.20 0.34 0.0 
16346.24 0.37 0.0 
16640.71 0.39 0.0 
16816.15 0.47 0.0 
16881.61 0.62 0.0 
16924.97 0.31 0.0 
16996.07 0.31 0.0 
17045.85 0.47 0.0 
17607.61 0.42 0.0 
17804.47 0.45 0.0 
18061.19 0.37 0.0 
18157.55 0.34 0.0 
18311.15 0.47 0.0 
18609.93 0.47 0.0 
18907.95 0.37 0.0 
19220.72 0.52 0.0 
19310.11 0.34 0.0 
19696.19 0.33 0.0 
19742.79 0.31 0.0 
20164.81 0.35 0.0 
20582.71 0.31 0.0 
20582.75 0.42 0.0 
20634.70 0.54 0.0 
20634.70 0.56 0.0 
20704.07 0.54 0.0 
20905.75 0.36 0.0 
21135.57 0.67 0.0 
21261.17 0.61 0.0 
21245.82 0.59 0.0 
21261.16 0.55 0.0 
21439.07 0.30 0.0 
21757.91 0.37 0.0 
21689.88 0.38 0.0 
21920.07 0.51 0.0 
22215.71 0.45 0.0 
22253.61 0.47 0.0 
22253.61 0.50 0.0 
22674.77 0.31 0.0 
22890.67 0.36 0.0 
22986.25 0.38 0.0 
23010.87 0.44 0.0 
23296.03 0.32 0.0 
24048.07 0.31 0.0 
24360.91 0.37 0.0 
24449.67 0.48 0.0 
24497.25 0.53 0.0 
24897.07 0.46 0.0 
25377.09 0.58 0.0 
25919.28 0.40 0.0 
26195.03 0.31 0.0 
26480.96 0.50 0.0 
26719.49 0.34 0.0 
27058.15 0.31 0.0 
27693.80 0.48 0.0 
28164.93 0.41 0.0 
28324.11 0.30 0.0 
28324.17 0.33 0.0 
28846.79 0.34 0.0 
28951.07 0.33 0.0 
28904.07 0.33 0.0 
29505.75 0.30 0.0 
29748.27 0.40 0.0 
31326.12 0.48 0.0 
32867.25 0.51 0.0 
34180.47 0.31 0.0 
36440.09 0.52 0.0 
36482.79 0.53 0.0 
36975.87 0.51 0.0 
37473.87 0.45 0.0 
37628.07 0.33 0.0 
37913.17 0.31 0.0 
38070.69 0.44 0.0 
38070.68 0.58 0.0 
38176.05 0.57 0.0 
38326.71 0.34 0.0 
38568.95 0.31 0.0 
38759.92 0.50 0.0 
40674.37 0.33 0.0 
40922.11 0.37 0.0 
41370.75 0.38 0.0 
41700.87 0.31 0.0 
42245.03 0.32 0.0 
42355.78 0.57 0.0 
44351.99 0.33 0.0 
44757.97 0.50 0.0 
44907.07 0.32 0.0 
44910.51 0.48 0.0 
45057.07 0.33 0.0 
45637.71 0.35 0.0 
46099.65 0.40 0.0 
46862.93 0.31 0.0 
47208.11 0.43 0.0 
50303.35 0.37 0.0 
50370.81 0.40 0.0 
50775.97 0.53 0.0 
50941.99 0.33 0.0 
51234.83 0.38 0.0 
51221.15 0.36 0.0 
51606.79 0.33 0.0 
52127.31 0.36 0.0 
52216.03 0.35 0.0 
53325.87 0.45 0.0 
53876.27 0.34 0.0 
53876.19 0.30 0.0 
55158.95 0.33 0.0 
55355.22 0.32 0.0 
55620.53 0.65 0.0 
55935.47 0.30 0.0 
55935.41 0.40 0.0 
56265.87 0.40 0.0 
56406.75 0.43 0.0 
57122.13 0.48 0.0 
57122.12 0.48 0.0 
57595.47 0.31 0.0 
57708.89 0.34 0.0 
57780.45 0.35 0.0 
58201.75 0.31 0.0 
58201.80 0.53 0.0 
58395.71 0.47 0.0 
59316.79 0.34 0.0 
59894.05 0.36 0.0 
60090.51 0.49 0.0 
60610.41 0.43 0.0 
60675.84 0.59 0.0 
61185.99 0.38 0.0 
61505.95 0.47 0.0 
62287.00 0.54 0.0 
62565.91 0.31 0.0 
62661.93 0.44 0.0 
62694.33 0.47 0.0 
62694.31 0.39 0.0 
62796.31 0.34 0.0 
62796.28 0.48 0.0 
63049.17 0.59 0.0 
63300.65 0.44 0.0 
63318.77 0.53 0.0 
63507.56 0.32 0.0 
63930.55 0.35 0.0 
64155.51 0.34 0.0 
65266.09 0.51 0.0 
66111.12 0.46 0.0 
66365.03 0.54 0.0 
66606.29 0.38 0.0 
66606.41 0.39 0.0 
66728.71 0.42 0.0 
66959.91 0.42 0.0 
67392.85 0.33 0.0 
67746.27 0.41 0.0 
67861.81 0.42 0.0 
67861.83 0.32 0.0 
68237.14 0.49 0.0 
68462.11 0.42 0.0 
68552.73 0.42 0.0 
68865.51 0.34 0.0 
69322.27 0.36 0.0 
69546.59 0.45 0.0 
69803.55 0.33 0.0 
70064.03 0.30 0.0 
71221.24 0.55 0.0 
72017.45 0.34 0.0 
73308.45 0.33 0.0 
74699.79 0.41 0.0 
76518.55 0.47 0.0 
77196.27 0.30 0.0 
77454.83 0.30 0.0 
77536.18 0.48 0.0 
78693.87 0.42 0.0 
79088.65 0.33 0.0 
80549.19 0.31 0.0 
82553.83 0.33 0.0 
83023.75 0.34 0.0 
83569.07 0.34 0.0 
83912.98 0.53 0.0 
84421.35 0.37 0.0 
84337.85 0.60 0.0 
84925.71 0.34 0.0 
85268.57 0.33 0.0 
85351.53 0.49 0.0 
85701.77 0.35 0.0 
86035.03 0.31 0.0 
86073.11 0.34 0.0 
86310.41 0.37 0.0 
