2936.72 0.68 0.0 
2936.73 0.35 0.0 
5088.53 0.37 0.0 
5612.27 0.35 0.0 
7597.11 0.35 0.0 
9621.63 0.35 0.0 
10912.24 0.52 0.0 
14359.37 0.47 0.0 
16965.49 0.53 0.0 
17728.08 0.30 0.0 
18060.87 0.38 0.0 
18541.92 0.41 0.0 
18736.53 0.33 0.0 
22171.11 0.42 0.0 
22818.60 0.46 0.0 
24045.35 0.75 0.0 
24227.15 0.49 0.0 
25734.65 0.38 0.0 
27113.21 0.34 0.0 
27113.17 0.32 0.0 
27723.16 0.41 0.0 
34266.21 0.30 0.0 
34188.43 0.58 0.0 
35149.03 0.32 0.0 
35779.78 0.36 0.0 
36876.23 0.35 0.0 
43052.21 0.37 0.0 
44670.39 0.49 0.0 
48855.85 0.58 0.0 
55427.69 0.33 0.0 
55881.95 0.53 0.0 
55881.95 0.47 0.0 
56431.00 0.49 0.0 
59390.61 0.58 0.0 
59504.19 0.38 0.0 
59504.21 0.43 0.0 
62450.00 0.37 0.0 
62494.52 0.33 0.0 
62494.55 0.38 0.0 
63618.59 0.38 0.0 
63812.92 0.43 0.0 
65074.59 0.31 0.0 
65431.89 0.55 0.0 
70785.68 0.51 0.0 
71030.19 0.69 0.0 
71030.21 0.71 0.0 
71629.07 0.47 0.0 
72377.47 0.31 0.0 
73828.95 0.32 0.0 
74419.92 0.40 0.0 
75841.59 0.63 0.0 
76095.85 0.41 0.0 
76773.75 0.43 0.0 
78840.47 0.34 0.0 
80461.80 0.43 0.0 
81535.37 0.37 0.0 
81827.89 0.71 0.0 
82172.69 0.44 0.0 
82632.73 0.32 0.0 
83070.45 0.40 0.0 
84137.82 0.60 0.0 
84159.12 0.46 0.0 
84272.03 0.39 0.0 
