343.40 0.54 0.0 
1416.84 0.46 0.0 
1388.43 0.34 0.0 
1416.84 0.44 0.0 
2445.83 0.36 0.0 
2977.28 0.51 0.0 
3085.15 0.47 0.0 
3469.53 0.74 0.0 
3469.53 0.53 0.0 
3851.74 0.70 0.0 
3843.31 0.40 0.0 
3851.71 0.47 0.0 
3960.61 0.66 0.0 
3887.88 0.83 0.0 
4034.44 0.77 0.0 
4488.41 0.35 0.0 
4608.33 0.40 0.0 
4842.09 0.52 0.0 
5905.07 0.40 0.0 
5807.39 0.62 0.0 
6031.05 0.47 0.0 
6526.27 0.73 0.0 
7646.84 0.67 0.0 
7646.83 0.35 0.0 
8195.49 0.56 0.0 
8195.51 0.51 0.0 
8733.76 0.56 0.0 
8733.76 0.83 0.0 
9995.95 0.36 0.0 
10406.80 0.46 0.0 
10593.99 0.31 0.0 
11072.31 0.34 0.0 
11072.60 0.34 0.0 
11236.00 0.58 0.0 
11681.27 0.61 0.0 
11883.17 0.52 0.0 
12395.93 0.32 0.0 
12407.12 0.57 0.0 
12615.80 0.53 0.0 
12627.87 0.57 0.0 
12615.81 0.67 0.0 
12627.89 0.75 0.0 
12954.32 0.33 0.0 
13513.91 0.30 0.0 
13835.31 0.34 0.0 
13903.25 0.37 0.0 
14117.48 0.72 0.0 
16229.91 0.38 0.0 
16485.81 0.42 0.0 
16769.91 0.41 0.0 
17256.15 0.37 0.0 
18235.31 0.48 0.0 
18193.58 0.61 0.0 
18235.31 0.42 0.0 
18705.51 0.34 0.0 
18850.73 0.43 0.0 
19204.49 0.35 0.0 
19126.51 0.48 0.0 
19220.28 0.70 0.0 
19256.01 0.46 0.0 
20339.23 0.31 0.0 
20547.72 0.59 0.0 
20547.71 0.55 0.0 
20490.48 0.74 0.0 
20595.79 0.53 0.0 
20718.88 0.63 0.0 
20718.89 0.48 0.0 
21585.43 0.41 0.0 
21691.15 0.46 0.0 
21989.71 0.30 0.0 
22352.99 0.50 0.0 
22524.35 0.58 0.0 
22524.36 0.31 0.0 
22623.11 0.30 0.0 
23492.03 0.32 0.0 
23633.12 0.35 0.0 
23606.91 0.57 0.0 
23856.91 0.31 0.0 
24293.68 0.33 0.0 
24313.61 0.42 0.0 
24313.57 0.58 0.0 
24534.69 0.36 0.0 
24534.65 0.46 0.0 
25531.11 0.35 0.0 
25620.67 0.42 0.0 
25950.56 0.59 0.0 
27419.59 0.33 0.0 
27570.43 0.59 0.0 
27738.07 0.39 0.0 
29570.93 0.37 0.0 
29570.95 0.48 0.0 
29823.61 0.38 0.0 
30245.48 0.40 0.0 
30649.56 0.81 0.0 
30649.55 0.79 0.0 
30986.44 0.66 0.0 
30986.47 0.53 0.0 
31380.43 0.53 0.0 
32264.93 0.42 0.0 
32517.99 0.55 0.0 
32518.00 0.78 0.0 
32840.23 0.31 0.0 
33314.92 0.81 0.0 
34112.92 0.64 0.0 
34214.44 0.38 0.0 
34215.23 0.33 0.0 
34217.27 0.42 0.0 
34245.87 0.40 0.0 
34371.37 0.46 0.0 
34371.34 0.51 0.0 
34471.79 0.53 0.0 
34471.81 0.71 0.0 
34711.16 0.62 0.0 
35249.67 0.39 0.0 
35346.35 0.38 0.0 
35346.37 0.36 0.0 
35438.92 0.87 0.0 
35560.04 0.37 0.0 
35843.48 0.72 0.0 
35843.50 0.87 0.0 
36471.61 0.34 0.0 
37314.96 0.50 0.0 
37314.95 0.85 0.0 
37405.60 0.51 0.0 
37694.91 0.76 0.0 
37660.50 0.54 0.0 
38598.55 0.50 0.0 
38664.35 0.32 0.0 
38664.39 0.36 0.0 
38909.12 0.85 0.0 
38909.12 0.37 0.0 
39019.71 0.31 0.0 
39065.16 0.66 0.0 
39065.16 0.86 0.0 
39494.87 0.33 0.0 
40436.44 0.49 0.0 
41099.75 0.39 0.0 
41861.39 0.36 0.0 
41861.35 0.46 0.0 
42776.73 0.68 0.0 
54755.95 0.50 0.0 
54755.92 0.62 0.0 
55793.75 0.66 0.0 
57356.35 0.33 0.0 
58145.37 0.66 0.0 
60123.69 0.45 0.0 
60389.05 0.64 0.0 
60389.07 0.40 0.0 
60956.56 0.68 0.0 
60956.61 0.68 0.0 
61050.77 0.40 0.0 
61205.36 0.70 0.0 
61205.40 0.75 0.0 
61215.72 0.50 0.0 
61215.71 0.54 0.0 
61228.47 0.42 0.0 
61244.33 0.36 0.0 
61150.55 0.57 0.0 
61264.91 0.76 0.0 
61264.89 0.74 0.0 
61292.16 0.63 0.0 
61389.95 0.45 0.0 
61394.81 0.69 0.0 
63213.43 0.31 0.0 
63665.16 0.36 0.0 
63935.59 0.37 0.0 
64760.61 0.33 0.0 
64775.29 0.38 0.0 
64775.32 0.58 0.0 
65369.95 0.49 0.0 
66317.05 0.35 0.0 
67234.87 0.58 0.0 
67234.86 0.70 0.0 
67368.21 0.63 0.0 
67433.38 0.53 0.0 
67441.17 0.66 0.0 
67441.21 0.66 0.0 
67368.19 0.37 0.0 
67724.31 0.49 0.0 
67835.59 0.39 0.0 
67835.61 0.58 0.0 
69011.95 0.54 0.0 
69011.97 0.69 0.0 
69094.27 0.53 0.0 
69094.27 0.75 0.0 
69315.78 0.80 0.0 
69322.57 0.37 0.0 
69510.84 0.75 0.0 
69562.94 0.72 0.0 
69831.07 0.33 0.0 
69946.21 0.48 0.0 
69953.48 0.66 0.0 
70215.55 0.73 0.0 
70215.55 0.84 0.0 
70263.72 0.47 0.0 
70577.36 0.74 0.0 
70621.55 0.38 0.0 
70621.53 0.72 0.0 
70770.10 0.85 0.0 
70777.47 0.59 0.0 
70777.45 0.59 0.0 
70985.41 0.36 0.0 
71019.93 0.63 0.0 
71298.95 0.43 0.0 
71307.93 0.70 0.0 
71298.97 0.58 0.0 
71401.59 0.39 0.0 
71343.32 0.77 0.0 
71715.27 0.37 0.0 
71963.63 0.39 0.0 
72390.77 0.34 0.0 
72648.12 0.71 0.0 
72935.83 0.38 0.0 
74316.35 0.30 0.0 
74316.31 0.33 0.0 
75013.53 0.36 0.0 
75013.51 0.58 0.0 
75187.89 0.54 0.0 
75563.71 0.68 0.0 
75633.83 0.32 0.0 
75882.71 0.31 0.0 
76717.45 0.39 0.0 
77014.67 0.35 0.0 
77489.48 0.77 0.0 
77489.53 0.69 0.0 
77597.05 0.61 0.0 
78336.25 0.66 0.0 
78429.64 0.70 0.0 
78601.92 0.44 0.0 
78931.91 0.34 0.0 
79342.73 0.69 0.0 
79335.57 0.34 0.0 
79342.68 0.48 0.0 
79452.93 0.47 0.0 
79616.27 0.41 0.0 
79616.27 0.54 0.0 
79773.33 0.41 0.0 
79773.56 0.41 0.0 
79932.85 0.69 0.0 
79991.69 0.31 0.0 
80321.79 0.49 0.0 
80561.85 0.44 0.0 
80591.54 0.44 0.0 
80591.53 0.31 0.0 
80730.92 0.72 0.0 
80846.83 0.75 0.0 
80846.86 0.75 0.0 
81157.11 0.71 0.0 
81157.11 0.75 0.0 
81234.33 0.57 0.0 
81355.01 0.56 0.0 
81894.41 0.32 0.0 
81970.00 0.39 0.0 
82056.19 0.39 0.0 
82056.20 0.60 0.0 
82209.27 0.36 0.0 
82564.96 0.72 0.0 
82564.95 0.62 0.0 
82575.73 0.31 0.0 
82575.72 0.86 0.0 
82710.53 0.47 0.0 
82824.15 0.36 0.0 
84214.02 0.72 0.0 
84315.64 0.77 0.0 
85441.63 0.44 0.0 
86018.03 0.45 0.0 
86292.67 0.39 0.0 
