358.69 0.45 0.0 
1024.49 0.64 0.0 
1507.81 0.31 0.0 
1929.47 0.41 0.0 
2248.17 0.44 0.0 
2457.43 0.31 0.0 
2697.61 0.54 0.0 
2935.45 0.74 0.0 
2964.92 0.75 0.0 
2935.43 0.83 0.0 
3179.13 0.35 0.0 
3297.97 0.43 0.0 
3613.96 0.39 0.0 
4524.00 0.30 0.0 
5087.88 0.44 0.0 
5973.48 0.34 0.0 
6089.05 0.34 0.0 
6384.24 0.33 0.0 
7993.21 0.65 0.0 
8952.89 0.37 0.0 
8894.17 0.41 0.0 
9625.00 0.49 0.0 
11909.43 0.91 0.0 
13558.60 0.55 0.0 
13558.58 0.32 0.0 
13991.65 0.50 0.0 
15125.99 0.39 0.0 
15278.48 0.34 0.0 
15415.01 0.31 0.0 
16871.21 0.57 0.0 
16871.24 0.61 0.0 
17728.17 0.47 0.0 
22197.25 0.59 0.0 
23860.05 0.36 0.0 
25678.95 0.32 0.0 
26909.44 0.55 0.0 
28902.60 0.42 0.0 
29772.25 0.34 0.0 
31060.40 0.48 0.0 
32054.40 0.54 0.0 
34371.68 0.41 0.0 
34521.76 0.42 0.0 
35578.19 0.34 0.0 
37587.53 0.63 0.0 
39704.44 0.59 0.0 
46331.33 0.42 0.0 
47148.45 0.57 0.0 
48627.81 0.39 0.0 
49840.53 0.56 0.0 
51358.25 0.34 0.0 
53069.19 0.43 0.0 
55704.12 0.37 0.0 
56023.69 0.30 0.0 
56425.04 0.51 0.0 
57895.69 0.44 0.0 
58760.68 0.34 0.0 
61648.29 0.39 0.0 
62487.76 0.38 0.0 
65530.76 0.40 0.0 
66779.11 0.54 0.0 
67045.36 0.32 0.0 
71030.06 0.66 0.0 
71030.07 0.53 0.0 
72024.04 0.47 0.0 
73942.66 0.32 0.0 
75084.23 0.37 0.0 
75281.73 0.33 0.0 
76316.33 0.37 0.0 
80713.17 0.35 0.0 
81479.43 0.35 0.0 
81529.84 0.58 0.0 
82632.66 0.31 0.0 
82881.51 0.34 0.0 
82916.11 0.38 0.0 
83419.61 0.37 0.0 
83608.20 0.43 0.0 
85218.73 0.41 0.0 
85917.64 0.36 0.0 
85976.84 0.33 0.0 
