296.72 0.38 0.0 
353.99 0.35 0.0 
361.09 0.43 0.0 
361.14 0.76 0.0 
518.77 0.42 0.0 
518.80 0.59 0.0 
566.35 0.42 0.0 
579.37 0.31 0.0 
613.31 0.88 0.0 
618.02 0.89 0.0 
629.55 0.89 0.0 
618.02 0.89 0.0 
629.51 0.38 0.0 
640.83 0.58 0.0 
566.37 0.82 0.0 
1268.16 0.77 0.0 
1268.16 0.55 0.0 
1454.09 0.49 0.0 
2186.79 0.81 0.0 
2327.89 0.50 0.0 
2733.13 0.93 0.0 
2733.12 0.95 0.0 
2811.57 0.33 0.0 
2894.49 0.95 0.0 
2894.49 0.36 0.0 
3083.93 0.47 0.0 
3169.19 0.34 0.0 
3169.19 0.33 0.0 
3326.13 0.34 0.0 
3394.32 0.30 0.0 
3469.04 0.32 0.0 
3469.83 0.39 0.0 
3490.79 0.58 0.0 
3492.21 0.60 0.0 
3518.68 0.51 0.0 
3478.99 0.86 0.0 
3696.76 0.35 0.0 
3906.75 0.46 0.0 
4186.37 0.32 0.0 
4541.33 0.38 0.0 
4614.28 0.82 0.0 
4614.25 0.43 0.0 
4784.59 0.92 0.0 
4784.55 0.41 0.0 
5026.05 0.38 0.0 
5381.93 0.60 0.0 
5533.09 0.39 0.0 
5861.72 0.45 0.0 
5892.76 0.72 0.0 
5861.75 0.76 0.0 
5939.54 0.52 0.0 
5944.13 0.33 0.0 
6268.41 0.47 0.0 
6342.17 0.41 0.0 
6681.63 0.31 0.0 
6808.05 0.93 0.0 
6982.47 0.34 0.0 
7210.49 0.33 0.0 
7435.97 0.49 0.0 
7664.60 0.57 0.0 
8024.12 0.68 0.0 
8128.21 0.81 0.0 
8218.92 0.42 0.0 
8522.37 0.36 0.0 
8522.36 0.52 0.0 
8624.25 0.55 0.0 
8772.67 0.53 0.0 
8890.19 0.58 0.0 
8955.03 0.74 0.0 
8955.08 0.63 0.0 
9382.45 0.76 0.0 
9382.45 0.46 0.0 
9776.05 0.84 0.0 
9776.07 0.62 0.0 
9937.88 0.49 0.0 
10157.53 0.60 0.0 
10157.53 0.59 0.0 
10577.67 0.38 0.0 
10745.07 0.97 0.0 
10745.08 0.95 0.0 
10929.21 0.63 0.0 
10929.21 0.42 0.0 
11309.48 0.51 0.0 
11315.05 0.37 0.0 
11315.05 0.34 0.0 
11693.57 0.43 0.0 
12073.05 0.86 0.0 
12073.08 0.48 0.0 
12445.72 0.75 0.0 
12445.70 0.90 0.0 
12624.57 0.38 0.0 
12624.57 0.71 0.0 
12764.85 0.45 0.0 
12801.76 0.53 0.0 
12915.09 0.80 0.0 
12915.07 0.87 0.0 
13133.57 0.49 0.0 
13166.57 0.93 0.0 
13166.58 0.96 0.0 
13535.84 0.38 0.0 
13573.73 0.40 0.0 
13907.49 0.58 0.0 
13907.53 0.47 0.0 
14137.04 0.64 0.0 
14137.01 0.32 0.0 
14254.77 0.32 0.0 
14254.81 0.42 0.0 
14488.93 0.68 0.0 
14588.87 0.53 0.0 
14831.41 0.39 0.0 
14837.67 0.31 0.0 
14931.17 0.86 0.0 
14931.16 0.71 0.0 
15282.84 0.41 0.0 
15282.85 0.33 0.0 
15647.75 0.31 0.0 
16007.61 0.36 0.0 
16007.65 0.46 0.0 
16184.48 0.68 0.0 
16186.69 0.43 0.0 
16194.19 0.42 0.0 
16184.45 0.48 0.0 
16198.99 0.73 0.0 
16359.33 0.57 0.0 
16383.45 0.54 0.0 
16383.45 0.60 0.0 
17046.01 0.65 0.0 
17046.01 0.72 0.0 
17427.60 0.32 0.0 
17726.36 0.50 0.0 
17788.31 0.59 0.0 
17726.32 0.78 0.0 
17829.96 0.78 0.0 
17829.97 0.59 0.0 
18051.65 0.67 0.0 
18051.74 0.42 0.0 
18312.20 0.38 0.0 
18737.53 0.43 0.0 
18737.49 0.33 0.0 
18816.00 0.66 0.0 
18816.01 0.46 0.0 
18976.87 0.37 0.0 
19174.06 0.47 0.0 
19174.02 0.41 0.0 
19336.76 0.37 0.0 
19452.41 0.54 0.0 
19883.20 0.45 0.0 
19977.81 0.46 0.0 
20203.58 0.87 0.0 
20203.60 0.64 0.0 
20537.59 0.45 0.0 
20537.61 0.69 0.0 
20747.87 0.38 0.0 
20773.04 0.47 0.0 
20710.01 0.34 0.0 
20939.56 0.91 0.0 
21264.31 0.82 0.0 
21575.58 0.31 0.0 
21909.67 0.32 0.0 
22361.99 0.43 0.0 
22561.17 0.34 0.0 
22874.19 0.88 0.0 
23189.69 0.49 0.0 
23324.19 0.38 0.0 
23337.86 0.85 0.0 
23508.17 0.35 0.0 
23828.09 0.67 0.0 
23828.09 0.52 0.0 
24044.53 0.39 0.0 
24130.44 0.69 0.0 
24130.45 0.67 0.0 
24047.89 0.54 0.0 
24222.09 0.34 0.0 
24200.85 0.46 0.0 
24393.75 0.35 0.0 
24447.86 0.86 0.0 
24786.77 0.38 0.0 
24882.49 0.33 0.0 
24786.85 0.31 0.0 
25131.65 0.52 0.0 
25131.65 0.43 0.0 
25407.40 0.42 0.0 
25463.32 0.52 0.0 
25463.32 0.47 0.0 
25804.17 0.53 0.0 
25804.21 0.43 0.0 
26131.44 0.74 0.0 
26131.44 0.44 0.0 
26348.69 0.31 0.0 
26563.16 0.38 0.0 
26867.77 0.53 0.0 
26831.29 0.86 0.0 
26831.29 0.38 0.0 
27184.48 0.38 0.0 
27184.51 0.36 0.0 
27539.54 0.84 0.0 
28086.96 0.49 0.0 
28086.96 0.72 0.0 
28225.25 0.64 0.0 
28661.77 0.35 0.0 
28932.50 0.30 0.0 
28919.27 0.97 0.0 
29262.64 0.86 0.0 
29262.66 0.45 0.0 
29310.09 0.89 0.0 
29667.55 0.68 0.0 
29998.21 0.35 0.0 
30044.59 0.61 0.0 
29998.15 0.91 0.0 
30349.31 0.58 0.0 
30349.32 0.66 0.0 
30724.93 0.36 0.0 
31062.89 0.73 0.0 
31414.09 0.40 0.0 
31414.21 0.37 0.0 
31772.13 0.36 0.0 
31861.23 0.44 0.0 
32231.56 0.34 0.0 
32447.11 0.64 0.0 
32743.97 0.58 0.0 
32799.21 0.58 0.0 
32799.30 0.37 0.0 
33179.65 0.66 0.0 
33179.74 0.43 0.0 
33898.62 0.90 0.0 
33898.65 0.85 0.0 
34557.30 0.41 0.0 
34589.25 0.96 0.0 
34589.26 0.84 0.0 
34954.13 0.31 0.0 
35167.39 0.48 0.0 
35167.41 0.42 0.0 
35212.85 0.34 0.0 
35335.52 0.80 0.0 
35335.59 0.34 0.0 
35455.01 0.53 0.0 
35666.81 0.36 0.0 
35701.82 0.64 0.0 
35701.81 0.56 0.0 
35918.85 0.47 0.0 
36505.76 0.67 0.0 
36505.77 0.58 0.0 
36906.28 0.66 0.0 
36906.26 0.76 0.0 
37321.89 0.70 0.0 
37321.90 0.76 0.0 
37364.41 0.44 0.0 
37717.01 0.80 0.0 
37717.01 0.62 0.0 
38112.84 0.36 0.0 
38966.86 0.30 0.0 
38966.81 0.67 0.0 
39387.35 0.91 0.0 
39640.48 0.70 0.0 
39800.56 0.55 0.0 
39800.57 0.53 0.0 
40042.49 0.40 0.0 
40214.23 0.95 0.0 
40214.24 0.63 0.0 
40177.57 0.41 0.0 
40906.79 0.60 0.0 
40906.80 0.48 0.0 
41109.49 0.56 0.0 
41436.07 0.50 0.0 
41597.43 0.42 0.0 
41596.11 0.34 0.0 
41698.99 0.36 0.0 
41825.05 0.31 0.0 
41825.03 0.41 0.0 
42010.13 0.32 0.0 
42295.77 0.73 0.0 
42295.79 0.89 0.0 
42328.20 0.46 0.0 
42432.57 0.58 0.0 
42852.13 0.31 0.0 
42852.12 0.56 0.0 
43291.69 0.35 0.0 
43739.57 0.58 0.0 
44133.68 0.56 0.0 
44133.68 0.48 0.0 
44563.44 0.76 0.0 
45417.25 0.56 0.0 
46110.21 0.31 0.0 
46303.73 0.42 0.0 
46398.59 0.40 0.0 
46386.81 0.37 0.0 
46386.79 0.50 0.0 
46573.92 0.56 0.0 
47729.01 0.41 0.0 
47828.46 0.90 0.0 
47834.57 0.40 0.0 
48006.51 0.34 0.0 
48254.41 0.38 0.0 
48449.57 0.31 0.0 
49215.15 0.66 0.0 
49289.31 0.89 0.0 
49424.12 0.32 0.0 
50909.20 0.72 0.0 
51264.29 0.47 0.0 
51264.28 0.45 0.0 
51539.34 0.92 0.0 
51657.68 0.66 0.0 
51996.57 0.45 0.0 
52527.52 0.46 0.0 
53826.21 0.37 0.0 
54713.09 0.39 0.0 
54713.09 0.64 0.0 
55203.45 0.44 0.0 
55203.46 0.34 0.0 
56548.50 0.85 0.0 
57495.57 0.34 0.0 
57495.53 0.59 0.0 
57986.33 0.48 0.0 
58439.56 0.89 0.0 
58921.21 0.34 0.0 
59402.31 0.38 0.0 
59898.01 0.50 0.0 
59898.00 0.62 0.0 
60353.71 0.73 0.0 
61823.37 0.41 0.0 
61823.34 0.30 0.0 
62293.69 0.82 0.0 
63270.01 0.60 0.0 
64257.57 0.60 0.0 
64576.27 0.38 0.0 
64576.31 0.34 0.0 
64792.88 0.41 0.0 
64889.32 0.35 0.0 
65291.09 0.51 0.0 
65773.12 0.80 0.0 
65922.04 0.52 0.0 
65922.09 0.31 0.0 
66285.45 0.31 0.0 
66558.97 0.61 0.0 
66747.49 0.54 0.0 
67733.09 0.39 0.0 
68038.47 0.74 0.0 
68261.09 0.40 0.0 
68635.72 0.33 0.0 
68803.65 0.64 0.0 
69111.00 0.35 0.0 
69358.53 0.42 0.0 
69358.52 0.91 0.0 
69565.11 0.33 0.0 
69565.16 0.68 0.0 
69638.69 0.32 0.0 
69882.13 0.40 0.0 
70437.92 0.31 0.0 
70658.52 0.57 0.0 
70978.12 0.63 0.0 
72087.73 0.68 0.0 
72737.89 0.33 0.0 
73407.46 0.48 0.0 
73897.32 0.67 0.0 
73897.41 0.31 0.0 
75669.28 0.65 0.0 
75669.30 0.50 0.0 
76000.51 0.65 0.0 
76254.31 0.67 0.0 
78082.01 0.35 0.0 
78432.89 0.53 0.0 
78698.84 0.67 0.0 
78735.04 0.83 0.0 
78698.93 0.33 0.0 
79320.64 0.33 0.0 
79998.56 0.35 0.0 
80216.01 0.42 0.0 
80232.04 0.30 0.0 
80644.22 0.32 0.0 
80912.95 0.38 0.0 
80912.96 0.40 0.0 
81982.02 0.32 0.0 
82227.97 0.37 0.0 
83305.05 0.77 0.0 
83786.40 0.50 0.0 
83831.21 0.42 0.0 
83831.20 0.44 0.0 
84054.15 0.65 0.0 
84697.57 0.45 0.0 
84978.03 0.33 0.0 
85428.10 0.88 0.0 
85428.11 0.69 0.0 
85519.92 0.41 0.0 
86279.15 0.75 0.0 
