8102.57 0.70 0.0 
12618.07 0.65 0.0 
12629.43 0.70 0.0 
12618.05 0.48 0.0 
12631.41 0.43 0.0 
12631.42 0.52 0.0 
16396.19 0.32 0.0 
16396.23 0.31 0.0 
17059.87 0.46 0.0 
17059.89 0.80 0.0 
19401.94 0.30 0.0 
19402.63 0.44 0.0 
19362.71 0.33 0.0 
22040.35 0.35 0.0 
38048.12 0.43 0.0 
38897.31 0.46 0.0 
39798.91 0.35 0.0 
41846.71 0.32 0.0 
42983.33 0.44 0.0 
43186.21 0.43 0.0 
43499.31 0.42 0.0 
44618.17 0.42 0.0 
44927.15 0.46 0.0 
45379.33 0.37 0.0 
45886.64 0.52 0.0 
46390.77 0.47 0.0 
46456.03 0.55 0.0 
47194.63 0.32 0.0 
50157.45 0.38 0.0 
51211.70 0.54 0.0 
52141.43 0.31 0.0 
52776.99 0.32 0.0 
53593.37 0.45 0.0 
53791.91 0.31 0.0 
53791.81 0.39 0.0 
53915.13 0.35 0.0 
54162.37 0.37 0.0 
54312.55 0.36 0.0 
54438.93 0.34 0.0 
55726.11 0.46 0.0 
56707.11 0.33 0.0 
57073.31 0.33 0.0 
58030.51 0.34 0.0 
59505.91 0.31 0.0 
59585.99 0.41 0.0 
59971.63 0.33 0.0 
63147.88 0.41 0.0 
63147.86 0.44 0.0 
63473.77 0.41 0.0 
65049.91 0.30 0.0 
65049.91 0.35 0.0 
68476.52 0.43 0.0 
71045.95 0.33 0.0 
72033.08 0.61 0.0 
72033.08 0.65 0.0 
72230.20 0.58 0.0 
72230.18 0.62 0.0 
72737.47 0.54 0.0 
72861.67 0.38 0.0 
73441.59 0.31 0.0 
73497.83 0.31 0.0 
74260.16 0.57 0.0 
74260.15 0.46 0.0 
74563.57 0.43 0.0 
75346.07 0.34 0.0 
77776.15 0.31 0.0 
78010.13 0.40 0.0 
78200.61 0.34 0.0 
78200.65 0.59 0.0 
78373.73 0.55 0.0 
78373.67 0.46 0.0 
78646.99 0.33 0.0 
78961.75 0.42 0.0 
79040.67 0.34 0.0 
80119.17 0.54 0.0 
80421.20 0.59 0.0 
80505.63 0.52 0.0 
80581.79 0.31 0.0 
80922.00 0.59 0.0 
80922.03 0.36 0.0 
81135.58 0.37 0.0 
81518.39 0.37 0.0 
81934.43 0.34 0.0 
82273.89 0.52 0.0 
82255.77 0.43 0.0 
82547.19 0.32 0.0 
82624.63 0.31 0.0 
82786.64 0.59 0.0 
82843.11 0.30 0.0 
82886.79 0.37 0.0 
82946.09 0.38 0.0 
83386.32 0.55 0.0 
83940.72 0.31 0.0 
84294.51 0.48 0.0 
84294.55 0.31 0.0 
84699.77 0.35 0.0 
85627.81 0.35 0.0 
86356.39 0.39 0.0 
