58.03 0.63 0.0 
343.36 0.43 0.0 
1276.15 0.45 0.0 
1386.28 0.35 0.0 
1437.75 0.43 0.0 
1754.49 0.71 0.0 
1832.76 0.56 0.0 
1979.49 0.56 0.0 
2124.63 0.51 0.0 
2784.53 0.59 0.0 
2908.79 0.63 0.0 
2975.05 0.41 0.0 
3088.99 0.50 0.0 
3466.87 0.90 0.0 
3466.84 0.85 0.0 
3528.78 0.36 0.0 
3703.28 0.72 0.0 
3712.05 0.48 0.0 
3718.51 0.98 0.0 
3848.59 0.72 0.0 
3848.61 0.49 0.0 
3887.10 0.84 0.0 
4032.64 0.78 0.0 
4032.65 0.45 0.0 
4606.96 0.83 0.0 
4606.92 0.66 0.0 
4841.52 0.71 0.0 
4917.33 0.35 0.0 
5052.84 0.35 0.0 
4967.95 0.43 0.0 
5037.81 0.55 0.0 
5127.73 0.43 0.0 
5155.03 0.49 0.0 
5304.71 0.35 0.0 
5207.61 0.38 0.0 
5756.23 0.33 0.0 
5756.16 0.47 0.0 
5947.08 0.47 0.0 
5947.09 0.48 0.0 
6344.32 0.57 0.0 
6738.69 0.32 0.0 
6868.32 0.42 0.0 
7663.12 0.80 0.0 
7707.52 0.32 0.0 
7708.19 0.30 0.0 
8408.95 0.31 0.0 
8699.39 0.63 0.0 
8732.39 0.86 0.0 
8732.36 0.83 0.0 
9043.53 0.44 0.0 
9179.08 0.38 0.0 
9222.59 0.40 0.0 
9538.55 0.68 0.0 
9923.95 0.54 0.0 
9924.00 0.66 0.0 
10079.57 0.32 0.0 
10334.51 0.60 0.0 
10405.05 0.37 0.0 
10588.76 0.34 0.0 
10679.31 0.86 0.0 
11067.49 0.38 0.0 
11278.72 0.61 0.0 
11579.40 0.51 0.0 
11772.53 0.52 0.0 
11875.15 0.34 0.0 
11913.16 0.44 0.0 
11913.16 0.40 0.0 
12343.68 0.42 0.0 
12314.56 0.67 0.0 
12405.16 0.88 0.0 
12507.57 0.32 0.0 
12614.13 0.32 0.0 
12658.41 0.35 0.0 
13003.72 0.75 0.0 
13439.36 0.74 0.0 
13512.52 0.90 0.0 
13512.52 0.35 0.0 
13902.61 0.31 0.0 
13912.71 0.30 0.0 
13902.52 0.31 0.0 
14115.45 0.54 0.0 
14233.69 0.81 0.0 
15202.57 0.59 0.0 
15202.61 0.83 0.0 
15401.79 0.33 0.0 
15584.37 0.71 0.0 
16227.51 0.65 0.0 
16244.65 0.35 0.0 
16378.69 0.78 0.0 
16378.73 0.88 0.0 
16709.20 0.62 0.0 
16829.12 0.41 0.0 
16769.05 0.35 0.0 
17073.27 0.30 0.0 
17099.01 0.30 0.0 
17423.96 0.30 0.0 
18043.56 0.86 0.0 
18233.95 0.46 0.0 
18190.27 0.73 0.0 
18190.28 0.51 0.0 
18233.91 0.38 0.0 
18373.55 0.51 0.0 
18478.80 0.81 0.0 
18832.73 0.30 0.0 
18843.85 0.68 0.0 
18854.53 0.37 0.0 
18843.84 0.38 0.0 
18832.72 0.63 0.0 
18891.33 0.50 0.0 
18957.93 0.34 0.0 
19006.03 0.32 0.0 
19079.19 0.77 0.0 
19218.80 0.40 0.0 
19253.93 0.73 0.0 
19434.76 0.34 0.0 
19434.76 0.31 0.0 
19611.65 0.88 0.0 
19740.80 0.32 0.0 
19769.51 0.41 0.0 
19960.49 0.32 0.0 
20546.21 0.48 0.0 
20578.01 0.57 0.0 
20717.55 0.33 0.0 
20818.40 0.53 0.0 
21198.75 0.34 0.0 
21226.92 0.37 0.0 
21198.82 0.78 0.0 
21402.08 0.32 0.0 
21669.96 0.38 0.0 
21853.93 0.48 0.0 
21946.37 0.53 0.0 
21986.33 0.36 0.0 
21999.36 0.34 0.0 
22004.41 0.43 0.0 
22542.36 0.33 0.0 
23202.75 0.48 0.0 
23414.09 0.49 0.0 
23399.33 0.59 0.0 
23503.91 0.73 0.0 
23522.25 0.52 0.0 
23548.30 0.34 0.0 
23920.19 0.47 0.0 
23998.10 0.58 0.0 
24149.40 0.32 0.0 
24164.20 0.90 0.0 
24311.60 0.31 0.0 
24313.57 0.42 0.0 
24311.65 0.56 0.0 
24539.36 0.47 0.0 
24959.17 0.88 0.0 
25213.55 0.37 0.0 
25293.27 0.32 0.0 
25612.15 0.32 0.0 
25776.95 0.61 0.0 
26399.13 0.52 0.0 
26503.64 0.62 0.0 
26810.77 0.39 0.0 
27132.81 0.57 0.0 
27166.47 0.52 0.0 
27223.83 0.47 0.0 
27339.57 0.32 0.0 
27404.33 0.30 0.0 
27339.57 0.88 0.0 
27416.61 0.59 0.0 
27585.09 0.31 0.0 
27644.36 0.51 0.0 
27644.40 0.63 0.0 
27717.77 0.45 0.0 
28003.21 0.47 0.0 
28157.64 0.35 0.0 
28153.16 0.36 0.0 
28963.56 0.74 0.0 
29568.07 0.32 0.0 
29980.07 0.31 0.0 
30103.79 0.85 0.0 
30237.09 0.34 0.0 
30237.12 0.95 0.0 
30344.19 0.50 0.0 
30648.21 0.44 0.0 
30676.44 0.41 0.0 
30733.61 0.55 0.0 
30648.20 0.62 0.0 
30760.17 0.67 0.0 
30760.17 0.38 0.0 
30985.37 0.39 0.0 
30985.37 0.59 0.0 
31137.25 0.45 0.0 
31244.35 0.60 0.0 
31288.63 0.38 0.0 
31934.12 0.46 0.0 
32384.00 0.42 0.0 
32413.92 0.35 0.0 
32366.63 0.41 0.0 
32383.97 0.47 0.0 
32516.57 0.43 0.0 
32516.51 0.56 0.0 
32654.20 0.58 0.0 
33388.71 0.42 0.0 
33313.51 0.37 0.0 
33438.15 0.42 0.0 
33537.36 0.41 0.0 
33681.56 0.53 0.0 
33704.28 0.41 0.0 
33681.53 0.41 0.0 
33839.27 0.54 0.0 
34073.47 0.37 0.0 
34209.61 0.65 0.0 
34209.60 0.46 0.0 
34215.21 0.57 0.0 
34406.24 0.35 0.0 
34470.09 0.59 0.0 
34751.17 0.50 0.0 
35428.17 0.36 0.0 
35369.54 0.96 0.0 
35435.80 0.81 0.0 
35639.08 0.81 0.0 
35791.31 0.31 0.0 
35842.31 0.38 0.0 
35842.85 0.63 0.0 
35850.53 0.42 0.0 
36194.17 0.51 0.0 
36348.81 0.35 0.0 
36414.36 0.48 0.0 
36414.35 0.37 0.0 
36748.64 0.43 0.0 
36764.16 0.44 0.0 
36779.31 0.49 0.0 
36849.31 0.55 0.0 
37314.28 0.42 0.0 
37314.23 0.62 0.0 
37403.89 0.46 0.0 
37692.81 0.68 0.0 
37646.95 0.65 0.0 
37798.35 0.64 0.0 
38054.33 0.47 0.0 
38083.20 0.79 0.0 
38189.09 0.43 0.0 
38294.04 0.95 0.0 
38509.73 0.33 0.0 
38596.77 0.37 0.0 
38893.29 0.55 0.0 
38907.75 0.67 0.0 
39017.23 0.33 0.0 
39063.92 0.69 0.0 
39063.96 0.50 0.0 
39509.00 0.43 0.0 
39859.12 0.57 0.0 
39807.41 0.68 0.0 
42776.76 0.66 0.0 
43274.17 0.38 0.0 
44398.87 0.32 0.0 
44968.12 0.38 0.0 
46767.75 0.86 0.0 
47219.53 0.53 0.0 
55773.93 0.37 0.0 
55791.48 0.48 0.0 
55747.92 0.32 0.0 
55791.44 0.54 0.0 
56381.84 0.31 0.0 
57356.36 0.44 0.0 
58141.00 0.31 0.0 
58243.93 0.38 0.0 
58141.00 0.30 0.0 
59803.76 0.39 0.0 
60385.76 0.42 0.0 
60385.76 0.38 0.0 
60955.83 0.37 0.0 
60955.89 0.69 0.0 
61203.93 0.52 0.0 
61203.93 0.54 0.0 
61210.37 0.37 0.0 
61150.43 0.86 0.0 
61244.29 0.41 0.0 
61364.45 0.61 0.0 
61263.09 0.34 0.0 
61383.48 0.47 0.0 
61389.95 0.81 0.0 
62664.65 0.31 0.0 
62924.27 0.70 0.0 
64229.32 0.63 0.0 
64258.20 0.67 0.0 
64392.29 0.36 0.0 
64547.80 0.49 0.0 
65367.85 0.41 0.0 
65382.92 0.48 0.0 
66464.52 0.33 0.0 
67230.29 0.34 0.0 
67366.25 0.40 0.0 
67366.23 0.48 0.0 
67648.83 0.31 0.0 
68444.53 0.40 0.0 
69008.73 0.48 0.0 
69028.31 0.46 0.0 
69090.81 0.42 0.0 
69321.76 0.37 0.0 
69314.29 0.31 0.0 
69946.19 0.30 0.0 
69984.71 0.39 0.0 
69946.23 0.68 0.0 
70261.64 0.30 0.0 
70575.30 0.94 0.0 
70767.81 0.31 0.0 
71019.85 0.51 0.0 
70983.56 0.56 0.0 
71305.01 0.62 0.0 
71304.97 0.43 0.0 
71399.95 0.64 0.0 
71342.32 0.30 0.0 
71342.84 0.47 0.0 
71489.57 0.52 0.0 
71620.27 0.32 0.0 
71594.57 0.72 0.0 
71700.98 0.76 0.0 
71700.93 0.69 0.0 
72195.77 0.44 0.0 
74188.52 0.55 0.0 
74313.59 0.64 0.0 
75013.47 0.48 0.0 
75185.04 0.57 0.0 
75185.04 0.68 0.0 
75494.57 0.73 0.0 
75562.00 0.55 0.0 
75562.00 0.53 0.0 
75749.43 0.78 0.0 
76187.97 0.40 0.0 
76274.41 0.48 0.0 
76698.59 0.42 0.0 
76873.96 0.51 0.0 
77023.89 0.40 0.0 
77012.24 0.59 0.0 
77277.17 0.30 0.0 
77486.80 0.71 0.0 
77486.79 0.90 0.0 
77665.99 0.56 0.0 
78929.21 0.31 0.0 
79339.80 0.41 0.0 
79339.80 0.41 0.0 
79450.16 0.44 0.0 
79612.73 0.51 0.0 
79614.28 0.37 0.0 
79739.44 0.70 0.0 
79931.59 0.38 0.0 
79947.01 0.36 0.0 
80318.48 0.69 0.0 
80318.46 0.56 0.0 
80548.28 0.64 0.0 
80586.63 0.79 0.0 
81150.65 0.32 0.0 
81230.69 0.66 0.0 
81736.27 0.42 0.0 
82563.33 0.46 0.0 
82575.22 0.63 0.0 
82649.29 0.58 0.0 
85125.21 0.59 0.0 
86368.45 0.49 0.0 
