361.13 0.45 0.0 
365.47 0.31 0.0 
365.49 0.42 0.0 
380.75 0.69 0.0 
380.70 0.84 0.0 
579.97 0.51 0.0 
613.36 0.78 0.0 
620.06 0.83 0.0 
620.06 0.84 0.0 
636.07 0.32 0.0 
580.00 0.33 0.0 
640.79 0.51 0.0 
1308.25 0.36 0.0 
1876.06 0.62 0.0 
2331.17 0.37 0.0 
2736.55 0.40 0.0 
2736.51 0.55 0.0 
2811.63 0.72 0.0 
3085.95 0.34 0.0 
3086.00 0.69 0.0 
3169.83 0.88 0.0 
3169.82 0.86 0.0 
3449.11 0.36 0.0 
3479.02 0.81 0.0 
3492.22 0.88 0.0 
3496.73 0.66 0.0 
3698.87 0.40 0.0 
3782.16 0.46 0.0 
3782.17 0.77 0.0 
3906.79 0.72 0.0 
4949.47 0.37 0.0 
5867.39 0.38 0.0 
5939.58 0.30 0.0 
5939.55 0.32 0.0 
6686.33 0.31 0.0 
6686.37 0.36 0.0 
6962.63 0.51 0.0 
7010.05 0.58 0.0 
7133.37 0.52 0.0 
7218.51 0.32 0.0 
8566.36 0.77 0.0 
8766.33 0.34 0.0 
8883.35 0.30 0.0 
9091.69 0.58 0.0 
10747.79 0.31 0.0 
10747.89 0.31 0.0 
12627.45 0.62 0.0 
12627.44 0.85 0.0 
12918.19 0.72 0.0 
12961.91 0.46 0.0 
12918.17 0.74 0.0 
13882.37 0.45 0.0 
13951.47 0.52 0.0 
14191.13 0.61 0.0 
14356.63 0.31 0.0 
14363.07 0.37 0.0 
14491.90 0.52 0.0 
14491.93 0.74 0.0 
14837.75 0.31 0.0 
14868.12 0.43 0.0 
14877.87 0.45 0.0 
14895.75 0.44 0.0 
14895.73 0.62 0.0 
14934.64 0.34 0.0 
14934.63 0.41 0.0 
15283.00 0.31 0.0 
15608.83 0.40 0.0 
15572.09 0.58 0.0 
15963.40 0.47 0.0 
16190.73 0.69 0.0 
16198.99 0.74 0.0 
16190.73 0.76 0.0 
18436.34 0.60 0.0 
18651.59 0.36 0.0 
18887.48 0.59 0.0 
18983.07 0.30 0.0 
19037.15 0.42 0.0 
20251.01 0.70 0.0 
20443.19 0.39 0.0 
20433.26 0.83 0.0 
20443.21 0.33 0.0 
20753.01 0.34 0.0 
20939.91 0.59 0.0 
22922.61 0.46 0.0 
23237.11 0.43 0.0 
24050.89 0.36 0.0 
24378.76 0.59 0.0 
24378.76 0.90 0.0 
24390.50 0.74 0.0 
24397.63 0.48 0.0 
24883.87 0.35 0.0 
24902.72 0.65 0.0 
25106.96 0.34 0.0 
25106.91 0.38 0.0 
25410.51 0.72 0.0 
26870.52 0.71 0.0 
27422.12 0.55 0.0 
27585.97 0.74 0.0 
28087.05 0.49 0.0 
28087.01 0.36 0.0 
28965.76 0.89 0.0 
29262.91 0.66 0.0 
29667.85 0.39 0.0 
30249.67 0.36 0.0 
30395.31 0.42 0.0 
31863.31 0.33 0.0 
32521.95 0.54 0.0 
32447.31 0.36 0.0 
32799.47 0.35 0.0 
32986.16 0.57 0.0 
32986.15 0.35 0.0 
33405.27 0.49 0.0 
33420.09 0.43 0.0 
33497.37 0.39 0.0 
33602.71 0.63 0.0 
33898.87 0.33 0.0 
34059.39 0.45 0.0 
34557.31 0.31 0.0 
34557.27 0.48 0.0 
35145.75 0.32 0.0 
35235.73 0.70 0.0 
35221.67 0.67 0.0 
35746.33 0.71 0.0 
36137.08 0.81 0.0 
37322.15 0.55 0.0 
37322.11 0.54 0.0 
39348.21 0.55 0.0 
39841.14 0.79 0.0 
40036.85 0.48 0.0 
40045.60 0.78 0.0 
40181.47 0.30 0.0 
40681.25 0.55 0.0 
40907.83 0.31 0.0 
40907.76 0.40 0.0 
41598.62 0.51 0.0 
41598.55 0.40 0.0 
41829.15 0.47 0.0 
42296.97 0.50 0.0 
42780.73 0.49 0.0 
43890.81 0.54 0.0 
44178.25 0.38 0.0 
45900.81 0.49 0.0 
46388.91 0.36 0.0 
46388.88 0.31 0.0 
46787.77 0.51 0.0 
47641.97 0.46 0.0 
47829.64 0.83 0.0 
48916.24 0.61 0.0 
49217.57 0.37 0.0 
50716.97 0.48 0.0 
52995.58 0.39 0.0 
53865.76 0.80 0.0 
54286.26 0.74 0.0 
57764.05 0.55 0.0 
58230.81 0.34 0.0 
64579.15 0.32 0.0 
64579.15 0.37 0.0 
66560.69 0.49 0.0 
67952.49 0.49 0.0 
68670.67 0.56 0.0 
68939.77 0.42 0.0 
68939.75 0.34 0.0 
69121.91 0.50 0.0 
70791.19 0.55 0.0 
71109.68 0.59 0.0 
71109.68 0.50 0.0 
71235.55 0.40 0.0 
72170.72 0.66 0.0 
72170.72 0.69 0.0 
72450.89 0.63 0.0 
75443.75 0.34 0.0 
75544.23 0.36 0.0 
75706.49 0.75 0.0 
78120.68 0.93 0.0 
78377.69 0.39 0.0 
78377.60 0.50 0.0 
78426.97 0.37 0.0 
78426.89 0.37 0.0 
79607.75 0.41 0.0 
80149.47 0.67 0.0 
80149.43 0.50 0.0 
80221.71 0.31 0.0 
80221.67 0.49 0.0 
80388.99 0.34 0.0 
80775.57 0.52 0.0 
82022.11 0.61 0.0 
82726.81 0.35 0.0 
83838.48 0.56 0.0 
83838.47 0.36 0.0 
84737.13 0.43 0.0 
84679.22 0.90 0.0 
84857.17 0.63 0.0 
85431.26 0.68 0.0 
85431.31 0.55 0.0 
85525.93 0.60 0.0 
86279.19 0.42 0.0 
