179.32 0.86 0.0 
4978.03 0.44 0.0 
12627.65 0.33 0.0 
16381.56 0.65 0.0 
16423.87 0.49 0.0 
16381.57 0.75 0.0 
19401.28 0.74 0.0 
19361.77 0.53 0.0 
19361.67 0.45 0.0 
19401.25 0.45 0.0 
19402.65 0.57 0.0 
22634.48 0.37 0.0 
23081.12 0.44 0.0 
26473.36 0.48 0.0 
27702.04 0.39 0.0 
36762.97 0.37 0.0 
37388.24 0.78 0.0 
37364.21 0.43 0.0 
37388.20 0.51 0.0 
37692.23 0.33 0.0 
40903.15 0.41 0.0 
41840.27 0.75 0.0 
41840.23 0.66 0.0 
42063.79 0.43 0.0 
42805.77 0.33 0.0 
42988.11 0.35 0.0 
44622.27 0.53 0.0 
45632.69 0.30 0.0 
45632.72 0.40 0.0 
46377.71 0.30 0.0 
47607.21 0.60 0.0 
50174.15 0.36 0.0 
51176.49 0.54 0.0 
52319.31 0.32 0.0 
52389.13 0.36 0.0 
52661.07 0.34 0.0 
53581.45 0.50 0.0 
56513.64 0.43 0.0 
56699.36 0.31 0.0 
58164.99 0.30 0.0 
59379.01 0.52 0.0 
59521.48 0.46 0.0 
59521.47 0.50 0.0 
60293.89 0.47 0.0 
61201.96 0.40 0.0 
61892.92 0.44 0.0 
62270.04 0.36 0.0 
64376.97 0.41 0.0 
65044.29 0.41 0.0 
65044.23 0.40 0.0 
68144.37 0.32 0.0 
69394.97 0.33 0.0 
69604.46 0.45 0.0 
69600.47 0.38 0.0 
69604.46 0.51 0.0 
71086.56 0.35 0.0 
71347.61 0.42 0.0 
71519.35 0.58 0.0 
72269.33 0.43 0.0 
72913.72 0.79 0.0 
73374.43 0.32 0.0 
73497.71 0.31 0.0 
74251.04 0.66 0.0 
74198.59 0.49 0.0 
75241.97 0.63 0.0 
75817.57 0.47 0.0 
77238.43 0.32 0.0 
78013.77 0.46 0.0 
78371.09 0.57 0.0 
78433.67 0.41 0.0 
78396.54 0.37 0.0 
80089.48 0.38 0.0 
80278.25 0.36 0.0 
80421.11 0.40 0.0 
80725.35 0.40 0.0 
80899.47 0.49 0.0 
81422.93 0.31 0.0 
81640.32 0.61 0.0 
82349.48 0.42 0.0 
82656.21 0.37 0.0 
82656.17 0.59 0.0 
82719.12 0.30 0.0 
82949.49 0.31 0.0 
83066.08 0.55 0.0 
83931.47 0.38 0.0 
83931.49 0.57 0.0 
84290.75 0.49 0.0 
84290.75 0.60 0.0 
84912.80 0.53 0.0 
85288.59 0.31 0.0 
85409.25 0.32 0.0 
85620.15 0.31 0.0 
