611.17 0.38 0.0 
2222.53 0.47 0.0 
2483.96 0.80 0.0 
3184.99 0.54 0.0 
3183.47 0.60 0.0 
3185.11 0.35 0.0 
4061.55 0.82 0.0 
5139.41 0.35 0.0 
5441.39 0.36 0.0 
6397.84 0.86 0.0 
6397.84 0.93 0.0 
6425.07 0.63 0.0 
7866.51 0.40 0.0 
7864.05 0.41 0.0 
7866.49 0.31 0.0 
8543.35 0.78 0.0 
9357.15 0.48 0.0 
9400.92 0.30 0.0 
10090.33 0.60 0.0 
10130.21 0.52 0.0 
10748.32 0.40 0.0 
11639.21 0.32 0.0 
12447.93 0.30 0.0 
12905.25 0.34 0.0 
12864.87 0.85 0.0 
15058.95 0.89 0.0 
15058.96 0.62 0.0 
15680.11 0.58 0.0 
18867.15 0.57 0.0 
24854.20 0.85 0.0 
28657.28 0.45 0.0 
28631.99 0.52 0.0 
32829.88 0.79 0.0 
34586.63 0.36 0.0 
34586.63 0.78 0.0 
36433.12 0.74 0.0 
36614.40 0.61 0.0 
37629.04 0.31 0.0 
39245.79 0.70 0.0 
39517.21 0.56 0.0 
39580.16 0.35 0.0 
39899.03 0.71 0.0 
43404.27 0.35 0.0 
47073.63 0.39 0.0 
53305.55 0.66 0.0 
55181.45 0.31 0.0 
79468.35 0.46 0.0 
85513.52 0.31 0.0 
85594.16 0.49 0.0 
