42.89 0.43 0.0 
373.71 0.39 0.0 
462.92 0.34 0.0 
914.10 0.34 0.0 
1229.57 0.34 0.0 
1335.09 0.41 0.0 
2181.92 0.46 0.0 
2294.53 0.51 0.0 
2579.01 0.43 0.0 
4078.54 0.32 0.0 
4109.49 0.48 0.0 
4274.51 0.43 0.0 
4605.53 0.64 0.0 
4812.32 0.39 0.0 
8608.79 0.43 0.0 
10649.45 0.33 0.0 
10680.24 0.58 0.0 
11159.59 0.39 0.0 
13724.60 0.31 0.0 
14367.49 0.35 0.0 
15058.53 0.34 0.0 
18456.84 0.58 0.0 
18974.09 0.50 0.0 
20550.63 0.30 0.0 
22997.45 0.91 0.0 
23023.84 0.70 0.0 
23474.60 0.64 0.0 
23744.28 0.69 0.0 
23924.20 0.85 0.0 
24434.04 0.70 0.0 
24477.49 0.41 0.0 
24419.21 0.48 0.0 
25423.60 0.33 0.0 
26981.73 0.35 0.0 
27794.52 0.37 0.0 
28272.87 0.94 0.0 
30403.60 0.58 0.0 
31874.51 0.55 0.0 
33225.92 0.45 0.0 
33388.47 0.85 0.0 
38248.96 0.92 0.0 
39252.29 0.31 0.0 
39911.85 0.30 0.0 
40064.32 0.97 0.0 
40573.05 0.67 0.0 
40934.44 0.77 0.0 
41174.60 0.33 0.0 
41474.24 0.41 0.0 
41684.29 0.30 0.0 
42328.72 0.51 0.0 
42434.52 0.52 0.0 
42450.41 0.37 0.0 
42538.32 0.58 0.0 
43259.33 0.53 0.0 
43303.96 0.33 0.0 
44113.89 0.33 0.0 
45177.04 0.43 0.0 
47625.25 0.41 0.0 
48641.03 0.95 0.0 
49733.88 0.75 0.0 
49962.67 0.87 0.0 
52456.12 0.52 0.0 
53309.09 0.31 0.0 
54223.46 0.87 0.0 
54352.96 0.37 0.0 
54790.17 0.42 0.0 
58300.92 0.82 0.0 
58454.16 0.30 0.0 
61662.16 0.34 0.0 
62909.28 0.61 0.0 
66670.81 0.70 0.0 
70019.00 0.69 0.0 
70895.48 0.96 0.0 
70895.47 0.96 0.0 
72644.40 0.56 0.0 
76409.59 0.46 0.0 
77113.69 0.39 0.0 
78569.51 0.32 0.0 
79300.16 0.50 0.0 
81029.99 0.51 0.0 
82558.61 0.37 0.0 
83264.68 0.45 0.0 
83638.25 0.44 0.0 
83666.95 0.42 0.0 
83802.17 0.32 0.0 
83981.31 0.70 0.0 
84250.92 0.75 0.0 
84208.41 0.34 0.0 
85045.64 0.41 0.0 
85184.49 0.47 0.0 
86172.20 0.74 0.0 
86142.17 0.71 0.0 
