517.40 0.31 0.0 
994.93 0.49 0.0 
3122.76 0.75 0.0 
6750.75 0.55 0.0 
10680.63 0.61 0.0 
10680.64 0.91 0.0 
11205.51 0.34 0.0 
14505.57 0.51 0.0 
15031.19 0.46 0.0 
18406.48 0.69 0.0 
20552.95 0.31 0.0 
22999.64 0.32 0.0 
26986.48 0.66 0.0 
31455.59 0.37 0.0 
33676.43 0.64 0.0 
42452.20 0.79 0.0 
43273.60 0.34 0.0 
45361.99 0.50 0.0 
70902.86 0.77 0.0 
70906.85 0.57 0.0 
70902.85 0.69 0.0 
74175.97 0.41 0.0 
79304.19 0.35 0.0 
81033.43 0.45 0.0 
81033.44 0.85 0.0 
83267.79 0.31 0.0 
83267.79 0.73 0.0 
84212.45 0.31 0.0 
86172.76 0.69 0.0 
