123.39 0.34 0.0 
1515.80 0.46 0.0 
1906.05 0.60 0.0 
2404.21 0.37 0.0 
2924.15 0.43 0.0 
3193.17 0.56 0.0 
3118.23 0.60 0.0 
3323.55 0.37 0.0 
3563.39 0.57 0.0 
3563.45 0.81 0.0 
4025.09 0.39 0.0 
4158.85 0.36 0.0 
4262.68 0.31 0.0 
4454.49 0.50 0.0 
4933.19 0.44 0.0 
4950.93 0.42 0.0 
5323.51 0.90 0.0 
5323.49 0.47 0.0 
6104.09 0.68 0.0 
6228.15 0.33 0.0 
6252.71 0.51 0.0 
6422.01 0.45 0.0 
6660.75 0.44 0.0 
8024.51 0.81 0.0 
8024.47 0.43 0.0 
8745.51 0.39 0.0 
11190.39 0.35 0.0 
14127.85 0.32 0.0 
15164.59 0.36 0.0 
15615.96 0.48 0.0 
16294.05 0.40 0.0 
16741.03 0.32 0.0 
17630.95 0.66 0.0 
17893.23 0.34 0.0 
17974.29 0.44 0.0 
17974.13 0.40 0.0 
18103.72 0.33 0.0 
18121.17 0.37 0.0 
18434.95 0.43 0.0 
18590.49 0.37 0.0 
18590.43 0.44 0.0 
19290.31 0.32 0.0 
19669.92 0.43 0.0 
21704.20 0.52 0.0 
22827.25 0.36 0.0 
22803.04 0.37 0.0 
22879.48 0.33 0.0 
24265.81 0.54 0.0 
24505.83 0.35 0.0 
24505.75 0.34 0.0 
25741.17 0.80 0.0 
27348.71 0.31 0.0 
28431.13 0.42 0.0 
28584.45 0.73 0.0 
28584.41 0.40 0.0 
33146.13 0.59 0.0 
33436.40 0.44 0.0 
33736.83 0.33 0.0 
34001.04 0.36 0.0 
34001.99 0.43 0.0 
34004.07 0.33 0.0 
34001.04 0.34 0.0 
34004.08 0.38 0.0 
34680.49 0.46 0.0 
37005.33 0.32 0.0 
37620.67 0.34 0.0 
38203.25 0.44 0.0 
40368.20 0.50 0.0 
40350.43 0.71 0.0 
46905.34 0.40 0.0 
48878.67 0.33 0.0 
49026.93 0.54 0.0 
49471.93 0.45 0.0 
50625.65 0.52 0.0 
51555.63 0.43 0.0 
52668.25 0.41 0.0 
53326.12 0.37 0.0 
53822.35 0.39 0.0 
54513.24 0.68 0.0 
58170.16 0.38 0.0 
62446.07 0.34 0.0 
63903.23 0.55 0.0 
64141.48 0.37 0.0 
64457.73 0.33 0.0 
64591.45 0.64 0.0 
64832.45 0.40 0.0 
65595.45 0.71 0.0 
65628.69 0.44 0.0 
65791.63 0.34 0.0 
65972.44 0.59 0.0 
66942.75 0.56 0.0 
67561.37 0.64 0.0 
68416.00 0.51 0.0 
68715.81 0.36 0.0 
69916.11 0.34 0.0 
70200.49 0.38 0.0 
70875.73 0.39 0.0 
71415.89 0.37 0.0 
71490.71 0.62 0.0 
71775.68 0.43 0.0 
71957.09 0.48 0.0 
72120.78 0.35 0.0 
72585.47 0.42 0.0 
73095.27 0.44 0.0 
73170.81 0.43 0.0 
73575.57 0.51 0.0 
74296.31 0.37 0.0 
74881.45 0.56 0.0 
75000.20 0.32 0.0 
75241.11 0.49 0.0 
76005.81 0.37 0.0 
76245.73 0.31 0.0 
76638.69 0.33 0.0 
76741.77 0.32 0.0 
79141.37 0.62 0.0 
79530.65 0.41 0.0 
82725.80 0.60 0.0 
83025.41 0.43 0.0 
