3120.39 0.33 0.0 
3285.79 0.44 0.0 
3568.73 0.46 0.0 
4936.87 0.46 0.0 
5069.20 0.30 0.0 
5184.25 0.31 0.0 
5325.73 0.48 0.0 
6165.51 0.33 0.0 
6252.73 0.42 0.0 
6302.82 0.37 0.0 
7965.47 0.46 0.0 
10320.83 0.37 0.0 
15165.67 0.31 0.0 
15164.65 0.35 0.0 
17631.05 0.38 0.0 
18000.48 0.57 0.0 
18502.91 0.32 0.0 
18502.92 0.47 0.0 
19068.11 0.34 0.0 
19021.79 0.32 0.0 
19110.43 0.38 0.0 
19110.51 0.35 0.0 
19487.87 0.56 0.0 
19519.57 0.48 0.0 
20716.55 0.34 0.0 
23085.87 0.36 0.0 
24265.81 0.49 0.0 
24372.41 0.37 0.0 
24305.29 0.45 0.0 
24375.67 0.39 0.0 
28586.16 0.75 0.0 
34004.97 0.39 0.0 
38164.97 0.36 0.0 
40005.54 0.36 0.0 
40817.93 0.32 0.0 
41595.53 0.36 0.0 
44220.59 0.34 0.0 
47085.48 0.51 0.0 
48736.02 0.52 0.0 
48992.57 0.39 0.0 
49203.32 0.52 0.0 
49203.31 0.30 0.0 
49219.77 0.57 0.0 
49307.13 0.42 0.0 
52598.97 0.62 0.0 
53310.53 0.36 0.0 
53841.98 0.31 0.0 
59925.55 0.31 0.0 
60195.78 0.34 0.0 
63033.63 0.31 0.0 
63210.51 0.34 0.0 
63631.03 0.30 0.0 
64365.41 0.55 0.0 
64350.56 0.50 0.0 
65567.09 0.67 0.0 
65911.03 0.40 0.0 
66480.89 0.42 0.0 
66466.56 0.31 0.0 
66529.51 0.30 0.0 
66510.97 0.65 0.0 
67545.99 0.45 0.0 
67501.63 0.38 0.0 
67605.88 0.36 0.0 
67576.53 0.43 0.0 
67635.96 0.36 0.0 
67680.71 0.60 0.0 
67651.21 0.61 0.0 
68115.39 0.36 0.0 
68101.37 0.45 0.0 
68282.77 0.32 0.0 
68446.39 0.33 0.0 
69826.83 0.38 0.0 
70125.71 0.32 0.0 
70200.57 0.33 0.0 
70516.05 0.38 0.0 
70711.69 0.41 0.0 
71889.03 0.34 0.0 
71851.13 0.41 0.0 
72241.55 0.35 0.0 
72333.11 0.33 0.0 
73170.82 0.32 0.0 
73744.47 0.34 0.0 
73847.43 0.34 0.0 
73966.15 0.37 0.0 
74284.35 0.37 0.0 
74947.73 0.45 0.0 
74947.71 0.48 0.0 
75361.91 0.31 0.0 
75751.77 0.55 0.0 
75961.66 0.38 0.0 
76202.71 0.37 0.0 
76638.83 0.41 0.0 
76696.47 0.52 0.0 
76711.31 0.52 0.0 
76785.59 0.37 0.0 
76770.81 0.49 0.0 
76860.53 0.53 0.0 
77280.55 0.40 0.0 
77325.87 0.34 0.0 
77550.55 0.41 0.0 
77760.41 0.34 0.0 
81630.67 0.40 0.0 
82065.59 0.38 0.0 
84300.54 0.32 0.0 
