711.47 0.39 0.0 
1441.07 0.32 0.0 
2736.09 0.66 0.0 
8327.51 0.38 0.0 
8805.91 0.46 0.0 
9579.17 0.38 0.0 
10530.53 0.45 0.0 
12886.03 0.37 0.0 
17563.19 0.56 0.0 
17935.65 0.40 0.0 
22891.16 0.41 0.0 
26010.56 0.45 0.0 
28365.87 0.33 0.0 
28591.93 0.62 0.0 
30845.35 0.43 0.0 
37851.31 0.30 0.0 
38119.67 0.34 0.0 
39090.63 0.47 0.0 
46755.67 0.54 0.0 
46755.67 0.33 0.0 
46925.22 0.46 0.0 
47400.45 0.45 0.0 
48960.87 0.55 0.0 
51116.24 0.34 0.0 
53161.09 0.41 0.0 
54603.12 0.42 0.0 
56282.51 0.30 0.0 
57361.00 0.39 0.0 
57557.21 0.42 0.0 
57602.05 0.74 0.0 
58632.13 0.32 0.0 
58839.93 0.67 0.0 
58930.49 0.38 0.0 
59116.09 0.42 0.0 
59387.15 0.35 0.0 
60548.17 0.34 0.0 
60908.87 0.33 0.0 
62884.04 0.71 0.0 
63363.91 0.42 0.0 
65409.63 0.64 0.0 
65520.43 0.30 0.0 
66210.59 0.34 0.0 
66341.20 0.55 0.0 
66341.16 0.53 0.0 
67141.07 0.35 0.0 
68448.81 0.31 0.0 
69192.21 0.39 0.0 
70183.99 0.40 0.0 
70375.47 0.41 0.0 
70487.69 0.32 0.0 
70487.65 0.53 0.0 
71355.53 0.35 0.0 
71389.17 0.85 0.0 
71389.18 0.88 0.0 
71986.89 0.41 0.0 
72091.53 0.36 0.0 
73239.77 0.47 0.0 
73239.77 0.49 0.0 
74071.69 0.41 0.0 
74661.03 0.39 0.0 
75150.49 0.74 0.0 
75150.48 0.51 0.0 
75476.45 0.61 0.0 
75489.73 0.51 0.0 
75476.46 0.46 0.0 
77565.96 0.45 0.0 
77657.47 0.56 0.0 
80568.96 0.58 0.0 
81303.65 0.40 0.0 
81722.35 0.36 0.0 
81722.32 0.37 0.0 
82383.01 0.48 0.0 
83082.48 0.31 0.0 
83206.11 0.35 0.0 
83267.33 0.43 0.0 
83325.29 0.32 0.0 
83325.44 0.60 0.0 
83580.15 0.33 0.0 
84855.80 0.52 0.0 
85239.36 0.46 0.0 
85239.39 0.41 0.0 
85743.15 0.42 0.0 
