902.71 0.40 0.0 
4852.99 0.40 0.0 
5892.43 0.38 0.0 
5957.41 0.32 0.0 
6859.23 0.42 0.0 
8532.11 0.51 0.0 
8532.07 0.59 0.0 
18318.59 0.37 0.0 
18739.59 0.36 0.0 
20131.19 0.37 0.0 
20286.75 0.31 0.0 
20524.49 0.41 0.0 
20777.95 0.33 0.0 
21496.77 0.51 0.0 
21564.61 0.47 0.0 
21745.01 0.33 0.0 
22156.40 0.51 0.0 
23894.98 0.58 0.0 
25125.43 0.52 0.0 
27065.41 0.40 0.0 
27422.55 0.32 0.0 
28529.51 0.31 0.0 
28928.77 0.38 0.0 
32383.15 0.65 0.0 
33606.65 0.31 0.0 
34585.16 0.39 0.0 
42366.79 0.33 0.0 
52244.31 0.53 0.0 
52681.35 0.31 0.0 
65294.87 0.49 0.0 
84404.93 0.40 0.0 
84596.06 0.62 0.0 
84596.09 0.47 0.0 
84697.30 0.40 0.0 
84962.27 0.31 0.0 
84999.51 0.39 0.0 
85487.95 0.37 0.0 
86102.33 0.61 0.0 
86116.25 0.33 0.0 
86111.99 0.48 0.0 
86115.81 0.32 0.0 
86354.28 0.50 0.0 
86335.10 0.54 0.0 
