197.36 0.69 0.0 
2567.33 0.38 0.0 
2906.41 0.45 0.0 
2910.69 0.71 0.0 
3582.41 0.30 0.0 
3887.51 0.45 0.0 
5534.19 0.32 0.0 
5521.63 0.38 0.0 
5790.81 0.30 0.0 
7115.87 0.77 0.0 
7123.17 0.73 0.0 
7115.85 0.82 0.0 
7201.23 0.44 0.0 
7291.67 0.30 0.0 
9781.13 0.39 0.0 
10165.75 0.39 0.0 
10274.83 0.83 0.0 
10928.60 0.44 0.0 
10928.61 0.56 0.0 
12176.93 0.53 0.0 
12176.91 0.37 0.0 
12976.69 0.52 0.0 
12923.93 0.33 0.0 
13883.57 0.49 0.0 
13883.61 0.34 0.0 
14566.15 0.30 0.0 
14793.59 0.58 0.0 
14801.39 0.31 0.0 
14793.61 0.66 0.0 
17256.83 0.52 0.0 
17718.59 0.49 0.0 
17724.56 0.84 0.0 
17767.05 0.33 0.0 
17724.54 0.82 0.0 
18046.43 0.45 0.0 
18052.16 0.50 0.0 
18056.27 0.70 0.0 
18052.21 0.60 0.0 
18056.30 0.77 0.0 
18675.39 0.53 0.0 
18681.09 0.32 0.0 
18956.21 0.41 0.0 
21051.63 0.32 0.0 
21728.26 0.48 0.0 
22660.31 0.39 0.0 
22640.89 0.31 0.0 
22688.51 0.41 0.0 
22640.69 0.31 0.0 
22818.57 0.33 0.0 
23579.03 0.74 0.0 
23672.75 0.36 0.0 
23890.35 0.37 0.0 
24840.67 0.32 0.0 
24841.25 0.35 0.0 
25468.24 0.75 0.0 
25468.23 0.45 0.0 
25470.48 0.89 0.0 
25475.00 0.48 0.0 
25684.34 0.46 0.0 
25913.57 0.36 0.0 
26297.64 0.43 0.0 
28080.55 0.37 0.0 
28710.87 0.41 0.0 
32013.75 0.30 0.0 
32150.43 0.42 0.0 
32155.27 0.32 0.0 
32263.83 0.42 0.0 
34904.21 0.31 0.0 
41343.07 0.36 0.0 
41371.57 0.38 0.0 
41311.23 0.30 0.0 
41343.07 0.40 0.0 
41539.99 0.49 0.0 
41531.25 0.54 0.0 
41531.21 0.60 0.0 
41540.06 0.35 0.0 
41553.35 0.52 0.0 
41670.41 0.53 0.0 
41692.59 0.58 0.0 
41715.49 0.44 0.0 
41726.67 0.46 0.0 
41893.07 0.31 0.0 
42017.36 0.57 0.0 
42017.29 0.32 0.0 
42046.75 0.32 0.0 
42072.03 0.34 0.0 
42228.68 0.54 0.0 
42228.69 0.65 0.0 
42243.31 0.54 0.0 
42243.27 0.48 0.0 
42368.23 0.47 0.0 
42433.45 0.32 0.0 
42421.13 0.47 0.0 
42553.01 0.59 0.0 
42575.01 0.43 0.0 
42598.55 0.47 0.0 
42588.61 0.40 0.0 
42598.56 0.77 0.0 
42601.62 0.66 0.0 
42553.00 0.53 0.0 
42679.61 0.32 0.0 
42834.85 0.30 0.0 
42894.41 0.43 0.0 
42894.39 0.39 0.0 
42909.31 0.34 0.0 
43026.00 0.59 0.0 
44370.60 0.84 0.0 
47361.09 0.33 0.0 
48169.34 0.40 0.0 
48661.97 0.46 0.0 
55500.29 0.36 0.0 
65063.78 0.82 0.0 
65085.52 0.90 0.0 
72396.19 0.41 0.0 
72390.73 0.40 0.0 
72396.25 0.59 0.0 
72719.85 0.42 0.0 
72725.01 0.49 0.0 
72725.00 0.41 0.0 
72831.45 0.61 0.0 
72894.99 0.34 0.0 
75720.39 0.86 0.0 
81036.50 0.60 0.0 
83161.52 0.57 0.0 
