870.95 0.63 0.0 
1774.39 0.51 0.0 
1774.41 0.43 0.0 
2323.43 0.49 0.0 
3977.65 0.46 0.0 
4225.65 0.37 0.0 
4110.73 0.45 0.0 
4300.31 0.50 0.0 
4300.32 0.60 0.0 
5146.34 0.81 0.0 
5161.11 0.57 0.0 
6226.59 0.77 0.0 
6328.83 0.60 0.0 
6328.87 0.32 0.0 
6945.87 0.37 0.0 
6988.43 0.38 0.0 
7815.61 0.43 0.0 
8070.45 0.60 0.0 
7951.13 0.49 0.0 
8070.46 0.63 0.0 
8489.84 0.74 0.0 
8677.81 0.31 0.0 
8774.67 0.40 0.0 
9124.46 0.71 0.0 
9489.48 0.48 0.0 
9489.48 0.50 0.0 
9817.56 0.48 0.0 
10317.63 0.34 0.0 
10391.15 0.30 0.0 
10906.41 0.48 0.0 
11118.91 0.39 0.0 
11118.90 0.78 0.0 
11689.26 0.88 0.0 
11689.27 0.88 0.0 
11879.97 0.45 0.0 
12470.21 0.31 0.0 
12470.21 0.57 0.0 
13941.07 0.51 0.0 
14136.66 0.30 0.0 
14766.57 0.31 0.0 
14766.55 0.33 0.0 
14928.17 0.42 0.0 
15014.45 0.38 0.0 
15209.91 0.34 0.0 
16204.08 0.59 0.0 
16531.37 0.79 0.0 
17284.89 0.42 0.0 
17688.24 0.38 0.0 
17864.53 0.56 0.0 
19139.47 0.81 0.0 
19772.89 0.35 0.0 
20723.88 0.52 0.0 
20927.22 0.41 0.0 
21389.03 0.31 0.0 
21675.49 0.69 0.0 
22018.87 0.62 0.0 
22281.05 0.59 0.0 
22338.43 0.49 0.0 
22756.09 0.36 0.0 
22829.31 0.34 0.0 
22935.56 0.31 0.0 
23031.00 0.49 0.0 
23031.01 0.63 0.0 
23074.55 0.32 0.0 
23434.35 0.45 0.0 
23434.35 0.73 0.0 
24106.09 0.36 0.0 
24374.79 0.32 0.0 
24711.64 0.45 0.0 
24711.63 0.33 0.0 
25219.86 0.83 0.0 
25114.68 0.63 0.0 
25219.85 0.69 0.0 
25623.39 0.33 0.0 
25615.51 0.51 0.0 
25623.40 0.78 0.0 
26671.13 0.38 0.0 
26671.15 0.70 0.0 
27379.95 0.70 0.0 
27309.96 0.48 0.0 
27496.94 0.79 0.0 
27503.31 0.54 0.0 
27496.95 0.55 0.0 
27539.31 0.30 0.0 
27599.97 0.60 0.0 
27795.50 0.92 0.0 
27795.49 0.75 0.0 
28358.25 0.47 0.0 
28358.23 0.59 0.0 
28592.48 0.86 0.0 
29355.60 0.34 0.0 
29901.63 0.33 0.0 
30111.37 0.74 0.0 
30766.79 0.37 0.0 
30976.00 0.41 0.0 
31424.67 0.36 0.0 
33259.71 0.39 0.0 
33271.67 0.36 0.0 
34089.47 0.59 0.0 
34089.44 0.78 0.0 
34636.03 0.37 0.0 
34987.32 0.64 0.0 
34981.47 0.73 0.0 
34987.35 0.76 0.0 
35270.87 0.75 0.0 
35361.63 0.45 0.0 
35459.27 0.36 0.0 
35609.76 0.56 0.0 
35609.75 0.75 0.0 
36376.29 0.53 0.0 
36497.83 0.65 0.0 
36931.23 0.66 0.0 
36950.52 0.40 0.0 
36923.07 0.39 0.0 
36950.51 0.82 0.0 
36923.05 0.60 0.0 
37080.68 0.56 0.0 
37181.16 0.31 0.0 
38149.19 0.37 0.0 
38400.49 0.48 0.0 
38400.50 0.82 0.0 
38690.68 0.77 0.0 
38734.39 0.78 0.0 
38778.83 0.51 0.0 
38690.69 0.72 0.0 
39598.36 0.42 0.0 
39586.12 0.71 0.0 
39598.39 0.32 0.0 
40044.51 0.46 0.0 
40126.44 0.61 0.0 
40169.57 0.38 0.0 
40515.51 0.66 0.0 
40506.91 0.45 0.0 
41132.83 0.30 0.0 
41418.07 0.35 0.0 
41879.66 0.32 0.0 
42238.77 0.42 0.0 
42400.55 0.59 0.0 
42615.80 0.55 0.0 
42615.80 0.60 0.0 
43004.48 0.39 0.0 
43596.07 0.38 0.0 
43596.03 0.41 0.0 
43930.59 0.36 0.0 
44195.13 0.43 0.0 
44706.17 0.33 0.0 
44909.35 0.36 0.0 
45734.63 0.39 0.0 
45904.67 0.59 0.0 
45914.03 0.33 0.0 
46592.91 0.40 0.0 
47180.31 0.37 0.0 
48169.84 0.31 0.0 
48169.87 0.47 0.0 
48539.61 0.34 0.0 
48539.57 0.50 0.0 
48710.56 0.39 0.0 
48710.56 0.59 0.0 
49292.87 0.46 0.0 
49428.79 0.59 0.0 
49815.70 0.75 0.0 
50069.47 0.63 0.0 
50118.77 0.36 0.0 
50311.27 0.42 0.0 
50311.26 0.80 0.0 
50898.16 0.85 0.0 
50892.67 0.35 0.0 
51276.15 0.37 0.0 
51721.29 0.40 0.0 
52094.57 0.42 0.0 
52573.53 0.59 0.0 
53997.47 0.30 0.0 
54950.11 0.34 0.0 
55815.39 0.39 0.0 
55762.83 0.32 0.0 
56630.79 0.31 0.0 
56914.36 0.43 0.0 
56914.36 0.61 0.0 
57167.36 0.86 0.0 
57935.44 0.87 0.0 
57935.45 0.79 0.0 
59654.62 0.78 0.0 
61268.38 0.67 0.0 
61697.44 0.89 0.0 
61697.44 0.65 0.0 
62233.95 0.73 0.0 
62233.93 0.77 0.0 
64495.48 0.54 0.0 
65877.77 0.36 0.0 
66071.37 0.38 0.0 
66771.61 0.43 0.0 
66771.64 0.50 0.0 
68918.91 0.48 0.0 
68944.92 0.81 0.0 
69364.79 0.57 0.0 
69364.79 0.52 0.0 
69793.84 0.36 0.0 
70217.87 0.64 0.0 
70252.28 0.59 0.0 
70644.39 0.51 0.0 
70923.39 0.36 0.0 
71195.71 0.37 0.0 
72100.36 0.37 0.0 
72157.55 0.42 0.0 
73032.58 0.45 0.0 
73843.07 0.51 0.0 
74283.67 0.53 0.0 
74283.65 0.44 0.0 
74555.52 0.48 0.0 
74958.03 0.43 0.0 
75218.51 0.44 0.0 
75218.52 0.57 0.0 
75317.30 0.54 0.0 
75721.40 0.57 0.0 
76216.27 0.35 0.0 
76814.58 0.35 0.0 
77450.99 0.32 0.0 
77450.99 0.46 0.0 
77874.07 0.41 0.0 
78259.72 0.85 0.0 
78259.72 0.77 0.0 
78289.63 0.38 0.0 
78320.35 0.63 0.0 
78289.65 0.45 0.0 
78359.83 0.45 0.0 
78366.29 0.50 0.0 
78527.64 0.50 0.0 
78691.11 0.71 0.0 
78729.50 0.43 0.0 
78729.48 0.33 0.0 
79499.09 0.73 0.0 
79499.08 0.75 0.0 
79654.84 0.68 0.0 
79894.59 0.49 0.0 
79894.58 0.78 0.0 
80007.11 0.38 0.0 
80059.79 0.35 0.0 
80504.23 0.42 0.0 
80650.19 0.33 0.0 
80970.39 0.42 0.0 
81546.87 0.36 0.0 
81728.19 0.41 0.0 
81818.50 0.75 0.0 
81818.53 0.33 0.0 
82345.61 0.40 0.0 
82475.23 0.32 0.0 
82670.40 0.34 0.0 
82726.27 0.38 0.0 
83017.28 0.45 0.0 
83498.35 0.67 0.0 
83498.33 0.44 0.0 
84149.91 0.42 0.0 
84199.59 0.35 0.0 
84362.23 0.53 0.0 
84715.08 0.78 0.0 
85023.87 0.40 0.0 
85187.43 0.65 0.0 
85247.69 0.70 0.0 
85281.91 0.37 0.0 
85247.67 0.48 0.0 
85311.63 0.56 0.0 
85281.95 0.33 0.0 
85413.12 0.92 0.0 
85413.12 0.81 0.0 
85597.29 0.30 0.0 
86006.44 0.34 0.0 
86162.75 0.69 0.0 
86303.35 0.38 0.0 
