868.83 0.52 0.0 
2189.31 0.41 0.0 
2323.47 0.64 0.0 
2789.31 0.43 0.0 
2912.49 0.31 0.0 
2918.91 0.36 0.0 
2923.97 0.49 0.0 
2984.42 0.78 0.0 
2918.93 0.39 0.0 
3012.25 0.34 0.0 
3194.49 0.31 0.0 
3976.57 0.61 0.0 
3940.67 0.48 0.0 
3976.57 0.55 0.0 
4634.04 0.54 0.0 
4696.73 0.34 0.0 
5733.09 0.32 0.0 
6088.91 0.31 0.0 
6326.40 0.57 0.0 
6270.50 0.39 0.0 
6326.39 0.71 0.0 
6914.33 0.32 0.0 
7033.13 0.54 0.0 
7048.85 0.44 0.0 
7154.53 0.34 0.0 
7226.56 0.34 0.0 
7439.51 0.51 0.0 
7601.20 0.48 0.0 
7533.47 0.30 0.0 
7919.12 0.78 0.0 
7904.19 0.64 0.0 
8078.49 0.51 0.0 
8017.15 0.42 0.0 
8078.50 0.36 0.0 
8473.36 0.49 0.0 
8488.19 0.88 0.0 
8594.09 0.44 0.0 
8671.97 0.80 0.0 
8769.71 0.52 0.0 
8848.77 0.37 0.0 
9488.33 0.62 0.0 
9488.34 0.63 0.0 
9625.54 0.87 0.0 
9764.48 0.72 0.0 
10004.43 0.86 0.0 
10259.16 0.52 0.0 
10723.71 0.45 0.0 
10973.53 0.84 0.0 
10973.52 0.65 0.0 
11686.11 0.92 0.0 
11686.14 0.91 0.0 
11954.12 0.39 0.0 
12028.64 0.70 0.0 
12379.40 0.72 0.0 
12427.19 0.67 0.0 
12468.09 0.41 0.0 
12911.61 0.34 0.0 
13133.57 0.35 0.0 
13606.37 0.30 0.0 
13891.28 0.40 0.0 
13903.59 0.33 0.0 
14234.60 0.68 0.0 
14765.37 0.31 0.0 
14926.76 0.58 0.0 
15014.34 0.33 0.0 
15119.11 0.90 0.0 
15172.82 0.46 0.0 
15238.69 0.58 0.0 
16123.37 0.34 0.0 
16201.21 0.63 0.0 
16829.07 0.35 0.0 
17862.36 0.41 0.0 
17862.35 0.83 0.0 
17906.21 0.31 0.0 
18869.47 0.52 0.0 
19133.37 0.46 0.0 
19139.43 0.78 0.0 
19660.29 0.46 0.0 
19660.25 0.75 0.0 
20054.40 0.51 0.0 
20723.07 0.36 0.0 
20927.28 0.33 0.0 
20927.26 0.85 0.0 
20963.50 0.30 0.0 
21614.07 0.79 0.0 
21926.75 0.72 0.0 
22073.13 0.67 0.0 
22148.33 0.57 0.0 
22199.15 0.50 0.0 
22279.55 0.43 0.0 
22287.09 0.48 0.0 
22436.97 0.32 0.0 
22664.56 0.41 0.0 
22829.34 0.40 0.0 
22941.45 0.31 0.0 
23029.17 0.62 0.0 
23029.20 0.73 0.0 
23204.25 0.81 0.0 
23320.25 0.32 0.0 
23384.49 0.69 0.0 
23433.83 0.79 0.0 
23893.16 0.32 0.0 
24019.73 0.30 0.0 
24163.77 0.53 0.0 
24374.29 0.63 0.0 
25217.44 0.80 0.0 
25217.49 0.38 0.0 
25612.88 0.56 0.0 
25620.95 0.59 0.0 
26128.47 0.38 0.0 
26385.84 0.38 0.0 
26819.57 0.57 0.0 
27306.76 0.36 0.0 
27378.76 0.61 0.0 
27306.77 0.47 0.0 
27501.63 0.78 0.0 
27493.43 0.81 0.0 
27537.77 0.32 0.0 
27537.80 0.64 0.0 
27595.75 0.36 0.0 
27688.90 0.33 0.0 
27799.07 0.37 0.0 
27854.41 0.36 0.0 
27944.01 0.48 0.0 
27873.91 0.32 0.0 
28288.37 0.32 0.0 
28356.12 0.59 0.0 
28591.20 0.73 0.0 
28842.33 0.61 0.0 
28917.76 0.74 0.0 
29111.72 0.67 0.0 
29071.76 0.44 0.0 
29280.33 0.53 0.0 
29554.53 0.32 0.0 
29778.33 0.63 0.0 
29789.49 0.47 0.0 
29867.52 0.31 0.0 
30117.96 0.80 0.0 
30103.35 0.59 0.0 
30147.09 0.49 0.0 
31105.35 0.64 0.0 
31126.94 0.67 0.0 
31476.18 0.93 0.0 
31484.58 0.81 0.0 
31424.71 0.53 0.0 
31476.15 0.65 0.0 
31782.27 0.39 0.0 
31760.11 0.31 0.0 
31949.05 0.60 0.0 
32219.36 0.87 0.0 
32648.84 0.36 0.0 
33014.37 0.39 0.0 
33550.25 0.48 0.0 
33705.76 0.90 0.0 
33824.51 0.38 0.0 
33914.16 0.54 0.0 
34086.88 0.44 0.0 
34603.93 0.41 0.0 
34664.16 0.40 0.0 
35459.26 0.53 0.0 
36047.63 0.56 0.0 
36496.97 0.60 0.0 
36764.33 0.68 0.0 
36945.40 0.33 0.0 
36945.25 0.53 0.0 
37035.40 0.68 0.0 
37179.07 0.61 0.0 
37318.77 0.47 0.0 
37364.12 0.79 0.0 
37709.49 0.51 0.0 
37872.73 0.32 0.0 
37889.37 0.57 0.0 
37979.01 0.36 0.0 
38688.40 0.64 0.0 
39131.13 0.57 0.0 
39418.75 0.46 0.0 
39657.67 0.68 0.0 
39930.92 0.56 0.0 
40302.01 0.55 0.0 
40390.73 0.51 0.0 
40430.87 0.41 0.0 
40503.61 0.48 0.0 
41123.61 0.40 0.0 
41123.65 0.50 0.0 
41428.96 0.40 0.0 
42119.40 0.63 0.0 
42161.19 0.32 0.0 
42089.28 0.70 0.0 
42232.97 0.65 0.0 
42398.89 0.61 0.0 
42404.17 0.70 0.0 
42342.47 0.80 0.0 
42569.44 0.35 0.0 
42734.23 0.82 0.0 
43003.27 0.30 0.0 
44080.99 0.73 0.0 
44080.95 0.47 0.0 
44170.69 0.48 0.0 
44192.28 0.61 0.0 
44354.33 0.77 0.0 
44414.56 0.80 0.0 
44706.19 0.58 0.0 
44798.80 0.36 0.0 
44706.22 0.60 0.0 
44728.23 0.58 0.0 
44907.24 0.31 0.0 
44909.40 0.38 0.0 
45209.19 0.34 0.0 
45449.46 0.92 0.0 
45902.43 0.48 0.0 
45914.02 0.84 0.0 
46379.21 0.68 0.0 
46604.27 0.39 0.0 
47293.21 0.43 0.0 
47455.33 0.38 0.0 
47534.43 0.92 0.0 
48401.28 0.35 0.0 
48389.32 0.68 0.0 
48406.67 0.31 0.0 
48574.13 0.32 0.0 
48574.16 0.35 0.0 
48539.50 0.32 0.0 
48665.52 0.42 0.0 
48719.20 0.60 0.0 
48707.77 0.64 0.0 
48811.32 0.34 0.0 
49109.03 0.47 0.0 
49291.48 0.39 0.0 
49425.72 0.82 0.0 
49407.73 0.60 0.0 
49551.09 0.34 0.0 
49574.51 0.76 0.0 
49588.69 0.68 0.0 
49785.83 0.30 0.0 
50068.96 0.45 0.0 
50388.81 0.35 0.0 
50310.62 0.93 0.0 
50423.09 0.37 0.0 
50669.09 0.58 0.0 
51027.91 0.59 0.0 
51504.29 0.55 0.0 
51568.08 0.38 0.0 
52085.01 0.43 0.0 
52573.57 0.36 0.0 
52529.28 0.75 0.0 
52963.93 0.46 0.0 
53183.25 0.33 0.0 
53444.51 0.50 0.0 
53384.25 0.34 0.0 
53487.20 0.41 0.0 
54344.36 0.69 0.0 
54476.81 0.42 0.0 
54783.24 0.34 0.0 
54882.43 0.85 0.0 
55529.25 0.57 0.0 
55625.53 0.40 0.0 
55837.03 0.36 0.0 
55759.92 0.64 0.0 
55814.15 0.54 0.0 
56309.41 0.36 0.0 
56474.56 0.35 0.0 
56624.63 0.57 0.0 
56759.37 0.56 0.0 
56911.36 0.72 0.0 
56911.35 0.93 0.0 
57166.20 0.52 0.0 
57344.16 0.46 0.0 
57932.64 0.96 0.0 
57932.64 0.83 0.0 
58456.35 0.50 0.0 
58559.08 0.40 0.0 
58679.48 0.33 0.0 
59684.37 0.49 0.0 
59652.01 0.68 0.0 
59939.17 0.51 0.0 
60164.59 0.88 0.0 
60193.53 0.33 0.0 
61268.34 0.42 0.0 
62024.40 0.84 0.0 
62232.30 0.86 0.0 
62232.29 0.59 0.0 
62953.09 0.34 0.0 
63659.27 0.52 0.0 
63794.25 0.67 0.0 
63839.27 0.38 0.0 
65264.33 0.45 0.0 
65893.72 0.54 0.0 
65968.87 0.61 0.0 
66071.35 0.55 0.0 
66059.21 0.36 0.0 
66222.80 0.64 0.0 
66314.17 0.90 0.0 
66402.25 0.38 0.0 
66768.68 0.56 0.0 
66834.85 0.50 0.0 
66768.69 0.50 0.0 
68444.45 0.40 0.0 
69397.88 0.76 0.0 
69360.51 0.39 0.0 
70334.38 0.32 0.0 
70652.68 0.32 0.0 
70642.69 0.46 0.0 
71007.27 0.34 0.0 
71849.08 0.37 0.0 
72641.99 0.92 0.0 
72980.05 0.57 0.0 
73032.50 0.39 0.0 
73138.05 0.41 0.0 
73831.05 0.43 0.0 
73840.96 0.39 0.0 
75214.48 0.43 0.0 
75214.48 0.88 0.0 
75312.38 0.90 0.0 
75312.36 0.51 0.0 
75791.79 0.57 0.0 
76288.93 0.40 0.0 
76519.89 0.39 0.0 
76678.12 0.87 0.0 
76678.09 0.54 0.0 
76754.21 0.32 0.0 
76799.01 0.35 0.0 
77607.42 0.69 0.0 
77872.88 0.49 0.0 
77878.55 0.31 0.0 
78257.27 0.83 0.0 
78257.25 0.78 0.0 
78286.89 0.64 0.0 
78354.73 0.39 0.0 
78404.52 0.39 0.0 
78286.87 0.36 0.0 
78355.13 0.35 0.0 
78728.20 0.32 0.0 
78729.48 0.42 0.0 
78734.35 0.62 0.0 
78808.32 0.74 0.0 
79496.17 0.75 0.0 
79496.13 0.39 0.0 
79613.67 0.36 0.0 
79651.16 0.81 0.0 
79739.12 0.55 0.0 
79849.39 0.32 0.0 
79892.52 0.56 0.0 
79892.51 0.74 0.0 
80002.97 0.38 0.0 
80004.48 0.32 0.0 
80054.51 0.79 0.0 
80004.51 0.67 0.0 
80503.03 0.35 0.0 
80653.95 0.54 0.0 
80705.29 0.31 0.0 
81345.47 0.40 0.0 
81582.52 0.49 0.0 
81726.73 0.39 0.0 
81746.93 0.39 0.0 
81778.12 0.62 0.0 
81815.69 0.36 0.0 
81778.12 0.61 0.0 
81809.09 0.56 0.0 
81942.68 0.90 0.0 
82183.89 0.31 0.0 
82289.59 0.75 0.0 
82572.49 0.67 0.0 
82668.77 0.38 0.0 
82753.47 0.33 0.0 
83474.19 0.74 0.0 
83495.92 0.59 0.0 
84059.37 0.57 0.0 
84217.88 0.39 0.0 
84502.75 0.31 0.0 
84464.42 0.81 0.0 
84713.45 0.50 0.0 
84713.46 0.90 0.0 
84974.16 0.69 0.0 
85052.15 0.82 0.0 
85246.11 0.80 0.0 
85309.20 0.53 0.0 
85278.97 0.34 0.0 
85246.13 0.53 0.0 
85309.19 0.82 0.0 
85411.77 0.53 0.0 
85409.16 0.46 0.0 
85596.60 0.35 0.0 
85853.36 0.42 0.0 
85857.25 0.60 0.0 
86114.21 0.62 0.0 
86302.64 0.34 0.0 
86302.66 0.55 0.0 
