2867.41 0.30 0.0 
5323.24 0.33 0.0 
5759.37 0.31 0.0 
6206.45 0.39 0.0 
6944.16 0.31 0.0 
8888.67 0.43 0.0 
11253.93 0.34 0.0 
12523.40 0.65 0.0 
15011.85 0.40 0.0 
15254.53 0.33 0.0 
16724.51 0.44 0.0 
22874.49 0.51 0.0 
22975.25 0.40 0.0 
23098.15 0.72 0.0 
23174.40 0.79 0.0 
23369.04 0.35 0.0 
30243.29 0.45 0.0 
30243.27 0.55 0.0 
31172.63 0.34 0.0 
31889.56 0.38 0.0 
32943.45 0.38 0.0 
34083.03 0.39 0.0 
36839.38 0.52 0.0 
38649.80 0.32 0.0 
40514.49 0.93 0.0 
40574.31 0.75 0.0 
40649.51 0.59 0.0 
41669.09 0.36 0.0 
44608.92 0.81 0.0 
45360.71 0.38 0.0 
47818.63 0.76 0.0 
50339.56 0.77 0.0 
50376.21 0.48 0.0 
50376.16 0.32 0.0 
50928.06 0.35 0.0 
52901.04 0.47 0.0 
52995.52 0.32 0.0 
55946.63 0.42 0.0 
57344.45 0.31 0.0 
57569.27 0.40 0.0 
60179.58 0.87 0.0 
62402.95 0.34 0.0 
62391.86 0.45 0.0 
63251.49 0.60 0.0 
65140.79 0.39 0.0 
65414.28 0.39 0.0 
66884.40 0.72 0.0 
67214.16 0.30 0.0 
67874.57 0.50 0.0 
68698.67 0.69 0.0 
69026.71 0.50 0.0 
69820.67 0.62 0.0 
74414.08 0.42 0.0 
78688.96 0.39 0.0 
81669.41 0.35 0.0 
81727.77 0.30 0.0 
81727.81 0.52 0.0 
81885.36 0.36 0.0 
86218.52 0.43 0.0 
