673.99 0.76 0.0 
1556.05 0.32 0.0 
2464.45 0.68 0.0 
3794.13 0.43 0.0 
5129.08 0.70 0.0 
5327.69 0.45 0.0 
5366.73 0.32 0.0 
6609.33 0.55 0.0 
6891.93 0.42 0.0 
9173.09 0.33 0.0 
9174.24 0.34 0.0 
9579.15 0.46 0.0 
9728.52 0.34 0.0 
9805.79 0.42 0.0 
9805.83 0.87 0.0 
9941.29 0.58 0.0 
10013.57 0.59 0.0 
10527.79 0.33 0.0 
11351.49 0.35 0.0 
11307.96 0.45 0.0 
12311.65 0.42 0.0 
13288.60 0.39 0.0 
14982.72 0.45 0.0 
16360.49 0.67 0.0 
17563.23 0.82 0.0 
17680.71 0.36 0.0 
17611.81 0.37 0.0 
17804.17 0.57 0.0 
17935.53 0.43 0.0 
18713.53 0.42 0.0 
20428.56 0.58 0.0 
20534.47 0.78 0.0 
20922.69 0.35 0.0 
21310.73 0.56 0.0 
21790.31 0.52 0.0 
22379.51 0.46 0.0 
24792.64 0.36 0.0 
26138.89 0.82 0.0 
27831.37 0.50 0.0 
27953.25 0.35 0.0 
29052.89 0.40 0.0 
30958.33 0.50 0.0 
31416.36 0.46 0.0 
31659.68 0.42 0.0 
31955.39 0.53 0.0 
32682.95 0.61 0.0 
34769.09 0.40 0.0 
37527.88 0.65 0.0 
37467.39 0.40 0.0 
37851.01 0.32 0.0 
39070.48 0.50 0.0 
39281.17 0.33 0.0 
39673.09 0.54 0.0 
40882.16 0.44 0.0 
41229.49 0.33 0.0 
46339.44 0.51 0.0 
48208.04 0.41 0.0 
48231.52 0.30 0.0 
48344.36 0.34 0.0 
48463.85 0.61 0.0 
49679.49 0.33 0.0 
51116.17 0.53 0.0 
51868.49 0.75 0.0 
52079.11 0.31 0.0 
52192.16 0.52 0.0 
52587.07 0.31 0.0 
53464.21 0.46 0.0 
58030.08 0.41 0.0 
57987.17 0.65 0.0 
58119.24 0.32 0.0 
60641.57 0.35 0.0 
62007.91 0.42 0.0 
63341.97 0.41 0.0 
64327.09 0.34 0.0 
65404.97 0.58 0.0 
65404.96 0.40 0.0 
66389.09 0.36 0.0 
66331.03 0.31 0.0 
66790.29 0.57 0.0 
67147.85 0.40 0.0 
68828.23 0.31 0.0 
68922.75 0.43 0.0 
68997.85 0.36 0.0 
69102.09 0.46 0.0 
69160.27 0.38 0.0 
70178.77 0.44 0.0 
70362.52 0.36 0.0 
71386.39 0.40 0.0 
71386.43 0.32 0.0 
71502.60 0.41 0.0 
71990.41 0.31 0.0 
73079.51 0.80 0.0 
73234.17 0.46 0.0 
73234.21 0.54 0.0 
74005.37 0.46 0.0 
75127.57 0.34 0.0 
75488.87 0.69 0.0 
75821.33 0.33 0.0 
75957.61 0.35 0.0 
76118.37 0.44 0.0 
78208.64 0.35 0.0 
78365.92 0.61 0.0 
78365.92 0.70 0.0 
78598.04 0.39 0.0 
79628.73 0.34 0.0 
80171.04 0.31 0.0 
81177.85 0.40 0.0 
81160.40 0.81 0.0 
81431.05 0.36 0.0 
81493.73 0.38 0.0 
82557.25 0.52 0.0 
83187.11 0.41 0.0 
84178.25 0.40 0.0 
84879.93 0.31 0.0 
84838.41 0.39 0.0 
85574.17 0.74 0.0 
85974.88 0.33 0.0 
85949.29 0.43 0.0 
