351.39 0.52 0.0 
654.41 0.71 0.0 
459.40 0.35 0.0 
1461.43 0.86 0.0 
2881.81 0.31 0.0 
3210.56 0.43 0.0 
3486.88 0.68 0.0 
4202.44 0.72 0.0 
4490.84 0.43 0.0 
4490.75 0.49 0.0 
4202.44 0.63 0.0 
5456.71 0.47 0.0 
5472.32 0.44 0.0 
5833.17 0.36 0.0 
8378.68 0.76 0.0 
8514.37 0.35 0.0 
8378.72 0.58 0.0 
9869.04 0.45 0.0 
10386.08 0.42 0.0 
10123.01 0.68 0.0 
10797.28 0.62 0.0 
10876.23 0.32 0.0 
10795.61 0.34 0.0 
11711.93 0.42 0.0 
11711.64 0.35 0.0 
12640.23 0.71 0.0 
13585.85 0.36 0.0 
13919.59 0.33 0.0 
14226.20 0.78 0.0 
14331.49 0.40 0.0 
14331.41 0.39 0.0 
14570.07 0.89 0.0 
15654.04 0.37 0.0 
16520.32 0.81 0.0 
16520.27 0.37 0.0 
17231.43 0.60 0.0 
17878.16 0.66 0.0 
17878.23 0.45 0.0 
18487.92 0.47 0.0 
18487.96 0.82 0.0 
18606.17 0.34 0.0 
19222.76 0.80 0.0 
19284.21 0.42 0.0 
19284.17 0.55 0.0 
19842.68 0.66 0.0 
20096.24 0.34 0.0 
19842.69 0.46 0.0 
21194.53 0.38 0.0 
21528.76 0.32 0.0 
21529.68 0.56 0.0 
21813.61 0.40 0.0 
21813.60 0.36 0.0 
22514.28 0.72 0.0 
22734.35 0.34 0.0 
22736.81 0.34 0.0 
22736.83 0.52 0.0 
22859.71 0.35 0.0 
23303.99 0.31 0.0 
23350.55 0.55 0.0 
24935.07 0.77 0.0 
25469.23 0.54 0.0 
25521.01 0.36 0.0 
25627.60 0.82 0.0 
25627.55 0.57 0.0 
25803.01 0.37 0.0 
26915.39 0.44 0.0 
27513.56 0.67 0.0 
28873.20 0.42 0.0 
29465.21 0.46 0.0 
29652.84 0.38 0.0 
30957.07 0.60 0.0 
30957.13 0.56 0.0 
32142.73 0.31 0.0 
32482.15 0.36 0.0 
32546.72 0.66 0.0 
32904.43 0.88 0.0 
32965.49 0.35 0.0 
32904.48 0.54 0.0 
33628.92 0.36 0.0 
33924.85 0.42 0.0 
33988.24 0.65 0.0 
33915.83 0.71 0.0 
34168.35 0.61 0.0 
34547.19 0.81 0.0 
34547.18 0.72 0.0 
36004.95 0.54 0.0 
36782.71 0.42 0.0 
37083.44 0.62 0.0 
37154.92 0.47 0.0 
37083.40 0.78 0.0 
37857.41 0.33 0.0 
38314.57 0.55 0.0 
39025.95 0.40 0.0 
39277.35 0.89 0.0 
39381.73 0.37 0.0 
39745.05 0.42 0.0 
39986.93 0.63 0.0 
39923.22 0.64 0.0 
40097.60 0.57 0.0 
39986.96 0.68 0.0 
40097.59 0.71 0.0 
41475.25 0.34 0.0 
42027.12 0.48 0.0 
41734.41 0.32 0.0 
41734.89 0.73 0.0 
43025.29 0.35 0.0 
43689.28 0.57 0.0 
43723.99 0.32 0.0 
43662.23 0.31 0.0 
43693.63 0.63 0.0 
44562.40 0.35 0.0 
44562.39 0.92 0.0 
44860.45 0.40 0.0 
45417.43 0.40 0.0 
45416.95 0.47 0.0 
45667.75 0.44 0.0 
45352.84 0.43 0.0 
45682.13 0.32 0.0 
46463.43 0.39 0.0 
46632.25 0.38 0.0 
47293.15 0.68 0.0 
48024.72 0.35 0.0 
48074.04 0.51 0.0 
48290.04 0.43 0.0 
48024.70 0.40 0.0 
48501.76 0.67 0.0 
48501.76 0.71 0.0 
48584.13 0.47 0.0 
48248.53 0.38 0.0 
48741.43 0.60 0.0 
49915.21 0.39 0.0 
50616.31 0.86 0.0 
51385.19 0.88 0.0 
51531.77 0.32 0.0 
51385.19 0.56 0.0 
51756.75 0.83 0.0 
52458.27 0.69 0.0 
52793.85 0.45 0.0 
53545.16 0.58 0.0 
53548.69 0.38 0.0 
53316.53 0.82 0.0 
53545.16 0.44 0.0 
54621.11 0.75 0.0 
55391.67 0.35 0.0 
55887.29 0.32 0.0 
61535.47 0.35 0.0 
71506.56 0.95 0.0 
71506.55 0.95 0.0 
78203.98 0.80 0.0 
78313.12 0.35 0.0 
79721.31 0.34 0.0 
82586.84 0.30 0.0 
82479.89 0.38 0.0 
83046.77 0.55 0.0 
83140.15 0.50 0.0 
83769.21 0.39 0.0 
83046.73 0.54 0.0 
84694.75 0.72 0.0 
85298.85 0.35 0.0 
85732.73 0.39 0.0 
85677.90 0.93 0.0 
85427.49 0.38 0.0 
85677.87 0.34 0.0 
86291.95 0.81 0.0 
