419.11 0.63 0.0 
654.37 0.65 0.0 
1461.42 0.78 0.0 
1817.69 0.78 0.0 
2270.24 0.45 0.0 
2520.74 0.82 0.0 
2270.27 0.63 0.0 
2520.77 0.33 0.0 
3486.90 0.70 0.0 
3106.37 0.58 0.0 
4138.75 0.37 0.0 
4138.71 0.48 0.0 
4215.87 0.33 0.0 
5462.16 0.75 0.0 
5462.21 0.63 0.0 
5882.73 0.49 0.0 
6153.07 0.43 0.0 
6962.18 0.85 0.0 
6962.21 0.49 0.0 
7410.90 0.76 0.0 
8115.43 0.53 0.0 
8900.38 0.82 0.0 
9396.33 0.43 0.0 
9408.01 0.60 0.0 
9408.02 0.79 0.0 
9111.75 0.34 0.0 
9868.99 0.31 0.0 
10123.03 0.75 0.0 
9869.03 0.70 0.0 
10369.56 0.62 0.0 
10369.57 0.53 0.0 
10689.47 0.44 0.0 
10797.34 0.37 0.0 
10797.28 0.82 0.0 
11250.95 0.30 0.0 
11259.74 0.83 0.0 
11259.72 0.83 0.0 
11646.78 0.78 0.0 
12030.98 0.81 0.0 
11646.79 0.63 0.0 
12640.23 0.62 0.0 
12915.95 0.44 0.0 
12915.92 0.84 0.0 
13368.15 0.65 0.0 
14226.18 0.85 0.0 
13906.00 0.89 0.0 
14570.07 0.84 0.0 
14961.92 0.56 0.0 
14861.07 0.34 0.0 
14961.92 0.80 0.0 
15654.04 0.57 0.0 
15654.09 0.50 0.0 
16458.65 0.36 0.0 
16458.61 0.80 0.0 
16189.27 0.31 0.0 
17755.74 0.62 0.0 
19222.78 0.86 0.0 
18947.67 0.43 0.0 
19848.36 0.39 0.0 
19848.36 0.49 0.0 
21467.54 0.74 0.0 
21622.45 0.33 0.0 
21908.99 0.56 0.0 
21467.55 0.67 0.0 
24935.12 0.78 0.0 
25469.32 0.64 0.0 
25803.02 0.72 0.0 
26243.52 0.58 0.0 
26451.24 0.78 0.0 
26451.24 0.85 0.0 
26570.49 0.64 0.0 
26570.47 0.48 0.0 
26243.48 0.65 0.0 
26866.26 0.62 0.0 
27171.18 0.33 0.0 
27171.17 0.79 0.0 
26866.24 0.79 0.0 
27570.63 0.33 0.0 
28824.67 0.50 0.0 
28824.64 0.73 0.0 
30896.19 0.40 0.0 
31860.08 0.73 0.0 
32040.90 0.81 0.0 
32144.51 0.66 0.0 
32144.46 0.81 0.0 
33570.58 0.84 0.0 
33570.61 0.36 0.0 
33924.80 0.35 0.0 
33924.80 0.79 0.0 
34918.96 0.60 0.0 
35373.70 0.70 0.0 
35500.67 0.31 0.0 
36004.98 0.71 0.0 
36439.67 0.46 0.0 
36005.00 0.38 0.0 
36439.64 0.82 0.0 
36787.63 0.47 0.0 
37089.70 0.84 0.0 
37442.46 0.76 0.0 
37089.72 0.85 0.0 
37857.39 0.33 0.0 
37857.42 0.61 0.0 
37442.47 0.45 0.0 
37795.75 0.33 0.0 
39277.36 0.81 0.0 
39566.49 0.37 0.0 
39454.11 0.32 0.0 
39587.07 0.32 0.0 
39923.24 0.47 0.0 
40576.03 0.49 0.0 
40294.84 0.83 0.0 
40294.86 0.60 0.0 
40575.99 0.54 0.0 
40876.76 0.57 0.0 
40941.84 0.63 0.0 
40876.74 0.81 0.0 
41416.59 0.61 0.0 
40788.27 0.30 0.0 
41416.54 0.78 0.0 
41605.91 0.30 0.0 
41517.75 0.50 0.0 
41605.88 0.58 0.0 
43724.25 0.60 0.0 
43680.67 0.53 0.0 
43693.64 0.70 0.0 
43725.52 0.49 0.0 
44562.45 0.55 0.0 
44236.55 0.30 0.0 
44622.71 0.30 0.0 
45667.71 0.50 0.0 
45352.87 0.57 0.0 
46305.52 0.75 0.0 
46305.50 0.85 0.0 
47085.51 0.32 0.0 
47293.20 0.82 0.0 
48033.85 0.67 0.0 
48033.83 0.44 0.0 
48751.37 0.44 0.0 
48436.12 0.80 0.0 
48930.19 0.31 0.0 
49074.43 0.33 0.0 
49074.38 0.82 0.0 
49548.35 0.55 0.0 
49965.67 0.41 0.0 
49548.32 0.75 0.0 
50616.34 0.77 0.0 
51537.04 0.41 0.0 
51756.78 0.74 0.0 
52128.07 0.74 0.0 
52337.39 0.41 0.0 
52337.40 0.72 0.0 
52681.38 0.56 0.0 
52458.30 0.65 0.0 
53316.55 0.80 0.0 
52681.35 0.47 0.0 
53548.73 0.48 0.0 
53548.75 0.66 0.0 
54621.14 0.80 0.0 
55437.24 0.81 0.0 
55530.42 0.43 0.0 
56024.46 0.51 0.0 
56481.98 0.36 0.0 
71511.86 0.88 0.0 
71511.86 0.88 0.0 
78251.59 0.41 0.0 
78203.99 0.86 0.0 
79721.31 0.52 0.0 
80853.70 0.76 0.0 
80853.68 0.81 0.0 
81876.99 0.69 0.0 
82602.63 0.35 0.0 
82602.61 0.47 0.0 
83663.39 0.56 0.0 
83140.27 0.40 0.0 
83364.48 0.70 0.0 
83049.59 0.41 0.0 
83663.40 0.79 0.0 
83869.31 0.31 0.0 
84178.59 0.41 0.0 
83869.28 0.76 0.0 
84694.82 0.61 0.0 
84868.23 0.50 0.0 
85345.81 0.41 0.0 
85436.89 0.70 0.0 
85365.65 0.34 0.0 
86000.00 0.69 0.0 
85999.98 0.76 0.0 
86291.94 0.65 0.0 
85436.92 0.62 0.0 
85677.93 0.41 0.0 
