1102.81 0.35 0.0 
3231.60 0.32 0.0 
4270.33 0.35 0.0 
8279.58 0.62 0.0 
10254.97 0.54 0.0 
10708.48 0.56 0.0 
12163.59 0.38 0.0 
13259.12 0.42 0.0 
13399.27 0.31 0.0 
13259.08 0.35 0.0 
17300.01 0.33 0.0 
17572.59 0.47 0.0 
18208.88 0.36 0.0 
19062.99 0.66 0.0 
19900.15 0.64 0.0 
20140.41 0.55 0.0 
20140.45 0.58 0.0 
19509.80 0.31 0.0 
21328.97 0.60 0.0 
23097.93 0.35 0.0 
23173.51 0.35 0.0 
24763.21 0.55 0.0 
25318.57 0.32 0.0 
25024.29 0.38 0.0 
26208.33 0.43 0.0 
27476.80 0.44 0.0 
37437.61 0.42 0.0 
38208.77 0.62 0.0 
38950.05 0.54 0.0 
43243.52 0.38 0.0 
43702.81 0.56 0.0 
43702.76 0.45 0.0 
43738.99 0.35 0.0 
44054.04 0.42 0.0 
43739.04 0.45 0.0 
48163.65 0.40 0.0 
50548.51 0.44 0.0 
51265.29 0.39 0.0 
52902.81 0.37 0.0 
53248.28 0.36 0.0 
54972.64 0.71 0.0 
57864.07 0.65 0.0 
65995.21 0.30 0.0 
67154.21 0.40 0.0 
71510.19 0.52 0.0 
71510.16 0.36 0.0 
