2457.41 0.31 0.0 
14559.56 0.81 0.0 
14742.20 0.39 0.0 
16573.15 0.41 0.0 
22872.08 0.79 0.0 
22183.37 0.53 0.0 
22872.05 0.66 0.0 
32457.57 0.45 0.0 
32668.85 0.47 0.0 
35623.91 0.36 0.0 
37618.44 0.44 0.0 
39389.57 0.54 0.0 
43666.85 0.60 0.0 
43678.52 0.53 0.0 
43666.96 0.76 0.0 
43763.75 0.73 0.0 
45426.24 0.69 0.0 
45426.19 0.79 0.0 
47171.81 0.32 0.0 
49931.87 0.69 0.0 
50428.79 0.35 0.0 
52595.04 0.86 0.0 
52619.56 0.42 0.0 
52619.61 0.47 0.0 
52595.04 0.89 0.0 
52690.28 0.72 0.0 
53290.88 0.57 0.0 
61603.60 0.37 0.0 
64019.32 0.70 0.0 
