523.62 0.88 0.0 
314.08 0.75 0.0 
5878.80 0.62 0.0 
6283.92 0.65 0.0 
7765.86 0.98 0.0 
7765.86 0.98 0.0 
8973.64 0.36 0.0 
10201.77 0.47 0.0 
10798.53 0.69 0.0 
14754.69 0.36 0.0 
15193.21 0.48 0.0 
17262.91 0.32 0.0 
16942.16 0.55 0.0 
21763.72 0.90 0.0 
27031.44 0.31 0.0 
26638.37 0.61 0.0 
27798.93 0.33 0.0 
27887.58 0.40 0.0 
28583.57 0.49 0.0 
29193.64 0.67 0.0 
28946.11 0.39 0.0 
28993.64 0.75 0.0 
29549.97 0.48 0.0 
30613.35 0.45 0.0 
32179.15 0.46 0.0 
32170.99 0.33 0.0 
32179.12 0.47 0.0 
32171.07 0.36 0.0 
34708.89 0.32 0.0 
39508.83 0.60 0.0 
39838.53 0.41 0.0 
40243.84 0.56 0.0 
41667.03 0.38 0.0 
43699.69 0.44 0.0 
43678.87 0.95 0.0 
44361.03 0.53 0.0 
43678.87 0.95 0.0 
48569.59 0.44 0.0 
49993.99 0.33 0.0 
54332.08 0.30 0.0 
55064.20 0.76 0.0 
55889.51 0.35 0.0 
65577.47 0.37 0.0 
64812.67 0.70 0.0 
65682.41 0.38 0.0 
70229.08 0.68 0.0 
72844.85 0.30 0.0 
73199.39 0.36 0.0 
78751.47 0.54 0.0 
80336.84 0.35 0.0 
81509.01 0.48 0.0 
