7048.64 0.57 0.0 
8351.12 0.50 0.0 
11638.23 0.46 0.0 
11320.67 0.87 0.0 
12320.99 0.65 0.0 
12329.03 0.40 0.0 
13542.69 0.78 0.0 
14369.21 0.44 0.0 
14354.51 0.65 0.0 
14967.01 0.33 0.0 
14308.28 0.33 0.0 
14817.31 0.35 0.0 
18177.83 0.56 0.0 
20396.95 0.32 0.0 
21194.17 0.35 0.0 
23245.32 0.31 0.0 
26035.91 0.83 0.0 
27366.89 0.41 0.0 
27366.92 0.51 0.0 
27850.64 0.72 0.0 
28094.48 0.76 0.0 
28198.20 0.35 0.0 
28253.48 0.39 0.0 
28209.16 0.37 0.0 
29222.36 0.34 0.0 
29698.94 0.32 0.0 
29741.71 0.41 0.0 
31736.31 0.79 0.0 
33449.20 0.31 0.0 
34198.57 0.69 0.0 
35086.20 0.50 0.0 
35099.37 0.55 0.0 
36626.63 0.33 0.0 
37802.49 0.31 0.0 
37802.47 0.64 0.0 
37602.81 0.42 0.0 
38774.03 0.51 0.0 
39609.65 0.53 0.0 
41786.83 0.33 0.0 
46188.84 0.40 0.0 
51163.89 0.83 0.0 
51965.44 0.42 0.0 
54087.71 0.34 0.0 
55109.05 0.39 0.0 
61349.05 0.31 0.0 
65339.56 0.84 0.0 
68583.56 0.42 0.0 
68457.15 0.35 0.0 
71507.95 0.95 0.0 
71507.94 0.95 0.0 
80879.40 0.77 0.0 
80952.27 0.64 0.0 
84477.98 0.43 0.0 
84880.33 0.46 0.0 
85539.64 0.30 0.0 
