525.00 0.70 0.0 
6283.92 0.44 0.0 
7767.12 0.95 0.0 
7767.13 0.96 0.0 
15483.19 0.31 0.0 
26341.23 0.49 0.0 
26523.31 0.42 0.0 
28003.75 0.43 0.0 
30181.37 0.37 0.0 
30740.23 0.38 0.0 
31872.75 0.31 0.0 
31872.75 0.35 0.0 
32186.09 0.30 0.0 
34322.01 0.45 0.0 
37410.81 0.30 0.0 
42496.59 0.34 0.0 
42825.67 0.61 0.0 
43702.75 0.55 0.0 
43680.47 0.80 0.0 
43702.73 0.58 0.0 
43680.51 0.55 0.0 
44596.67 0.39 0.0 
45446.57 0.42 0.0 
49801.85 0.39 0.0 
59910.67 0.50 0.0 
73687.13 0.36 0.0 
79039.11 0.39 0.0 
