1177.85 0.57 0.0 
1177.81 0.44 0.0 
7381.15 0.33 0.0 
7965.87 0.44 0.0 
12322.67 0.30 0.0 
12977.09 0.50 0.0 
14310.43 0.30 0.0 
15195.89 0.38 0.0 
21932.35 0.31 0.0 
28211.95 0.52 0.0 
30857.12 0.64 0.0 
32490.63 0.30 0.0 
35089.42 0.67 0.0 
35236.31 0.35 0.0 
43745.45 0.63 0.0 
43745.35 0.43 0.0 
50881.73 0.30 0.0 
51159.87 0.41 0.0 
52726.63 0.39 0.0 
53720.48 0.44 0.0 
54150.65 0.33 0.0 
68506.47 0.32 0.0 
69062.90 0.48 0.0 
71514.01 0.91 0.0 
71514.00 0.91 0.0 
78858.87 0.32 0.0 
82952.98 0.36 0.0 
84888.79 0.41 0.0 
85225.01 0.58 0.0 
