1391.29 0.46 0.0 
3027.14 0.79 0.0 
4798.31 0.45 0.0 
5876.08 0.33 0.0 
7212.09 0.42 0.0 
9328.07 0.43 0.0 
10527.24 0.87 0.0 
10917.16 0.57 0.0 
12656.44 0.32 0.0 
13022.51 0.88 0.0 
13022.55 0.53 0.0 
19527.25 0.46 0.0 
22301.27 0.38 0.0 
25482.61 0.35 0.0 
43691.36 0.49 0.0 
43691.35 0.73 0.0 
44113.16 0.75 0.0 
45988.60 0.32 0.0 
50467.40 0.61 0.0 
51090.77 0.33 0.0 
52609.68 0.76 0.0 
52633.95 0.43 0.0 
52609.68 0.64 0.0 
52634.01 0.47 0.0 
52806.65 0.31 0.0 
52704.69 0.75 0.0 
52704.65 0.51 0.0 
52806.68 0.62 0.0 
68007.61 0.31 0.0 
80200.47 0.38 0.0 
81928.23 0.49 0.0 
82334.12 0.32 0.0 
84562.84 0.64 0.0 
84562.84 0.83 0.0 
84839.12 0.75 0.0 
86293.19 0.93 0.0 
86293.16 0.76 0.0 
