29.51 0.61 0.0 
3178.89 0.35 0.0 
3914.16 0.32 0.0 
5683.83 0.32 0.0 
5804.39 0.37 0.0 
8908.89 0.42 0.0 
11398.88 0.41 0.0 
11861.61 0.44 0.0 
13244.36 0.49 0.0 
13214.51 0.53 0.0 
14234.05 0.52 0.0 
14173.93 0.51 0.0 
15988.95 0.57 0.0 
15924.75 0.32 0.0 
16367.79 0.34 0.0 
16709.57 0.64 0.0 
16874.26 0.69 0.0 
16937.79 0.37 0.0 
16741.00 0.53 0.0 
21779.00 0.37 0.0 
22919.54 0.78 0.0 
22737.72 0.37 0.0 
22756.97 0.39 0.0 
24119.48 0.45 0.0 
27719.27 0.55 0.0 
30989.48 0.34 0.0 
31843.99 0.33 0.0 
34484.16 0.31 0.0 
37214.29 0.39 0.0 
38159.48 0.41 0.0 
41530.93 0.39 0.0 
43774.27 0.78 0.0 
44474.11 0.32 0.0 
44849.51 0.31 0.0 
45209.31 0.42 0.0 
47518.95 0.42 0.0 
50112.37 0.44 0.0 
51404.15 0.55 0.0 
51472.28 0.34 0.0 
51156.53 0.54 0.0 
52669.79 0.50 0.0 
52379.45 0.40 0.0 
52721.41 0.51 0.0 
52669.67 0.33 0.0 
52859.27 0.30 0.0 
54749.37 0.46 0.0 
55664.19 0.33 0.0 
62429.08 0.47 0.0 
68983.55 0.36 0.0 
69524.35 0.56 0.0 
70394.23 0.57 0.0 
71591.84 0.46 0.0 
71578.85 0.32 0.0 
74069.03 0.31 0.0 
74249.29 0.41 0.0 
74698.97 0.33 0.0 
78896.93 0.32 0.0 
79978.89 0.42 0.0 
81059.41 0.57 0.0 
83537.91 0.53 0.0 
