276.44 0.66 0.0 
344.51 0.35 0.0 
659.40 0.83 0.0 
728.16 0.38 0.0 
1094.16 0.39 0.0 
1586.64 0.86 0.0 
1654.84 0.30 0.0 
1721.01 0.38 0.0 
2383.16 0.53 0.0 
2740.60 0.32 0.0 
3042.89 0.41 0.0 
3287.00 0.53 0.0 
3287.01 0.36 0.0 
3567.56 0.38 0.0 
4015.47 0.43 0.0 
4015.51 0.47 0.0 
4169.53 0.43 0.0 
4610.07 0.73 0.0 
4885.07 0.42 0.0 
4853.80 0.45 0.0 
4853.75 0.35 0.0 
5244.57 0.40 0.0 
5240.32 0.32 0.0 
5244.57 0.32 0.0 
5211.24 0.73 0.0 
5211.19 0.68 0.0 
6703.53 0.36 0.0 
6741.47 0.31 0.0 
6659.16 0.62 0.0 
7109.52 0.51 0.0 
8654.48 0.53 0.0 
9134.00 0.34 0.0 
9387.27 0.37 0.0 
9455.25 0.45 0.0 
9455.24 0.52 0.0 
9798.65 0.54 0.0 
9658.24 0.53 0.0 
9658.24 0.87 0.0 
9941.76 0.60 0.0 
9833.36 0.39 0.0 
9839.04 0.35 0.0 
9989.49 0.76 0.0 
10040.65 0.64 0.0 
9941.71 0.62 0.0 
10295.20 0.63 0.0 
10295.20 0.77 0.0 
10572.09 0.65 0.0 
10647.87 0.47 0.0 
10904.56 0.44 0.0 
10946.28 0.32 0.0 
10874.46 0.31 0.0 
11883.63 0.58 0.0 
12196.49 0.31 0.0 
12203.17 0.35 0.0 
12535.03 0.31 0.0 
12989.40 0.49 0.0 
13048.22 0.83 0.0 
13033.96 0.49 0.0 
13484.38 0.31 0.0 
13664.56 0.33 0.0 
13573.78 0.36 0.0 
14231.83 0.40 0.0 
14677.91 0.38 0.0 
14698.41 0.34 0.0 
14816.15 0.43 0.0 
15749.35 0.51 0.0 
15989.39 0.77 0.0 
16201.07 0.49 0.0 
16528.78 0.81 0.0 
16514.27 0.75 0.0 
16949.57 0.76 0.0 
16993.93 0.47 0.0 
17494.11 0.37 0.0 
18693.65 0.40 0.0 
18765.04 0.86 0.0 
19124.48 0.34 0.0 
19042.61 0.42 0.0 
19512.07 0.60 0.0 
19948.80 0.39 0.0 
20143.29 0.47 0.0 
19993.84 0.57 0.0 
21027.08 0.40 0.0 
21163.24 0.71 0.0 
21203.84 0.90 0.0 
21203.84 0.85 0.0 
21323.16 0.85 0.0 
21323.17 0.81 0.0 
21442.40 0.39 0.0 
21854.19 0.36 0.0 
21793.92 0.34 0.0 
22574.17 0.83 0.0 
22828.19 0.36 0.0 
24093.55 0.39 0.0 
24206.88 0.57 0.0 
24539.04 0.68 0.0 
24937.81 0.43 0.0 
24957.51 0.36 0.0 
25587.72 0.40 0.0 
26830.32 0.66 0.0 
26830.33 0.94 0.0 
27079.41 0.37 0.0 
27079.41 0.47 0.0 
27314.15 0.53 0.0 
27693.31 0.33 0.0 
27835.19 0.36 0.0 
28423.64 0.74 0.0 
28482.95 0.31 0.0 
28307.63 0.33 0.0 
28533.53 0.35 0.0 
29658.73 0.44 0.0 
29658.77 0.38 0.0 
29802.04 0.89 0.0 
30038.97 0.34 0.0 
29802.03 0.31 0.0 
29910.27 0.35 0.0 
30253.32 0.38 0.0 
30388.00 0.31 0.0 
30372.68 0.36 0.0 
30884.32 0.80 0.0 
30794.49 0.67 0.0 
31086.31 0.47 0.0 
31495.40 0.55 0.0 
31617.99 0.52 0.0 
31938.11 0.35 0.0 
32084.43 0.74 0.0 
32128.40 0.75 0.0 
32927.60 0.34 0.0 
33566.07 0.34 0.0 
33566.07 0.76 0.0 
33391.67 0.39 0.0 
33836.63 0.72 0.0 
33836.59 0.36 0.0 
34064.25 0.58 0.0 
34582.12 0.33 0.0 
34844.59 0.66 0.0 
34797.61 0.38 0.0 
35113.93 0.42 0.0 
35219.07 0.35 0.0 
35759.15 0.44 0.0 
37049.60 0.88 0.0 
37148.84 0.51 0.0 
37413.08 0.41 0.0 
37413.08 0.37 0.0 
38218.93 0.62 0.0 
38564.09 0.40 0.0 
38779.59 0.34 0.0 
38909.35 0.75 0.0 
39733.71 0.74 0.0 
39865.81 0.39 0.0 
40003.64 0.71 0.0 
40438.51 0.80 0.0 
40725.85 0.35 0.0 
40991.31 0.76 0.0 
41294.22 0.78 0.0 
42464.36 0.61 0.0 
42314.51 0.44 0.0 
42629.53 0.32 0.0 
42985.87 0.59 0.0 
43185.60 0.49 0.0 
43604.64 0.36 0.0 
43649.40 0.35 0.0 
43687.41 0.33 0.0 
43631.63 0.60 0.0 
44045.64 0.33 0.0 
44689.03 0.36 0.0 
45029.51 0.30 0.0 
45268.56 0.30 0.0 
45317.60 0.30 0.0 
45443.67 0.32 0.0 
45466.23 0.38 0.0 
45443.55 0.36 0.0 
45839.16 0.73 0.0 
46154.44 0.34 0.0 
46952.87 0.39 0.0 
46903.38 0.91 0.0 
46903.37 0.50 0.0 
47084.53 0.79 0.0 
47191.99 0.44 0.0 
47129.60 0.42 0.0 
47489.35 0.59 0.0 
47593.13 0.41 0.0 
47890.89 0.68 0.0 
48161.75 0.57 0.0 
48317.49 0.37 0.0 
48194.24 0.35 0.0 
48523.17 0.32 0.0 
48762.49 0.55 0.0 
49347.81 0.74 0.0 
49664.37 0.31 0.0 
50054.57 0.80 0.0 
50178.49 0.45 0.0 
50834.32 0.42 0.0 
50999.21 0.30 0.0 
51127.12 0.48 0.0 
52630.87 0.85 0.0 
52701.52 0.84 0.0 
52673.28 0.86 0.0 
52673.28 0.68 0.0 
52606.58 0.93 0.0 
52630.87 0.90 0.0 
52701.48 0.51 0.0 
52606.58 0.95 0.0 
52754.20 0.68 0.0 
53562.87 0.82 0.0 
53831.65 0.65 0.0 
53831.68 0.89 0.0 
55409.47 0.51 0.0 
56084.59 0.39 0.0 
56200.68 0.45 0.0 
56173.96 0.58 0.0 
57730.99 0.33 0.0 
57434.60 0.53 0.0 
58003.96 0.35 0.0 
57538.12 0.30 0.0 
58091.87 0.34 0.0 
57787.42 0.31 0.0 
58383.21 0.52 0.0 
59173.71 0.31 0.0 
59139.07 0.32 0.0 
59139.08 0.31 0.0 
58979.27 0.57 0.0 
59214.96 0.43 0.0 
59686.46 0.35 0.0 
60117.53 0.35 0.0 
60074.56 0.40 0.0 
60050.87 0.41 0.0 
61305.48 0.34 0.0 
61424.45 0.63 0.0 
62004.79 0.31 0.0 
62608.95 0.53 0.0 
63071.05 0.63 0.0 
63809.58 0.70 0.0 
64333.94 0.56 0.0 
64149.92 0.47 0.0 
64389.16 0.35 0.0 
64890.39 0.37 0.0 
64979.28 0.64 0.0 
67365.43 0.35 0.0 
67588.41 0.67 0.0 
68167.56 0.37 0.0 
68624.11 0.49 0.0 
70783.77 0.47 0.0 
72208.60 0.70 0.0 
72179.44 0.68 0.0 
73333.19 0.37 0.0 
73151.73 0.54 0.0 
73626.43 0.42 0.0 
74774.53 0.40 0.0 
74848.78 0.51 0.0 
74445.49 0.39 0.0 
76004.25 0.82 0.0 
76895.64 0.50 0.0 
77609.26 0.92 0.0 
77190.49 0.48 0.0 
78838.80 0.36 0.0 
81464.48 0.48 0.0 
81914.51 0.45 0.0 
82174.43 0.31 0.0 
82174.48 0.71 0.0 
83489.53 0.41 0.0 
83264.24 0.44 0.0 
83639.60 0.36 0.0 
83953.21 0.40 0.0 
84700.93 0.44 0.0 
84549.29 0.37 0.0 
85332.49 0.31 0.0 
85153.87 0.41 0.0 
86328.41 0.60 0.0 
86328.41 0.46 0.0 
