9484.08 0.38 0.0 
11628.97 0.39 0.0 
11843.19 0.44 0.0 
14302.88 0.60 0.0 
14302.90 0.82 0.0 
14794.25 0.54 0.0 
16736.13 0.41 0.0 
24288.40 0.33 0.0 
26586.76 0.65 0.0 
26888.87 0.53 0.0 
27871.67 0.40 0.0 
29674.59 0.31 0.0 
29986.51 0.31 0.0 
32029.23 0.32 0.0 
32327.95 0.47 0.0 
34134.37 0.56 0.0 
37219.29 0.53 0.0 
40533.07 0.37 0.0 
42076.19 0.37 0.0 
42615.39 0.45 0.0 
42575.31 0.52 0.0 
43719.69 0.32 0.0 
44115.57 0.35 0.0 
48171.60 0.30 0.0 
51481.49 0.45 0.0 
53205.60 0.55 0.0 
55464.25 0.43 0.0 
55885.17 0.31 0.0 
59056.49 0.49 0.0 
60125.71 0.37 0.0 
60769.49 0.42 0.0 
61383.71 0.33 0.0 
62647.45 0.48 0.0 
62460.87 0.37 0.0 
62825.91 0.33 0.0 
64831.99 0.35 0.0 
65540.99 0.30 0.0 
66601.21 0.60 0.0 
68941.52 0.38 0.0 
69353.29 0.45 0.0 
71866.07 0.38 0.0 
72448.39 0.31 0.0 
72833.61 0.41 0.0 
72833.61 0.53 0.0 
73141.41 0.32 0.0 
73620.55 0.30 0.0 
73915.31 0.48 0.0 
75257.85 0.67 0.0 
75503.11 0.77 0.0 
75503.09 0.65 0.0 
75932.55 0.33 0.0 
77013.39 0.39 0.0 
79087.59 0.32 0.0 
79098.35 0.76 0.0 
79098.35 0.67 0.0 
81482.69 0.60 0.0 
81630.47 0.32 0.0 
83799.77 0.34 0.0 
85053.72 0.45 0.0 
