484.79 0.49 0.0 
484.75 0.57 0.0 
552.37 0.70 0.0 
1062.64 0.81 0.0 
1614.29 0.31 0.0 
2141.60 0.71 0.0 
2602.24 0.49 0.0 
3080.53 0.44 0.0 
3080.52 0.73 0.0 
3593.13 0.93 0.0 
3593.13 0.30 0.0 
3612.76 0.77 0.0 
3628.37 0.30 0.0 
3725.63 0.89 0.0 
3684.67 0.64 0.0 
3914.53 0.51 0.0 
3914.56 0.59 0.0 
4024.63 0.88 0.0 
3929.86 0.75 0.0 
4024.63 0.93 0.0 
3996.89 0.62 0.0 
3996.99 0.68 0.0 
4437.81 0.89 0.0 
4437.85 0.56 0.0 
4848.15 0.81 0.0 
4848.17 0.47 0.0 
5134.08 0.39 0.0 
5369.33 0.35 0.0 
6038.53 0.46 0.0 
6321.12 0.42 0.0 
6388.47 0.69 0.0 
6422.85 0.34 0.0 
6516.87 0.36 0.0 
6516.87 0.40 0.0 
6825.92 0.45 0.0 
6825.92 0.61 0.0 
7202.99 0.54 0.0 
7203.00 0.89 0.0 
7399.39 0.44 0.0 
7827.92 0.34 0.0 
7846.97 0.57 0.0 
7847.00 0.52 0.0 
7993.72 0.41 0.0 
8228.11 0.61 0.0 
8228.13 0.33 0.0 
8400.84 0.74 0.0 
8831.60 0.70 0.0 
8831.58 0.88 0.0 
8908.75 0.34 0.0 
9195.96 0.32 0.0 
9581.32 0.65 0.0 
9581.31 0.94 0.0 
9957.53 0.57 0.0 
10205.16 0.36 0.0 
10181.49 0.33 0.0 
11781.88 0.53 0.0 
11781.84 0.33 0.0 
12143.75 0.75 0.0 
12143.76 0.40 0.0 
12297.19 0.38 0.0 
12508.19 0.92 0.0 
12672.41 0.44 0.0 
12742.69 0.36 0.0 
12766.11 0.31 0.0 
12742.72 0.91 0.0 
12755.23 0.41 0.0 
12876.97 0.49 0.0 
13248.23 0.52 0.0 
13248.33 0.43 0.0 
13364.48 0.30 0.0 
13617.00 0.46 0.0 
14349.24 0.50 0.0 
14349.21 0.94 0.0 
14719.95 0.88 0.0 
14719.95 0.90 0.0 
15076.56 0.87 0.0 
15076.55 0.88 0.0 
15403.69 0.40 0.0 
15419.47 0.79 0.0 
16156.52 0.42 0.0 
16120.84 0.52 0.0 
16120.87 0.78 0.0 
16156.47 0.30 0.0 
16348.03 0.82 0.0 
16842.35 0.91 0.0 
16842.37 0.57 0.0 
17399.43 0.64 0.0 
17639.49 0.32 0.0 
17940.00 0.79 0.0 
18326.27 0.93 0.0 
18326.28 0.62 0.0 
18694.16 0.52 0.0 
19058.05 0.40 0.0 
19246.94 0.57 0.0 
19246.94 0.84 0.0 
19454.31 0.96 0.0 
19454.31 0.55 0.0 
19870.49 0.38 0.0 
20169.89 0.38 0.0 
20218.23 0.86 0.0 
20581.11 0.89 0.0 
20581.12 0.57 0.0 
20991.97 0.43 0.0 
21065.33 0.41 0.0 
21351.92 0.50 0.0 
22104.68 0.61 0.0 
22104.67 0.71 0.0 
22463.16 0.43 0.0 
22811.97 0.91 0.0 
22812.00 0.44 0.0 
22874.49 0.39 0.0 
23562.72 0.89 0.0 
23562.77 0.47 0.0 
23913.48 0.78 0.0 
23913.49 0.82 0.0 
24297.06 0.46 0.0 
24671.59 0.88 0.0 
24671.58 0.94 0.0 
25045.68 0.53 0.0 
25045.77 0.48 0.0 
25812.62 0.91 0.0 
26171.19 0.91 0.0 
26530.67 0.60 0.0 
26530.72 0.50 0.0 
26594.61 0.85 0.0 
26885.80 0.41 0.0 
27070.04 0.91 0.0 
27070.04 0.91 0.0 
27251.19 0.89 0.0 
27340.28 0.71 0.0 
27354.47 0.33 0.0 
27354.49 0.32 0.0 
27284.35 0.78 0.0 
27393.47 0.53 0.0 
27402.21 0.30 0.0 
27393.50 0.35 0.0 
28402.97 0.90 0.0 
28402.97 0.77 0.0 
28777.69 0.43 0.0 
28777.72 0.34 0.0 
29149.84 0.79 0.0 
29149.84 0.51 0.0 
29277.41 0.62 0.0 
29277.39 0.59 0.0 
29526.01 0.69 0.0 
29526.00 0.69 0.0 
29907.05 0.72 0.0 
30285.73 0.65 0.0 
30285.69 0.36 0.0 
30696.88 0.46 0.0 
30696.88 0.58 0.0 
31062.24 0.75 0.0 
31062.25 0.86 0.0 
31450.09 0.60 0.0 
31547.89 0.34 0.0 
31649.01 0.83 0.0 
31820.61 0.51 0.0 
31839.85 0.45 0.0 
31962.77 0.66 0.0 
32102.77 0.41 0.0 
32041.81 0.39 0.0 
31962.77 0.40 0.0 
32232.57 0.70 0.0 
32366.60 0.47 0.0 
32264.28 0.47 0.0 
32366.60 0.49 0.0 
32560.60 0.31 0.0 
32995.97 0.32 0.0 
33031.23 0.49 0.0 
33031.25 0.67 0.0 
33415.61 0.39 0.0 
33415.65 0.48 0.0 
33640.89 0.46 0.0 
33837.09 0.37 0.0 
33740.19 0.46 0.0 
33758.20 0.44 0.0 
33824.22 0.86 0.0 
33969.59 0.39 0.0 
33969.57 0.52 0.0 
34229.92 0.77 0.0 
34655.35 0.43 0.0 
35079.56 0.88 0.0 
35916.16 0.86 0.0 
36629.51 0.42 0.0 
36741.67 0.83 0.0 
36741.68 0.42 0.0 
37170.04 0.31 0.0 
37581.33 0.73 0.0 
37992.99 0.85 0.0 
38418.08 0.64 0.0 
38474.63 0.37 0.0 
38418.09 0.83 0.0 
38946.29 0.31 0.0 
39252.01 0.58 0.0 
39196.96 0.57 0.0 
39445.07 0.41 0.0 
39668.52 0.81 0.0 
39668.52 0.57 0.0 
40516.04 0.78 0.0 
40516.03 0.59 0.0 
40765.49 0.37 0.0 
40975.17 0.74 0.0 
41875.92 0.35 0.0 
42074.57 0.78 0.0 
42058.93 0.61 0.0 
42297.39 0.45 0.0 
43164.96 0.60 0.0 
43164.96 0.36 0.0 
43606.17 0.48 0.0 
43686.39 0.49 0.0 
43689.68 0.37 0.0 
43686.36 0.53 0.0 
44026.17 0.75 0.0 
44914.16 0.64 0.0 
45339.16 0.40 0.0 
45776.33 0.55 0.0 
45776.29 0.76 0.0 
46649.19 0.86 0.0 
46649.20 0.47 0.0 
47086.95 0.57 0.0 
47144.49 0.39 0.0 
47547.51 0.56 0.0 
47972.45 0.33 0.0 
48104.41 0.52 0.0 
48881.44 0.64 0.0 
49747.01 0.35 0.0 
50187.63 0.91 0.0 
51074.19 0.91 0.0 
52613.85 0.46 0.0 
52613.89 0.42 0.0 
52889.82 0.94 0.0 
53367.00 0.71 0.0 
55207.56 0.69 0.0 
55207.57 0.35 0.0 
55659.40 0.83 0.0 
56130.33 0.51 0.0 
57055.49 0.37 0.0 
57535.12 0.70 0.0 
57995.21 0.34 0.0 
57995.19 0.46 0.0 
58442.74 0.35 0.0 
58903.31 0.91 0.0 
59363.93 0.84 0.0 
61221.56 0.47 0.0 
61221.53 0.52 0.0 
62622.44 0.71 0.0 
62622.42 0.87 0.0 
63091.36 0.75 0.0 
63091.36 0.69 0.0 
63573.56 0.57 0.0 
63573.58 0.46 0.0 
64026.80 0.72 0.0 
64525.60 0.62 0.0 
65009.09 0.94 0.0 
65527.42 0.40 0.0 
66498.44 0.82 0.0 
66498.44 0.80 0.0 
66990.29 0.41 0.0 
66990.33 0.78 0.0 
67490.05 0.31 0.0 
67983.87 0.39 0.0 
68462.49 0.56 0.0 
68462.53 0.36 0.0 
69432.64 0.57 0.0 
69432.63 0.93 0.0 
69907.44 0.72 0.0 
70382.68 0.37 0.0 
70904.33 0.43 0.0 
70904.35 0.90 0.0 
71386.03 0.47 0.0 
72432.73 0.31 0.0 
73448.76 0.73 0.0 
73499.57 0.68 0.0 
73943.04 0.59 0.0 
74997.66 0.67 0.0 
75486.64 0.45 0.0 
76020.53 0.33 0.0 
76020.55 0.41 0.0 
76549.07 0.41 0.0 
77581.67 0.63 0.0 
77581.68 0.78 0.0 
78609.92 0.73 0.0 
79133.07 0.44 0.0 
80172.47 0.94 0.0 
81265.17 0.65 0.0 
81715.43 0.85 0.0 
81715.40 0.88 0.0 
81769.59 0.66 0.0 
81768.32 0.36 0.0 
82367.16 0.72 0.0 
82903.46 0.92 0.0 
83437.81 0.56 0.0 
83437.87 0.30 0.0 
83993.25 0.47 0.0 
84550.12 0.67 0.0 
85047.19 0.80 0.0 
85087.36 0.92 0.0 
85087.36 0.48 0.0 
86193.89 0.33 0.0 
86193.91 0.42 0.0 
