486.62 0.83 0.0 
486.63 0.80 0.0 
3082.87 0.35 0.0 
3082.87 0.73 0.0 
3407.45 0.41 0.0 
3593.79 0.59 0.0 
3629.00 0.80 0.0 
3725.65 0.77 0.0 
3631.19 0.45 0.0 
3917.53 0.43 0.0 
3924.84 0.71 0.0 
3842.51 0.65 0.0 
3937.13 0.53 0.0 
4027.86 0.69 0.0 
3917.57 0.39 0.0 
3924.85 0.68 0.0 
3929.97 0.44 0.0 
4019.97 0.48 0.0 
4027.86 0.82 0.0 
4000.29 0.50 0.0 
4000.30 0.56 0.0 
5279.19 0.40 0.0 
5296.42 0.62 0.0 
6518.75 0.41 0.0 
6518.78 0.73 0.0 
7400.87 0.69 0.0 
7849.41 0.43 0.0 
8231.88 0.41 0.0 
8166.50 0.43 0.0 
8231.91 0.43 0.0 
8404.15 0.34 0.0 
9452.71 0.33 0.0 
9557.55 0.33 0.0 
9584.75 0.33 0.0 
10014.08 0.43 0.0 
11087.23 0.32 0.0 
12031.55 0.33 0.0 
12744.88 0.33 0.0 
12744.88 0.82 0.0 
14723.44 0.47 0.0 
14723.43 0.71 0.0 
15080.15 0.32 0.0 
15424.28 0.56 0.0 
16123.20 0.31 0.0 
16123.20 0.75 0.0 
16845.87 0.42 0.0 
17940.63 0.37 0.0 
18326.97 0.32 0.0 
18391.27 0.42 0.0 
19247.01 0.51 0.0 
19413.07 0.68 0.0 
19457.73 0.43 0.0 
19716.21 0.44 0.0 
19716.17 0.45 0.0 
19894.85 0.39 0.0 
20172.33 0.36 0.0 
21065.71 0.33 0.0 
21689.39 0.31 0.0 
22105.25 0.46 0.0 
23563.33 0.33 0.0 
25816.09 0.37 0.0 
26534.27 0.51 0.0 
27331.79 0.37 0.0 
27284.36 0.68 0.0 
27393.63 0.49 0.0 
28406.66 0.84 0.0 
28406.68 0.72 0.0 
29529.52 0.33 0.0 
29625.81 0.42 0.0 
29886.37 0.47 0.0 
30932.36 0.38 0.0 
31275.91 0.41 0.0 
31556.81 0.33 0.0 
31824.03 0.44 0.0 
32297.05 0.33 0.0 
32369.35 0.30 0.0 
33911.05 0.38 0.0 
33931.19 0.31 0.0 
33935.27 0.36 0.0 
33946.54 0.59 0.0 
33970.03 0.48 0.0 
33855.50 0.75 0.0 
33970.05 0.52 0.0 
36586.79 0.33 0.0 
36586.80 0.74 0.0 
37636.99 0.86 0.0 
39450.46 0.69 0.0 
39436.94 0.88 0.0 
39450.09 0.41 0.0 
39671.43 0.31 0.0 
42631.44 0.79 0.0 
43725.43 0.38 0.0 
43718.29 0.53 0.0 
43718.33 0.68 0.0 
52616.61 0.43 0.0 
54811.96 0.48 0.0 
59366.51 0.40 0.0 
59867.04 0.39 0.0 
62206.31 0.35 0.0 
62624.89 0.52 0.0 
64029.15 0.35 0.0 
64029.15 0.36 0.0 
66022.09 0.36 0.0 
66022.09 0.44 0.0 
69434.91 0.39 0.0 
69909.61 0.54 0.0 
81576.81 0.56 0.0 
81717.72 0.58 0.0 
81770.11 0.61 0.0 
81770.08 0.85 0.0 
82903.71 0.35 0.0 
85047.25 0.53 0.0 
