684.15 0.72 0.0 
3818.85 0.35 0.0 
6973.56 0.39 0.0 
7661.87 0.75 0.0 
7661.89 0.54 0.0 
8210.89 0.31 0.0 
8412.29 0.48 0.0 
8383.92 0.43 0.0 
10163.83 0.55 0.0 
10718.32 0.40 0.0 
11448.24 0.31 0.0 
11448.20 0.67 0.0 
11668.23 0.61 0.0 
12190.59 0.46 0.0 
12371.48 0.60 0.0 
12896.12 0.75 0.0 
12957.75 0.93 0.0 
12957.76 0.97 0.0 
13668.19 0.77 0.0 
13668.17 0.57 0.0 
14218.66 0.96 0.0 
14218.65 0.95 0.0 
14560.65 0.48 0.0 
14560.68 0.43 0.0 
15385.61 0.31 0.0 
16287.47 0.98 0.0 
16287.46 0.98 0.0 
16424.48 0.32 0.0 
17758.76 0.78 0.0 
17919.69 0.30 0.0 
18177.89 0.33 0.0 
18522.51 0.51 0.0 
19318.89 0.61 0.0 
22160.40 0.45 0.0 
22160.42 0.66 0.0 
22149.92 0.34 0.0 
26831.79 0.43 0.0 
27133.89 0.37 0.0 
27261.91 0.90 0.0 
27261.92 0.92 0.0 
34542.27 0.81 0.0 
34922.99 0.33 0.0 
47016.69 0.46 0.0 
50202.77 0.30 0.0 
50649.67 0.64 0.0 
52390.11 0.69 0.0 
62861.64 0.46 0.0 
83338.23 0.72 0.0 
