684.18 0.76 0.0 
1444.81 0.69 0.0 
2029.31 0.37 0.0 
4106.51 0.42 0.0 
8210.99 0.50 0.0 
8781.01 0.59 0.0 
10163.79 0.70 0.0 
10050.81 0.34 0.0 
10720.79 0.31 0.0 
11462.54 0.75 0.0 
11449.63 0.36 0.0 
11449.59 0.43 0.0 
11462.51 0.59 0.0 
11668.27 0.36 0.0 
12555.74 0.65 0.0 
12384.63 0.32 0.0 
12896.15 0.38 0.0 
13681.41 0.43 0.0 
13681.42 0.72 0.0 
14225.65 0.70 0.0 
14573.45 0.47 0.0 
15378.03 0.34 0.0 
15378.05 0.52 0.0 
16292.33 0.74 0.0 
16292.29 0.70 0.0 
17776.90 0.68 0.0 
18738.33 0.40 0.0 
18738.30 0.59 0.0 
18952.13 0.46 0.0 
19309.99 0.40 0.0 
19323.18 0.50 0.0 
19323.18 0.59 0.0 
19309.97 0.43 0.0 
22160.38 0.34 0.0 
22162.25 0.60 0.0 
24756.50 0.57 0.0 
27317.98 0.65 0.0 
27136.95 0.37 0.0 
27136.92 0.72 0.0 
28230.91 0.43 0.0 
34542.27 0.32 0.0 
34822.30 0.64 0.0 
36124.61 0.56 0.0 
36124.62 0.76 0.0 
39512.32 0.80 0.0 
39512.31 0.45 0.0 
39932.43 0.38 0.0 
39932.41 0.77 0.0 
40324.76 0.65 0.0 
48590.55 0.53 0.0 
49548.37 0.40 0.0 
50649.70 0.77 0.0 
51410.29 0.63 0.0 
52390.17 0.64 0.0 
55450.73 0.30 0.0 
62988.58 0.57 0.0 
80974.82 0.75 0.0 
84681.31 0.61 0.0 
84681.32 0.62 0.0 
86307.79 0.42 0.0 
