448.80 0.47 0.0 
2578.15 0.52 0.0 
3533.52 0.48 0.0 
5234.21 0.31 0.0 
5863.85 0.50 0.0 
7266.29 0.39 0.0 
7686.53 0.34 0.0 
8187.13 0.31 0.0 
10452.15 0.94 0.0 
10695.20 0.41 0.0 
10452.15 0.95 0.0 
10791.64 0.45 0.0 
10903.57 0.39 0.0 
11433.53 0.97 0.0 
11251.05 0.34 0.0 
11267.28 0.48 0.0 
11267.33 0.53 0.0 
11251.08 0.43 0.0 
11433.53 0.97 0.0 
12826.80 0.82 0.0 
12838.56 0.51 0.0 
12826.79 0.91 0.0 
12815.83 0.36 0.0 
13033.19 0.68 0.0 
14099.45 0.41 0.0 
14228.36 0.68 0.0 
14550.25 0.79 0.0 
14561.05 0.30 0.0 
14228.31 0.55 0.0 
14561.03 0.34 0.0 
15699.87 0.44 0.0 
16005.69 0.49 0.0 
16005.60 0.48 0.0 
16619.45 0.35 0.0 
16768.55 0.53 0.0 
17337.71 0.31 0.0 
17753.36 0.62 0.0 
17753.37 0.41 0.0 
17837.68 0.41 0.0 
17837.64 0.63 0.0 
18292.45 0.42 0.0 
18292.44 0.61 0.0 
19258.97 0.46 0.0 
19305.24 0.46 0.0 
19643.15 0.35 0.0 
21497.32 0.98 0.0 
21497.32 0.99 0.0 
22183.53 0.79 0.0 
23559.20 0.46 0.0 
25484.51 0.34 0.0 
27270.23 0.67 0.0 
27292.97 0.76 0.0 
27270.15 0.38 0.0 
27292.99 0.85 0.0 
33804.99 0.79 0.0 
33816.00 0.70 0.0 
33805.00 0.60 0.0 
33815.93 0.68 0.0 
34557.93 0.30 0.0 
36051.93 0.55 0.0 
36051.97 0.45 0.0 
52361.91 0.47 0.0 
58079.44 0.69 0.0 
61393.91 0.55 0.0 
66075.07 0.50 0.0 
80016.53 0.47 0.0 
81523.93 0.41 0.0 
