1226.62 0.37 0.0 
1226.65 0.49 0.0 
10119.23 0.32 0.0 
10454.10 0.70 0.0 
10454.16 0.69 0.0 
10793.96 0.51 0.0 
11435.49 0.67 0.0 
11253.93 0.32 0.0 
11270.68 0.76 0.0 
11270.69 0.76 0.0 
11253.94 0.47 0.0 
11435.56 0.61 0.0 
12368.56 0.37 0.0 
12368.53 0.39 0.0 
12818.80 0.57 0.0 
12828.38 0.75 0.0 
12828.38 0.72 0.0 
12838.64 0.66 0.0 
12818.80 0.76 0.0 
14557.07 0.43 0.0 
14562.72 0.65 0.0 
14557.05 0.62 0.0 
14562.74 0.82 0.0 
16017.89 0.67 0.0 
16017.88 0.69 0.0 
16740.57 0.40 0.0 
17754.09 0.68 0.0 
17754.05 0.72 0.0 
17841.93 0.33 0.0 
17841.97 0.42 0.0 
18181.95 0.32 0.0 
18293.91 0.34 0.0 
18293.88 0.66 0.0 
18712.83 0.38 0.0 
19307.51 0.37 0.0 
19633.65 0.67 0.0 
19645.09 0.33 0.0 
19645.07 0.49 0.0 
20614.11 0.32 0.0 
21497.74 0.74 0.0 
21497.74 0.79 0.0 
22183.56 0.58 0.0 
27286.65 0.45 0.0 
27304.71 0.42 0.0 
33807.38 0.95 0.0 
33818.60 0.92 0.0 
33807.38 0.94 0.0 
33818.60 0.91 0.0 
34844.66 0.77 0.0 
34607.01 0.41 0.0 
34607.29 0.32 0.0 
34844.62 0.79 0.0 
34909.24 0.50 0.0 
34909.24 0.66 0.0 
36053.40 0.67 0.0 
36053.39 0.54 0.0 
36066.92 0.32 0.0 
41966.73 0.35 0.0 
43361.67 0.34 0.0 
43981.07 0.33 0.0 
