3937.39 0.36 0.0 
6406.91 0.55 0.0 
10789.49 0.77 0.0 
10778.98 0.95 0.0 
10789.48 0.79 0.0 
10778.98 0.95 0.0 
10704.77 0.82 0.0 
10717.48 0.70 0.0 
10902.21 0.37 0.0 
10704.78 0.79 0.0 
10717.46 0.71 0.0 
11270.23 0.38 0.0 
11270.27 0.35 0.0 
12047.22 0.56 0.0 
12834.79 0.34 0.0 
12390.48 0.82 0.0 
12822.43 0.50 0.0 
12955.27 0.34 0.0 
12955.21 0.46 0.0 
14232.48 0.62 0.0 
14324.19 0.40 0.0 
14555.99 0.34 0.0 
14569.49 0.65 0.0 
15718.59 0.34 0.0 
15366.92 0.43 0.0 
16309.94 0.83 0.0 
16297.80 0.58 0.0 
16309.96 0.73 0.0 
16297.79 0.61 0.0 
16693.79 0.38 0.0 
16693.75 0.32 0.0 
17751.72 0.65 0.0 
17763.11 0.36 0.0 
17751.73 0.71 0.0 
17763.13 0.54 0.0 
18297.21 0.62 0.0 
18297.20 0.43 0.0 
18737.65 0.32 0.0 
19306.80 0.69 0.0 
19306.76 0.60 0.0 
20103.45 0.57 0.0 
22515.75 0.32 0.0 
23505.48 0.32 0.0 
27293.29 0.39 0.0 
33157.91 0.31 0.0 
33129.95 0.56 0.0 
33367.59 0.34 0.0 
33915.59 0.51 0.0 
33915.93 0.58 0.0 
35568.51 0.53 0.0 
35568.53 0.64 0.0 
35672.49 0.51 0.0 
36740.21 0.41 0.0 
55201.96 0.33 0.0 
86329.55 0.34 0.0 
