3059.31 0.39 0.0 
3832.83 0.59 0.0 
3934.53 0.38 0.0 
6403.48 0.79 0.0 
6403.51 0.69 0.0 
10785.63 0.35 0.0 
10778.38 0.97 0.0 
10785.61 0.50 0.0 
10778.38 0.96 0.0 
10702.79 0.37 0.0 
10713.69 0.46 0.0 
10900.96 0.57 0.0 
10702.83 0.40 0.0 
10713.67 0.50 0.0 
11266.83 0.38 0.0 
11451.45 0.44 0.0 
12046.31 0.70 0.0 
12821.49 0.56 0.0 
12970.76 0.54 0.0 
12971.51 0.34 0.0 
12821.47 0.46 0.0 
12941.55 0.39 0.0 
12987.29 0.30 0.0 
13678.75 0.42 0.0 
14247.56 0.61 0.0 
14232.43 0.81 0.0 
14554.64 0.61 0.0 
14554.60 0.74 0.0 
15362.52 0.71 0.0 
15715.24 0.43 0.0 
15715.20 0.46 0.0 
15362.54 0.85 0.0 
16296.21 0.31 0.0 
16692.45 0.81 0.0 
16692.46 0.68 0.0 
17749.75 0.95 0.0 
17749.74 0.95 0.0 
18296.75 0.66 0.0 
19300.45 0.58 0.0 
19300.46 0.89 0.0 
22151.72 0.92 0.0 
22151.72 0.91 0.0 
23443.51 0.80 0.0 
27192.25 0.34 0.0 
27282.73 0.44 0.0 
33818.87 0.51 0.0 
33838.87 0.67 0.0 
33818.91 0.90 0.0 
33914.97 0.67 0.0 
33929.42 0.44 0.0 
35204.25 0.48 0.0 
39583.84 0.30 0.0 
40589.25 0.32 0.0 
47699.31 0.76 0.0 
47908.80 0.40 0.0 
51329.51 0.60 0.0 
52604.44 0.69 0.0 
