3792.47 0.42 0.0 
4946.56 0.54 0.0 
6203.25 0.31 0.0 
6972.76 0.31 0.0 
8714.17 0.58 0.0 
8888.95 0.98 0.0 
8683.41 0.40 0.0 
8888.95 0.98 0.0 
9979.21 0.78 0.0 
10779.02 0.93 0.0 
10779.01 0.86 0.0 
11309.08 0.78 0.0 
11309.08 0.42 0.0 
11802.63 0.67 0.0 
12933.04 0.95 0.0 
12831.51 0.37 0.0 
12933.03 0.94 0.0 
12966.91 0.41 0.0 
14020.71 0.92 0.0 
14020.68 0.37 0.0 
14225.05 0.43 0.0 
14225.04 0.30 0.0 
14501.63 0.95 0.0 
14501.64 0.94 0.0 
14542.38 0.95 0.0 
15103.15 0.48 0.0 
14542.38 0.95 0.0 
15356.55 0.95 0.0 
15356.56 0.97 0.0 
15598.43 0.31 0.0 
16765.77 0.56 0.0 
17360.64 0.47 0.0 
17637.69 0.62 0.0 
17637.68 0.61 0.0 
21719.32 0.97 0.0 
21719.32 0.74 0.0 
22164.78 0.89 0.0 
22164.78 0.86 0.0 
22168.52 0.34 0.0 
22186.13 0.56 0.0 
26772.24 0.60 0.0 
28192.70 0.98 0.0 
27861.56 0.36 0.0 
28192.71 0.99 0.0 
32352.88 0.86 0.0 
33239.37 0.30 0.0 
33416.96 0.39 0.0 
34255.16 0.50 0.0 
34910.29 0.42 0.0 
39494.51 0.52 0.0 
42402.96 0.43 0.0 
43183.52 0.34 0.0 
52877.12 0.52 0.0 
53440.43 0.30 0.0 
64626.04 0.47 0.0 
64626.05 0.82 0.0 
64969.42 0.97 0.0 
64956.90 0.97 0.0 
64969.41 0.96 0.0 
64956.90 0.97 0.0 
71696.99 0.98 0.0 
71696.99 0.98 0.0 
74924.17 0.60 0.0 
78374.19 0.69 0.0 
