1879.25 0.53 0.0 
4128.35 0.37 0.0 
8890.16 0.96 0.0 
8890.16 0.95 0.0 
9980.44 0.77 0.0 
10780.24 0.79 0.0 
10780.24 0.35 0.0 
11312.07 0.42 0.0 
12484.47 0.33 0.0 
12936.93 0.80 0.0 
12484.50 0.43 0.0 
12945.65 0.50 0.0 
12936.93 0.83 0.0 
12979.59 0.65 0.0 
12852.55 0.41 0.0 
12979.63 0.53 0.0 
14239.69 0.40 0.0 
14226.92 0.83 0.0 
14239.32 0.45 0.0 
13802.92 0.36 0.0 
14226.92 0.51 0.0 
14503.06 0.96 0.0 
14503.06 0.96 0.0 
14543.82 0.78 0.0 
14543.81 0.83 0.0 
16756.71 0.64 0.0 
16770.18 0.82 0.0 
17362.77 0.43 0.0 
17362.80 0.60 0.0 
17649.76 0.69 0.0 
17649.72 0.70 0.0 
19327.95 0.33 0.0 
19939.74 0.50 0.0 
20535.51 0.51 0.0 
21720.72 0.93 0.0 
22168.51 0.84 0.0 
22168.50 0.48 0.0 
21720.71 0.87 0.0 
22191.83 0.36 0.0 
22192.61 0.33 0.0 
24233.09 0.55 0.0 
24233.13 0.60 0.0 
26711.33 0.31 0.0 
26773.56 0.81 0.0 
28186.11 0.36 0.0 
28194.33 0.80 0.0 
28194.33 0.82 0.0 
32353.87 0.53 0.0 
34321.14 0.57 0.0 
38417.28 0.52 0.0 
50174.51 0.34 0.0 
52754.73 0.61 0.0 
52754.71 0.42 0.0 
52878.03 0.70 0.0 
64627.28 0.51 0.0 
64970.66 0.94 0.0 
64958.12 0.84 0.0 
64970.66 0.96 0.0 
64958.12 0.82 0.0 
71698.14 0.95 0.0 
71698.14 0.94 0.0 
79966.61 0.43 0.0 
85981.93 0.33 0.0 
