598.40 0.91 0.0 
674.53 0.38 0.0 
1604.51 0.53 0.0 
1289.07 0.48 0.0 
1489.00 0.88 0.0 
1489.00 0.85 0.0 
2443.00 0.42 0.0 
2234.44 0.53 0.0 
2777.72 0.66 0.0 
3116.92 0.62 0.0 
3375.69 0.36 0.0 
3374.97 0.56 0.0 
3734.33 0.31 0.0 
4739.49 0.40 0.0 
5049.13 0.45 0.0 
5488.91 0.63 0.0 
7468.37 0.41 0.0 
8204.57 0.33 0.0 
7858.80 0.77 0.0 
8306.36 0.34 0.0 
8023.00 0.83 0.0 
10063.32 0.46 0.0 
11084.57 0.51 0.0 
11982.25 0.43 0.0 
12898.80 0.34 0.0 
13469.79 0.98 0.0 
13706.88 0.36 0.0 
13711.28 0.75 0.0 
15179.31 0.60 0.0 
18120.40 0.96 0.0 
17999.39 0.60 0.0 
18120.40 0.98 0.0 
19316.39 0.39 0.0 
21597.72 0.64 0.0 
22692.16 0.39 0.0 
22692.16 0.82 0.0 
23491.44 0.97 0.0 
23491.44 0.97 0.0 
24764.51 0.34 0.0 
26759.45 0.51 0.0 
34739.08 0.35 0.0 
37000.88 0.90 0.0 
36969.80 0.57 0.0 
37243.05 0.40 0.0 
39313.61 0.33 0.0 
44188.85 0.33 0.0 
44793.49 0.30 0.0 
46063.68 0.39 0.0 
46635.56 0.37 0.0 
49393.60 0.80 0.0 
50984.56 0.53 0.0 
54013.60 0.91 0.0 
54145.89 0.88 0.0 
54145.93 0.57 0.0 
54376.76 0.44 0.0 
54209.48 0.61 0.0 
54420.72 0.73 0.0 
54420.72 0.88 0.0 
56083.49 0.35 0.0 
57337.61 0.35 0.0 
57337.61 0.59 0.0 
58267.13 0.34 0.0 
58267.12 0.39 0.0 
60297.41 0.58 0.0 
64364.48 0.61 0.0 
73152.64 0.63 0.0 
77113.81 0.44 0.0 
80653.87 0.49 0.0 
81674.09 0.64 0.0 
82093.55 0.52 0.0 
82352.56 0.67 0.0 
83804.57 0.38 0.0 
83887.26 0.97 0.0 
83887.26 0.97 0.0 
84313.96 0.33 0.0 
84885.77 0.43 0.0 
85198.76 0.46 0.0 
