173.60 0.33 0.0 
1491.32 0.92 0.0 
1491.31 0.89 0.0 
1651.45 0.43 0.0 
2778.53 0.43 0.0 
3376.32 0.93 0.0 
5052.01 0.33 0.0 
5052.03 0.37 0.0 
4762.75 0.55 0.0 
5587.15 0.32 0.0 
6540.75 0.39 0.0 
13472.37 0.73 0.0 
13472.36 0.67 0.0 
13712.64 0.81 0.0 
16680.57 0.49 0.0 
16747.63 0.41 0.0 
18121.95 0.58 0.0 
18121.95 0.47 0.0 
22191.01 0.64 0.0 
22191.03 0.40 0.0 
23493.87 0.40 0.0 
23493.95 0.31 0.0 
34355.91 0.33 0.0 
36713.03 0.33 0.0 
41296.92 0.32 0.0 
42377.72 0.66 0.0 
51540.93 0.42 0.0 
54014.07 0.50 0.0 
54147.81 0.40 0.0 
54147.84 0.40 0.0 
54377.44 0.69 0.0 
54421.77 0.65 0.0 
54421.79 0.78 0.0 
55515.81 0.36 0.0 
56064.54 0.31 0.0 
55515.82 0.78 0.0 
57494.75 0.30 0.0 
67352.73 0.45 0.0 
73185.89 0.52 0.0 
83889.92 0.88 0.0 
83889.92 0.87 0.0 
83896.53 0.58 0.0 
84509.91 0.30 0.0 
84888.56 0.69 0.0 
