4761.55 0.31 0.0 
5484.73 0.42 0.0 
5427.79 0.47 0.0 
6024.09 0.31 0.0 
6887.81 0.49 0.0 
9690.65 0.34 0.0 
10397.79 0.31 0.0 
12433.87 0.32 0.0 
12621.55 0.32 0.0 
13456.16 0.43 0.0 
13751.88 0.53 0.0 
14486.27 0.42 0.0 
17478.60 0.54 0.0 
17148.21 0.47 0.0 
18316.73 0.33 0.0 
18831.76 0.43 0.0 
20773.92 0.31 0.0 
20877.52 0.36 0.0 
20877.52 0.43 0.0 
22150.26 0.78 0.0 
22150.21 0.64 0.0 
22738.99 0.38 0.0 
24551.32 0.47 0.0 
24819.09 0.39 0.0 
25353.27 0.32 0.0 
27646.05 0.49 0.0 
31316.43 0.43 0.0 
31316.45 0.61 0.0 
32523.05 0.50 0.0 
33763.73 0.64 0.0 
34726.59 0.33 0.0 
36797.05 0.35 0.0 
43017.54 0.67 0.0 
43017.53 0.60 0.0 
48705.55 0.44 0.0 
49860.53 0.37 0.0 
54698.43 0.40 0.0 
54698.38 0.46 0.0 
56138.53 0.49 0.0 
56762.81 0.64 0.0 
58320.87 0.44 0.0 
63707.13 0.36 0.0 
64247.13 0.56 0.0 
64052.65 0.53 0.0 
66410.71 0.31 0.0 
66751.05 0.34 0.0 
67410.87 0.48 0.0 
70321.07 0.33 0.0 
70220.68 0.40 0.0 
73548.84 0.47 0.0 
73548.91 0.52 0.0 
74313.75 0.39 0.0 
74942.02 0.60 0.0 
76395.45 0.56 0.0 
77685.60 0.83 0.0 
77696.91 0.46 0.0 
77679.15 0.57 0.0 
77686.33 0.35 0.0 
77696.95 0.41 0.0 
77796.33 0.48 0.0 
77655.44 0.74 0.0 
77679.17 0.52 0.0 
77796.34 0.45 0.0 
78362.51 0.31 0.0 
78543.27 0.40 0.0 
78513.43 0.34 0.0 
78576.27 0.35 0.0 
79110.99 0.33 0.0 
80614.16 0.33 0.0 
82426.15 0.37 0.0 
83280.93 0.40 0.0 
83808.91 0.42 0.0 
83972.09 0.37 0.0 
84377.79 0.34 0.0 
84975.51 0.42 0.0 
