639.27 0.50 0.0 
647.04 0.32 0.0 
2034.27 0.31 0.0 
2534.09 0.43 0.0 
3398.55 0.41 0.0 
3585.20 0.46 0.0 
4330.76 0.34 0.0 
4535.33 0.51 0.0 
4535.28 0.30 0.0 
4737.05 0.39 0.0 
4737.09 0.36 0.0 
5079.15 0.55 0.0 
5094.12 0.41 0.0 
6237.03 0.39 0.0 
7542.61 0.45 0.0 
12017.48 0.35 0.0 
12190.97 0.41 0.0 
12191.60 0.66 0.0 
12191.59 0.47 0.0 
13685.85 0.36 0.0 
14226.69 0.33 0.0 
15374.37 0.39 0.0 
16060.97 0.34 0.0 
16720.13 0.41 0.0 
19318.31 0.67 0.0 
19719.93 0.41 0.0 
22139.05 0.98 0.0 
22139.05 0.98 0.0 
24014.17 0.39 0.0 
25990.32 0.58 0.0 
27268.48 0.55 0.0 
27284.36 0.46 0.0 
30021.89 0.61 0.0 
30024.73 0.58 0.0 
31857.05 0.30 0.0 
32954.89 0.62 0.0 
35035.01 0.44 0.0 
35277.01 0.63 0.0 
35413.89 0.34 0.0 
39040.59 0.63 0.0 
39356.59 0.51 0.0 
39356.59 0.74 0.0 
43065.76 0.37 0.0 
45044.25 0.42 0.0 
45176.47 0.59 0.0 
46407.05 0.39 0.0 
48867.65 0.37 0.0 
49042.29 0.52 0.0 
49543.07 0.56 0.0 
50921.64 0.48 0.0 
51718.28 0.90 0.0 
55108.87 0.41 0.0 
57492.61 0.48 0.0 
59969.32 0.38 0.0 
62020.15 0.31 0.0 
65127.51 0.34 0.0 
68562.33 0.59 0.0 
69957.28 0.32 0.0 
70075.81 0.33 0.0 
70694.56 0.58 0.0 
71562.15 0.49 0.0 
71852.72 0.59 0.0 
72584.60 0.45 0.0 
75033.29 0.44 0.0 
75539.54 0.39 0.0 
76544.35 0.75 0.0 
78416.20 0.32 0.0 
79197.72 0.82 0.0 
79214.76 0.49 0.0 
78928.21 0.33 0.0 
80051.23 0.40 0.0 
83472.83 0.36 0.0 
