2054.50 0.81 0.0 
2129.17 0.59 0.0 
3912.91 0.50 0.0 
3447.88 0.41 0.0 
3808.77 0.67 0.0 
4220.32 0.48 0.0 
4468.32 0.47 0.0 
4544.65 0.45 0.0 
5008.77 0.37 0.0 
7695.69 0.62 0.0 
7572.25 0.32 0.0 
7695.63 0.32 0.0 
8203.85 0.30 0.0 
8771.01 0.48 0.0 
9314.43 0.84 0.0 
8771.04 0.74 0.0 
9153.17 0.39 0.0 
9236.52 0.33 0.0 
9124.39 0.31 0.0 
9668.02 0.35 0.0 
9343.79 0.62 0.0 
9494.35 0.95 0.0 
9668.00 0.53 0.0 
9883.97 0.77 0.0 
10002.65 0.85 0.0 
10004.51 0.53 0.0 
9987.16 0.62 0.0 
10304.48 0.30 0.0 
11413.57 0.74 0.0 
12689.01 0.46 0.0 
13100.01 0.43 0.0 
12963.81 0.42 0.0 
13469.56 0.51 0.0 
13692.04 0.38 0.0 
14704.83 0.56 0.0 
14369.45 0.30 0.0 
14534.45 0.60 0.0 
16438.71 0.48 0.0 
16289.10 0.90 0.0 
17294.45 0.52 0.0 
18509.51 0.81 0.0 
19321.48 0.50 0.0 
19321.46 0.89 0.0 
19679.59 0.75 0.0 
22144.99 0.87 0.0 
22152.35 0.47 0.0 
22145.01 0.43 0.0 
23759.51 0.64 0.0 
24299.33 0.79 0.0 
24247.33 0.57 0.0 
24268.64 0.47 0.0 
24503.12 0.82 0.0 
25609.80 0.42 0.0 
25424.57 0.52 0.0 
25558.14 0.81 0.0 
25679.51 0.62 0.0 
27264.83 0.93 0.0 
27278.67 0.33 0.0 
27264.82 0.94 0.0 
29968.40 0.47 0.0 
29968.40 0.91 0.0 
31484.33 0.55 0.0 
32099.17 0.37 0.0 
32939.32 0.80 0.0 
32939.35 0.89 0.0 
35911.03 0.79 0.0 
45074.05 0.34 0.0 
45007.13 0.38 0.0 
45093.91 0.35 0.0 
45007.12 0.38 0.0 
48516.27 0.33 0.0 
51823.79 0.75 0.0 
52362.97 0.41 0.0 
62832.23 0.68 0.0 
62908.55 0.35 0.0 
65108.48 0.31 0.0 
66778.90 0.76 0.0 
67839.68 0.65 0.0 
69794.01 0.31 0.0 
70019.11 0.90 0.0 
69884.05 0.86 0.0 
70677.09 0.74 0.0 
70782.16 0.31 0.0 
70782.24 0.61 0.0 
71834.42 0.91 0.0 
71595.93 0.30 0.0 
71650.56 0.36 0.0 
71879.28 0.80 0.0 
71746.80 0.39 0.0 
71704.07 0.35 0.0 
72461.56 0.38 0.0 
72506.37 0.31 0.0 
73004.08 0.61 0.0 
73873.65 0.78 0.0 
74441.41 0.57 0.0 
74441.41 0.83 0.0 
74997.09 0.38 0.0 
75112.63 0.32 0.0 
75115.79 0.36 0.0 
75044.24 0.63 0.0 
74968.80 0.74 0.0 
75115.75 0.44 0.0 
75777.59 0.54 0.0 
75574.79 0.37 0.0 
76015.67 0.77 0.0 
76014.07 0.53 0.0 
75868.20 0.43 0.0 
76872.73 0.49 0.0 
76873.84 0.30 0.0 
76918.25 0.35 0.0 
78537.52 0.76 0.0 
78462.73 0.47 0.0 
81773.78 0.47 0.0 
81913.29 0.34 0.0 
