1288.00 0.40 0.0 
1471.03 0.34 0.0 
1651.35 0.48 0.0 
1622.37 0.37 0.0 
8470.91 0.52 0.0 
9321.33 0.45 0.0 
9321.32 0.42 0.0 
9933.30 0.62 0.0 
11295.47 0.77 0.0 
11465.87 0.43 0.0 
12078.17 0.37 0.0 
12441.72 0.36 0.0 
12879.63 0.46 0.0 
13025.71 0.43 0.0 
13384.33 0.52 0.0 
14281.76 0.34 0.0 
14478.59 0.32 0.0 
14730.75 0.75 0.0 
14792.39 0.90 0.0 
14792.39 0.88 0.0 
16366.79 0.56 0.0 
16922.25 0.49 0.0 
16922.31 0.30 0.0 
17391.79 0.38 0.0 
17583.47 0.37 0.0 
17957.49 0.47 0.0 
17957.51 0.47 0.0 
18552.79 0.34 0.0 
18920.07 0.36 0.0 
19372.88 0.86 0.0 
19004.09 0.31 0.0 
19501.75 0.33 0.0 
19266.73 0.45 0.0 
19379.73 0.38 0.0 
19734.07 0.45 0.0 
19817.59 0.37 0.0 
21018.07 0.31 0.0 
21244.57 0.43 0.0 
21244.47 0.38 0.0 
22210.21 0.55 0.0 
22141.12 0.55 0.0 
22394.03 0.30 0.0 
23812.41 0.60 0.0 
24615.71 0.35 0.0 
25138.84 0.83 0.0 
25593.54 0.47 0.0 
25873.21 0.37 0.0 
27410.41 0.34 0.0 
27319.16 0.70 0.0 
28520.51 0.33 0.0 
28988.37 0.52 0.0 
28775.61 0.39 0.0 
28988.37 0.59 0.0 
29341.72 0.48 0.0 
30041.85 0.31 0.0 
30041.89 0.31 0.0 
30079.87 0.53 0.0 
30090.12 0.62 0.0 
30079.84 0.70 0.0 
30693.95 0.34 0.0 
31081.99 0.37 0.0 
33002.95 0.42 0.0 
32999.01 0.44 0.0 
33815.97 0.51 0.0 
34396.93 0.48 0.0 
35170.47 0.35 0.0 
37352.89 0.53 0.0 
38165.88 0.32 0.0 
38850.85 0.36 0.0 
38868.55 0.32 0.0 
40146.35 0.35 0.0 
42044.57 0.31 0.0 
42070.95 0.31 0.0 
47365.31 0.34 0.0 
47900.99 0.33 0.0 
48846.95 0.38 0.0 
50717.51 0.38 0.0 
51121.89 0.35 0.0 
51090.65 0.54 0.0 
51328.77 0.42 0.0 
52817.08 0.89 0.0 
52817.08 0.87 0.0 
53242.23 0.37 0.0 
54333.75 0.32 0.0 
56080.62 0.32 0.0 
57313.13 0.36 0.0 
57787.11 0.45 0.0 
58338.75 0.33 0.0 
59698.27 0.41 0.0 
59939.29 0.31 0.0 
59999.58 0.30 0.0 
61382.95 0.31 0.0 
66792.05 0.34 0.0 
66688.01 0.40 0.0 
70012.91 0.33 0.0 
70325.45 0.45 0.0 
71446.47 0.43 0.0 
72291.68 0.39 0.0 
71990.50 0.31 0.0 
76097.03 0.32 0.0 
77212.29 0.53 0.0 
