624.33 0.31 0.0 
1000.64 0.40 0.0 
1447.32 0.47 0.0 
1378.47 0.76 0.0 
1822.99 0.80 0.0 
1674.97 0.39 0.0 
2088.28 0.31 0.0 
2427.99 0.42 0.0 
2796.12 0.51 0.0 
2412.73 0.66 0.0 
2653.13 0.70 0.0 
2502.95 0.35 0.0 
2499.42 0.35 0.0 
2653.13 0.64 0.0 
2694.37 0.70 0.0 
3479.47 0.92 0.0 
3525.63 0.50 0.0 
3850.97 0.36 0.0 
3701.65 0.37 0.0 
3701.69 0.51 0.0 
4353.01 0.46 0.0 
4827.35 0.37 0.0 
4155.71 0.36 0.0 
4353.00 0.32 0.0 
5298.78 0.70 0.0 
5305.77 0.40 0.0 
4788.33 0.38 0.0 
5298.75 0.68 0.0 
5305.87 0.40 0.0 
5801.65 0.39 0.0 
5392.93 0.67 0.0 
5392.91 0.47 0.0 
6029.03 0.72 0.0 
5934.17 0.60 0.0 
5934.16 0.56 0.0 
6221.82 0.60 0.0 
6980.80 0.36 0.0 
7081.04 0.68 0.0 
7053.97 0.36 0.0 
7069.20 0.31 0.0 
7053.93 0.36 0.0 
7688.69 0.46 0.0 
7840.47 0.48 0.0 
7501.48 0.52 0.0 
7486.61 0.30 0.0 
7888.50 0.88 0.0 
8017.56 0.38 0.0 
8037.73 0.41 0.0 
8444.56 0.52 0.0 
7970.80 0.55 0.0 
8109.21 0.30 0.0 
7970.81 0.63 0.0 
7888.51 0.90 0.0 
8413.15 0.55 0.0 
8895.97 0.41 0.0 
9264.61 0.49 0.0 
9275.81 0.38 0.0 
9264.68 0.32 0.0 
9338.99 0.31 0.0 
9314.48 0.34 0.0 
9274.05 0.31 0.0 
9721.97 0.34 0.0 
9990.73 0.82 0.0 
10236.16 0.70 0.0 
10236.11 0.52 0.0 
10608.31 0.85 0.0 
10608.32 0.75 0.0 
11000.03 0.76 0.0 
11428.89 0.35 0.0 
11428.84 0.81 0.0 
11239.19 0.80 0.0 
11000.05 0.33 0.0 
11239.17 0.76 0.0 
11457.27 0.50 0.0 
12028.47 0.61 0.0 
12217.64 0.65 0.0 
12479.09 0.49 0.0 
13109.88 0.59 0.0 
12960.17 0.45 0.0 
13046.21 0.38 0.0 
13026.60 0.37 0.0 
13046.25 0.42 0.0 
13801.17 0.74 0.0 
13667.33 0.45 0.0 
13801.19 0.70 0.0 
14200.27 0.75 0.0 
14163.29 0.31 0.0 
13850.93 0.38 0.0 
14036.69 0.34 0.0 
14122.88 0.50 0.0 
14124.05 0.41 0.0 
14134.36 0.35 0.0 
14221.51 0.93 0.0 
14272.32 0.41 0.0 
14221.52 0.96 0.0 
14200.28 0.76 0.0 
14667.97 0.55 0.0 
15043.68 0.82 0.0 
15134.35 0.51 0.0 
15385.09 0.56 0.0 
15374.21 0.40 0.0 
15043.77 0.54 0.0 
15323.80 0.35 0.0 
15374.21 0.54 0.0 
15440.32 0.68 0.0 
15323.85 0.35 0.0 
15440.33 0.73 0.0 
15518.56 0.67 0.0 
15872.20 0.55 0.0 
16007.35 0.56 0.0 
16464.85 0.47 0.0 
16296.16 0.67 0.0 
16314.03 0.35 0.0 
16265.28 0.47 0.0 
16705.84 0.77 0.0 
16921.53 0.46 0.0 
16997.03 0.38 0.0 
16982.24 0.44 0.0 
17116.12 0.44 0.0 
17535.09 0.54 0.0 
17116.09 0.74 0.0 
17486.76 0.61 0.0 
17486.79 0.35 0.0 
17717.97 0.45 0.0 
18400.67 0.36 0.0 
18730.75 0.67 0.0 
18492.83 0.85 0.0 
18705.20 0.93 0.0 
18730.73 0.45 0.0 
18658.14 0.76 0.0 
19013.66 0.72 0.0 
19013.63 0.85 0.0 
19396.64 0.59 0.0 
19546.53 0.58 0.0 
19396.64 0.69 0.0 
19764.36 0.75 0.0 
20264.40 0.35 0.0 
20474.60 0.89 0.0 
20264.45 0.62 0.0 
20474.60 0.78 0.0 
21181.35 0.94 0.0 
21181.36 0.93 0.0 
21642.49 0.56 0.0 
21534.44 0.85 0.0 
21584.70 0.33 0.0 
22143.13 0.97 0.0 
22143.13 0.97 0.0 
22618.35 0.91 0.0 
23079.53 0.51 0.0 
22618.33 0.87 0.0 
23002.71 0.91 0.0 
23015.67 0.33 0.0 
23002.72 0.75 0.0 
23085.66 0.63 0.0 
23085.65 0.48 0.0 
23383.17 0.44 0.0 
23383.19 0.92 0.0 
23728.36 0.49 0.0 
23753.39 0.69 0.0 
24008.46 0.38 0.0 
23753.40 0.79 0.0 
24471.94 0.71 0.0 
24471.93 0.61 0.0 
25121.60 0.33 0.0 
25338.45 0.31 0.0 
25077.35 0.36 0.0 
25121.56 0.59 0.0 
25255.79 0.57 0.0 
25255.81 0.75 0.0 
25638.90 0.74 0.0 
25638.89 0.48 0.0 
26372.88 0.47 0.0 
26773.83 0.33 0.0 
26372.85 0.40 0.0 
26773.87 0.89 0.0 
27146.09 0.80 0.0 
27146.07 0.90 0.0 
27265.37 0.68 0.0 
27265.44 0.71 0.0 
27328.77 0.55 0.0 
27099.85 0.64 0.0 
27541.51 0.36 0.0 
27538.15 0.77 0.0 
28235.13 0.38 0.0 
27933.44 0.50 0.0 
27933.45 0.51 0.0 
28303.65 0.87 0.0 
28235.13 0.57 0.0 
28368.56 0.31 0.0 
28303.63 0.95 0.0 
28661.20 0.61 0.0 
29089.12 0.34 0.0 
29089.08 0.67 0.0 
29468.09 0.35 0.0 
29885.33 0.43 0.0 
29642.20 0.34 0.0 
30019.49 0.69 0.0 
30019.48 0.60 0.0 
30028.95 0.33 0.0 
29885.19 0.66 0.0 
30070.01 0.37 0.0 
30170.36 0.71 0.0 
30170.36 0.54 0.0 
30299.40 0.83 0.0 
30728.71 0.34 0.0 
30299.39 0.91 0.0 
30728.75 0.68 0.0 
31154.77 0.34 0.0 
30942.68 0.32 0.0 
31585.91 0.55 0.0 
31585.96 0.80 0.0 
31814.12 0.67 0.0 
31768.31 0.76 0.0 
32082.73 0.37 0.0 
32051.49 0.44 0.0 
31814.09 0.31 0.0 
32204.29 0.32 0.0 
31917.81 0.42 0.0 
31737.92 0.52 0.0 
31917.79 0.31 0.0 
32051.49 0.59 0.0 
32292.68 0.42 0.0 
32587.84 0.39 0.0 
32472.83 0.47 0.0 
33138.11 0.60 0.0 
33138.13 0.62 0.0 
33493.92 0.33 0.0 
33644.21 0.38 0.0 
33408.17 0.51 0.0 
33493.95 0.81 0.0 
33666.64 0.55 0.0 
33666.65 0.72 0.0 
34349.24 0.49 0.0 
34811.56 0.31 0.0 
34570.69 0.39 0.0 
34574.49 0.33 0.0 
35065.45 0.61 0.0 
35065.47 0.89 0.0 
34611.93 0.51 0.0 
34811.57 0.60 0.0 
35766.72 0.66 0.0 
35918.25 0.79 0.0 
35380.99 0.69 0.0 
35766.71 0.60 0.0 
36129.77 0.41 0.0 
35918.23 0.73 0.0 
36129.79 0.35 0.0 
36054.42 0.33 0.0 
36357.72 0.63 0.0 
36992.47 0.36 0.0 
36457.21 0.58 0.0 
36992.43 0.46 0.0 
37501.25 0.70 0.0 
37501.24 0.70 0.0 
38052.28 0.81 0.0 
38588.57 0.43 0.0 
38576.76 0.35 0.0 
39094.12 0.66 0.0 
39643.13 0.86 0.0 
40169.08 0.93 0.0 
40214.49 0.47 0.0 
40169.04 0.38 0.0 
41281.36 0.78 0.0 
41821.51 0.37 0.0 
42341.60 0.57 0.0 
42878.53 0.38 0.0 
43422.65 0.60 0.0 
44453.75 0.31 0.0 
45567.67 0.83 0.0 
46937.05 0.53 0.0 
46619.31 0.94 0.0 
47692.40 0.69 0.0 
48207.77 0.33 0.0 
48760.64 0.61 0.0 
49508.36 0.37 0.0 
49851.27 0.79 0.0 
49851.25 0.91 0.0 
50877.42 0.88 0.0 
50877.44 0.59 0.0 
51402.52 0.74 0.0 
51912.55 0.51 0.0 
52768.01 0.51 0.0 
53105.36 0.67 0.0 
53105.41 0.48 0.0 
54054.72 0.80 0.0 
54054.71 0.72 0.0 
55691.45 0.54 0.0 
56200.96 0.82 0.0 
56200.96 0.83 0.0 
57028.55 0.83 0.0 
56754.29 0.73 0.0 
57867.96 0.76 0.0 
57598.52 0.37 0.0 
58119.56 0.47 0.0 
57959.51 0.66 0.0 
58155.57 0.50 0.0 
58405.19 0.40 0.0 
59063.25 0.60 0.0 
59063.21 0.54 0.0 
58875.56 0.45 0.0 
59170.56 0.83 0.0 
58970.37 0.68 0.0 
59172.72 0.67 0.0 
59512.01 0.36 0.0 
60375.64 0.83 0.0 
60375.64 0.37 0.0 
60389.70 0.51 0.0 
60505.85 0.38 0.0 
61262.86 0.65 0.0 
61739.08 0.33 0.0 
62173.79 0.37 0.0 
62339.56 0.85 0.0 
63992.47 0.37 0.0 
63703.41 0.37 0.0 
63992.45 0.34 0.0 
64533.61 0.52 0.0 
64533.64 0.59 0.0 
65096.29 0.63 0.0 
65684.01 0.34 0.0 
65331.72 0.51 0.0 
65331.72 0.70 0.0 
65339.37 0.44 0.0 
66138.93 0.44 0.0 
65693.23 0.34 0.0 
66282.25 0.33 0.0 
67643.43 0.53 0.0 
67799.59 0.54 0.0 
69302.45 0.53 0.0 
69302.49 0.33 0.0 
71521.09 0.65 0.0 
71655.47 0.45 0.0 
71521.09 0.51 0.0 
71883.73 0.41 0.0 
72044.27 0.84 0.0 
71883.72 0.34 0.0 
71817.11 0.44 0.0 
73273.20 0.55 0.0 
73273.19 0.83 0.0 
73329.37 0.81 0.0 
73991.25 0.39 0.0 
74984.09 0.32 0.0 
76596.29 0.47 0.0 
76438.01 0.30 0.0 
76596.27 0.41 0.0 
79486.12 0.58 0.0 
80784.00 0.35 0.0 
80784.04 0.82 0.0 
80935.36 0.36 0.0 
81438.06 0.88 0.0 
81438.04 0.91 0.0 
82586.37 0.74 0.0 
83444.40 0.47 0.0 
84262.58 0.56 0.0 
85888.52 0.55 0.0 
