148.07 0.76 0.0 
538.23 0.38 0.0 
522.37 0.30 0.0 
629.28 0.33 0.0 
1303.16 0.38 0.0 
988.04 0.54 0.0 
1863.65 0.43 0.0 
2235.52 0.46 0.0 
2189.13 0.47 0.0 
3463.25 0.40 0.0 
3294.41 0.40 0.0 
3355.48 0.40 0.0 
3810.81 0.41 0.0 
3355.49 0.50 0.0 
4372.73 0.42 0.0 
6341.05 0.81 0.0 
6294.49 0.55 0.0 
6565.77 0.36 0.0 
6508.17 0.45 0.0 
7784.44 0.39 0.0 
7481.40 0.44 0.0 
7481.45 0.32 0.0 
8555.05 0.61 0.0 
9069.09 0.37 0.0 
9268.07 0.40 0.0 
9440.61 0.31 0.0 
9400.51 0.38 0.0 
10374.09 0.52 0.0 
10317.41 0.39 0.0 
12433.68 0.34 0.0 
12520.84 0.36 0.0 
12734.51 0.37 0.0 
12596.53 0.44 0.0 
14698.51 0.41 0.0 
16361.55 0.31 0.0 
20699.28 0.40 0.0 
20514.72 0.43 0.0 
20699.29 0.41 0.0 
20760.43 0.40 0.0 
20770.80 0.82 0.0 
21223.21 0.45 0.0 
20760.43 0.50 0.0 
20770.77 0.58 0.0 
20876.88 0.67 0.0 
22145.04 0.81 0.0 
22145.04 0.85 0.0 
24623.73 0.32 0.0 
25228.81 0.46 0.0 
25812.64 0.38 0.0 
26501.49 0.52 0.0 
28322.35 0.33 0.0 
29757.72 0.58 0.0 
30117.25 0.37 0.0 
30414.32 0.35 0.0 
30403.99 0.64 0.0 
30642.13 0.55 0.0 
30912.60 0.60 0.0 
31313.09 0.44 0.0 
31568.30 0.31 0.0 
31700.32 0.43 0.0 
32274.08 0.51 0.0 
32533.55 0.55 0.0 
32874.92 0.32 0.0 
33172.88 0.34 0.0 
33760.67 0.46 0.0 
33779.25 0.33 0.0 
33731.13 0.75 0.0 
33763.77 0.73 0.0 
34304.12 0.37 0.0 
33829.24 0.32 0.0 
34557.64 0.54 0.0 
34813.57 0.31 0.0 
36088.21 0.31 0.0 
36433.32 0.31 0.0 
37370.73 0.37 0.0 
37384.35 0.34 0.0 
38142.35 0.32 0.0 
38923.85 0.73 0.0 
39009.16 0.59 0.0 
41083.77 0.42 0.0 
42374.44 0.72 0.0 
43005.65 0.49 0.0 
46273.51 0.64 0.0 
47377.72 0.39 0.0 
47050.13 0.49 0.0 
48644.00 0.31 0.0 
48723.80 0.36 0.0 
49298.69 0.62 0.0 
50189.25 0.40 0.0 
50352.85 0.33 0.0 
51252.84 0.33 0.0 
51568.15 0.45 0.0 
51719.06 0.57 0.0 
52662.40 0.64 0.0 
52739.13 0.46 0.0 
53139.93 0.50 0.0 
53369.01 0.34 0.0 
55084.88 0.33 0.0 
59367.68 0.68 0.0 
59712.69 0.56 0.0 
60082.05 0.43 0.0 
60748.80 0.35 0.0 
60987.75 0.42 0.0 
60839.07 0.44 0.0 
61078.13 0.33 0.0 
62233.01 0.36 0.0 
62291.25 0.66 0.0 
66928.73 0.32 0.0 
70349.19 0.64 0.0 
70589.23 0.32 0.0 
70349.24 0.33 0.0 
70437.17 0.65 0.0 
71969.13 0.40 0.0 
72773.73 0.31 0.0 
73858.29 0.39 0.0 
74605.41 0.41 0.0 
76398.97 0.37 0.0 
77369.00 0.41 0.0 
77695.56 0.83 0.0 
77678.32 0.45 0.0 
77685.26 0.81 0.0 
77695.55 0.77 0.0 
77796.30 0.34 0.0 
77800.45 0.33 0.0 
77678.35 0.76 0.0 
77796.30 0.38 0.0 
77873.67 0.78 0.0 
77873.64 0.52 0.0 
77999.33 0.33 0.0 
78537.89 0.39 0.0 
81098.93 0.52 0.0 
82856.63 0.44 0.0 
82799.15 0.92 0.0 
82799.13 0.69 0.0 
84238.76 0.48 0.0 
85034.04 0.40 0.0 
84959.41 0.68 0.0 
85138.53 0.38 0.0 
85632.60 0.34 0.0 
