1275.87 0.36 0.0 
1287.94 0.43 0.0 
1724.21 0.55 0.0 
6389.21 0.37 0.0 
6794.39 0.36 0.0 
8470.33 0.38 0.0 
8519.43 0.44 0.0 
8470.29 0.48 0.0 
9316.95 0.74 0.0 
9316.95 0.84 0.0 
10349.39 0.38 0.0 
11288.31 0.34 0.0 
11532.77 0.53 0.0 
12064.71 0.34 0.0 
12550.68 0.72 0.0 
12245.37 0.31 0.0 
12238.16 0.86 0.0 
12238.21 0.70 0.0 
12437.01 0.39 0.0 
13025.64 0.31 0.0 
12873.44 0.58 0.0 
12873.45 0.44 0.0 
14024.40 0.49 0.0 
14309.25 0.30 0.0 
14274.92 0.93 0.0 
14274.89 0.56 0.0 
14791.92 0.65 0.0 
15431.40 0.36 0.0 
15268.63 0.32 0.0 
15446.45 0.47 0.0 
15932.19 0.46 0.0 
16169.29 0.45 0.0 
16663.97 0.30 0.0 
16769.95 0.51 0.0 
18564.85 0.33 0.0 
18809.40 0.34 0.0 
19391.77 0.49 0.0 
19372.79 0.44 0.0 
19391.75 0.37 0.0 
19732.13 0.49 0.0 
20158.97 0.48 0.0 
21494.31 0.32 0.0 
22137.80 0.44 0.0 
22206.95 0.35 0.0 
22199.43 0.96 0.0 
24103.77 0.45 0.0 
24743.36 0.47 0.0 
25138.06 0.96 0.0 
25151.59 0.59 0.0 
25064.60 0.63 0.0 
25116.79 0.49 0.0 
25138.06 0.95 0.0 
25873.07 0.35 0.0 
25857.76 0.69 0.0 
27316.55 0.78 0.0 
28775.57 0.62 0.0 
30078.85 0.35 0.0 
30086.21 0.36 0.0 
30077.73 0.37 0.0 
30088.86 0.44 0.0 
32774.19 0.84 0.0 
32993.36 0.95 0.0 
32993.37 0.96 0.0 
34424.35 0.62 0.0 
34992.72 0.33 0.0 
34667.35 0.55 0.0 
37752.54 0.33 0.0 
43857.61 0.30 0.0 
45974.11 0.48 0.0 
47234.07 0.35 0.0 
47923.73 0.57 0.0 
49691.01 0.32 0.0 
52709.45 0.36 0.0 
52813.65 0.60 0.0 
52797.81 0.53 0.0 
54013.03 0.32 0.0 
58553.21 0.36 0.0 
60478.97 0.42 0.0 
62838.87 0.54 0.0 
62838.91 0.43 0.0 
66676.96 0.32 0.0 
67664.00 0.72 0.0 
74744.35 0.52 0.0 
74849.15 0.31 0.0 
77172.89 0.44 0.0 
77714.13 0.38 0.0 
77834.48 0.33 0.0 
78148.63 0.33 0.0 
79649.95 0.43 0.0 
81449.43 0.33 0.0 
85004.32 0.50 0.0 
