1488.79 0.46 0.0 
1635.31 0.47 0.0 
1635.27 0.41 0.0 
2114.91 0.44 0.0 
3229.77 0.55 0.0 
3557.55 0.45 0.0 
3715.15 0.45 0.0 
3715.19 0.70 0.0 
3811.35 0.35 0.0 
4628.37 0.58 0.0 
4635.55 0.48 0.0 
4622.18 0.84 0.0 
4628.37 0.69 0.0 
4758.83 0.58 0.0 
4758.82 0.81 0.0 
6133.95 0.64 0.0 
6133.97 0.41 0.0 
6615.63 0.35 0.0 
6615.59 0.38 0.0 
7126.71 0.32 0.0 
7749.39 0.42 0.0 
8735.39 0.33 0.0 
8735.44 0.40 0.0 
9613.69 0.33 0.0 
10574.71 0.77 0.0 
10574.72 0.74 0.0 
12029.67 0.31 0.0 
11835.15 0.44 0.0 
12201.65 0.42 0.0 
13671.29 0.58 0.0 
13685.11 0.38 0.0 
17671.11 0.51 0.0 
20264.75 0.56 0.0 
21125.35 0.33 0.0 
22055.26 0.66 0.0 
22147.76 0.82 0.0 
22147.75 0.81 0.0 
22055.29 0.71 0.0 
22535.62 0.48 0.0 
23669.56 0.64 0.0 
23865.80 0.73 0.0 
24006.40 0.89 0.0 
23968.35 0.58 0.0 
24006.40 0.67 0.0 
24201.68 0.35 0.0 
24540.51 0.45 0.0 
24659.91 0.43 0.0 
24857.95 0.35 0.0 
24540.52 0.69 0.0 
25230.87 0.35 0.0 
25193.23 0.67 0.0 
25199.87 0.36 0.0 
25491.03 0.50 0.0 
25955.45 0.33 0.0 
26281.67 0.37 0.0 
26673.73 0.53 0.0 
27283.24 0.50 0.0 
27351.51 0.45 0.0 
27956.27 0.30 0.0 
28139.86 0.83 0.0 
28139.84 0.70 0.0 
28260.62 0.76 0.0 
28260.64 0.77 0.0 
28515.75 0.58 0.0 
28791.33 0.47 0.0 
28931.12 0.31 0.0 
28931.13 0.46 0.0 
29536.28 0.50 0.0 
29448.75 0.49 0.0 
29459.65 0.39 0.0 
29600.35 0.39 0.0 
30027.25 0.40 0.0 
30038.74 0.89 0.0 
29793.68 0.56 0.0 
29982.72 0.51 0.0 
30038.73 0.89 0.0 
29982.75 0.48 0.0 
30585.91 0.31 0.0 
31123.91 0.54 0.0 
31123.95 0.34 0.0 
31076.71 0.31 0.0 
31406.95 0.35 0.0 
32118.71 0.44 0.0 
32088.17 0.42 0.0 
32200.64 0.43 0.0 
32209.15 0.71 0.0 
32209.15 0.85 0.0 
32339.35 0.30 0.0 
32464.16 0.71 0.0 
32464.17 0.58 0.0 
32944.79 0.30 0.0 
32944.75 0.50 0.0 
33121.51 0.49 0.0 
33394.27 0.31 0.0 
33695.67 0.40 0.0 
34170.50 0.87 0.0 
34533.39 0.37 0.0 
34607.91 0.33 0.0 
34607.95 0.33 0.0 
35214.95 0.60 0.0 
35445.83 0.68 0.0 
35522.95 0.68 0.0 
36215.87 0.60 0.0 
36314.91 0.37 0.0 
36417.03 0.43 0.0 
36215.89 0.43 0.0 
36826.87 0.39 0.0 
37458.88 0.35 0.0 
37859.91 0.44 0.0 
38705.95 0.42 0.0 
38705.95 0.39 0.0 
39123.12 0.62 0.0 
39632.51 0.48 0.0 
39857.93 0.70 0.0 
39857.87 0.56 0.0 
39784.55 0.32 0.0 
40465.25 0.36 0.0 
40546.88 0.74 0.0 
41205.31 0.54 0.0 
41108.39 0.39 0.0 
41664.16 0.37 0.0 
42119.76 0.35 0.0 
42119.75 0.70 0.0 
43261.51 0.56 0.0 
43959.86 0.37 0.0 
43964.41 0.35 0.0 
43964.35 0.56 0.0 
44379.32 0.56 0.0 
44970.99 0.58 0.0 
47102.99 0.30 0.0 
47102.96 0.53 0.0 
47343.83 0.75 0.0 
47690.73 0.31 0.0 
47900.03 0.61 0.0 
48017.31 0.56 0.0 
47690.77 0.45 0.0 
48499.28 0.54 0.0 
49764.99 0.43 0.0 
49765.00 0.34 0.0 
51404.76 0.58 0.0 
51678.88 0.66 0.0 
60835.91 0.39 0.0 
60948.45 0.35 0.0 
64323.97 0.44 0.0 
65134.92 0.39 0.0 
65134.92 0.78 0.0 
65703.90 0.85 0.0 
67617.71 0.47 0.0 
67617.71 0.52 0.0 
68048.45 0.51 0.0 
68048.45 0.55 0.0 
68906.15 0.30 0.0 
71298.99 0.57 0.0 
71028.41 0.41 0.0 
71121.81 0.40 0.0 
71127.61 0.76 0.0 
71219.89 0.36 0.0 
71227.23 0.40 0.0 
71234.15 0.43 0.0 
71028.49 0.43 0.0 
71165.92 0.69 0.0 
71560.37 0.64 0.0 
71245.75 0.71 0.0 
71165.89 0.56 0.0 
71277.37 0.61 0.0 
71343.29 0.33 0.0 
71372.10 0.69 0.0 
71377.85 0.71 0.0 
71383.87 0.69 0.0 
71277.33 0.63 0.0 
71783.36 0.42 0.0 
71372.15 0.73 0.0 
71377.82 0.78 0.0 
71383.83 0.41 0.0 
71565.42 0.83 0.0 
71565.33 0.71 0.0 
71652.65 0.49 0.0 
71616.47 0.60 0.0 
71626.65 0.33 0.0 
71718.89 0.58 0.0 
71724.68 0.36 0.0 
71734.60 0.61 0.0 
71744.56 0.59 0.0 
71626.53 0.46 0.0 
71652.68 0.69 0.0 
71783.35 0.37 0.0 
71734.64 0.63 0.0 
71744.57 0.59 0.0 
71829.91 0.51 0.0 
71754.96 0.32 0.0 
71977.74 0.81 0.0 
71977.74 0.82 0.0 
72182.92 0.60 0.0 
72260.11 0.55 0.0 
72213.75 0.41 0.0 
72777.25 0.50 0.0 
72823.60 0.74 0.0 
73771.76 0.40 0.0 
76407.15 0.33 0.0 
76940.40 0.77 0.0 
76960.06 0.65 0.0 
76742.03 0.83 0.0 
76753.15 0.48 0.0 
77066.00 0.69 0.0 
77083.87 0.56 0.0 
76742.04 0.84 0.0 
76753.14 0.55 0.0 
76736.99 0.42 0.0 
76765.04 0.48 0.0 
76878.43 0.67 0.0 
76898.00 0.53 0.0 
76965.34 0.83 0.0 
76975.38 0.86 0.0 
76894.07 0.40 0.0 
76905.63 0.68 0.0 
77315.32 0.73 0.0 
76989.48 0.37 0.0 
77001.55 0.74 0.0 
76960.01 0.63 0.0 
76965.29 0.82 0.0 
76975.38 0.88 0.0 
77001.55 0.80 0.0 
77020.83 0.34 0.0 
77044.42 0.86 0.0 
77066.01 0.31 0.0 
77126.11 0.40 0.0 
77083.85 0.66 0.0 
77044.42 0.84 0.0 
77126.11 0.41 0.0 
77131.83 0.45 0.0 
77211.76 0.41 0.0 
77162.57 0.60 0.0 
77131.84 0.54 0.0 
77151.98 0.35 0.0 
77560.33 0.63 0.0 
77239.61 0.45 0.0 
77162.51 0.37 0.0 
77239.61 0.58 0.0 
77333.39 0.41 0.0 
77304.73 0.50 0.0 
77392.28 0.76 0.0 
77435.21 0.40 0.0 
77392.29 0.78 0.0 
77565.89 0.82 0.0 
77571.59 0.55 0.0 
77577.45 0.63 0.0 
78104.47 0.37 0.0 
85392.17 0.60 0.0 
85392.12 0.60 0.0 
86201.93 0.42 0.0 
86242.88 0.48 0.0 
