2171.51 0.87 0.0 
2433.77 0.32 0.0 
3502.07 0.46 0.0 
6977.67 0.43 0.0 
10137.11 0.49 0.0 
10119.23 0.48 0.0 
11729.15 0.50 0.0 
10821.55 0.84 0.0 
11667.57 0.37 0.0 
12237.55 0.78 0.0 
12514.75 0.39 0.0 
14167.91 0.56 0.0 
14584.87 0.43 0.0 
15895.51 0.91 0.0 
15895.51 0.91 0.0 
19933.63 0.75 0.0 
21132.11 0.41 0.0 
25750.00 0.36 0.0 
27194.08 0.41 0.0 
28195.15 0.32 0.0 
28723.79 0.76 0.0 
32126.31 0.84 0.0 
34537.20 0.64 0.0 
36653.33 0.43 0.0 
39268.55 0.87 0.0 
39268.53 0.59 0.0 
41463.99 0.77 0.0 
42584.48 0.52 0.0 
41652.27 0.69 0.0 
41463.96 0.62 0.0 
44529.51 0.83 0.0 
47249.27 0.72 0.0 
51299.71 0.38 0.0 
52566.25 0.35 0.0 
73617.16 0.58 0.0 
75557.00 0.44 0.0 
