392.25 0.58 0.0 
637.44 0.73 0.0 
637.44 0.62 0.0 
2171.55 0.67 0.0 
2437.56 0.75 0.0 
3150.99 0.59 0.0 
3969.55 0.48 0.0 
4412.67 0.31 0.0 
6977.68 0.82 0.0 
8509.64 0.80 0.0 
8212.60 0.80 0.0 
10119.39 0.36 0.0 
10821.54 0.84 0.0 
11193.21 0.39 0.0 
11667.62 0.42 0.0 
11667.59 0.44 0.0 
12237.57 0.41 0.0 
14168.08 0.83 0.0 
14545.11 0.47 0.0 
15330.91 0.46 0.0 
17556.35 0.30 0.0 
19425.20 0.67 0.0 
21132.22 0.74 0.0 
21229.75 0.39 0.0 
24917.96 0.84 0.0 
23089.49 0.52 0.0 
23633.59 0.38 0.0 
25174.68 0.67 0.0 
24707.22 0.62 0.0 
25174.68 0.75 0.0 
24707.25 0.75 0.0 
26461.82 0.79 0.0 
27425.87 0.63 0.0 
28723.84 0.78 0.0 
32126.32 0.53 0.0 
32821.90 0.75 0.0 
32821.91 0.62 0.0 
34537.20 0.88 0.0 
36658.58 0.61 0.0 
36386.95 0.57 0.0 
37022.09 0.70 0.0 
36658.59 0.46 0.0 
37702.83 0.47 0.0 
37819.75 0.33 0.0 
39933.87 0.46 0.0 
39268.59 0.33 0.0 
39933.84 0.88 0.0 
39827.63 0.44 0.0 
41403.20 0.81 0.0 
41403.23 0.35 0.0 
42584.48 0.78 0.0 
43442.36 0.71 0.0 
44529.55 0.55 0.0 
46292.83 0.73 0.0 
47249.32 0.54 0.0 
48291.76 0.35 0.0 
48291.78 0.77 0.0 
48963.47 0.56 0.0 
51315.89 0.57 0.0 
51838.27 0.34 0.0 
52484.99 0.44 0.0 
53284.32 0.84 0.0 
54586.32 0.85 0.0 
78361.55 0.34 0.0 
78405.39 0.38 0.0 
78405.47 0.48 0.0 
83265.40 0.47 0.0 
83265.44 0.82 0.0 
84049.42 0.75 0.0 
84650.21 0.38 0.0 
85982.48 0.82 0.0 
