79.29 0.44 0.0 
298.15 0.30 0.0 
418.47 0.32 0.0 
44.51 0.60 0.0 
74.00 0.45 0.0 
293.73 0.41 0.0 
1931.02 0.31 0.0 
2575.24 0.56 0.0 
6453.44 0.80 0.0 
5224.56 0.31 0.0 
5202.37 0.51 0.0 
5437.57 0.51 0.0 
6453.44 0.71 0.0 
7694.47 0.41 0.0 
8181.01 0.35 0.0 
9942.88 0.58 0.0 
9244.59 0.49 0.0 
9244.57 0.37 0.0 
9469.96 0.34 0.0 
10077.18 0.48 0.0 
11629.41 0.34 0.0 
12244.48 0.33 0.0 
14094.48 0.50 0.0 
14549.00 0.69 0.0 
15700.41 0.65 0.0 
14467.87 0.40 0.0 
16569.08 0.58 0.0 
17095.53 0.49 0.0 
18387.93 0.33 0.0 
18612.38 0.39 0.0 
19134.04 0.40 0.0 
20129.40 0.43 0.0 
20819.19 0.31 0.0 
21986.49 0.43 0.0 
24703.83 0.57 0.0 
24323.49 0.51 0.0 
24253.57 0.53 0.0 
24838.49 0.57 0.0 
25372.49 0.46 0.0 
26519.24 0.31 0.0 
27234.39 0.37 0.0 
28303.84 0.43 0.0 
28285.03 0.41 0.0 
29139.49 0.34 0.0 
28148.65 0.53 0.0 
29710.37 0.37 0.0 
31003.17 0.35 0.0 
37724.09 0.71 0.0 
38442.81 0.34 0.0 
40469.41 0.56 0.0 
40915.20 0.51 0.0 
40152.48 0.46 0.0 
42614.08 0.51 0.0 
43509.02 0.30 0.0 
46662.27 0.48 0.0 
46289.21 0.51 0.0 
46148.29 0.42 0.0 
48578.81 0.37 0.0 
48959.09 0.63 0.0 
49273.19 0.37 0.0 
50593.31 0.31 0.0 
51189.19 0.38 0.0 
53773.92 0.47 0.0 
54072.69 0.32 0.0 
54850.99 0.47 0.0 
56216.73 0.45 0.0 
56578.41 0.34 0.0 
56564.49 0.53 0.0 
58784.19 0.38 0.0 
57910.07 0.37 0.0 
58588.23 0.46 0.0 
58811.67 0.37 0.0 
64302.23 0.43 0.0 
63403.44 0.34 0.0 
62689.96 0.47 0.0 
63493.97 0.40 0.0 
63403.45 0.50 0.0 
65021.11 0.36 0.0 
65147.76 0.64 0.0 
65147.72 0.44 0.0 
66729.52 0.60 0.0 
66738.19 0.38 0.0 
66729.55 0.38 0.0 
67629.61 0.44 0.0 
69080.84 0.36 0.0 
70243.68 0.59 0.0 
71579.57 0.36 0.0 
72693.70 0.30 0.0 
72238.05 0.41 0.0 
73299.71 0.46 0.0 
72401.95 0.44 0.0 
73559.24 0.65 0.0 
73815.90 0.94 0.0 
75100.60 0.45 0.0 
73815.87 0.82 0.0 
73844.51 0.77 0.0 
74935.56 0.45 0.0 
76180.25 0.61 0.0 
76997.05 0.33 0.0 
76997.12 0.41 0.0 
77891.98 0.76 0.0 
77351.09 0.57 0.0 
77891.99 0.87 0.0 
79963.05 0.33 0.0 
80632.09 0.33 0.0 
79963.03 0.58 0.0 
80729.29 0.68 0.0 
82348.97 0.55 0.0 
83529.97 0.47 0.0 
84539.51 0.74 0.0 
84799.77 0.37 0.0 
85526.77 0.48 0.0 
85000.71 0.46 0.0 
85240.31 0.56 0.0 
85812.48 0.38 0.0 
85812.53 0.61 0.0 
85633.80 0.32 0.0 
