75.53 0.47 0.0 
79.99 0.34 0.0 
80.55 0.44 0.0 
302.67 0.40 0.0 
2669.95 0.63 0.0 
6077.51 0.32 0.0 
6449.79 0.37 0.0 
6456.32 0.36 0.0 
7646.13 0.35 0.0 
8648.95 0.38 0.0 
9470.68 0.38 0.0 
11115.87 0.31 0.0 
11555.99 0.31 0.0 
19635.47 0.36 0.0 
19695.91 0.40 0.0 
19952.31 0.31 0.0 
19695.94 0.64 0.0 
21422.95 0.48 0.0 
23131.41 0.58 0.0 
24323.49 0.46 0.0 
25395.85 0.30 0.0 
27288.91 0.43 0.0 
33091.03 0.35 0.0 
32993.07 0.38 0.0 
35073.24 0.48 0.0 
36810.47 0.33 0.0 
37763.11 0.34 0.0 
37783.09 0.33 0.0 
37783.07 0.38 0.0 
38855.57 0.32 0.0 
38581.69 0.59 0.0 
39766.11 0.41 0.0 
47211.45 0.51 0.0 
47298.15 0.31 0.0 
48950.21 0.47 0.0 
50250.59 0.31 0.0 
51392.69 0.37 0.0 
53779.75 0.40 0.0 
53779.77 0.49 0.0 
53825.49 0.38 0.0 
59361.79 0.34 0.0 
60972.17 0.32 0.0 
61532.27 0.31 0.0 
61202.15 0.33 0.0 
61066.67 0.43 0.0 
61606.68 0.43 0.0 
62951.83 0.48 0.0 
62686.41 0.66 0.0 
62691.73 0.40 0.0 
64845.37 0.56 0.0 
65495.89 0.60 0.0 
65150.97 0.32 0.0 
64845.41 0.65 0.0 
66753.47 0.34 0.0 
66733.85 0.33 0.0 
66610.19 0.32 0.0 
70337.08 0.62 0.0 
71418.35 0.32 0.0 
72693.76 0.53 0.0 
71418.33 0.61 0.0 
71325.51 0.43 0.0 
72693.76 0.79 0.0 
72420.73 0.36 0.0 
72432.11 0.47 0.0 
72402.04 0.69 0.0 
72432.11 0.32 0.0 
73817.58 0.88 0.0 
73817.56 0.85 0.0 
74942.17 0.56 0.0 
75060.55 0.40 0.0 
75060.59 0.36 0.0 
78801.02 0.31 0.0 
78003.40 0.48 0.0 
83675.52 0.70 0.0 
83295.95 0.44 0.0 
83675.52 0.35 0.0 
85080.45 0.47 0.0 
85719.55 0.30 0.0 
86225.45 0.33 0.0 
85373.25 0.31 0.0 
