519.49 0.69 0.0 
688.15 0.38 0.0 
1102.79 0.56 0.0 
1532.33 0.44 0.0 
1606.19 0.33 0.0 
2304.88 0.56 0.0 
2897.12 0.30 0.0 
3092.00 0.37 0.0 
3058.39 0.60 0.0 
3942.20 0.35 0.0 
4318.55 0.38 0.0 
5295.24 0.39 0.0 
8053.24 0.49 0.0 
8750.92 0.52 0.0 
9267.45 0.41 0.0 
10828.35 0.31 0.0 
12777.53 0.31 0.0 
13990.09 0.65 0.0 
15714.80 0.37 0.0 
15890.72 0.87 0.0 
15890.73 0.89 0.0 
16588.17 0.32 0.0 
16923.52 0.54 0.0 
16791.92 0.30 0.0 
16923.47 0.51 0.0 
17112.64 0.36 0.0 
19557.37 0.31 0.0 
22579.61 0.45 0.0 
22750.13 0.50 0.0 
29338.01 0.30 0.0 
29681.32 0.31 0.0 
29966.76 0.68 0.0 
30463.44 0.35 0.0 
32037.04 0.38 0.0 
36928.97 0.34 0.0 
42026.11 0.71 0.0 
42026.12 0.83 0.0 
42345.09 0.59 0.0 
49449.99 0.33 0.0 
49362.51 0.60 0.0 
51119.21 0.34 0.0 
51063.27 0.94 0.0 
51642.13 0.30 0.0 
61273.32 0.65 0.0 
67409.43 0.45 0.0 
71834.08 0.53 0.0 
74278.63 0.30 0.0 
82064.48 0.30 0.0 
84418.19 0.31 0.0 
84224.48 0.39 0.0 
84897.73 0.31 0.0 
85871.84 0.43 0.0 
