24.32 0.67 0.0 
73.59 0.58 0.0 
181.29 0.44 0.0 
188.13 0.81 0.0 
73.59 0.39 0.0 
24.33 0.60 0.0 
188.12 0.80 0.0 
222.25 0.34 0.0 
641.68 0.84 0.0 
463.29 0.83 0.0 
1636.37 0.59 0.0 
1934.22 0.70 0.0 
2305.31 0.66 0.0 
2305.35 0.73 0.0 
2279.41 0.65 0.0 
2447.31 0.48 0.0 
2279.31 0.36 0.0 
2390.52 0.52 0.0 
2643.55 0.39 0.0 
3062.39 0.30 0.0 
2927.31 0.44 0.0 
2880.83 0.61 0.0 
2927.29 0.58 0.0 
2852.31 0.34 0.0 
4198.23 0.39 0.0 
4844.79 0.50 0.0 
4276.35 0.31 0.0 
4988.78 0.72 0.0 
5540.09 0.56 0.0 
5552.17 0.36 0.0 
5030.88 0.77 0.0 
5030.87 0.60 0.0 
5138.93 0.46 0.0 
5552.15 0.36 0.0 
5540.09 0.38 0.0 
6065.38 0.33 0.0 
5742.52 0.84 0.0 
6252.59 0.45 0.0 
7214.87 0.58 0.0 
7591.54 0.34 0.0 
7734.91 0.45 0.0 
7786.55 0.55 0.0 
8165.67 0.47 0.0 
8549.51 0.30 0.0 
8803.05 0.30 0.0 
8549.53 0.50 0.0 
8802.71 0.39 0.0 
8967.29 0.53 0.0 
8967.26 0.55 0.0 
9764.35 0.41 0.0 
9648.76 0.67 0.0 
9648.75 0.68 0.0 
10139.15 0.44 0.0 
10078.31 0.65 0.0 
10078.35 0.56 0.0 
10700.79 0.40 0.0 
10159.07 0.30 0.0 
10700.79 0.42 0.0 
11123.67 0.51 0.0 
11123.68 0.50 0.0 
11605.92 0.86 0.0 
11810.05 0.34 0.0 
11605.91 0.58 0.0 
12074.91 0.57 0.0 
12509.79 0.31 0.0 
12237.51 0.46 0.0 
12587.19 0.45 0.0 
13257.47 0.58 0.0 
14191.20 0.44 0.0 
14092.43 0.31 0.0 
14191.20 0.73 0.0 
14279.53 0.39 0.0 
14264.75 0.37 0.0 
14744.67 0.64 0.0 
15887.55 0.30 0.0 
15894.15 0.55 0.0 
15887.55 0.31 0.0 
15894.15 0.85 0.0 
16323.71 0.36 0.0 
17644.25 0.77 0.0 
17644.27 0.59 0.0 
18924.57 0.30 0.0 
19038.19 0.42 0.0 
19338.09 0.53 0.0 
19346.93 0.79 0.0 
19273.82 0.91 0.0 
19287.13 0.49 0.0 
18959.47 0.46 0.0 
18924.56 0.82 0.0 
19273.81 0.49 0.0 
19050.88 0.48 0.0 
19038.18 0.84 0.0 
19050.91 0.47 0.0 
19346.95 0.50 0.0 
19600.25 0.34 0.0 
19317.47 0.32 0.0 
19287.11 0.37 0.0 
19615.43 0.82 0.0 
20176.91 0.40 0.0 
20010.87 0.38 0.0 
22692.00 0.36 0.0 
23084.83 0.35 0.0 
23921.76 0.36 0.0 
26728.07 0.75 0.0 
26728.03 0.45 0.0 
29923.17 0.33 0.0 
29686.37 0.32 0.0 
30029.40 0.66 0.0 
29923.12 0.79 0.0 
30023.01 0.36 0.0 
30029.43 0.35 0.0 
30996.15 0.31 0.0 
31575.69 0.72 0.0 
32346.63 0.44 0.0 
32468.15 0.62 0.0 
33240.47 0.76 0.0 
33314.67 0.36 0.0 
33753.59 0.44 0.0 
33952.25 0.49 0.0 
33952.23 0.77 0.0 
34424.79 0.33 0.0 
34670.35 0.43 0.0 
35249.71 0.43 0.0 
36084.07 0.33 0.0 
36360.39 0.37 0.0 
36368.97 0.32 0.0 
36712.53 0.47 0.0 
36712.53 0.49 0.0 
37936.83 0.40 0.0 
38102.36 0.83 0.0 
38268.79 0.45 0.0 
39398.09 0.34 0.0 
39513.59 0.45 0.0 
39358.95 0.34 0.0 
42321.21 0.62 0.0 
41981.47 0.47 0.0 
42434.91 0.48 0.0 
41981.48 0.80 0.0 
43106.61 0.36 0.0 
42572.51 0.44 0.0 
42572.49 0.62 0.0 
42675.48 0.68 0.0 
43109.77 0.40 0.0 
43711.79 0.42 0.0 
43490.75 0.67 0.0 
45377.87 0.52 0.0 
44894.67 0.54 0.0 
45436.19 0.49 0.0 
46107.71 0.42 0.0 
46030.71 0.59 0.0 
46107.72 0.48 0.0 
46509.85 0.46 0.0 
46187.27 0.54 0.0 
46187.20 0.63 0.0 
46196.49 0.53 0.0 
46503.76 0.38 0.0 
46509.81 0.48 0.0 
47626.51 0.44 0.0 
51060.85 0.91 0.0 
51060.84 0.88 0.0 
51333.08 0.78 0.0 
52331.28 0.53 0.0 
56057.76 0.40 0.0 
56455.15 0.75 0.0 
56455.11 0.80 0.0 
57838.27 0.52 0.0 
57838.25 0.49 0.0 
58248.40 0.53 0.0 
58248.43 0.46 0.0 
58370.20 0.30 0.0 
58829.41 0.37 0.0 
59960.79 0.46 0.0 
60539.95 0.44 0.0 
60783.45 0.32 0.0 
60731.47 0.48 0.0 
63483.01 0.71 0.0 
63482.99 0.59 0.0 
67299.92 0.51 0.0 
67299.99 0.47 0.0 
69024.03 0.56 0.0 
69024.04 0.65 0.0 
69959.47 0.30 0.0 
72589.67 0.51 0.0 
72589.67 0.46 0.0 
73016.85 0.44 0.0 
73016.83 0.39 0.0 
73784.74 0.81 0.0 
73784.72 0.73 0.0 
76244.39 0.31 0.0 
76161.27 0.48 0.0 
76244.31 0.56 0.0 
76365.57 0.76 0.0 
76365.59 0.33 0.0 
76161.30 0.72 0.0 
76177.39 0.56 0.0 
76177.40 0.43 0.0 
76858.99 0.55 0.0 
76787.24 0.87 0.0 
77205.99 0.31 0.0 
77550.63 0.34 0.0 
77326.48 0.44 0.0 
77408.99 0.87 0.0 
77408.97 0.84 0.0 
77490.14 0.56 0.0 
79723.51 0.62 0.0 
79834.56 0.50 0.0 
80500.23 0.52 0.0 
80644.52 0.32 0.0 
80500.19 0.44 0.0 
81616.86 0.66 0.0 
81198.22 0.89 0.0 
81603.01 0.37 0.0 
81616.82 0.63 0.0 
81712.21 0.80 0.0 
81359.02 0.71 0.0 
81198.23 0.88 0.0 
81712.19 0.31 0.0 
81915.67 0.32 0.0 
82513.41 0.63 0.0 
82513.41 0.59 0.0 
82551.07 0.66 0.0 
83618.85 0.49 0.0 
84063.33 0.70 0.0 
83986.35 0.50 0.0 
84560.07 0.49 0.0 
85096.75 0.30 0.0 
84889.95 0.38 0.0 
84889.95 0.41 0.0 
84560.04 0.68 0.0 
84830.28 0.33 0.0 
85699.03 0.40 0.0 
85518.19 0.39 0.0 
85873.95 0.36 0.0 
85884.18 0.69 0.0 
85518.13 0.51 0.0 
85884.19 0.72 0.0 
