3314.35 0.34 0.0 
3771.00 0.30 0.0 
3573.41 0.55 0.0 
3573.43 0.45 0.0 
5983.89 0.34 0.0 
7309.20 0.32 0.0 
8069.12 0.45 0.0 
9929.13 0.42 0.0 
10789.03 0.42 0.0 
12219.92 0.73 0.0 
12897.57 0.35 0.0 
12821.68 0.71 0.0 
12958.45 0.62 0.0 
13707.37 0.44 0.0 
14387.72 0.74 0.0 
13707.11 0.31 0.0 
15886.94 0.95 0.0 
14387.71 0.83 0.0 
15886.94 0.94 0.0 
19619.57 0.68 0.0 
21887.66 0.37 0.0 
25166.77 0.40 0.0 
26812.57 0.37 0.0 
26812.60 0.41 0.0 
26813.33 0.32 0.0 
27771.45 0.70 0.0 
26789.07 0.83 0.0 
27888.37 0.67 0.0 
26835.21 0.35 0.0 
27301.51 0.62 0.0 
27127.60 0.37 0.0 
27271.41 0.42 0.0 
26773.12 0.30 0.0 
27260.61 0.85 0.0 
27538.69 0.85 0.0 
28507.88 0.52 0.0 
27127.63 0.52 0.0 
27606.06 0.92 0.0 
27771.45 0.85 0.0 
27226.92 0.39 0.0 
27888.43 0.69 0.0 
27363.91 0.76 0.0 
27810.91 0.80 0.0 
28167.91 0.93 0.0 
27810.89 0.34 0.0 
28139.36 0.63 0.0 
27260.60 0.55 0.0 
27606.07 0.87 0.0 
27613.32 0.33 0.0 
29105.41 0.38 0.0 
28109.57 0.93 0.0 
28077.34 0.95 0.0 
28245.48 0.49 0.0 
28228.99 0.90 0.0 
28184.24 0.39 0.0 
28167.92 0.62 0.0 
28184.26 0.95 0.0 
28077.35 0.93 0.0 
28213.34 0.95 0.0 
29105.41 0.36 0.0 
28109.56 0.78 0.0 
28484.45 0.61 0.0 
29376.47 0.32 0.0 
29543.00 0.76 0.0 
28819.16 0.33 0.0 
29766.76 0.37 0.0 
30080.49 0.59 0.0 
29083.92 0.34 0.0 
29878.92 0.43 0.0 
29978.69 0.46 0.0 
29978.71 0.85 0.0 
29542.97 0.62 0.0 
31594.65 0.47 0.0 
32419.59 0.57 0.0 
32697.52 0.33 0.0 
32279.75 0.36 0.0 
32646.48 0.44 0.0 
32419.58 0.36 0.0 
33823.13 0.54 0.0 
36433.39 0.36 0.0 
36119.75 0.42 0.0 
37045.17 0.48 0.0 
37045.15 0.41 0.0 
37312.92 0.58 0.0 
37067.08 0.55 0.0 
37535.64 0.44 0.0 
37542.84 0.34 0.0 
37654.00 0.31 0.0 
37003.61 0.61 0.0 
37312.91 0.45 0.0 
37825.33 0.32 0.0 
37654.04 0.52 0.0 
37096.72 0.46 0.0 
38497.60 0.44 0.0 
38497.60 0.65 0.0 
38783.44 0.33 0.0 
39269.51 0.70 0.0 
39238.85 0.52 0.0 
39568.25 0.33 0.0 
40392.44 0.70 0.0 
38684.15 0.78 0.0 
39493.97 0.60 0.0 
41516.27 0.71 0.0 
41516.27 0.44 0.0 
42043.05 0.31 0.0 
46738.12 0.31 0.0 
46003.53 0.47 0.0 
49873.52 0.44 0.0 
49170.41 0.32 0.0 
49063.55 0.53 0.0 
50714.00 0.38 0.0 
50429.12 0.36 0.0 
50383.69 0.40 0.0 
51583.48 0.37 0.0 
54793.69 0.37 0.0 
56114.12 0.77 0.0 
55649.64 0.78 0.0 
55947.61 0.32 0.0 
56740.86 0.96 0.0 
56619.75 0.66 0.0 
56740.86 0.97 0.0 
57974.20 0.89 0.0 
58180.41 0.46 0.0 
58214.60 0.65 0.0 
60535.87 0.88 0.0 
59202.23 0.60 0.0 
60535.88 0.92 0.0 
60572.33 0.31 0.0 
61049.25 0.63 0.0 
61357.75 0.38 0.0 
61378.80 0.57 0.0 
61098.96 0.32 0.0 
61357.77 0.67 0.0 
62606.36 0.56 0.0 
62026.33 0.82 0.0 
62324.13 0.82 0.0 
63162.66 0.51 0.0 
64053.04 0.51 0.0 
64309.64 0.31 0.0 
64787.70 0.43 0.0 
65161.53 0.31 0.0 
66553.04 0.37 0.0 
65757.56 0.36 0.0 
66632.36 0.65 0.0 
67049.51 0.41 0.0 
66348.49 0.72 0.0 
66734.28 0.68 0.0 
68249.13 0.43 0.0 
69314.25 0.31 0.0 
71264.51 0.94 0.0 
80252.25 0.37 0.0 
80339.04 0.74 0.0 
80373.84 0.35 0.0 
81212.13 0.39 0.0 
81989.15 0.52 0.0 
82845.85 0.66 0.0 
82892.33 0.45 0.0 
82763.07 0.55 0.0 
82784.08 0.52 0.0 
82813.24 0.67 0.0 
82934.56 0.75 0.0 
85514.51 0.93 0.0 
