45.51 0.44 0.0 
299.76 0.44 0.0 
2056.05 0.43 0.0 
1386.15 0.32 0.0 
2625.60 0.35 0.0 
3631.30 0.70 0.0 
3047.87 0.45 0.0 
2625.52 0.47 0.0 
3631.29 0.81 0.0 
6496.81 0.49 0.0 
7097.27 0.35 0.0 
6452.09 0.68 0.0 
6460.24 0.48 0.0 
6647.19 0.33 0.0 
6452.13 0.47 0.0 
7231.34 0.32 0.0 
6492.93 0.88 0.0 
8371.37 0.60 0.0 
8371.42 0.41 0.0 
9091.67 0.32 0.0 
9097.20 0.71 0.0 
10110.10 0.60 0.0 
9369.51 0.35 0.0 
9785.77 0.35 0.0 
9369.55 0.33 0.0 
10547.19 0.32 0.0 
10683.75 0.42 0.0 
11103.39 0.70 0.0 
11107.19 0.40 0.0 
11103.31 0.42 0.0 
10547.23 0.35 0.0 
13336.09 0.71 0.0 
13336.07 0.38 0.0 
14107.63 0.35 0.0 
14107.65 0.49 0.0 
15855.47 0.35 0.0 
15980.23 0.35 0.0 
15181.98 0.68 0.0 
15128.16 0.49 0.0 
15181.99 0.36 0.0 
15897.59 0.31 0.0 
16558.59 0.32 0.0 
16093.67 0.35 0.0 
17095.63 0.40 0.0 
17215.25 0.52 0.0 
17915.24 0.45 0.0 
17476.52 0.36 0.0 
17936.09 0.48 0.0 
17388.78 0.39 0.0 
19034.46 0.31 0.0 
18706.49 0.62 0.0 
19035.73 0.74 0.0 
19040.59 0.38 0.0 
19534.21 0.64 0.0 
19846.63 0.42 0.0 
19534.22 0.36 0.0 
19846.61 0.70 0.0 
20041.99 0.85 0.0 
20052.70 0.33 0.0 
20053.21 0.38 0.0 
20042.00 0.61 0.0 
20698.14 0.52 0.0 
22482.27 0.50 0.0 
21571.83 0.38 0.0 
22482.25 0.32 0.0 
22653.03 0.40 0.0 
27141.81 0.34 0.0 
26602.27 0.31 0.0 
26615.41 0.51 0.0 
27065.72 0.88 0.0 
26834.69 0.79 0.0 
27141.85 0.36 0.0 
27065.72 0.45 0.0 
28353.91 0.36 0.0 
28201.08 0.79 0.0 
29176.48 0.49 0.0 
28306.71 0.33 0.0 
29371.39 0.48 0.0 
29172.87 0.30 0.0 
32219.63 0.59 0.0 
32167.68 0.80 0.0 
32167.69 0.49 0.0 
33676.57 0.77 0.0 
35431.04 0.45 0.0 
36737.85 0.40 0.0 
36273.91 0.30 0.0 
36285.13 0.51 0.0 
36223.44 0.78 0.0 
37216.15 0.69 0.0 
36646.16 0.65 0.0 
37022.48 0.39 0.0 
37290.61 0.38 0.0 
37292.33 0.34 0.0 
36801.75 0.38 0.0 
37273.07 0.54 0.0 
37490.19 0.39 0.0 
37502.12 0.33 0.0 
37275.49 0.78 0.0 
40215.56 0.39 0.0 
40219.03 0.40 0.0 
40364.41 0.36 0.0 
40379.91 0.30 0.0 
40212.87 0.33 0.0 
40219.05 0.55 0.0 
41188.85 0.70 0.0 
40471.05 0.65 0.0 
40599.35 0.35 0.0 
40508.17 0.65 0.0 
40623.77 0.30 0.0 
40630.47 0.43 0.0 
40508.17 0.70 0.0 
40772.80 0.46 0.0 
40983.08 0.73 0.0 
40726.64 0.56 0.0 
41026.04 0.60 0.0 
40212.88 0.63 0.0 
41209.72 0.37 0.0 
41102.32 0.40 0.0 
41188.86 0.31 0.0 
40990.23 0.45 0.0 
40758.47 0.40 0.0 
41209.69 0.51 0.0 
41240.37 0.37 0.0 
41249.68 0.57 0.0 
41025.93 0.47 0.0 
41270.31 0.37 0.0 
41622.35 0.39 0.0 
47895.49 0.81 0.0 
47906.39 0.41 0.0 
46545.52 0.88 0.0 
50583.43 0.90 0.0 
50590.40 0.73 0.0 
50583.44 0.35 0.0 
50590.43 0.49 0.0 
52408.92 0.44 0.0 
54783.55 0.33 0.0 
57214.87 0.52 0.0 
57214.87 0.34 0.0 
58565.81 0.44 0.0 
58565.83 0.39 0.0 
60497.34 0.51 0.0 
62648.05 0.37 0.0 
62685.84 0.88 0.0 
62648.05 0.58 0.0 
64140.78 0.87 0.0 
66899.91 0.32 0.0 
69135.49 0.60 0.0 
69171.48 0.39 0.0 
69121.71 0.35 0.0 
69171.47 0.47 0.0 
73722.55 0.51 0.0 
73804.52 0.72 0.0 
73804.55 0.34 0.0 
75436.31 0.35 0.0 
