454.77 0.54 0.0 
297.48 0.32 0.0 
1384.21 0.36 0.0 
1405.75 0.48 0.0 
1061.53 0.44 0.0 
3882.80 0.41 0.0 
3635.01 0.34 0.0 
3673.07 0.38 0.0 
4799.49 0.41 0.0 
5937.56 0.35 0.0 
6456.33 0.34 0.0 
6492.92 0.77 0.0 
7593.79 0.47 0.0 
6108.25 0.30 0.0 
7231.30 0.38 0.0 
6491.61 0.83 0.0 
8369.28 0.33 0.0 
8893.13 0.36 0.0 
9088.77 0.36 0.0 
9094.52 0.50 0.0 
8413.13 0.71 0.0 
9367.64 0.37 0.0 
8893.13 0.34 0.0 
9624.72 0.45 0.0 
9785.73 0.39 0.0 
9367.71 0.44 0.0 
10346.92 0.42 0.0 
10543.33 0.83 0.0 
10543.32 0.69 0.0 
11216.04 0.44 0.0 
11101.97 0.85 0.0 
11101.96 0.51 0.0 
12387.48 0.49 0.0 
13334.69 0.50 0.0 
13751.61 0.48 0.0 
14024.29 0.33 0.0 
15655.09 0.33 0.0 
15891.37 0.91 0.0 
15126.97 0.32 0.0 
15891.38 0.92 0.0 
16093.49 0.39 0.0 
16304.05 0.53 0.0 
16093.48 0.47 0.0 
17382.91 0.36 0.0 
17211.98 0.35 0.0 
17545.05 0.37 0.0 
17935.97 0.44 0.0 
17565.22 0.50 0.0 
17382.87 0.54 0.0 
18118.48 0.70 0.0 
18007.55 0.31 0.0 
19019.49 0.36 0.0 
19836.03 0.39 0.0 
19033.79 0.76 0.0 
19534.12 0.31 0.0 
19836.01 0.34 0.0 
19534.14 0.72 0.0 
20052.66 0.58 0.0 
20698.11 0.90 0.0 
20037.83 0.34 0.0 
20052.66 0.77 0.0 
20698.12 0.35 0.0 
21411.96 0.77 0.0 
20982.41 0.30 0.0 
21411.97 0.34 0.0 
22417.84 0.61 0.0 
22417.82 0.57 0.0 
24438.89 0.37 0.0 
25477.45 0.31 0.0 
25656.93 0.38 0.0 
27135.68 0.57 0.0 
26276.88 0.44 0.0 
26602.22 0.63 0.0 
26695.57 0.36 0.0 
26591.70 0.37 0.0 
26825.44 0.48 0.0 
26602.24 0.69 0.0 
26945.80 0.55 0.0 
27135.76 0.47 0.0 
27146.77 0.39 0.0 
27239.05 0.45 0.0 
29447.64 0.66 0.0 
29702.40 0.60 0.0 
29447.61 0.40 0.0 
29702.40 0.51 0.0 
29170.51 0.70 0.0 
30928.43 0.31 0.0 
31025.97 0.30 0.0 
31025.97 0.38 0.0 
32219.49 0.31 0.0 
32167.01 0.39 0.0 
33057.41 0.67 0.0 
32167.05 0.36 0.0 
34413.80 0.36 0.0 
36281.93 0.67 0.0 
35543.97 0.34 0.0 
36736.33 0.36 0.0 
36063.34 0.78 0.0 
36281.89 0.48 0.0 
36390.69 0.42 0.0 
36063.36 0.77 0.0 
36444.53 0.82 0.0 
36569.65 0.38 0.0 
36434.44 0.60 0.0 
36223.46 0.88 0.0 
36811.65 0.37 0.0 
36645.17 0.31 0.0 
36651.08 0.40 0.0 
37020.57 0.36 0.0 
36463.08 0.30 0.0 
36794.17 0.84 0.0 
37080.29 0.74 0.0 
37290.64 0.48 0.0 
36487.79 0.40 0.0 
37499.60 0.84 0.0 
37407.89 0.59 0.0 
36799.45 0.65 0.0 
37323.93 0.34 0.0 
37499.60 0.73 0.0 
36945.28 0.58 0.0 
37304.65 0.53 0.0 
37605.16 0.82 0.0 
38412.09 0.65 0.0 
40219.08 0.30 0.0 
40363.08 0.80 0.0 
40363.11 0.57 0.0 
40209.56 0.49 0.0 
41181.15 0.37 0.0 
40622.13 0.49 0.0 
40765.21 0.65 0.0 
40903.65 0.54 0.0 
41098.69 0.52 0.0 
40209.56 0.68 0.0 
41206.21 0.64 0.0 
41188.88 0.45 0.0 
41248.07 0.79 0.0 
40756.64 0.32 0.0 
40765.25 0.60 0.0 
40902.27 0.54 0.0 
40903.66 0.64 0.0 
41428.76 0.45 0.0 
41206.24 0.77 0.0 
41248.03 0.55 0.0 
42012.65 0.57 0.0 
42012.58 0.92 0.0 
44145.01 0.31 0.0 
45345.96 0.35 0.0 
45899.59 0.65 0.0 
45865.49 0.33 0.0 
45957.55 0.75 0.0 
45345.96 0.58 0.0 
46507.40 0.62 0.0 
48523.69 0.45 0.0 
47838.77 0.68 0.0 
47895.43 0.49 0.0 
47838.76 0.60 0.0 
48659.46 0.63 0.0 
48577.13 0.31 0.0 
50009.41 0.55 0.0 
50141.57 0.72 0.0 
50578.19 0.80 0.0 
50588.17 0.55 0.0 
50141.55 0.89 0.0 
50588.17 0.36 0.0 
51065.77 0.50 0.0 
51065.73 0.63 0.0 
51312.24 0.75 0.0 
52406.96 0.66 0.0 
53667.38 0.33 0.0 
56013.69 0.34 0.0 
57214.64 0.37 0.0 
57214.70 0.34 0.0 
58565.61 0.44 0.0 
58565.53 0.72 0.0 
59971.21 0.42 0.0 
60354.00 0.34 0.0 
59971.21 0.54 0.0 
61482.73 0.85 0.0 
62647.68 0.59 0.0 
63059.12 0.61 0.0 
62647.68 0.71 0.0 
64102.61 0.49 0.0 
65403.25 0.48 0.0 
66899.57 0.61 0.0 
66899.74 0.67 0.0 
68846.97 0.58 0.0 
68847.01 0.43 0.0 
71135.69 0.35 0.0 
75436.10 0.38 0.0 
75436.13 0.45 0.0 
77594.44 0.66 0.0 
80055.01 0.67 0.0 
79769.23 0.30 0.0 
80017.42 0.57 0.0 
82692.44 0.43 0.0 
82692.41 0.66 0.0 
85026.51 0.79 0.0 
